         202
  0.175000000000000        1312500.00000000     
         167
  0.525000000000000        3937500.00000000     
         430
  0.875000000000000        6562500.00000000     
         498
   1.22500000000000        9187500.00000000     
         293
   1.57500000000000        11812500.0000000     
          60
   1.92500000000000        14437500.0000000     
         125
   2.27500000000000        17062500.0000000     
         322
   2.62500000000000        19687500.0000000     
         461
   2.97500000000000        22312500.0000000     
         507
   3.32500000000000        24937500.0000000     
         160
   3.67500000000000        27562500.0000000     
         323
   4.02500000000000        30187500.0000000     
         520
   4.37500000000000        32812500.0000000     
         421
   4.72500000000000        35437500.0000000     
         342
   5.07500000000000        38062500.0000000     
         350
   5.42500000000000        40687500.0000000     
         420
   5.77500000000000        43312500.0000000     
          29
   6.12500000000000        45937500.0000000     
          75
   6.47500000000000        48562500.0000000     
         382
   6.82500000000000        51187500.0000000     
         465
   7.17500000000000        53812500.0000000     
         409
   7.52500000000000        56437500.0000000     
         258
   7.87500000000000        59062500.0000000     
         267
   8.22500000000000        61687500.0000000     
          41
   8.57500000000000        64312500.0000000     
         358
   8.92500000000000        66937500.0000000     
         309
   9.27500000000000        69562500.0000000     
         440
   9.62499999999999        72187500.0000000     
          70
   9.97499999999999        74812500.0000000     
         112
   10.3250000000000        77437500.0000000     
         310
   10.6750000000000        80062500.0000000     
         384
   11.0250000000000        82687500.0000000     
         405
   11.3750000000000        85312499.9999999     
         432
   11.7250000000000        87937499.9999999     
          90
   12.0750000000000        90562499.9999999     
         262
   12.4250000000000        93187499.9999999     
         292
   12.7750000000000        95812499.9999999     
         379
   13.1250000000000        98437499.9999999     
         268
   13.4750000000000        101062500.000000     
         469
   13.8250000000000        103687500.000000     
         219
   14.1750000000000        106312500.000000     
         329
   14.5250000000000        108937500.000000     
         102
   14.8750000000000        111562500.000000     
         505
   15.2250000000000        114187500.000000     
         390
   15.5750000000000        116812500.000000     
          54
   15.9250000000000        119437500.000000     
         224
   16.2750000000000        122062500.000000     
          84
   16.6250000000000        124687500.000000     
         307
   16.9750000000000        127312500.000000     
         247
   17.3250000000000        129937500.000000     
         269
   17.6750000000000        132562500.000000     
         453
   18.0250000000000        135187500.000000     
         225
   18.3750000000000        137812500.000000     
         354
   18.7250000000000        140437500.000000     
         522
   19.0750000000000        143062500.000000     
         454
   19.4250000000000        145687500.000000     
         253
   19.7750000000000        148312500.000000     
         211
   20.1250000000000        150937500.000000     
         533
   20.4750000000000        153562500.000000     
         210
   20.8250000000000        156187500.000000     
         341
   21.1750000000000        158812500.000000     
         370
   21.5250000000000        161437500.000000     
         239
   21.8750000000000        164062500.000000     
         114
   22.2250000000000        166687500.000000     
         423
   22.5750000000000        169312500.000000     
         120
   22.9250000000000        171937500.000000     
          44
   23.2750000000000        174562500.000000     
         222
   23.6250000000000        177187500.000000     
         227
   23.9750000000000        179812500.000000     
         212
   24.3250000000000        182437500.000000     
         415
   24.6750000000000        185062500.000000     
         396
   25.0250000000000        187687500.000000     
         109
   25.3750000000000        190312500.000000     
         374
   25.7250000000000        192937500.000000     
         373
   26.0750000000000        195562500.000000     
         438
   26.4250000000000        198187500.000000     
         531
   26.7750000000000        200812500.000000     
         293
   27.1250000000000        203437500.000000     
          20
   27.4750000000000        206062500.000000     
          55
   27.8250000000000        208687500.000000     
         457
   28.1750000000000        211312500.000000     
         162
   28.5250000000000        213937500.000000     
         505
   28.8750000000000        216562500.000000     
         430
   29.2250000000000        219187500.000000     
         140
   29.5750000000000        221812500.000000     
         127
   29.9250000000000        224437500.000000     
         412
   30.2750000000000        227062500.000000     
         145
   30.6250000000000        229687500.000000     
         350
   30.9750000000001        232312500.000000     
          24
   31.3250000000001        234937500.000000     
         536
   31.6750000000001        237562500.000000     
         388
   32.0250000000001        240187500.000000     
           9
   32.3750000000001        242812500.000000     
         119
   32.7250000000001        245437500.000000     
         395
   33.0750000000001        248062500.000000     
         221
   33.4250000000001        250687500.000000     
         212
   33.7750000000001        253312500.000000     
         505
   34.1250000000001        255937500.000000     
          97
   34.4750000000001        258562500.000000     
         526
   34.8250000000001        261187500.000001     
         347
   35.1750000000001        263812500.000001     
          40
   35.5250000000001        266437500.000001     
         398
   35.8750000000001        269062500.000001     
         122
   36.2250000000001        271687500.000001     
         290
   36.5750000000001        274312500.000001     
          64
   36.9250000000001        276937500.000001     
         272
   37.2750000000001        279562500.000001     
         217
   37.6250000000001        282187500.000001     
         296
   37.9750000000001        284812500.000001     
         329
   38.3250000000001        287437500.000001     
          28
   38.6750000000001        290062500.000001     
         142
   39.0250000000001        292687500.000001     
         165
   39.3750000000001        295312500.000001     
         194
   39.7250000000001        297937500.000001     
         290
   40.0750000000001        300562500.000001     
         540
   40.4250000000001        303187500.000001     
         479
   40.7750000000001        305812500.000001     
         433
   41.1250000000001        308437500.000001     
          67
   41.4750000000001        311062500.000001     
         398
   41.8250000000001        313687500.000001     
         326
   42.1750000000001        316312500.000001     
         179
   42.5250000000001        318937500.000001     
         174
   42.8750000000001        321562500.000001     
         285
   43.2250000000001        324187500.000001     
         218
   43.5750000000001        326812500.000001     
         380
   43.9250000000001        329437500.000001     
         271
   44.2750000000001        332062500.000001     
          10
   44.6250000000001        334687500.000001     
         181
   44.9750000000001        337312500.000001     
         308
   45.3250000000001        339937500.000001     
         398
   45.6750000000001        342562500.000001     
         358
   46.0250000000001        345187500.000001     
         453
   46.3750000000001        347812500.000001     
         451
   46.7250000000001        350437500.000001     
         293
   47.0750000000001        353062500.000001     
         527
   47.4250000000001        355687500.000001     
          11
   47.7750000000001        358312500.000001     
         232
   48.1250000000001        360937500.000001     
         264
   48.4750000000001        363562500.000001     
         271
   48.8250000000001        366187500.000001     
         536
   49.1750000000001        368812500.000001     
         359
   49.5250000000001        371437500.000001     
         192
   49.8750000000001        374062500.000001     
         435
   50.2250000000001        376687500.000001     
         451
   50.5750000000001        379312500.000001     
         446
   50.9250000000001        381937500.000001     
         363
   51.2750000000001        384562500.000001     
         202
   51.6250000000001        387187500.000001     
         419
   51.9750000000001        389812500.000001     
         344
   52.3250000000001        392437500.000001     
         116
   52.6750000000001        395062500.000001     
         325
   53.0250000000001        397687500.000001     
         481
   53.3750000000001        400312500.000001     
         221
   53.7250000000001        402937500.000001     
           9
   54.0750000000001        405562500.000001     
         363
   54.4250000000001        408187500.000001     
         164
   54.7750000000001        410812500.000001     
         271
   55.1250000000001        413437500.000001     
         509
   55.4750000000002        416062500.000001     
         119
   55.8250000000002        418687500.000001     
         503
   56.1750000000002        421312500.000001     
         279
   56.5250000000002        423937500.000001     
          48
   56.8750000000002        426562500.000001     
         266
   57.2250000000002        429187500.000001     
         139
   57.5750000000002        431812500.000001     
         203
   57.9250000000002        434437500.000001     
         261
   58.2750000000002        437062500.000001     
         435
   58.6250000000002        439687500.000001     
         202
   58.9750000000002        442312500.000001     
         182
   59.3250000000002        444937500.000001     
         273
   59.6750000000002        447562500.000001     
         468
   60.0250000000002        450187500.000001     
         333
   60.3750000000002        452812500.000001     
         262
   60.7250000000002        455437500.000001     
          40
   61.0750000000002        458062500.000001     
          83
   61.4250000000002        460687500.000001     
         278
   61.7750000000002        463312500.000001     
         253
   62.1250000000002        465937500.000001     
         350
   62.4750000000002        468562500.000001     
         432
   62.8250000000002        471187500.000001     
         410
   63.1750000000002        473812500.000001     
         258
   63.5250000000002        476437500.000001     
         125
   63.8750000000002        479062500.000001     
         195
   64.2250000000002        481687500.000001     
         433
   64.5750000000002        484312500.000001     
         448
   64.9250000000002        486937500.000001     
         177
   65.2750000000002        489562500.000001     
         397
   65.6250000000002        492187500.000001     
         263
   65.9750000000002        494812500.000001     
         129
   66.3250000000001        497437500.000001     
         499
   66.6750000000001        500062500.000001     
         265
   67.0250000000001        502687500.000001     
         180
   67.3750000000001        505312500.000001     
         478
   67.7250000000001        507937500.000001     
         474
   68.0750000000001        510562500.000001     
         370
   68.4250000000001        513187500.000001     
         243
   68.7750000000001        515812500.000001     
         326
   69.1250000000001        518437500.000001     
         535
   69.4750000000001        521062500.000001     
         282
   69.8250000000001        523687500.000001     
         468
   70.1750000000001        526312500.000001     
         297
   70.5250000000001        528937500.000001     
         275
   70.8750000000001        531562500.000001     
         409
   71.2250000000001        534187500.000000     
         428
   71.5750000000001        536812500.000000     
         334
   71.9250000000001        539437500.000000     
         209
   72.2750000000000        542062500.000000     
          82
   72.6250000000000        544687500.000000     
         369
   72.9750000000000        547312500.000000     
          37
   73.3250000000000        549937500.000000     
         129
   73.6750000000000        552562500.000000     
          33
   74.0250000000000        555187500.000000     
         305
   74.3750000000000        557812500.000000     
         301
   74.7250000000000        560437500.000000     
         384
   75.0750000000000        563062500.000000     
          36
   75.4250000000000        565687500.000000     
         535
   75.7750000000000        568312500.000000     
         412
   76.1250000000000        570937500.000000     
           5
   76.4750000000000        573562500.000000     
         342
   76.8250000000000        576187500.000000     
          57
   77.1750000000000        578812500.000000     
         472
   77.5250000000000        581437500.000000     
         146
   77.8750000000000        584062500.000000     
         332
   78.2250000000000        586687500.000000     
         201
   78.5749999999999        589312500.000000     
         311
   78.9249999999999        591937500.000000     
         499
   79.2749999999999        594562500.000000     
         448
   79.6249999999999        597187500.000000     
         250
   79.9749999999999        599812499.999999     
         446
   80.3249999999999        602437499.999999     
         473
   80.6749999999999        605062499.999999     
         114
   81.0249999999999        607687499.999999     
         510
   81.3749999999999        610312499.999999     
         532
   81.7249999999999        612937499.999999     
         506
   82.0749999999999        615562499.999999     
          73
   82.4249999999999        618187499.999999     
         518
   82.7749999999999        620812499.999999     
          52
   83.1249999999999        623437499.999999     
          25
   83.4749999999999        626062499.999999     
         354
   83.8249999999999        628687499.999999     
         529
   84.1749999999999        631312499.999999     
         459
   84.5249999999998        633937499.999999     
         187
   84.8749999999998        636562499.999999     
          36
   85.2249999999998        639187499.999999     
         413
   85.5749999999998        641812499.999999     
         509
   85.9249999999998        644437499.999999     
         258
   86.2749999999998        647062499.999999     
         244
   86.6249999999998        649687499.999999     
         483
   86.9749999999998        652312499.999999     
         464
   87.3249999999998        654937499.999999     
         289
   87.6749999999998        657562499.999998     
         171
   88.0249999999998        660187499.999998     
         204
   88.3749999999998        662812499.999998     
         437
   88.7249999999998        665437499.999998     
         509
   89.0749999999998        668062499.999998     
         411
   89.4249999999998        670687499.999998     
         411
   89.7749999999998        673312499.999998     
         192
   90.1249999999998        675937499.999998     
         241
   90.4749999999998        678562499.999998     
         497
   90.8249999999997        681187499.999998     
         448
   91.1749999999997        683812499.999998     
         242
   91.5249999999997        686437499.999998     
         446
   91.8749999999997        689062499.999998     
         434
   92.2249999999997        691687499.999998     
         156
   92.5749999999997        694312499.999998     
         504
   92.9249999999997        696937499.999998     
         157
   93.2749999999997        699562499.999998     
         119
   93.6249999999997        702187499.999998     
         260
   93.9749999999997        704812499.999998     
         271
   94.3249999999997        707437499.999998     
         123
   94.6749999999997        710062499.999998     
          76
   95.0249999999997        712687499.999998     
          92
   95.3749999999997        715312499.999997     
          15
   95.7249999999997        717937499.999997     
         482
   96.0749999999997        720562499.999997     
         216
   96.4249999999997        723187499.999997     
         155
   96.7749999999997        725812499.999997     
          78
   97.1249999999996        728437499.999997     
         337
   97.4749999999996        731062499.999997     
          99
   97.8249999999996        733687499.999997     
         134
   98.1749999999996        736312499.999997     
         225
   98.5249999999996        738937499.999997     
         266
   98.8749999999996        741562499.999997     
           1
   99.2249999999996        744187499.999997     
         485
   99.5749999999996        746812499.999997     
         116
   99.9249999999996        749437499.999997     
         107
   100.275000000000        752062499.999997     
         478
   100.625000000000        754687499.999997     
         239
   100.975000000000        757312499.999997     
         146
   101.325000000000        759937499.999997     
          78
   101.675000000000        762562499.999997     
          38
   102.025000000000        765187499.999997     
         206
   102.375000000000        767812499.999997     
         211
   102.725000000000        770437499.999997     
         496
   103.075000000000        773062499.999997     
         526
   103.425000000000        775687499.999997     
         302
   103.775000000000        778312499.999997     
          25
   104.125000000000        780937499.999996     
         384
   104.475000000000        783562499.999996     
         329
   104.825000000000        786187499.999996     
         238
   105.175000000000        788812499.999996     
         356
   105.525000000000        791437499.999996     
         140
   105.875000000000        794062499.999996     
         171
   106.224999999999        796687499.999996     
         233
   106.574999999999        799312499.999996     
           0
   106.924999999999        801937499.999996     
         529
   107.274999999999        804562499.999996     
         408
   107.624999999999        807187499.999996     
         295
   107.974999999999        809812499.999996     
         268
   108.324999999999        812437499.999996     
         386
   108.674999999999        815062499.999996     
          32
   109.024999999999        817687499.999996     
         441
   109.374999999999        820312499.999996     
          14
   109.724999999999        822937499.999996     
         262
   110.074999999999        825562499.999996     
         426
   110.424999999999        828187499.999996     
         326
   110.774999999999        830812499.999996     
          21
   111.124999999999        833437499.999996     
         391
   111.474999999999        836062499.999996     
          46
   111.824999999999        838687499.999996     
         370
   112.174999999999        841312499.999995     
          33
   112.524999999999        843937499.999995     
         349
   112.874999999999        846562499.999995     
          63
   113.224999999999        849187499.999995     
         479
   113.574999999999        851812499.999995     
         455
   113.924999999999        854437499.999995     
         440
   114.274999999999        857062499.999995     
         483
   114.624999999999        859687499.999995     
         467
   114.974999999999        862312499.999995     
         254
   115.324999999999        864937499.999995     
          95
   115.674999999999        867562499.999995     
         237
   116.024999999999        870187499.999995     
         133
   116.374999999999        872812499.999995     
         374
   116.724999999999        875437499.999995     
         323
   117.074999999999        878062499.999995     
         533
   117.424999999999        880687499.999995     
         316
   117.774999999999        883312499.999995     
          10
   118.124999999999        885937499.999995     
          94
   118.474999999999        888562499.999995     
          39
   118.824999999999        891187499.999995     
          21
   119.174999999999        893812499.999995     
          10
   119.524999999999        896437499.999995     
         211
   119.874999999999        899062499.999995     
         138
   120.224999999999        901687499.999995     
         186
   120.574999999999        904312499.999995     
          45
   120.924999999999        906937499.999994     
         292
   121.274999999999        909562499.999994     
         461
   121.624999999999        912187499.999994     
         142
   121.974999999999        914812499.999994     
         337
   122.324999999999        917437499.999994     
         280
   122.674999999999        920062499.999994     
         503
   123.024999999999        922687499.999994     
         188
   123.374999999999        925312499.999994     
         361
   123.724999999999        927937499.999994     
         309
   124.074999999999        930562499.999994     
         328
   124.424999999999        933187499.999994     
         185
   124.774999999999        935812499.999994     
         171
   125.124999999999        938437499.999994     
         128
   125.474999999999        941062499.999994     
         345
   125.824999999999        943687499.999994     
         497
   126.174999999999        946312499.999994     
         385
   126.524999999999        948937499.999994     
         484
   126.874999999999        951562499.999994     
         289
   127.224999999999        954187499.999994     
         497
   127.574999999999        956812499.999994     
         279
   127.924999999999        959437499.999994     
         171
   128.274999999999        962062499.999993     
         492
   128.624999999999        964687499.999993     
         417
   128.974999999999        967312499.999993     
         339
   129.324999999999        969937499.999993     
         369
   129.674999999999        972562499.999993     
         349
   130.024999999999        975187499.999993     
         139
   130.374999999999        977812499.999993     
           9
   130.724999999999        980437499.999993     
         159
   131.074999999999        983062499.999993     
         114
   131.424999999999        985687499.999993     
         338
   131.774999999999        988312499.999993     
          35
   132.124999999999        990937499.999993     
          34
   132.474999999999        993562499.999993     
         461
   132.824999999999        996187499.999993     
         115
   133.174999999999        998812499.999993     
          93
   133.524999999999        1001437499.99999     
         158
   133.874999999999        1004062499.99999     
          60
   134.224999999999        1006687499.99999     
         405
   134.574999999999        1009312499.99999     
         132
   134.924999999999        1011937499.99999     
         249
   135.274999999999        1014562499.99999     
          93
   135.624999999999        1017187499.99999     
         337
   135.974999999999        1019812499.99999     
         212
   136.324999999999        1022437499.99999     
          50
   136.674999999999        1025062499.99999     
         280
   137.024999999999        1027687499.99999     
         387
   137.374999999999        1030312499.99999     
         199
   137.724999999999        1032937499.99999     
         147
   138.074999999999        1035562499.99999     
         415
   138.424999999999        1038187499.99999     
         378
   138.774999999999        1040812499.99999     
         111
   139.124999999999        1043437499.99999     
         154
   139.474999999999        1046062499.99999     
         388
   139.824999999999        1048687499.99999     
         434
   140.174999999999        1051312499.99999     
         243
   140.524999999999        1053937499.99999     
          13
   140.874999999999        1056562499.99999     
         437
   141.224999999999        1059187499.99999     
         260
   141.574999999999        1061812499.99999     
         482
   141.924999999999        1064437499.99999     
         121
   142.274999999999        1067062499.99999     
          25
   142.624999999999        1069687499.99999     
         242
   142.974999999999        1072312499.99999     
         406
   143.324999999999        1074937499.99999     
          84
   143.674999999999        1077562499.99999     
         227
   144.024999999999        1080187499.99999     
         536
   144.374999999999        1082812499.99999     
         399
   144.724999999999        1085437499.99999     
         491
   145.074999999999        1088062499.99999     
         117
   145.424999999999        1090687499.99999     
         164
   145.774999999999        1093312499.99999     
         267
   146.124999999999        1095937499.99999     
         320
   146.474999999999        1098562499.99999     
         287
   146.824999999999        1101187499.99999     
          47
   147.174999999999        1103812499.99999     
         461
   147.524999999999        1106437499.99999     
         311
   147.874999999999        1109062499.99999     
         489
   148.224999999999        1111687499.99999     
         212
   148.574999999999        1114312499.99999     
           9
   148.924999999999        1116937499.99999     
         407
   149.274999999999        1119562499.99999     
         162
   149.624999999999        1122187499.99999     
         306
   149.974999999999        1124812499.99999     
          38
   150.324999999999        1127437499.99999     
           3
   150.674999999999        1130062499.99999     
         165
   151.024999999999        1132687499.99999     
         199
   151.374999999999        1135312499.99999     
         205
   151.724999999999        1137937499.99999     
         394
   152.074999999999        1140562499.99999     
          97
   152.424999999999        1143187499.99999     
          29
   152.774999999999        1145812499.99999     
          72
   153.124999999999        1148437499.99999     
         133
   153.474999999999        1151062499.99999     
         432
   153.824999999999        1153687499.99999     
          21
   154.174999999999        1156312499.99999     
          12
   154.524999999999        1158937499.99999     
           3
   154.874999999999        1161562499.99999     
          85
   155.224999999999        1164187499.99999     
         178
   155.574999999999        1166812499.99999     
         377
   155.924999999999        1169437499.99999     
         195
   156.274999999999        1172062499.99999     
         393
   156.624999999999        1174687499.99999     
          41
   156.974999999999        1177312499.99999     
         283
   157.324999999999        1179937499.99999     
         349
   157.674999999999        1182562499.99999     
         442
   158.024999999999        1185187499.99999     
         328
   158.374999999999        1187812499.99999     
         181
   158.724999999999        1190437499.99999     
         232
   159.074999999999        1193062499.99999     
         288
   159.424999999999        1195687499.99999     
         482
   159.774999999999        1198312499.99999     
          68
   160.124999999999        1200937499.99999     
         370
   160.474999999999        1203562499.99999     
         402
   160.824999999999        1206187499.99999     
          36
   161.174999999999        1208812499.99999     
         358
   161.524999999999        1211437499.99999     
          30
   161.874999999999        1214062499.99999     
         308
   162.224999999999        1216687499.99999     
          90
   162.574999999999        1219312499.99999     
         262
   162.924999999999        1221937499.99999     
         233
   163.274999999999        1224562499.99999     
         465
   163.624999999999        1227187499.99999     
         273
   163.974999999999        1229812499.99999     
         412
   164.324999999999        1232437499.99999     
         187
   164.674999999999        1235062499.99999     
          72
   165.024999999999        1237687499.99999     
         291
   165.374999999999        1240312499.99999     
          88
   165.724999999999        1242937499.99999     
         539
   166.074999999999        1245562499.99999     
         431
   166.424999999999        1248187499.99999     
         492
   166.774999999998        1250812499.99999     
          82
   167.124999999998        1253437499.99999     
         322
   167.474999999998        1256062499.99999     
         411
   167.824999999998        1258687499.99999     
         104
   168.174999999998        1261312499.99999     
         413
   168.524999999998        1263937499.99999     
          16
   168.874999999998        1266562499.99999     
         174
   169.224999999998        1269187499.99999     
         189
   169.574999999998        1271812499.99999     
         539
   169.924999999998        1274437499.99999     
         212
   170.274999999998        1277062499.99999     
         354
   170.624999999998        1279687499.99999     
         454
   170.974999999998        1282312499.99999     
          58
   171.324999999998        1284937499.99999     
         138
   171.674999999998        1287562499.99999     
         322
   172.024999999998        1290187499.99999     
         428
   172.374999999998        1292812499.99999     
         129
   172.724999999998        1295437499.99999     
         461
   173.074999999998        1298062499.99999     
         334
   173.424999999998        1300687499.99999     
         450
   173.774999999998        1303312499.99999     
         231
   174.124999999998        1305937499.99999     
         326
   174.474999999998        1308562499.99999     
         155
   174.824999999998        1311187499.99999     
         431
   175.174999999998        1313812499.99999     
         491
   175.524999999998        1316437499.99999     
          88
   175.874999999998        1319062499.99999     
         325
   176.224999999998        1321687499.99999     
         469
   176.574999999998        1324312499.99999     
          17
   176.924999999998        1326937499.99999     
         511
   177.274999999998        1329562499.99999     
         340
   177.624999999998        1332187499.99999     
          53
   177.974999999998        1334812499.99999     
         535
   178.324999999998        1337437499.99999     
         218
   178.674999999998        1340062499.99999     
         228
   179.024999999998        1342687499.99999     
           5
   179.374999999998        1345312499.99999     
         489
   179.724999999998        1347937499.99999     
         302
   180.074999999998        1350562499.99999     
           8
   180.424999999998        1353187499.99999     
         288
   180.774999999998        1355812499.99999     
           7
   181.124999999998        1358437499.99999     
         421
   181.474999999998        1361062499.99999     
         392
   181.824999999998        1363687499.99999     
         533
   182.174999999998        1366312499.99999     
          21
   182.524999999998        1368937499.99999     
         210
   182.874999999998        1371562499.99999     
         421
   183.224999999998        1374187499.99999     
         359
   183.574999999998        1376812499.99999     
         382
   183.924999999998        1379437499.99999     
         229
   184.274999999998        1382062499.99999     
          48
   184.624999999998        1384687499.99999     
         271
   184.974999999998        1387312499.99999     
         266
   185.324999999998        1389937499.99999     
          29
   185.674999999998        1392562499.99999     
         489
   186.024999999998        1395187499.99999     
         463
   186.374999999998        1397812499.99999     
         302
   186.724999999998        1400437499.99999     
          61
   187.074999999998        1403062499.99999     
         433
   187.424999999998        1405687499.99999     
         152
   187.774999999998        1408312499.99999     
         445
   188.124999999998        1410937499.99999     
         459
   188.474999999998        1413562499.99999     
         353
   188.824999999998        1416187499.99999     
         435
   189.174999999998        1418812499.99999     
         403
   189.524999999998        1421437499.99999     
         241
   189.874999999998        1424062499.99999     
          28
   190.224999999998        1426687499.99999     
         389
   190.574999999998        1429312499.99999     
          78
   190.924999999998        1431937499.99999     
          21
   191.274999999998        1434562499.99999     
         379
   191.624999999998        1437187499.99999     
         128
   191.974999999998        1439812499.99999     
          98
   192.324999999998        1442437499.99999     
         527
   192.674999999998        1445062499.99999     
         411
   193.024999999998        1447687499.99999     
         205
   193.374999999998        1450312499.99999     
         526
   193.724999999998        1452937499.99999     
         222
   194.074999999998        1455562499.99999     
         197
   194.424999999998        1458187499.99999     
          56
   194.774999999998        1460812499.99999     
         165
   195.124999999998        1463437499.99999     
         371
   195.474999999998        1466062499.99999     
         258
   195.824999999998        1468687499.99999     
         345
   196.174999999998        1471312499.99999     
         398
   196.524999999998        1473937499.99999     
         121
   196.874999999998        1476562499.99998     
          50
   197.224999999998        1479187499.99998     
         221
   197.574999999998        1481812499.99998     
         493
   197.924999999998        1484437499.99998     
          93
   198.274999999998        1487062499.99998     
         159
   198.624999999998        1489687499.99998     
         383
   198.974999999998        1492312499.99998     
         272
   199.324999999998        1494937499.99998     
         208
   199.674999999998        1497562499.99998     
         162
   200.024999999998        1500187499.99998     
         238
   200.374999999998        1502812499.99998     
         436
   200.724999999998        1505437499.99998     
         202
   201.074999999998        1508062499.99998     
         524
   201.424999999998        1510687499.99998     
          22
   201.774999999998        1513312499.99998     
         250
   202.124999999998        1515937499.99998     
         119
   202.474999999998        1518562499.99998     
         525
   202.824999999998        1521187499.99998     
         133
   203.174999999998        1523812499.99998     
         118
   203.524999999998        1526437499.99998     
         285
   203.874999999998        1529062499.99998     
         449
   204.224999999998        1531687499.99998     
         204
   204.574999999998        1534312499.99998     
          62
   204.924999999998        1536937499.99998     
          64
   205.274999999998        1539562499.99998     
          37
   205.624999999998        1542187499.99998     
         539
   205.974999999998        1544812499.99998     
         418
   206.324999999998        1547437499.99998     
         339
   206.674999999998        1550062499.99998     
         434
   207.024999999998        1552687499.99998     
         372
   207.374999999998        1555312499.99998     
          69
   207.724999999998        1557937499.99998     
          65
   208.074999999998        1560562499.99998     
         148
   208.424999999998        1563187499.99998     
          22
   208.774999999998        1565812499.99998     
          62
   209.124999999998        1568437499.99998     
         230
   209.474999999998        1571062499.99998     
         207
   209.824999999998        1573687499.99998     
         488
   210.174999999998        1576312499.99998     
         203
   210.524999999998        1578937499.99998     
         103
   210.874999999998        1581562499.99998     
         485
   211.224999999998        1584187499.99998     
         460
   211.574999999998        1586812499.99998     
         440
   211.924999999998        1589437499.99998     
         479
   212.274999999998        1592062499.99998     
         402
   212.624999999998        1594687499.99998     
         240
   212.974999999998        1597312499.99998     
         505
   213.324999999998        1599937499.99998     
         220
   213.674999999998        1602562499.99998     
         267
   214.024999999998        1605187499.99998     
         403
   214.374999999998        1607812499.99998     
         399
   214.724999999998        1610437499.99998     
         215
   215.074999999998        1613062499.99998     
         285
   215.424999999998        1615687499.99998     
         231
   215.774999999998        1618312499.99998     
         276
   216.124999999998        1620937499.99998     
         435
   216.474999999998        1623562499.99998     
         203
   216.824999999998        1626187499.99998     
         156
   217.174999999998        1628812499.99998     
          36
   217.524999999998        1631437499.99998     
         350
   217.874999999998        1634062499.99998     
         173
   218.224999999998        1636687499.99998     
         528
   218.574999999998        1639312499.99998     
         503
   218.924999999998        1641937499.99998     
         355
   219.274999999998        1644562499.99998     
         207
   219.624999999998        1647187499.99998     
         114
   219.974999999998        1649812499.99998     
         306
   220.324999999998        1652437499.99998     
         196
   220.674999999998        1655062499.99998     
         177
   221.024999999998        1657687499.99998     
         164
   221.374999999998        1660312499.99998     
         354
   221.724999999998        1662937499.99998     
         528
   222.074999999998        1665562499.99998     
         278
   222.424999999998        1668187499.99998     
         529
   222.774999999998        1670812499.99998     
         295
   223.124999999998        1673437499.99998     
         223
   223.474999999998        1676062499.99998     
         192
   223.824999999998        1678687499.99998     
         156
   224.174999999998        1681312499.99998     
         316
   224.524999999998        1683937499.99998     
         511
   224.874999999998        1686562499.99998     
         323
   225.224999999998        1689187499.99998     
         328
   225.574999999998        1691812499.99998     
         143
   225.924999999998        1694437499.99998     
         418
   226.274999999998        1697062499.99998     
         351
   226.624999999998        1699687499.99998     
         237
   226.974999999998        1702312499.99998     
         156
   227.324999999998        1704937499.99998     
         347
   227.674999999998        1707562499.99998     
         308
   228.024999999998        1710187499.99998     
         469
   228.374999999997        1712812499.99998     
          37
   228.724999999997        1715437499.99998     
         127
   229.074999999997        1718062499.99998     
         180
   229.424999999997        1720687499.99998     
          68
   229.774999999997        1723312499.99998     
         511
   230.124999999997        1725937499.99998     
          22
   230.474999999997        1728562499.99998     
         200
   230.824999999997        1731187499.99998     
         507
   231.174999999997        1733812499.99998     
         181
   231.524999999997        1736437499.99998     
         423
   231.874999999997        1739062499.99998     
         485
   232.224999999997        1741687499.99998     
         189
   232.574999999997        1744312499.99998     
         124
   232.924999999997        1746937499.99998     
         138
   233.274999999997        1749562499.99998     
          63
   233.624999999997        1752187499.99998     
         469
   233.974999999997        1754812499.99998     
         497
   234.324999999997        1757437499.99998     
           9
   234.674999999997        1760062499.99998     
          13
   235.024999999997        1762687499.99998     
          41
   235.374999999997        1765312499.99998     
         287
   235.724999999997        1767937499.99998     
         341
   236.074999999997        1770562499.99998     
         228
   236.424999999997        1773187499.99998     
         443
   236.774999999997        1775812499.99998     
          18
   237.124999999997        1778437499.99998     
         405
   237.474999999997        1781062499.99998     
         373
   237.824999999997        1783687499.99998     
         240
   238.174999999997        1786312499.99998     
         457
   238.524999999997        1788937499.99998     
         381
   238.874999999997        1791562499.99998     
         181
   239.224999999997        1794187499.99998     
         164
   239.574999999997        1796812499.99998     
          69
   239.924999999997        1799437499.99998     
         519
   240.274999999997        1802062499.99998     
         300
   240.624999999997        1804687499.99998     
         102
   240.974999999997        1807312499.99998     
         335
   241.324999999997        1809937499.99998     
         374
   241.674999999997        1812562499.99998     
         369
   242.024999999997        1815187499.99998     
         337
   242.374999999997        1817812499.99998     
         329
   242.724999999997        1820437499.99998     
          30
   243.074999999997        1823062499.99998     
         296
   243.424999999997        1825687499.99998     
         480
   243.774999999997        1828312499.99998     
         120
   244.124999999997        1830937499.99998     
         244
   244.474999999997        1833562499.99998     
         190
   244.824999999997        1836187499.99998     
         266
   245.174999999997        1838812499.99998     
          64
   245.524999999997        1841437499.99998     
         521
   245.874999999997        1844062499.99998     
         438
   246.224999999997        1846687499.99998     
         511
   246.574999999997        1849312499.99998     
         347
   246.924999999997        1851937499.99998     
         526
   247.274999999997        1854562499.99998     
         182
   247.624999999997        1857187499.99998     
         310
   247.974999999997        1859812499.99998     
         356
   248.324999999997        1862437499.99998     
          34
   248.674999999997        1865062499.99998     
          62
   249.024999999997        1867687499.99998     
          72
   249.374999999997        1870312499.99998     
         423
   249.724999999997        1872937499.99998     
         433
   250.074999999997        1875562499.99998     
         506
   250.424999999997        1878187499.99998     
         477
   250.774999999997        1880812499.99998     
         347
   251.124999999997        1883437499.99998     
         382
   251.474999999997        1886062499.99998     
         455
   251.824999999997        1888687499.99998     
         269
   252.174999999997        1891312499.99998     
         214
   252.524999999997        1893937499.99998     
          38
   252.874999999997        1896562499.99998     
          71
   253.224999999997        1899187499.99998     
         245
   253.574999999997        1901812499.99998     
         244
   253.924999999997        1904437499.99998     
         187
   254.274999999997        1907062499.99998     
         475
   254.624999999997        1909687499.99998     
         104
   254.974999999997        1912312499.99998     
         177
   255.324999999997        1914937499.99998     
         515
   255.674999999997        1917562499.99998     
         387
   256.024999999997        1920187499.99998     
         444
   256.374999999997        1922812499.99998     
         140
   256.724999999997        1925437499.99998     
         159
   257.074999999997        1928062499.99998     
         284
   257.424999999997        1930687499.99998     
         209
   257.774999999997        1933312499.99998     
         144
   258.124999999997        1935937499.99998     
          89
   258.474999999997        1938562499.99998     
         364
   258.824999999997        1941187499.99998     
         158
   259.174999999997        1943812499.99998     
          90
   259.524999999997        1946437499.99998     
         507
   259.874999999997        1949062499.99998     
         420
   260.224999999997        1951687499.99998     
         380
   260.574999999997        1954312499.99998     
         387
   260.924999999997        1956937499.99998     
          71
   261.274999999997        1959562499.99998     
         201
   261.624999999997        1962187499.99998     
         124
   261.974999999997        1964812499.99998     
         118
   262.324999999997        1967437499.99998     
         479
   262.674999999998        1970062499.99998     
         264
   263.024999999998        1972687499.99998     
         103
   263.374999999998        1975312499.99998     
          25
   263.724999999998        1977937499.99998     
         372
   264.074999999998        1980562499.99998     
         457
   264.424999999998        1983187499.99998     
         342
   264.774999999998        1985812499.99998     
         318
   265.124999999998        1988437499.99998     
         152
   265.474999999998        1991062499.99998     
         238
   265.824999999998        1993687499.99998     
         521
   266.174999999998        1996312499.99998     
         130
   266.524999999998        1998937499.99998     
         330
   266.874999999998        2001562499.99998     
          85
   267.224999999998        2004187499.99998     
         162
   267.574999999998        2006812499.99998     
         172
   267.924999999998        2009437499.99998     
         332
   268.274999999998        2012062499.99998     
         436
   268.624999999998        2014687499.99998     
           6
   268.974999999998        2017312499.99998     
         513
   269.324999999998        2019937499.99998     
         221
   269.674999999998        2022562499.99998     
         105
   270.024999999998        2025187499.99998     
         468
   270.374999999998        2027812499.99998     
         144
   270.724999999998        2030437499.99999     
         492
   271.074999999998        2033062499.99999     
         105
   271.424999999998        2035687499.99999     
         177
   271.774999999998        2038312499.99999     
         278
   272.124999999998        2040937499.99999     
         379
   272.474999999998        2043562499.99999     
         157
   272.824999999998        2046187499.99999     
         386
   273.174999999998        2048812499.99999     
         231
   273.524999999998        2051437499.99999     
         168
   273.874999999998        2054062499.99999     
         357
   274.224999999998        2056687499.99999     
          96
   274.574999999998        2059312499.99999     
          61
   274.924999999998        2061937499.99999     
         218
   275.274999999998        2064562499.99999     
         249
   275.624999999998        2067187499.99999     
         333
   275.974999999998        2069812499.99999     
         112
   276.324999999998        2072437499.99999     
         233
   276.674999999998        2075062499.99999     
         134
   277.024999999998        2077687499.99999     
         321
   277.374999999998        2080312499.99999     
         498
   277.724999999998        2082937499.99999     
           6
   278.074999999999        2085562499.99999     
         312
   278.424999999999        2088187499.99999     
         505
   278.774999999999        2090812499.99999     
         272
   279.124999999999        2093437499.99999     
          84
   279.474999999999        2096062499.99999     
         344
   279.824999999999        2098687499.99999     
          73
   280.174999999999        2101312499.99999     
         258
   280.524999999999        2103937499.99999     
         101
   280.874999999999        2106562499.99999     
          64
   281.224999999999        2109187499.99999     
          69
   281.574999999999        2111812499.99999     
          33
   281.924999999999        2114437499.99999     
         284
   282.274999999999        2117062499.99999     
         420
   282.624999999999        2119687499.99999     
         269
   282.974999999999        2122312499.99999     
         465
   283.324999999999        2124937499.99999     
         137
   283.674999999999        2127562499.99999     
         431
   284.024999999999        2130187499.99999     
         369
   284.374999999999        2132812499.99999     
         225
   284.724999999999        2135437499.99999     
         110
   285.074999999999        2138062499.99999     
         483
   285.424999999999        2140687499.99999     
         121
   285.774999999999        2143312499.99999     
         521
   286.124999999999        2145937499.99999     
          14
   286.474999999999        2148562499.99999     
           9
   286.824999999999        2151187499.99999     
         193
   287.174999999999        2153812499.99999     
         130
   287.524999999999        2156437499.99999     
         456
   287.874999999999        2159062499.99999     
         467
   288.224999999999        2161687499.99999     
         440
   288.574999999999        2164312499.99999     
         416
   288.924999999999        2166937499.99999     
         399
   289.274999999999        2169562499.99999     
          44
   289.624999999999        2172187499.99999     
         501
   289.974999999999        2174812499.99999     
         305
   290.324999999999        2177437499.99999     
          53
   290.674999999999        2180062499.99999     
         496
   291.024999999999        2182687500.00000     
         404
   291.374999999999        2185312500.00000     
         495
   291.724999999999        2187937500.00000     
         493
   292.074999999999        2190562500.00000     
         468
   292.424999999999        2193187500.00000     
         326
   292.774999999999        2195812500.00000     
         448
   293.124999999999        2198437500.00000     
         267
   293.475000000000        2201062500.00000     
         279
   293.825000000000        2203687500.00000     
         122
   294.175000000000        2206312500.00000     
         224
   294.525000000000        2208937500.00000     
         217
   294.875000000000        2211562500.00000     
         373
   295.225000000000        2214187500.00000     
         261
   295.575000000000        2216812500.00000     
          68
   295.925000000000        2219437500.00000     
         419
   296.275000000000        2222062500.00000     
           3
   296.625000000000        2224687500.00000     
         373
   296.975000000000        2227312500.00000     
         175
   297.325000000000        2229937500.00000     
          51
   297.675000000000        2232562500.00000     
         241
   298.025000000000        2235187500.00000     
         257
   298.375000000000        2237812500.00000     
         485
   298.725000000000        2240437500.00000     
         397
   299.075000000000        2243062500.00000     
          69
   299.425000000000        2245687500.00000     
         396
   299.775000000000        2248312500.00000     
         110
   300.125000000000        2250937500.00000     
         404
   300.475000000000        2253562500.00000     
          90
   300.825000000000        2256187500.00000     
         409
   301.175000000000        2258812500.00000     
         498
   301.525000000000        2261437500.00000     
         523
   301.875000000000        2264062500.00000     
          67
   302.225000000000        2266687500.00000     
         200
   302.575000000000        2269312500.00000     
         378
   302.925000000000        2271937500.00000     
         146
   303.275000000000        2274562500.00000     
          40
   303.625000000000        2277187500.00000     
         157
   303.975000000000        2279812500.00000     
         467
   304.325000000000        2282437500.00000     
         492
   304.675000000000        2285062500.00000     
         505
   305.025000000000        2287687500.00000     
          82
   305.375000000000        2290312500.00000     
         129
   305.725000000000        2292937500.00000     
         258
   306.075000000000        2295562500.00000     
           3
   306.425000000000        2298187500.00000     
          20
   306.775000000000        2300812500.00000     
          87
   307.125000000000        2303437500.00000     
         328
   307.475000000000        2306062500.00000     
          43
   307.825000000000        2308687500.00000     
         189
   308.175000000000        2311312500.00000     
         303
   308.525000000000        2313937500.00000     
         313
   308.875000000001        2316562500.00000     
         463
   309.225000000001        2319187500.00000     
          66
   309.575000000001        2321812500.00000     
         341
   309.925000000001        2324437500.00000     
         181
   310.275000000001        2327062500.00000     
          83
   310.625000000001        2329687500.00000     
          95
   310.975000000001        2332312500.00000     
         237
   311.325000000001        2334937500.00001     
         432
   311.675000000001        2337562500.00001     
         247
   312.025000000001        2340187500.00001     
         241
   312.375000000001        2342812500.00001     
         488
   312.725000000001        2345437500.00001     
         429
   313.075000000001        2348062500.00001     
         221
   313.425000000001        2350687500.00001     
          87
   313.775000000001        2353312500.00001     
         132
   314.125000000001        2355937500.00001     
         245
   314.475000000001        2358562500.00001     
         457
   314.825000000001        2361187500.00001     
         146
   315.175000000001        2363812500.00001     
         381
   315.525000000001        2366437500.00001     
         504
   315.875000000001        2369062500.00001     
         310
   316.225000000001        2371687500.00001     
         160
   316.575000000001        2374312500.00001     
         282
   316.925000000001        2376937500.00001     
         274
   317.275000000001        2379562500.00001     
          95
   317.625000000001        2382187500.00001     
         372
   317.975000000001        2384812500.00001     
         431
   318.325000000001        2387437500.00001     
          10
   318.675000000001        2390062500.00001     
         341
   319.025000000001        2392687500.00001     
         307
   319.375000000001        2395312500.00001     
         158
   319.725000000001        2397937500.00001     
          84
   320.075000000001        2400562500.00001     
         154
   320.425000000001        2403187500.00001     
         102
   320.775000000001        2405812500.00001     
          44
   321.125000000001        2408437500.00001     
         400
   321.475000000001        2411062500.00001     
         243
   321.825000000001        2413687500.00001     
          33
   322.175000000001        2416312500.00001     
         397
   322.525000000001        2418937500.00001     
         435
   322.875000000001        2421562500.00001     
         497
   323.225000000001        2424187500.00001     
         333
   323.575000000001        2426812500.00001     
         380
   323.925000000001        2429437500.00001     
         361
   324.275000000002        2432062500.00001     
         492
   324.625000000002        2434687500.00001     
         254
   324.975000000002        2437312500.00001     
         453
   325.325000000002        2439937500.00001     
         184
   325.675000000002        2442562500.00001     
         254
   326.025000000002        2445187500.00001     
         355
   326.375000000002        2447812500.00001     
         281
   326.725000000002        2450437500.00001     
         133
   327.075000000002        2453062500.00001     
         315
   327.425000000002        2455687500.00001     
         110
   327.775000000002        2458312500.00001     
         531
   328.125000000002        2460937500.00001     
         336
   328.475000000002        2463562500.00001     
         215
   328.825000000002        2466187500.00001     
         467
   329.175000000002        2468812500.00001     
         489
   329.525000000002        2471437500.00001     
         213
   329.875000000002        2474062500.00001     
         188
   330.225000000002        2476687500.00001     
          11
   330.575000000002        2479312500.00001     
         210
   330.925000000002        2481937500.00001     
         288
   331.275000000002        2484562500.00001     
         466
   331.625000000002        2487187500.00001     
         217
   331.975000000002        2489812500.00002     
         498
   332.325000000002        2492437500.00002     
         274
   332.675000000002        2495062500.00002     
         254
   333.025000000002        2497687500.00002     
         239
   333.375000000002        2500312500.00002     
         365
   333.725000000002        2502937500.00002     
         442
   334.075000000002        2505562500.00002     
         498
   334.425000000002        2508187500.00002     
         466
   334.775000000002        2510812500.00002     
          58
   335.125000000002        2513437500.00002     
          49
   335.475000000002        2516062500.00002     
         228
   335.825000000002        2518687500.00002     
         525
   336.175000000002        2521312500.00002     
          31
   336.525000000002        2523937500.00002     
         304
   336.875000000002        2526562500.00002     
         203
   337.225000000002        2529187500.00002     
         221
   337.575000000002        2531812500.00002     
         397
   337.925000000002        2534437500.00002     
         248
   338.275000000002        2537062500.00002     
         215
   338.625000000002        2539687500.00002     
          27
   338.975000000002        2542312500.00002     
         410
   339.325000000002        2544937500.00002     
          10
   339.675000000003        2547562500.00002     
         156
   340.025000000003        2550187500.00002     
         532
   340.375000000003        2552812500.00002     
          26
   340.725000000003        2555437500.00002     
         214
   341.075000000003        2558062500.00002     
         161
   341.425000000003        2560687500.00002     
         536
   341.775000000003        2563312500.00002     
         360
   342.125000000003        2565937500.00002     
         118
   342.475000000003        2568562500.00002     
         414
   342.825000000003        2571187500.00002     
         361
   343.175000000003        2573812500.00002     
         479
   343.525000000003        2576437500.00002     
         339
   343.875000000003        2579062500.00002     
         143
   344.225000000003        2581687500.00002     
         419
   344.575000000003        2584312500.00002     
         247
   344.925000000003        2586937500.00002     
         135
   345.275000000003        2589562500.00002     
         440
   345.625000000003        2592187500.00002     
         421
   345.975000000003        2594812500.00002     
         182
   346.325000000003        2597437500.00002     
         260
   346.675000000003        2600062500.00002     
         481
   347.025000000003        2602687500.00002     
         185
   347.375000000003        2605312500.00002     
         117
   347.725000000003        2607937500.00002     
         155
   348.075000000003        2610562500.00002     
         157
   348.425000000003        2613187500.00002     
         174
   348.775000000003        2615812500.00002     
         206
   349.125000000003        2618437500.00002     
         269
   349.475000000003        2621062500.00002     
         472
   349.825000000003        2623687500.00002     
          69
   350.175000000003        2626312500.00002     
         506
   350.525000000003        2628937500.00002     
         297
   350.875000000003        2631562500.00002     
         100
   351.225000000003        2634187500.00002     
         501
   351.575000000003        2636812500.00002     
         160
   351.925000000003        2639437500.00002     
         443
   352.275000000003        2642062500.00002     
         382
   352.625000000003        2644687500.00003     
          78
   352.975000000003        2647312500.00003     
          50
   353.325000000003        2649937500.00003     
         531
   353.675000000003        2652562500.00003     
         395
   354.025000000003        2655187500.00003     
           1
   354.375000000003        2657812500.00003     
         365
   354.725000000003        2660437500.00003     
         178
   355.075000000004        2663062500.00003     
         142
   355.425000000004        2665687500.00003     
         394
   355.775000000004        2668312500.00003     
         281
   356.125000000004        2670937500.00003     
         434
   356.475000000004        2673562500.00003     
          83
   356.825000000004        2676187500.00003     
         491
   357.175000000004        2678812500.00003     
         436
   357.525000000004        2681437500.00003     
          23
   357.875000000004        2684062500.00003     
         350
   358.225000000004        2686687500.00003     
         193
   358.575000000004        2689312500.00003     
         447
   358.925000000004        2691937500.00003     
         213
   359.275000000004        2694562500.00003     
          56
   359.625000000004        2697187500.00003     
         213
   359.975000000004        2699812500.00003     
          36
   360.325000000004        2702437500.00003     
         500
   360.675000000004        2705062500.00003     
         303
   361.025000000004        2707687500.00003     
          38
   361.375000000004        2710312500.00003     
         120
   361.725000000004        2712937500.00003     
         447
   362.075000000004        2715562500.00003     
         479
   362.425000000004        2718187500.00003     
         130
   362.775000000004        2720812500.00003     
         377
   363.125000000004        2723437500.00003     
         401
   363.475000000004        2726062500.00003     
         519
   363.825000000004        2728687500.00003     
         328
   364.175000000004        2731312500.00003     
         310
   364.525000000004        2733937500.00003     
          72
   364.875000000004        2736562500.00003     
         101
   365.225000000004        2739187500.00003     
          76
   365.575000000004        2741812500.00003     
         410
   365.925000000004        2744437500.00003     
          52
   366.275000000004        2747062500.00003     
         318
   366.625000000004        2749687500.00003     
         465
   366.975000000004        2752312500.00003     
         137
   367.325000000004        2754937500.00003     
         231
   367.675000000004        2757562500.00003     
         535
   368.025000000004        2760187500.00003     
         391
   368.375000000004        2762812500.00003     
         501
   368.725000000004        2765437500.00003     
          37
   369.075000000004        2768062500.00003     
         356
   369.425000000004        2770687500.00003     
          51
   369.775000000004        2773312500.00003     
         191
   370.125000000004        2775937500.00003     
         329
   370.475000000005        2778562500.00003     
          99
   370.825000000005        2781187500.00003     
         376
   371.175000000005        2783812500.00003     
         397
   371.525000000005        2786437500.00003     
         524
   371.875000000005        2789062500.00003     
         150
   372.225000000005        2791687500.00003     
         539
   372.575000000005        2794312500.00003     
         375
   372.925000000005        2796937500.00003     
         333
   373.275000000005        2799562500.00004     
         523
   373.625000000005        2802187500.00004     
          75
   373.975000000005        2804812500.00004     
         423
   374.325000000005        2807437500.00004     
         256
   374.675000000005        2810062500.00004     
         389
   375.025000000005        2812687500.00004     
         528
   375.375000000005        2815312500.00004     
         462
   375.725000000005        2817937500.00004     
         342
   376.075000000005        2820562500.00004     
         307
   376.425000000005        2823187500.00004     
         475
   376.775000000005        2825812500.00004     
         284
   377.125000000005        2828437500.00004     
          80
   377.475000000005        2831062500.00004     
         393
   377.825000000005        2833687500.00004     
         130
   378.175000000005        2836312500.00004     
         466
   378.525000000005        2838937500.00004     
         319
   378.875000000005        2841562500.00004     
          47
   379.225000000005        2844187500.00004     
         343
   379.575000000005        2846812500.00004     
         246
   379.925000000005        2849437500.00004     
         341
   380.275000000005        2852062500.00004     
         183
   380.625000000005        2854687500.00004     
         493
   380.975000000005        2857312500.00004     
         526
   381.325000000005        2859937500.00004     
          23
   381.675000000005        2862562500.00004     
         193
   382.025000000005        2865187500.00004     
         362
   382.375000000005        2867812500.00004     
         470
   382.725000000005        2870437500.00004     
         519
   383.075000000005        2873062500.00004     
         214
   383.425000000005        2875687500.00004     
         348
   383.775000000005        2878312500.00004     
         486
   384.125000000005        2880937500.00004     
         119
   384.475000000005        2883562500.00004     
         107
   384.825000000005        2886187500.00004     
         129
   385.175000000005        2888812500.00004     
         407
   385.525000000005        2891437500.00004     
         377
   385.875000000006        2894062500.00004     
         269
   386.225000000006        2896687500.00004     
         461
   386.575000000006        2899312500.00004     
         210
   386.925000000006        2901937500.00004     
         479
   387.275000000006        2904562500.00004     
         324
   387.625000000006        2907187500.00004     
          28
   387.975000000006        2909812500.00004     
         294
   388.325000000006        2912437500.00004     
         243
   388.675000000006        2915062500.00004     
         367
   389.025000000006        2917687500.00004     
          48
   389.375000000006        2920312500.00004     
         461
   389.725000000006        2922937500.00004     
         478
   390.075000000006        2925562500.00004     
         149
   390.425000000006        2928187500.00004     
         485
   390.775000000006        2930812500.00004     
         167
   391.125000000006        2933437500.00004     
         275
   391.475000000006        2936062500.00004     
          26
   391.825000000006        2938687500.00004     
         326
   392.175000000006        2941312500.00004     
         198
   392.525000000006        2943937500.00004     
         246
   392.875000000006        2946562500.00004     
          54
   393.225000000006        2949187500.00004     
         392
   393.575000000006        2951812500.00005     
          70
   393.925000000006        2954437500.00005     
         380
   394.275000000006        2957062500.00005     
         402
   394.625000000006        2959687500.00005     
         239
   394.975000000006        2962312500.00005     
         516
   395.325000000006        2964937500.00005     
         176
   395.675000000006        2967562500.00005     
         520
   396.025000000006        2970187500.00005     
         450
   396.375000000006        2972812500.00005     
         252
   396.725000000006        2975437500.00005     
          52
   397.075000000006        2978062500.00005     
         201
   397.425000000006        2980687500.00005     
         132
   397.775000000006        2983312500.00005     
         235
   398.125000000006        2985937500.00005     
           6
   398.475000000006        2988562500.00005     
         467
   398.825000000006        2991187500.00005     
         500
   399.175000000006        2993812500.00005     
          69
   399.525000000006        2996437500.00005     
         163
   399.875000000006        2999062500.00005     
          76
   400.225000000006        3001687500.00005     
         139
   400.575000000006        3004312500.00005     
           3
   400.925000000006        3006937500.00005     
         533
   401.275000000007        3009562500.00005     
         269
   401.625000000007        3012187500.00005     
          92
   401.975000000007        3014812500.00005     
          39
   402.325000000007        3017437500.00005     
          19
   402.675000000007        3020062500.00005     
         304
   403.025000000007        3022687500.00005     
          89
   403.375000000007        3025312500.00005     
          14
   403.725000000007        3027937500.00005     
         226
   404.075000000007        3030562500.00005     
         468
   404.425000000007        3033187500.00005     
         448
   404.775000000007        3035812500.00005     
         398
   405.125000000007        3038437500.00005     
         114
   405.475000000007        3041062500.00005     
         167
   405.825000000007        3043687500.00005     
         204
   406.175000000007        3046312500.00005     
         362
   406.525000000007        3048937500.00005     
         425
   406.875000000007        3051562500.00005     
         508
   407.225000000007        3054187500.00005     
         201
   407.575000000007        3056812500.00005     
         348
   407.925000000007        3059437500.00005     
         317
   408.275000000007        3062062500.00005     
         496
   408.625000000007        3064687500.00005     
         117
   408.975000000007        3067312500.00005     
           2
   409.325000000007        3069937500.00005     
          99
   409.675000000007        3072562500.00005     
         119
   410.025000000007        3075187500.00005     
         336
   410.375000000007        3077812500.00005     
         408
   410.725000000007        3080437500.00005     
         175
   411.075000000007        3083062500.00005     
         349
   411.425000000007        3085687500.00005     
         196
   411.775000000007        3088312500.00005     
          10
   412.125000000007        3090937500.00005     
         439
   412.475000000007        3093562500.00005     
         295
   412.825000000007        3096187500.00005     
         176
   413.175000000007        3098812500.00005     
         471
   413.525000000007        3101437500.00005     
         252
   413.875000000007        3104062500.00005     
         170
   414.225000000007        3106687500.00006     
         179
   414.575000000007        3109312500.00006     
         459
   414.925000000007        3111937500.00006     
         249
   415.275000000007        3114562500.00006     
         455
   415.625000000007        3117187500.00006     
         364
   415.975000000007        3119812500.00006     
         204
   416.325000000007        3122437500.00006     
          71
   416.675000000008        3125062500.00006     
         202
   417.025000000008        3127687500.00006     
         153
   417.375000000008        3130312500.00006     
          69
   417.725000000008        3132937500.00006     
         307
   418.075000000008        3135562500.00006     
         392
   418.425000000008        3138187500.00006     
         402
   418.775000000008        3140812500.00006     
          77
   419.125000000008        3143437500.00006     
          90
   419.475000000008        3146062500.00006     
         435
   419.825000000008        3148687500.00006     
