       time        TW        TE         hW        hE
   0.17500E+00   0.29537E+02   0.29272E+02   0.27564E-02  -0.27461E-01
   0.52500E+00   0.28837E+02   0.27892E+02   0.25249E-01  -0.90970E-01
   0.87500E+00   0.28563E+02   0.26616E+02   0.66788E-01  -0.16643E+00
   0.12250E+01   0.28654E+02   0.25256E+02   0.12073E+00  -0.25776E+00
   0.15750E+01   0.28967E+02   0.23978E+02   0.18601E+00  -0.36013E+00
   0.19250E+01   0.29303E+02   0.23117E+02   0.25800E+00  -0.45664E+00
   0.22750E+01   0.29571E+02   0.22610E+02   0.33661E+00  -0.55607E+00
   0.26250E+01   0.29760E+02   0.22455E+02   0.42212E+00  -0.65902E+00
   0.29750E+01   0.29872E+02   0.22820E+02   0.51726E+00  -0.74155E+00
   0.33250E+01   0.29934E+02   0.23369E+02   0.61396E+00  -0.79618E+00
   0.36750E+01   0.29967E+02   0.24101E+02   0.70808E+00  -0.82596E+00
   0.40250E+01   0.29982E+02   0.25067E+02   0.79809E+00  -0.81363E+00
   0.43750E+01   0.29989E+02   0.25921E+02   0.87928E+00  -0.75869E+00
   0.47250E+01   0.29992E+02   0.26622E+02   0.94492E+00  -0.67786E+00
   0.50750E+01   0.29994E+02   0.27197E+02   0.98381E+00  -0.57769E+00
   0.54250E+01   0.29996E+02   0.27710E+02   0.98034E+00  -0.46926E+00
   0.57750E+01   0.29999E+02   0.28149E+02   0.94337E+00  -0.36351E+00
   0.61250E+01   0.30001E+02   0.28510E+02   0.88731E+00  -0.26291E+00
   0.64750E+01   0.30001E+02   0.28808E+02   0.82234E+00  -0.17152E+00
   0.68250E+01   0.29999E+02   0.29055E+02   0.74946E+00  -0.99651E-01
   0.71750E+01   0.29997E+02   0.29163E+02   0.67006E+00  -0.46244E-01
   0.75250E+01   0.29995E+02   0.29158E+02   0.59772E+00   0.42741E-02
   0.78750E+01   0.29992E+02   0.29142E+02   0.53240E+00   0.51132E-01
   0.82250E+01   0.29985E+02   0.29082E+02   0.47785E+00   0.74794E-01
   0.85750E+01   0.29975E+02   0.29059E+02   0.43721E+00   0.85926E-01
   0.89250E+01   0.29964E+02   0.29057E+02   0.40591E+00   0.89954E-01
   0.92750E+01   0.29951E+02   0.28998E+02   0.37888E+00   0.78838E-01
   0.96250E+01   0.29937E+02   0.28915E+02   0.36023E+00   0.68093E-01
   0.99750E+01   0.29923E+02   0.28809E+02   0.34968E+00   0.58049E-01
   0.10325E+02   0.29909E+02   0.28728E+02   0.34204E+00   0.49717E-01
   0.10675E+02   0.29897E+02   0.28633E+02   0.33271E+00   0.37889E-01
   0.11025E+02   0.29888E+02   0.28449E+02   0.32656E+00   0.14471E-01
   0.11375E+02   0.29880E+02   0.28181E+02   0.32047E+00  -0.38550E-02
   0.11725E+02   0.29868E+02   0.27807E+02   0.30753E+00  -0.25570E-01
   0.12075E+02   0.29853E+02   0.27512E+02   0.29524E+00  -0.43194E-01
   0.12425E+02   0.29838E+02   0.27348E+02   0.28327E+00  -0.50045E-01
   0.12775E+02   0.29820E+02   0.27266E+02   0.27309E+00  -0.62219E-01
   0.13125E+02   0.29802E+02   0.26962E+02   0.27217E+00  -0.84101E-01
   0.13475E+02   0.29791E+02   0.26261E+02   0.27438E+00  -0.12224E+00
   0.13825E+02   0.29786E+02   0.25818E+02   0.27511E+00  -0.15281E+00
   0.14175E+02   0.29786E+02   0.25786E+02   0.28087E+00  -0.16475E+00
   0.14525E+02   0.29795E+02   0.25543E+02   0.28952E+00  -0.18608E+00
   0.14875E+02   0.29809E+02   0.24932E+02   0.29295E+00  -0.21938E+00
   0.15225E+02   0.29819E+02   0.24560E+02   0.30274E+00  -0.25118E+00
   0.15575E+02   0.29836E+02   0.24500E+02   0.32869E+00  -0.27798E+00
   0.15925E+02   0.29864E+02   0.24404E+02   0.35483E+00  -0.30702E+00
   0.16275E+02   0.29890E+02   0.24203E+02   0.38118E+00  -0.35264E+00
   0.16625E+02   0.29912E+02   0.23779E+02   0.40879E+00  -0.40337E+00
   0.16975E+02   0.29931E+02   0.23697E+02   0.43425E+00  -0.43601E+00
   0.17325E+02   0.29947E+02   0.23836E+02   0.46786E+00  -0.46542E+00
   0.17675E+02   0.29961E+02   0.23570E+02   0.51174E+00  -0.51060E+00
   0.18025E+02   0.29973E+02   0.23834E+02   0.56054E+00  -0.54026E+00
   0.18375E+02   0.29982E+02   0.24603E+02   0.60486E+00  -0.54551E+00
   0.18725E+02   0.29989E+02   0.25279E+02   0.64106E+00  -0.54410E+00
   0.19075E+02   0.29993E+02   0.26063E+02   0.68171E+00  -0.51927E+00
   0.19425E+02   0.29996E+02   0.26798E+02   0.72203E+00  -0.46837E+00
   0.19775E+02   0.29997E+02   0.27398E+02   0.74673E+00  -0.41177E+00
   0.20125E+02   0.29998E+02   0.27907E+02   0.75471E+00  -0.35583E+00
   0.20475E+02   0.29999E+02   0.28323E+02   0.75030E+00  -0.29784E+00
   0.20825E+02   0.29999E+02   0.28665E+02   0.73507E+00  -0.23281E+00
   0.21175E+02   0.29998E+02   0.28907E+02   0.70041E+00  -0.17090E+00
   0.21525E+02   0.29997E+02   0.29069E+02   0.64789E+00  -0.11910E+00
   0.21875E+02   0.29994E+02   0.29166E+02   0.59681E+00  -0.64373E-01
   0.22225E+02   0.29992E+02   0.29119E+02   0.55228E+00  -0.14099E-01
   0.22575E+02   0.29988E+02   0.28951E+02   0.50637E+00   0.12839E-01
   0.22925E+02   0.29981E+02   0.28890E+02   0.46037E+00   0.35712E-01
   0.23275E+02   0.29971E+02   0.28969E+02   0.42176E+00   0.64760E-01
   0.23625E+02   0.29958E+02   0.28996E+02   0.39198E+00   0.74331E-01
   0.23975E+02   0.29942E+02   0.28909E+02   0.36633E+00   0.59821E-01
   0.24325E+02   0.29926E+02   0.28768E+02   0.34374E+00   0.41226E-01
   0.24675E+02   0.29910E+02   0.28689E+02   0.32822E+00   0.37956E-01
   0.25025E+02   0.29896E+02   0.28616E+02   0.32008E+00   0.35480E-01
   0.25375E+02   0.29878E+02   0.28479E+02   0.31088E+00   0.18214E-01
   0.25725E+02   0.29863E+02   0.28215E+02   0.30491E+00  -0.34181E-02
   0.26075E+02   0.29855E+02   0.27868E+02   0.30175E+00  -0.26634E-01
   0.26425E+02   0.29848E+02   0.27463E+02   0.29631E+00  -0.49599E-01
   0.26775E+02   0.29838E+02   0.27153E+02   0.28851E+00  -0.64932E-01
   0.27125E+02   0.29826E+02   0.26983E+02   0.28605E+00  -0.77596E-01
   0.27475E+02   0.29819E+02   0.26758E+02   0.28782E+00  -0.95476E-01
   0.27825E+02   0.29810E+02   0.26515E+02   0.28291E+00  -0.11890E+00
   0.28175E+02   0.29803E+02   0.26286E+02   0.28519E+00  -0.13952E+00
   0.28525E+02   0.29811E+02   0.26059E+02   0.29903E+00  -0.15647E+00
   0.28875E+02   0.29823E+02   0.25892E+02   0.30738E+00  -0.17602E+00
   0.29225E+02   0.29832E+02   0.25719E+02   0.30852E+00  -0.19799E+00
   0.29575E+02   0.29839E+02   0.25469E+02   0.31369E+00  -0.22206E+00
   0.29925E+02   0.29850E+02   0.25129E+02   0.32759E+00  -0.24720E+00
   0.30275E+02   0.29866E+02   0.24962E+02   0.34682E+00  -0.27392E+00
   0.30625E+02   0.29885E+02   0.25225E+02   0.36716E+00  -0.29741E+00
   0.30975E+02   0.29904E+02   0.25153E+02   0.38919E+00  -0.32654E+00
   0.31325E+02   0.29921E+02   0.24610E+02   0.41474E+00  -0.36894E+00
   0.31675E+02   0.29937E+02   0.24441E+02   0.44217E+00  -0.40512E+00
   0.32025E+02   0.29951E+02   0.24434E+02   0.47310E+00  -0.43187E+00
   0.32375E+02   0.29963E+02   0.24221E+02   0.50830E+00  -0.46332E+00
   0.32725E+02   0.29973E+02   0.24165E+02   0.54268E+00  -0.49378E+00
   0.33075E+02   0.29981E+02   0.24509E+02   0.57617E+00  -0.50698E+00
   0.33425E+02   0.29987E+02   0.25277E+02   0.61384E+00  -0.49091E+00
   0.33775E+02   0.29991E+02   0.26200E+02   0.65349E+00  -0.46063E+00
   0.34125E+02   0.29994E+02   0.26972E+02   0.68553E+00  -0.42655E+00
   0.34475E+02   0.29996E+02   0.27585E+02   0.71040E+00  -0.37859E+00
   0.34825E+02   0.29997E+02   0.28081E+02   0.71642E+00  -0.32390E+00
   0.35175E+02   0.29997E+02   0.28480E+02   0.70847E+00  -0.26344E+00
   0.35525E+02   0.29998E+02   0.28798E+02   0.69314E+00  -0.19822E+00
   0.35875E+02   0.29997E+02   0.29056E+02   0.66034E+00  -0.13890E+00
   0.36225E+02   0.29996E+02   0.29122E+02   0.61555E+00  -0.89949E-01
   0.36575E+02   0.29993E+02   0.28932E+02   0.56378E+00  -0.50958E-01
   0.36925E+02   0.29989E+02   0.28842E+02   0.51662E+00  -0.97678E-02
   0.37275E+02   0.29983E+02   0.28807E+02   0.47417E+00   0.21577E-01
   0.37625E+02   0.29973E+02   0.28778E+02   0.43147E+00   0.36837E-01
   0.37975E+02   0.29958E+02   0.28784E+02   0.39230E+00   0.46034E-01
   0.38325E+02   0.29942E+02   0.28682E+02   0.36405E+00   0.41473E-01
   0.38675E+02   0.29927E+02   0.28503E+02   0.34624E+00   0.25794E-01
   0.39025E+02   0.29912E+02   0.28325E+02   0.33240E+00   0.14430E-01
   0.39375E+02   0.29895E+02   0.28234E+02   0.32200E+00   0.10963E-01
   0.39725E+02   0.29880E+02   0.28027E+02   0.31664E+00  -0.53864E-02
   0.40075E+02   0.29873E+02   0.27714E+02   0.31153E+00  -0.28978E-01
   0.40425E+02   0.29865E+02   0.27477E+02   0.30642E+00  -0.42921E-01
   0.40775E+02   0.29860E+02   0.27330E+02   0.30591E+00  -0.54210E-01
   0.41125E+02   0.29858E+02   0.27129E+02   0.30492E+00  -0.66202E-01
   0.41475E+02   0.29852E+02   0.26818E+02   0.29869E+00  -0.89086E-01
   0.41825E+02   0.29842E+02   0.26631E+02   0.29208E+00  -0.10578E+00
   0.42175E+02   0.29833E+02   0.26360E+02   0.29006E+00  -0.11769E+00
   0.42525E+02   0.29827E+02   0.26064E+02   0.29078E+00  -0.14135E+00
   0.42875E+02   0.29823E+02   0.26041E+02   0.29701E+00  -0.15826E+00
   0.43225E+02   0.29828E+02   0.25669E+02   0.30544E+00  -0.18523E+00
   0.43575E+02   0.29838E+02   0.25284E+02   0.31058E+00  -0.21814E+00
   0.43925E+02   0.29848E+02   0.25020E+02   0.31874E+00  -0.24775E+00
   0.44275E+02   0.29860E+02   0.24604E+02   0.33466E+00  -0.28245E+00
   0.44625E+02   0.29875E+02   0.24268E+02   0.35807E+00  -0.31619E+00
   0.44975E+02   0.29895E+02   0.23804E+02   0.38250E+00  -0.36733E+00
   0.45325E+02   0.29914E+02   0.23381E+02   0.40433E+00  -0.42775E+00
   0.45675E+02   0.29932E+02   0.23444E+02   0.43783E+00  -0.46874E+00
   0.46025E+02   0.29948E+02   0.23517E+02   0.48304E+00  -0.50741E+00
   0.46375E+02   0.29964E+02   0.23783E+02   0.52687E+00  -0.53784E+00
   0.46725E+02   0.29976E+02   0.24393E+02   0.57286E+00  -0.55540E+00
   0.47075E+02   0.29984E+02   0.25051E+02   0.62472E+00  -0.56260E+00
   0.47425E+02   0.29990E+02   0.25908E+02   0.67597E+00  -0.53716E+00
   0.47775E+02   0.29994E+02   0.26681E+02   0.71736E+00  -0.50218E+00
   0.48125E+02   0.29997E+02   0.27335E+02   0.74621E+00  -0.45679E+00
   0.48475E+02   0.29998E+02   0.27858E+02   0.76239E+00  -0.38728E+00
   0.48825E+02   0.29999E+02   0.28289E+02   0.76243E+00  -0.31884E+00
   0.49175E+02   0.29999E+02   0.28638E+02   0.74955E+00  -0.25681E+00
   0.49525E+02   0.29999E+02   0.28926E+02   0.72383E+00  -0.19963E+00
   0.49875E+02   0.29997E+02   0.29160E+02   0.68255E+00  -0.14146E+00
   0.50225E+02   0.29996E+02   0.29255E+02   0.63021E+00  -0.80073E-01
   0.50575E+02   0.29994E+02   0.29202E+02   0.57421E+00  -0.28923E-01
   0.50925E+02   0.29990E+02   0.29175E+02   0.52468E+00   0.15024E-01
   0.51275E+02   0.29983E+02   0.29164E+02   0.48344E+00   0.45851E-01
   0.51625E+02   0.29976E+02   0.29064E+02   0.44230E+00   0.55633E-01
   0.51975E+02   0.29965E+02   0.28910E+02   0.40112E+00   0.54918E-01
   0.52325E+02   0.29950E+02   0.28810E+02   0.36932E+00   0.57505E-01
   0.52675E+02   0.29932E+02   0.28804E+02   0.34632E+00   0.64919E-01
   0.53025E+02   0.29912E+02   0.28789E+02   0.32880E+00   0.57332E-01
   0.53375E+02   0.29895E+02   0.28641E+02   0.31866E+00   0.30642E-01
   0.53725E+02   0.29882E+02   0.28502E+02   0.31416E+00   0.16332E-01
   0.54075E+02   0.29874E+02   0.28312E+02   0.31392E+00   0.75102E-02
   0.54425E+02   0.29865E+02   0.28025E+02   0.30919E+00  -0.17048E-01
   0.54775E+02   0.29852E+02   0.27743E+02   0.30001E+00  -0.35193E-01
   0.55125E+02   0.29837E+02   0.27428E+02   0.29332E+00  -0.48193E-01
   0.55475E+02   0.29826E+02   0.27039E+02   0.28771E+00  -0.71439E-01
   0.55825E+02   0.29820E+02   0.26584E+02   0.28048E+00  -0.97337E-01
   0.56175E+02   0.29811E+02   0.26245E+02   0.27932E+00  -0.11840E+00
   0.56525E+02   0.29805E+02   0.26043E+02   0.28609E+00  -0.13174E+00
   0.56875E+02   0.29809E+02   0.25736E+02   0.28950E+00  -0.15361E+00
   0.57225E+02   0.29815E+02   0.25294E+02   0.28937E+00  -0.18793E+00
   0.57575E+02   0.29820E+02   0.25000E+02   0.29841E+00  -0.21547E+00
   0.57925E+02   0.29834E+02   0.24720E+02   0.31628E+00  -0.23809E+00
   0.58275E+02   0.29853E+02   0.24607E+02   0.32960E+00  -0.26504E+00
   0.58625E+02   0.29869E+02   0.24450E+02   0.34357E+00  -0.30161E+00
   0.58975E+02   0.29887E+02   0.24050E+02   0.36615E+00  -0.34022E+00
   0.59325E+02   0.29906E+02   0.23810E+02   0.39161E+00  -0.37402E+00
   0.59675E+02   0.29924E+02   0.23693E+02   0.41956E+00  -0.41360E+00
   0.60025E+02   0.29940E+02   0.23671E+02   0.45521E+00  -0.45682E+00
   0.60375E+02   0.29955E+02   0.23748E+02   0.49628E+00  -0.48947E+00
   0.60725E+02   0.29968E+02   0.23997E+02   0.53454E+00  -0.51803E+00
   0.61075E+02   0.29978E+02   0.24529E+02   0.57220E+00  -0.53185E+00
   0.61425E+02   0.29985E+02   0.25163E+02   0.61572E+00  -0.52358E+00
   0.61775E+02   0.29991E+02   0.25881E+02   0.66388E+00  -0.50365E+00
   0.62125E+02   0.29995E+02   0.26666E+02   0.70300E+00  -0.47269E+00
   0.62475E+02   0.29996E+02   0.27313E+02   0.72472E+00  -0.43205E+00
   0.62825E+02   0.29997E+02   0.27854E+02   0.73869E+00  -0.38153E+00
   0.63175E+02   0.29997E+02   0.28283E+02   0.74134E+00  -0.32030E+00
   0.63525E+02   0.29998E+02   0.28627E+02   0.72693E+00  -0.25248E+00
   0.63875E+02   0.29998E+02   0.28915E+02   0.69880E+00  -0.19199E+00
   0.64225E+02   0.29997E+02   0.29157E+02   0.66467E+00  -0.13944E+00
   0.64575E+02   0.29996E+02   0.29188E+02   0.62491E+00  -0.89650E-01
   0.64925E+02   0.29993E+02   0.29097E+02   0.57748E+00  -0.41375E-01
   0.65275E+02   0.29990E+02   0.28948E+02   0.52711E+00  -0.66284E-02
   0.65625E+02   0.29984E+02   0.28775E+02   0.47836E+00   0.20934E-01
   0.65975E+02   0.29975E+02   0.28762E+02   0.43575E+00   0.48731E-01
   0.66325E+02   0.29963E+02   0.28749E+02   0.40034E+00   0.52398E-01
   0.66675E+02   0.29948E+02   0.28702E+02   0.37328E+00   0.47550E-01
   0.67025E+02   0.29932E+02   0.28659E+02   0.35399E+00   0.46978E-01
   0.67375E+02   0.29919E+02   0.28593E+02   0.33952E+00   0.35250E-01
   0.67725E+02   0.29904E+02   0.28527E+02   0.32512E+00   0.28385E-01
   0.68075E+02   0.29890E+02   0.28381E+02   0.31439E+00   0.18189E-01
   0.68425E+02   0.29875E+02   0.28121E+02   0.30940E+00  -0.62308E-02
   0.68775E+02   0.29860E+02   0.27944E+02   0.30811E+00  -0.16931E-01
   0.69125E+02   0.29854E+02   0.27663E+02   0.30316E+00  -0.34348E-01
   0.69475E+02   0.29845E+02   0.27246E+02   0.29257E+00  -0.62221E-01
   0.69825E+02   0.29834E+02   0.26897E+02   0.28699E+00  -0.77777E-01
   0.70175E+02   0.29824E+02   0.26590E+02   0.28407E+00  -0.93054E-01
   0.70525E+02   0.29816E+02   0.26362E+02   0.28268E+00  -0.11076E+00
   0.70875E+02   0.29811E+02   0.26012E+02   0.28479E+00  -0.13809E+00
   0.71225E+02   0.29813E+02   0.25535E+02   0.29205E+00  -0.16912E+00
   0.71575E+02   0.29822E+02   0.25358E+02   0.29847E+00  -0.18347E+00
   0.71925E+02   0.29829E+02   0.25138E+02   0.30362E+00  -0.20601E+00
   0.72275E+02   0.29839E+02   0.24603E+02   0.31557E+00  -0.24438E+00
   0.72625E+02   0.29854E+02   0.24178E+02   0.33068E+00  -0.27873E+00
   0.72975E+02   0.29871E+02   0.23862E+02   0.35062E+00  -0.31939E+00
   0.73325E+02   0.29890E+02   0.23593E+02   0.37008E+00  -0.36354E+00
   0.73675E+02   0.29908E+02   0.23354E+02   0.39761E+00  -0.40843E+00
   0.74025E+02   0.29928E+02   0.23357E+02   0.43419E+00  -0.45306E+00
   0.74375E+02   0.29945E+02   0.23162E+02   0.47106E+00  -0.49863E+00
   0.74725E+02   0.29960E+02   0.22823E+02   0.50902E+00  -0.55027E+00
   0.75075E+02   0.29972E+02   0.23180E+02   0.55618E+00  -0.58385E+00
   0.75425E+02   0.29982E+02   0.23906E+02   0.61332E+00  -0.58780E+00
   0.75775E+02   0.29989E+02   0.24790E+02   0.66421E+00  -0.58030E+00
   0.76125E+02   0.29994E+02   0.25746E+02   0.70883E+00  -0.55681E+00
   0.76475E+02   0.29996E+02   0.26532E+02   0.74787E+00  -0.50710E+00
   0.76825E+02   0.29997E+02   0.27197E+02   0.77967E+00  -0.44106E+00
   0.77175E+02   0.29999E+02   0.27731E+02   0.79444E+00  -0.37374E+00
   0.77525E+02   0.29999E+02   0.28184E+02   0.79029E+00  -0.31369E+00
   0.77875E+02   0.29998E+02   0.28549E+02   0.76500E+00  -0.23792E+00
   0.78225E+02   0.29998E+02   0.28832E+02   0.72616E+00  -0.16097E+00
   0.78575E+02   0.29997E+02   0.28770E+02   0.67527E+00  -0.11188E+00
   0.78925E+02   0.29996E+02   0.28638E+02   0.61589E+00  -0.58122E-01
   0.79275E+02   0.29993E+02   0.28741E+02   0.56363E+00  -0.42167E-02
   0.79625E+02   0.29989E+02   0.28804E+02   0.51376E+00   0.33092E-01
   0.79975E+02   0.29981E+02   0.28829E+02   0.46501E+00   0.56997E-01
   0.80325E+02   0.29970E+02   0.28847E+02   0.42547E+00   0.59213E-01
   0.80675E+02   0.29958E+02   0.28817E+02   0.39539E+00   0.58563E-01
   0.81025E+02   0.29944E+02   0.28738E+02   0.36634E+00   0.55863E-01
   0.81375E+02   0.29924E+02   0.28644E+02   0.34440E+00   0.43344E-01
   0.81725E+02   0.29907E+02   0.28512E+02   0.33568E+00   0.33935E-01
   0.82075E+02   0.29898E+02   0.28427E+02   0.33207E+00   0.27812E-01
   0.82425E+02   0.29889E+02   0.28198E+02   0.32175E+00   0.58212E-02
   0.82775E+02   0.29876E+02   0.27862E+02   0.30857E+00  -0.21276E-01
   0.83125E+02   0.29863E+02   0.27688E+02   0.31039E+00  -0.23312E-01
   0.83475E+02   0.29857E+02   0.27483E+02   0.30975E+00  -0.35193E-01
   0.83825E+02   0.29847E+02   0.27122E+02   0.29520E+00  -0.69411E-01
   0.84175E+02   0.29839E+02   0.27013E+02   0.28622E+00  -0.78473E-01
   0.84525E+02   0.29830E+02   0.26883E+02   0.28397E+00  -0.83135E-01
   0.84875E+02   0.29821E+02   0.26438E+02   0.28730E+00  -0.11010E+00
   0.85225E+02   0.29820E+02   0.25940E+02   0.28779E+00  -0.14356E+00
   0.85575E+02   0.29814E+02   0.25458E+02   0.28581E+00  -0.17417E+00
   0.85925E+02   0.29813E+02   0.24983E+02   0.29295E+00  -0.19675E+00
   0.86275E+02   0.29824E+02   0.24552E+02   0.30097E+00  -0.22493E+00
   0.86625E+02   0.29834E+02   0.24307E+02   0.30781E+00  -0.25959E+00
   0.86975E+02   0.29846E+02   0.24246E+02   0.32998E+00  -0.28805E+00
   0.87325E+02   0.29869E+02   0.24109E+02   0.35824E+00  -0.32161E+00
   0.87675E+02   0.29893E+02   0.23785E+02   0.38439E+00  -0.36861E+00
   0.88025E+02   0.29915E+02   0.23564E+02   0.41589E+00  -0.41992E+00
   0.88375E+02   0.29935E+02   0.23605E+02   0.45109E+00  -0.46117E+00
   0.88725E+02   0.29952E+02   0.23677E+02   0.48700E+00  -0.49001E+00
   0.89075E+02   0.29965E+02   0.23621E+02   0.52132E+00  -0.52416E+00
   0.89425E+02   0.29976E+02   0.23697E+02   0.56363E+00  -0.55579E+00
   0.89775E+02   0.29983E+02   0.24092E+02   0.61461E+00  -0.56133E+00
   0.90125E+02   0.29990E+02   0.24941E+02   0.66206E+00  -0.55024E+00
   0.90475E+02   0.29994E+02   0.25892E+02   0.70293E+00  -0.52115E+00
   0.90825E+02   0.29996E+02   0.26648E+02   0.73674E+00  -0.46837E+00
   0.91175E+02   0.29997E+02   0.27298E+02   0.76147E+00  -0.41325E+00
   0.91525E+02   0.29998E+02   0.27813E+02   0.76857E+00  -0.34621E+00
   0.91875E+02   0.29999E+02   0.28234E+02   0.75827E+00  -0.26927E+00
   0.92225E+02   0.29999E+02   0.28598E+02   0.74114E+00  -0.20631E+00
   0.92575E+02   0.29998E+02   0.28899E+02   0.70422E+00  -0.14547E+00
   0.92925E+02   0.29997E+02   0.28920E+02   0.64460E+00  -0.86829E-01
   0.93275E+02   0.29995E+02   0.28824E+02   0.58472E+00  -0.35264E-01
   0.93625E+02   0.29991E+02   0.28807E+02   0.53404E+00   0.10728E-01
   0.93975E+02   0.29985E+02   0.28792E+02   0.48379E+00   0.40110E-01
   0.94325E+02   0.29975E+02   0.28800E+02   0.43975E+00   0.52609E-01
   0.94675E+02   0.29962E+02   0.28773E+02   0.40567E+00   0.54644E-01
   0.95025E+02   0.29947E+02   0.28726E+02   0.37491E+00   0.52813E-01
   0.95375E+02   0.29931E+02   0.28623E+02   0.35694E+00   0.42334E-01
   0.95725E+02   0.29915E+02   0.28510E+02   0.34311E+00   0.28615E-01
   0.96075E+02   0.29898E+02   0.28407E+02   0.32990E+00   0.24743E-01
   0.96425E+02   0.29889E+02   0.28356E+02   0.32553E+00   0.19778E-01
   0.96775E+02   0.29883E+02   0.28277E+02   0.32202E+00   0.42506E-02
   0.97125E+02   0.29873E+02   0.28069E+02   0.31654E+00  -0.12313E-01
   0.97475E+02   0.29863E+02   0.27912E+02   0.31101E+00  -0.20738E-01
   0.97825E+02   0.29857E+02   0.27808E+02   0.30129E+00  -0.31254E-01
   0.98175E+02   0.29849E+02   0.27645E+02   0.28740E+00  -0.47620E-01
   0.98525E+02   0.29831E+02   0.27419E+02   0.27822E+00  -0.60718E-01
   0.98875E+02   0.29813E+02   0.27161E+02   0.27366E+00  -0.78349E-01
   0.99225E+02   0.29801E+02   0.26950E+02   0.27257E+00  -0.95709E-01
   0.99575E+02   0.29796E+02   0.26741E+02   0.27429E+00  -0.11839E+00
   0.99925E+02   0.29802E+02   0.26659E+02   0.27866E+00  -0.14376E+00
   0.10027E+03   0.29822E+02   0.26923E+02   0.28479E+00  -0.15096E+00
   0.10062E+03   0.29863E+02   0.27336E+02   0.29357E+00  -0.16325E+00
   0.10097E+03   0.29955E+02   0.28140E+02   0.30421E+00  -0.18563E+00
   0.10132E+03   0.30088E+02   0.27392E+02   0.31850E+00  -0.19664E+00
   0.10167E+03   0.30155E+02   0.29053E+02   0.33792E+00  -0.22158E+00
   0.10202E+03   0.30095E+02   0.34099E+02   0.35425E+00  -0.26828E+00
   0.10237E+03   0.29960E+02   0.36133E+02   0.36848E+00  -0.31048E+00
   0.10272E+03   0.29838E+02   0.34134E+02   0.38595E+00  -0.35625E+00
   0.10307E+03   0.29816E+02   0.30348E+02   0.40960E+00  -0.39649E+00
   0.10342E+03   0.29883E+02   0.27269E+02   0.43371E+00  -0.42933E+00
   0.10377E+03   0.29950E+02   0.25356E+02   0.46524E+00  -0.46864E+00
   0.10412E+03   0.29978E+02   0.24399E+02   0.50955E+00  -0.49974E+00
   0.10447E+03   0.29984E+02   0.24304E+02   0.55580E+00  -0.52482E+00
   0.10482E+03   0.29985E+02   0.24861E+02   0.59973E+00  -0.53767E+00
   0.10517E+03   0.29987E+02   0.25497E+02   0.64302E+00  -0.53446E+00
   0.10552E+03   0.29991E+02   0.26214E+02   0.68057E+00  -0.51675E+00
   0.10587E+03   0.29994E+02   0.26935E+02   0.70859E+00  -0.47404E+00
   0.10622E+03   0.29997E+02   0.27507E+02   0.73218E+00  -0.41963E+00
   0.10657E+03   0.29998E+02   0.27971E+02   0.74804E+00  -0.36196E+00
   0.10692E+03   0.29998E+02   0.28355E+02   0.74947E+00  -0.30440E+00
   0.10727E+03   0.29998E+02   0.28653E+02   0.73167E+00  -0.23542E+00
   0.10762E+03   0.29997E+02   0.28901E+02   0.69585E+00  -0.15984E+00
   0.10797E+03   0.29996E+02   0.28931E+02   0.65455E+00  -0.10239E+00
   0.10832E+03   0.29995E+02   0.28711E+02   0.60805E+00  -0.63097E-01
   0.10867E+03   0.29992E+02   0.28605E+02   0.55644E+00  -0.26538E-01
   0.10902E+03   0.29987E+02   0.28703E+02   0.50591E+00   0.13499E-01
   0.10937E+03   0.29979E+02   0.28792E+02   0.46009E+00   0.40190E-01
   0.10972E+03   0.29968E+02   0.28798E+02   0.42025E+00   0.50807E-01
   0.11007E+03   0.29954E+02   0.28787E+02   0.38535E+00   0.54246E-01
   0.11042E+03   0.29939E+02   0.28731E+02   0.35880E+00   0.49051E-01
   0.11077E+03   0.29923E+02   0.28567E+02   0.34205E+00   0.35036E-01
   0.11112E+03   0.29910E+02   0.28389E+02   0.33338E+00   0.22794E-01
   0.11147E+03   0.29899E+02   0.28348E+02   0.32582E+00   0.19180E-01
   0.11182E+03   0.29885E+02   0.28369E+02   0.31473E+00   0.18951E-01
   0.11217E+03   0.29867E+02   0.28236E+02   0.30366E+00   0.39805E-02
   0.11252E+03   0.29854E+02   0.27989E+02   0.30542E+00  -0.20752E-01
   0.11287E+03   0.29852E+02   0.27711E+02   0.30880E+00  -0.38883E-01
   0.11322E+03   0.29847E+02   0.27433E+02   0.29670E+00  -0.55646E-01
   0.11357E+03   0.29835E+02   0.27193E+02   0.28410E+00  -0.72188E-01
   0.11392E+03   0.29819E+02   0.26901E+02   0.27775E+00  -0.86118E-01
   0.11427E+03   0.29805E+02   0.26537E+02   0.27499E+00  -0.10493E+00
   0.11462E+03   0.29797E+02   0.26274E+02   0.27581E+00  -0.12677E+00
   0.11497E+03   0.29794E+02   0.26167E+02   0.28188E+00  -0.14503E+00
   0.11532E+03   0.29803E+02   0.26123E+02   0.29344E+00  -0.15962E+00
   0.11567E+03   0.29816E+02   0.25841E+02   0.30456E+00  -0.18229E+00
   0.11602E+03   0.29830E+02   0.25274E+02   0.30955E+00  -0.21763E+00
   0.11637E+03   0.29842E+02   0.24934E+02   0.31384E+00  -0.24414E+00
   0.11672E+03   0.29855E+02   0.24623E+02   0.33302E+00  -0.26879E+00
   0.11707E+03   0.29874E+02   0.24247E+02   0.35664E+00  -0.30777E+00
   0.11742E+03   0.29895E+02   0.24139E+02   0.37585E+00  -0.34769E+00
   0.11777E+03   0.29913E+02   0.23983E+02   0.40332E+00  -0.38912E+00
   0.11812E+03   0.29930E+02   0.23668E+02   0.43531E+00  -0.43485E+00
   0.11847E+03   0.29947E+02   0.23540E+02   0.47387E+00  -0.47602E+00
   0.11882E+03   0.29962E+02   0.23757E+02   0.51801E+00  -0.51291E+00
   0.11917E+03   0.29973E+02   0.24128E+02   0.55874E+00  -0.53829E+00
   0.11952E+03   0.29982E+02   0.24476E+02   0.60153E+00  -0.54829E+00
   0.11987E+03   0.29989E+02   0.25104E+02   0.64649E+00  -0.54254E+00
   0.12022E+03   0.29993E+02   0.25967E+02   0.68908E+00  -0.51235E+00
   0.12057E+03   0.29995E+02   0.26740E+02   0.72568E+00  -0.46845E+00
   0.12092E+03   0.29997E+02   0.27387E+02   0.74749E+00  -0.42213E+00
   0.12127E+03   0.29998E+02   0.27884E+02   0.75344E+00  -0.35153E+00
   0.12162E+03   0.29999E+02   0.28286E+02   0.75020E+00  -0.26666E+00
   0.12197E+03   0.29999E+02   0.28634E+02   0.73228E+00  -0.20439E+00
   0.12232E+03   0.29998E+02   0.28923E+02   0.69676E+00  -0.15166E+00
   0.12267E+03   0.29997E+02   0.29162E+02   0.65124E+00  -0.91934E-01
   0.12302E+03   0.29995E+02   0.29262E+02   0.59956E+00  -0.38499E-01
   0.12337E+03   0.29991E+02   0.29132E+02   0.54185E+00   0.17853E-02
   0.12372E+03   0.29985E+02   0.28886E+02   0.48347E+00   0.25372E-01
   0.12407E+03   0.29976E+02   0.28761E+02   0.43404E+00   0.43182E-01
   0.12442E+03   0.29962E+02   0.28776E+02   0.39790E+00   0.62753E-01
   0.12477E+03   0.29946E+02   0.28747E+02   0.37244E+00   0.55393E-01
   0.12512E+03   0.29931E+02   0.28639E+02   0.35508E+00   0.34685E-01
   0.12547E+03   0.29918E+02   0.28530E+02   0.34287E+00   0.29107E-01
   0.12582E+03   0.29905E+02   0.28441E+02   0.32866E+00   0.24633E-01
   0.12617E+03   0.29891E+02   0.28337E+02   0.31751E+00   0.16669E-01
   0.12652E+03   0.29880E+02   0.28123E+02   0.31620E+00  -0.79386E-03
   0.12687E+03   0.29873E+02   0.27838E+02   0.31727E+00  -0.24275E-01
   0.12722E+03   0.29864E+02   0.27578E+02   0.30788E+00  -0.40588E-01
   0.12757E+03   0.29852E+02   0.27336E+02   0.29652E+00  -0.56491E-01
   0.12792E+03   0.29838E+02   0.27158E+02   0.29261E+00  -0.68605E-01
   0.12827E+03   0.29828E+02   0.27003E+02   0.29199E+00  -0.79962E-01
   0.12862E+03   0.29826E+02   0.26811E+02   0.28656E+00  -0.10111E+00
   0.12897E+03   0.29820E+02   0.26692E+02   0.28142E+00  -0.11852E+00
   0.12932E+03   0.29818E+02   0.26565E+02   0.28849E+00  -0.13014E+00
   0.12967E+03   0.29824E+02   0.26334E+02   0.29606E+00  -0.14624E+00
   0.13002E+03   0.29830E+02   0.26110E+02   0.29693E+00  -0.16742E+00
   0.13037E+03   0.29832E+02   0.26014E+02   0.29545E+00  -0.18752E+00
   0.13072E+03   0.29837E+02   0.25805E+02   0.30488E+00  -0.20935E+00
   0.13107E+03   0.29850E+02   0.25653E+02   0.32274E+00  -0.23202E+00
   0.13142E+03   0.29868E+02   0.25563E+02   0.34142E+00  -0.26312E+00
   0.13177E+03   0.29886E+02   0.25342E+02   0.35923E+00  -0.30245E+00
   0.13212E+03   0.29901E+02   0.25111E+02   0.38020E+00  -0.33369E+00
   0.13247E+03   0.29915E+02   0.24742E+02   0.40774E+00  -0.36907E+00
   0.13282E+03   0.29932E+02   0.24715E+02   0.43843E+00  -0.40133E+00
   0.13317E+03   0.29948E+02   0.25057E+02   0.47187E+00  -0.42334E+00
   0.13352E+03   0.29962E+02   0.24880E+02   0.50716E+00  -0.45574E+00
   0.13387E+03   0.29972E+02   0.24673E+02   0.54153E+00  -0.48224E+00
   0.13422E+03   0.29980E+02   0.25068E+02   0.57765E+00  -0.48873E+00
   0.13457E+03   0.29986E+02   0.25657E+02   0.61397E+00  -0.48301E+00
   0.13492E+03   0.29991E+02   0.26349E+02   0.64633E+00  -0.46002E+00
   0.13527E+03   0.29994E+02   0.27050E+02   0.67148E+00  -0.42811E+00
   0.13562E+03   0.29996E+02   0.27670E+02   0.68880E+00  -0.38997E+00
   0.13597E+03   0.29997E+02   0.28155E+02   0.69988E+00  -0.33878E+00
   0.13632E+03   0.29997E+02   0.28522E+02   0.70175E+00  -0.28419E+00
   0.13667E+03   0.29998E+02   0.28826E+02   0.69169E+00  -0.22630E+00
   0.13702E+03   0.29997E+02   0.29073E+02   0.66717E+00  -0.17024E+00
   0.13737E+03   0.29996E+02   0.29282E+02   0.63193E+00  -0.12423E+00
   0.13772E+03   0.29994E+02   0.29393E+02   0.58766E+00  -0.72892E-01
   0.13807E+03   0.29991E+02   0.29417E+02   0.54315E+00  -0.23044E-01
   0.13842E+03   0.29987E+02   0.29399E+02   0.50069E+00   0.16860E-01
   0.13877E+03   0.29980E+02   0.29181E+02   0.45598E+00   0.41705E-01
   0.13912E+03   0.29968E+02   0.28945E+02   0.41049E+00   0.45173E-01
   0.13947E+03   0.29951E+02   0.28875E+02   0.37522E+00   0.48905E-01
   0.13982E+03   0.29933E+02   0.28788E+02   0.35401E+00   0.51472E-01
   0.14017E+03   0.29916E+02   0.28616E+02   0.33598E+00   0.31819E-01
   0.14052E+03   0.29897E+02   0.28448E+02   0.32063E+00   0.10944E-01
   0.14087E+03   0.29879E+02   0.28306E+02   0.31278E+00   0.73569E-02
   0.14122E+03   0.29869E+02   0.28064E+02   0.30874E+00  -0.61793E-02
   0.14157E+03   0.29865E+02   0.27781E+02   0.30930E+00  -0.29903E-01
   0.14192E+03   0.29860E+02   0.27499E+02   0.30741E+00  -0.44321E-01
   0.14227E+03   0.29853E+02   0.27271E+02   0.30207E+00  -0.54936E-01
   0.14262E+03   0.29843E+02   0.27009E+02   0.29471E+00  -0.69870E-01
   0.14297E+03   0.29830E+02   0.26798E+02   0.28819E+00  -0.88458E-01
   0.14332E+03   0.29822E+02   0.26697E+02   0.28874E+00  -0.10051E+00
   0.14367E+03   0.29822E+02   0.26324E+02   0.28773E+00  -0.11865E+00
   0.14402E+03   0.29820E+02   0.25752E+02   0.28356E+00  -0.15360E+00
   0.14437E+03   0.29813E+02   0.25387E+02   0.28739E+00  -0.17945E+00
   0.14472E+03   0.29815E+02   0.25058E+02   0.30059E+00  -0.20112E+00
   0.14507E+03   0.29830E+02   0.24557E+02   0.31004E+00  -0.23805E+00
   0.14542E+03   0.29846E+02   0.24274E+02   0.32019E+00  -0.27864E+00
   0.14577E+03   0.29860E+02   0.24074E+02   0.33856E+00  -0.31443E+00
   0.14612E+03   0.29879E+02   0.23580E+02   0.36717E+00  -0.35668E+00
   0.14647E+03   0.29902E+02   0.23240E+02   0.39996E+00  -0.41078E+00
   0.14682E+03   0.29924E+02   0.23069E+02   0.42972E+00  -0.46825E+00
   0.14717E+03   0.29942E+02   0.22902E+02   0.46350E+00  -0.51548E+00
   0.14752E+03   0.29958E+02   0.23352E+02   0.50955E+00  -0.54145E+00
   0.14787E+03   0.29971E+02   0.23978E+02   0.55857E+00  -0.56149E+00
   0.14822E+03   0.29981E+02   0.24703E+02   0.60888E+00  -0.57068E+00
   0.14857E+03   0.29988E+02   0.25729E+02   0.66462E+00  -0.55530E+00
   0.14892E+03   0.29993E+02   0.26590E+02   0.71270E+00  -0.52921E+00
   0.14927E+03   0.29996E+02   0.27253E+02   0.74585E+00  -0.48114E+00
   0.14962E+03   0.29998E+02   0.27742E+02   0.76898E+00  -0.41598E+00
   0.14997E+03   0.29999E+02   0.28165E+02   0.77756E+00  -0.35074E+00
   0.15032E+03   0.30000E+02   0.28526E+02   0.76184E+00  -0.27748E+00
   0.15067E+03   0.29999E+02   0.28823E+02   0.73351E+00  -0.20982E+00
   0.15102E+03   0.29998E+02   0.29069E+02   0.70020E+00  -0.14641E+00
   0.15137E+03   0.29997E+02   0.29275E+02   0.65741E+00  -0.85215E-01
   0.15172E+03   0.29995E+02   0.29431E+02   0.59949E+00  -0.38441E-01
   0.15207E+03   0.29992E+02   0.29385E+02   0.54059E+00   0.64988E-02
   0.15242E+03   0.29986E+02   0.29272E+02   0.48888E+00   0.49245E-01
   0.15277E+03   0.29977E+02   0.29220E+02   0.44275E+00   0.68180E-01
   0.15312E+03   0.29963E+02   0.29102E+02   0.40867E+00   0.67502E-01
   0.15347E+03   0.29949E+02   0.28998E+02   0.37803E+00   0.65827E-01
   0.15382E+03   0.29931E+02   0.28858E+02   0.35110E+00   0.55291E-01
   0.15417E+03   0.29913E+02   0.28680E+02   0.33345E+00   0.41675E-01
   0.15452E+03   0.29900E+02   0.28508E+02   0.31934E+00   0.31782E-01
   0.15487E+03   0.29884E+02   0.28360E+02   0.31162E+00   0.18817E-01
   0.15522E+03   0.29872E+02   0.28164E+02   0.31153E+00   0.34961E-02
   0.15557E+03   0.29866E+02   0.27906E+02   0.30879E+00  -0.18263E-01
   0.15592E+03   0.29860E+02   0.27577E+02   0.30652E+00  -0.40501E-01
   0.15627E+03   0.29854E+02   0.27238E+02   0.30087E+00  -0.57924E-01
   0.15662E+03   0.29844E+02   0.26988E+02   0.29152E+00  -0.71534E-01
   0.15697E+03   0.29833E+02   0.26841E+02   0.28635E+00  -0.81954E-01
   0.15732E+03   0.29828E+02   0.26536E+02   0.28226E+00  -0.10642E+00
   0.15767E+03   0.29822E+02   0.26120E+02   0.28290E+00  -0.13331E+00
   0.15802E+03   0.29816E+02   0.26049E+02   0.28896E+00  -0.14592E+00
   0.15837E+03   0.29817E+02   0.25909E+02   0.29644E+00  -0.16640E+00
   0.15872E+03   0.29826E+02   0.25382E+02   0.30395E+00  -0.20269E+00
   0.15907E+03   0.29837E+02   0.24981E+02   0.31227E+00  -0.23764E+00
   0.15942E+03   0.29848E+02   0.24687E+02   0.32201E+00  -0.27005E+00
   0.15977E+03   0.29861E+02   0.24344E+02   0.34083E+00  -0.30033E+00
   0.16012E+03   0.29881E+02   0.23939E+02   0.36703E+00  -0.34390E+00
   0.16047E+03   0.29902E+02   0.23522E+02   0.39333E+00  -0.40507E+00
   0.16082E+03   0.29923E+02   0.23233E+02   0.42608E+00  -0.45536E+00
   0.16117E+03   0.29941E+02   0.23070E+02   0.45990E+00  -0.50362E+00
   0.16152E+03   0.29956E+02   0.23070E+02   0.50213E+00  -0.54878E+00
   0.16187E+03   0.29970E+02   0.23221E+02   0.55529E+00  -0.57982E+00
   0.16222E+03   0.29980E+02   0.23605E+02   0.60581E+00  -0.60124E+00
   0.16257E+03   0.29988E+02   0.24447E+02   0.65697E+00  -0.59736E+00
   0.16292E+03   0.29993E+02   0.25538E+02   0.70992E+00  -0.56571E+00
   0.16327E+03   0.29996E+02   0.26423E+02   0.75555E+00  -0.52158E+00
   0.16362E+03   0.29998E+02   0.27140E+02   0.78904E+00  -0.46304E+00
   0.16397E+03   0.29999E+02   0.27709E+02   0.80193E+00  -0.39615E+00
   0.16432E+03   0.29999E+02   0.28160E+02   0.79321E+00  -0.32109E+00
   0.16467E+03   0.30000E+02   0.28533E+02   0.77685E+00  -0.24321E+00
   0.16502E+03   0.29999E+02   0.28844E+02   0.74299E+00  -0.17846E+00
   0.16537E+03   0.29998E+02   0.29085E+02   0.68768E+00  -0.11885E+00
   0.16572E+03   0.29996E+02   0.29275E+02   0.62984E+00  -0.51137E-01
   0.16607E+03   0.29994E+02   0.29390E+02   0.57607E+00   0.11191E-01
   0.16642E+03   0.29989E+02   0.29356E+02   0.52189E+00   0.49870E-01
   0.16677E+03   0.29983E+02   0.29249E+02   0.47307E+00   0.66196E-01
   0.16712E+03   0.29972E+02   0.29137E+02   0.42782E+00   0.69739E-01
   0.16747E+03   0.29956E+02   0.29048E+02   0.39000E+00   0.74476E-01
   0.16782E+03   0.29941E+02   0.28949E+02   0.36462E+00   0.69025E-01
   0.16817E+03   0.29923E+02   0.28829E+02   0.34284E+00   0.54903E-01
   0.16852E+03   0.29903E+02   0.28731E+02   0.32818E+00   0.48889E-01
   0.16887E+03   0.29888E+02   0.28595E+02   0.31902E+00   0.36489E-01
   0.16922E+03   0.29877E+02   0.28474E+02   0.31619E+00   0.22164E-01
   0.16957E+03   0.29870E+02   0.28343E+02   0.32077E+00   0.97195E-02
   0.16992E+03   0.29869E+02   0.28163E+02   0.31710E+00  -0.84386E-02
   0.17027E+03   0.29862E+02   0.27991E+02   0.30211E+00  -0.18084E-01
   0.17062E+03   0.29846E+02   0.27754E+02   0.28630E+00  -0.31187E-01
   0.17097E+03   0.29826E+02   0.27564E+02   0.27805E+00  -0.43910E-01
   0.17132E+03   0.29810E+02   0.27462E+02   0.27666E+00  -0.51249E-01
   0.17167E+03   0.29799E+02   0.27276E+02   0.27370E+00  -0.74184E-01
   0.17202E+03   0.29788E+02   0.26936E+02   0.27002E+00  -0.10259E+00
   0.17237E+03   0.29782E+02   0.26658E+02   0.27096E+00  -0.12031E+00
   0.17272E+03   0.29785E+02   0.26323E+02   0.27506E+00  -0.13760E+00
   0.17307E+03   0.29790E+02   0.26014E+02   0.27866E+00  -0.16146E+00
   0.17342E+03   0.29795E+02   0.25727E+02   0.28694E+00  -0.18449E+00
   0.17377E+03   0.29808E+02   0.25300E+02   0.29950E+00  -0.21409E+00
   0.17412E+03   0.29827E+02   0.25107E+02   0.31550E+00  -0.24259E+00
   0.17447E+03   0.29848E+02   0.24655E+02   0.33380E+00  -0.27691E+00
   0.17482E+03   0.29869E+02   0.24129E+02   0.35175E+00  -0.32237E+00
   0.17517E+03   0.29890E+02   0.24019E+02   0.37756E+00  -0.35660E+00
   0.17552E+03   0.29911E+02   0.23819E+02   0.40834E+00  -0.39707E+00
   0.17587E+03   0.29931E+02   0.23925E+02   0.43762E+00  -0.44013E+00
   0.17622E+03   0.29948E+02   0.24326E+02   0.47849E+00  -0.46889E+00
   0.17657E+03   0.29963E+02   0.24787E+02   0.52370E+00  -0.49020E+00
   0.17692E+03   0.29975E+02   0.25225E+02   0.56523E+00  -0.50142E+00
   0.17727E+03   0.29983E+02   0.25573E+02   0.60603E+00  -0.51059E+00
   0.17762E+03   0.29989E+02   0.26203E+02   0.64484E+00  -0.50485E+00
   0.17797E+03   0.29993E+02   0.26919E+02   0.68007E+00  -0.47351E+00
   0.17832E+03   0.29995E+02   0.27514E+02   0.70226E+00  -0.43534E+00
   0.17867E+03   0.29997E+02   0.27956E+02   0.71502E+00  -0.38448E+00
   0.17902E+03   0.29998E+02   0.28316E+02   0.72143E+00  -0.31530E+00
   0.17937E+03   0.29999E+02   0.28637E+02   0.71784E+00  -0.25206E+00
   0.17972E+03   0.29998E+02   0.28910E+02   0.69715E+00  -0.19826E+00
   0.18007E+03   0.29997E+02   0.29142E+02   0.66487E+00  -0.13894E+00
   0.18042E+03   0.29996E+02   0.29209E+02   0.62367E+00  -0.84096E-01
   0.18077E+03   0.29993E+02   0.29063E+02   0.57269E+00  -0.41730E-01
   0.18112E+03   0.29989E+02   0.28875E+02   0.51896E+00  -0.47362E-02
   0.18147E+03   0.29981E+02   0.28800E+02   0.46784E+00   0.25282E-01
   0.18182E+03   0.29971E+02   0.28748E+02   0.42878E+00   0.41270E-01
   0.18217E+03   0.29958E+02   0.28686E+02   0.39711E+00   0.43983E-01
   0.18252E+03   0.29944E+02   0.28646E+02   0.37074E+00   0.40371E-01
   0.18287E+03   0.29928E+02   0.28547E+02   0.35010E+00   0.32719E-01
   0.18322E+03   0.29909E+02   0.28469E+02   0.33484E+00   0.27311E-01
   0.18357E+03   0.29896E+02   0.28350E+02   0.32661E+00   0.18264E-01
   0.18392E+03   0.29886E+02   0.28222E+02   0.31845E+00   0.50933E-02
   0.18427E+03   0.29873E+02   0.28122E+02   0.31381E+00  -0.54771E-02
   0.18462E+03   0.29867E+02   0.27894E+02   0.31233E+00  -0.21709E-01
   0.18497E+03   0.29858E+02   0.27591E+02   0.30237E+00  -0.39669E-01
   0.18532E+03   0.29844E+02   0.27295E+02   0.29542E+00  -0.57292E-01
   0.18567E+03   0.29833E+02   0.27047E+02   0.29121E+00  -0.73584E-01
   0.18602E+03   0.29822E+02   0.26946E+02   0.28438E+00  -0.82264E-01
   0.18637E+03   0.29817E+02   0.26642E+02   0.28193E+00  -0.10641E+00
   0.18672E+03   0.29812E+02   0.26099E+02   0.28392E+00  -0.13988E+00
   0.18707E+03   0.29814E+02   0.25510E+02   0.28837E+00  -0.16476E+00
   0.18742E+03   0.29820E+02   0.24906E+02   0.28999E+00  -0.19711E+00
   0.18777E+03   0.29826E+02   0.24740E+02   0.29850E+00  -0.22410E+00
   0.18812E+03   0.29836E+02   0.24905E+02   0.31363E+00  -0.24080E+00
   0.18847E+03   0.29850E+02   0.24618E+02   0.33348E+00  -0.27589E+00
   0.18882E+03   0.29869E+02   0.23898E+02   0.35366E+00  -0.32944E+00
   0.18917E+03   0.29890E+02   0.23372E+02   0.37594E+00  -0.38336E+00
   0.18952E+03   0.29911E+02   0.23116E+02   0.40850E+00  -0.42662E+00
   0.18987E+03   0.29931E+02   0.23447E+02   0.43990E+00  -0.45573E+00
   0.19022E+03   0.29948E+02   0.23610E+02   0.47515E+00  -0.49455E+00
   0.19057E+03   0.29962E+02   0.23606E+02   0.51575E+00  -0.53282E+00
   0.19092E+03   0.29974E+02   0.24091E+02   0.56055E+00  -0.55151E+00
   0.19127E+03   0.29983E+02   0.24617E+02   0.61648E+00  -0.56056E+00
   0.19162E+03   0.29990E+02   0.25108E+02   0.66767E+00  -0.56148E+00
   0.19197E+03   0.29994E+02   0.25739E+02   0.70708E+00  -0.54033E+00
   0.19232E+03   0.29997E+02   0.26509E+02   0.73700E+00  -0.48738E+00
   0.19267E+03   0.29999E+02   0.27147E+02   0.75648E+00  -0.41395E+00
   0.19302E+03   0.29999E+02   0.27714E+02   0.76652E+00  -0.35043E+00
   0.19337E+03   0.29999E+02   0.28177E+02   0.76694E+00  -0.29136E+00
   0.19372E+03   0.29999E+02   0.28546E+02   0.75135E+00  -0.22138E+00
   0.19407E+03   0.29998E+02   0.28855E+02   0.70898E+00  -0.15695E+00
   0.19442E+03   0.29997E+02   0.28981E+02   0.65423E+00  -0.97246E-01
   0.19477E+03   0.29995E+02   0.29087E+02   0.59646E+00  -0.38280E-01
   0.19512E+03   0.29991E+02   0.29180E+02   0.54350E+00   0.17150E-01
   0.19547E+03   0.29986E+02   0.29111E+02   0.49368E+00   0.46941E-01
   0.19582E+03   0.29978E+02   0.28997E+02   0.44904E+00   0.49205E-01
   0.19617E+03   0.29969E+02   0.28916E+02   0.41636E+00   0.55790E-01
   0.19652E+03   0.29954E+02   0.28915E+02   0.38482E+00   0.68698E-01
   0.19687E+03   0.29936E+02   0.28916E+02   0.35273E+00   0.70487E-01
   0.19722E+03   0.29913E+02   0.28883E+02   0.33024E+00   0.61611E-01
   0.19757E+03   0.29896E+02   0.28837E+02   0.32718E+00   0.47297E-01
   0.19792E+03   0.29889E+02   0.28694E+02   0.32589E+00   0.30575E-01
   0.19827E+03   0.29883E+02   0.28326E+02   0.31710E+00   0.24326E-02
   0.19862E+03   0.29869E+02   0.27971E+02   0.30692E+00  -0.20202E-01
   0.19897E+03   0.29857E+02   0.27736E+02   0.30021E+00  -0.21647E-01
   0.19932E+03   0.29846E+02   0.27457E+02   0.28905E+00  -0.35215E-01
   0.19967E+03   0.29826E+02   0.27148E+02   0.27737E+00  -0.64933E-01
   0.20002E+03   0.29813E+02   0.26861E+02   0.28024E+00  -0.86637E-01
   0.20037E+03   0.29816E+02   0.26525E+02   0.28891E+00  -0.10345E+00
   0.20072E+03   0.29820E+02   0.26114E+02   0.28897E+00  -0.13266E+00
   0.20107E+03   0.29820E+02   0.25682E+02   0.28340E+00  -0.16223E+00
   0.20142E+03   0.29819E+02   0.25354E+02   0.28497E+00  -0.17367E+00
   0.20177E+03   0.29818E+02   0.25030E+02   0.29360E+00  -0.19323E+00
   0.20212E+03   0.29824E+02   0.24570E+02   0.30566E+00  -0.23034E+00
   0.20247E+03   0.29839E+02   0.24089E+02   0.32035E+00  -0.27298E+00
   0.20282E+03   0.29860E+02   0.23781E+02   0.33954E+00  -0.31542E+00
   0.20317E+03   0.29881E+02   0.23692E+02   0.36274E+00  -0.35483E+00
   0.20352E+03   0.29901E+02   0.23747E+02   0.38740E+00  -0.38984E+00
   0.20387E+03   0.29920E+02   0.23541E+02   0.41813E+00  -0.43201E+00
   0.20422E+03   0.29938E+02   0.23354E+02   0.46032E+00  -0.48466E+00
   0.20457E+03   0.29956E+02   0.23675E+02   0.50526E+00  -0.52037E+00
   0.20492E+03   0.29970E+02   0.23917E+02   0.54831E+00  -0.54697E+00
   0.20527E+03   0.29979E+02   0.24501E+02   0.59681E+00  -0.56163E+00
   0.20562E+03   0.29986E+02   0.25497E+02   0.64431E+00  -0.55045E+00
   0.20597E+03   0.29992E+02   0.26297E+02   0.68387E+00  -0.52054E+00
   0.20632E+03   0.29995E+02   0.26973E+02   0.71771E+00  -0.47264E+00
   0.20667E+03   0.29997E+02   0.27537E+02   0.74901E+00  -0.42035E+00
   0.20702E+03   0.29998E+02   0.28002E+02   0.76788E+00  -0.36366E+00
   0.20737E+03   0.29999E+02   0.28390E+02   0.75924E+00  -0.29712E+00
   0.20772E+03   0.29999E+02   0.28711E+02   0.73120E+00  -0.23145E+00
   0.20807E+03   0.29998E+02   0.28984E+02   0.69802E+00  -0.16466E+00
   0.20842E+03   0.29997E+02   0.29204E+02   0.65653E+00  -0.10165E+00
   0.20877E+03   0.29995E+02   0.29175E+02   0.60472E+00  -0.52779E-01
   0.20912E+03   0.29992E+02   0.28928E+02   0.55423E+00  -0.16062E-01
   0.20947E+03   0.29987E+02   0.28859E+02   0.50537E+00   0.22122E-01
   0.20982E+03   0.29980E+02   0.28887E+02   0.46111E+00   0.50013E-01
   0.21017E+03   0.29969E+02   0.28828E+02   0.42071E+00   0.52625E-01
   0.21052E+03   0.29956E+02   0.28750E+02   0.38351E+00   0.49963E-01
   0.21087E+03   0.29937E+02   0.28661E+02   0.35597E+00   0.47929E-01
   0.21122E+03   0.29918E+02   0.28573E+02   0.34096E+00   0.42429E-01
   0.21157E+03   0.29906E+02   0.28495E+02   0.33341E+00   0.29220E-01
   0.21192E+03   0.29896E+02   0.28362E+02   0.32394E+00   0.15303E-01
   0.21227E+03   0.29886E+02   0.28201E+02   0.31558E+00   0.31874E-02
   0.21262E+03   0.29876E+02   0.27980E+02   0.31128E+00  -0.12007E-01
   0.21297E+03   0.29866E+02   0.27871E+02   0.30537E+00  -0.15922E-01
   0.21332E+03   0.29852E+02   0.27865E+02   0.29838E+00  -0.23282E-01
   0.21367E+03   0.29841E+02   0.27710E+02   0.29705E+00  -0.42681E-01
   0.21402E+03   0.29833E+02   0.27308E+02   0.28913E+00  -0.67208E-01
   0.21437E+03   0.29823E+02   0.26760E+02   0.27650E+00  -0.97859E-01
   0.21472E+03   0.29809E+02   0.26331E+02   0.27187E+00  -0.11912E+00
   0.21507E+03   0.29797E+02   0.26319E+02   0.27751E+00  -0.12186E+00
   0.21542E+03   0.29797E+02   0.26126E+02   0.28329E+00  -0.14414E+00
   0.21577E+03   0.29803E+02   0.25660E+02   0.28715E+00  -0.18779E+00
   0.21612E+03   0.29814E+02   0.25403E+02   0.29985E+00  -0.21807E+00
   0.21647E+03   0.29831E+02   0.25083E+02   0.31665E+00  -0.24200E+00
   0.21682E+03   0.29851E+02   0.24726E+02   0.33263E+00  -0.27124E+00
   0.21717E+03   0.29870E+02   0.24519E+02   0.34846E+00  -0.30892E+00
   0.21752E+03   0.29888E+02   0.24314E+02   0.37042E+00  -0.34583E+00
   0.21787E+03   0.29907E+02   0.23965E+02   0.39423E+00  -0.38434E+00
   0.21822E+03   0.29925E+02   0.23868E+02   0.42674E+00  -0.43199E+00
   0.21857E+03   0.29943E+02   0.23752E+02   0.47300E+00  -0.47834E+00
   0.21892E+03   0.29959E+02   0.23724E+02   0.51420E+00  -0.51502E+00
   0.21927E+03   0.29972E+02   0.23975E+02   0.54987E+00  -0.54441E+00
   0.21962E+03   0.29981E+02   0.24339E+02   0.59231E+00  -0.55773E+00
   0.21997E+03   0.29988E+02   0.25118E+02   0.64148E+00  -0.54603E+00
   0.22032E+03   0.29992E+02   0.26053E+02   0.68757E+00  -0.52132E+00
   0.22067E+03   0.29995E+02   0.26800E+02   0.72325E+00  -0.48346E+00
   0.22102E+03   0.29997E+02   0.27408E+02   0.74861E+00  -0.42409E+00
   0.22137E+03   0.29998E+02   0.27918E+02   0.75985E+00  -0.36405E+00
   0.22172E+03   0.29998E+02   0.28328E+02   0.75903E+00  -0.30472E+00
   0.22207E+03   0.29998E+02   0.28673E+02   0.73946E+00  -0.24207E+00
   0.22242E+03   0.29998E+02   0.28956E+02   0.70006E+00  -0.17948E+00
   0.22277E+03   0.29997E+02   0.29170E+02   0.65951E+00  -0.10771E+00
   0.22312E+03   0.29995E+02   0.29087E+02   0.61356E+00  -0.50736E-01
   0.22347E+03   0.29993E+02   0.28803E+02   0.56144E+00  -0.20874E-01
   0.22382E+03   0.29988E+02   0.28704E+02   0.50999E+00   0.89652E-02
   0.22417E+03   0.29980E+02   0.28762E+02   0.46845E+00   0.43268E-01
   0.22452E+03   0.29971E+02   0.28798E+02   0.43046E+00   0.59156E-01
   0.22487E+03   0.29957E+02   0.28762E+02   0.39193E+00   0.52065E-01
   0.22522E+03   0.29943E+02   0.28697E+02   0.36302E+00   0.45123E-01
   0.22557E+03   0.29926E+02   0.28630E+02   0.34190E+00   0.45788E-01
   0.22592E+03   0.29909E+02   0.28486E+02   0.33097E+00   0.30868E-01
   0.22627E+03   0.29896E+02   0.28274E+02   0.32642E+00   0.78611E-02
   0.22662E+03   0.29887E+02   0.28094E+02   0.32379E+00  -0.25816E-02
   0.22697E+03   0.29880E+02   0.27907E+02   0.31382E+00  -0.12965E-01
   0.22732E+03   0.29867E+02   0.27741E+02   0.30138E+00  -0.26577E-01
   0.22767E+03   0.29852E+02   0.27684E+02   0.30003E+00  -0.30990E-01
   0.22802E+03   0.29846E+02   0.27494E+02   0.30223E+00  -0.45703E-01
   0.22837E+03   0.29841E+02   0.27218E+02   0.29685E+00  -0.73289E-01
   0.22872E+03   0.29830E+02   0.26893E+02   0.28632E+00  -0.94059E-01
   0.22907E+03   0.29817E+02   0.26426E+02   0.28042E+00  -0.11319E+00
   0.22942E+03   0.29811E+02   0.26176E+02   0.28271E+00  -0.12360E+00
   0.22977E+03   0.29812E+02   0.25836E+02   0.28327E+00  -0.14617E+00
   0.23012E+03   0.29808E+02   0.25317E+02   0.28168E+00  -0.18420E+00
   0.23047E+03   0.29806E+02   0.24846E+02   0.29261E+00  -0.21288E+00
   0.23082E+03   0.29821E+02   0.24292E+02   0.31181E+00  -0.24952E+00
   0.23117E+03   0.29844E+02   0.23872E+02   0.32866E+00  -0.29110E+00
   0.23152E+03   0.29865E+02   0.23457E+02   0.34427E+00  -0.33752E+00
   0.23187E+03   0.29885E+02   0.23059E+02   0.36732E+00  -0.39101E+00
   0.23222E+03   0.29906E+02   0.22926E+02   0.40075E+00  -0.43497E+00
   0.23257E+03   0.29928E+02   0.23020E+02   0.44133E+00  -0.48200E+00
   0.23292E+03   0.29947E+02   0.23155E+02   0.48589E+00  -0.53129E+00
   0.23327E+03   0.29963E+02   0.23550E+02   0.53523E+00  -0.56361E+00
   0.23362E+03   0.29976E+02   0.24342E+02   0.58559E+00  -0.57451E+00
   0.23397E+03   0.29985E+02   0.25246E+02   0.63640E+00  -0.56599E+00
   0.23432E+03   0.29991E+02   0.26153E+02   0.69063E+00  -0.54080E+00
   0.23467E+03   0.29995E+02   0.26934E+02   0.73533E+00  -0.51044E+00
   0.23502E+03   0.29998E+02   0.27568E+02   0.76196E+00  -0.46371E+00
   0.23537E+03   0.29999E+02   0.28064E+02   0.77438E+00  -0.38700E+00
   0.23572E+03   0.30000E+02   0.28466E+02   0.77232E+00  -0.31563E+00
   0.23607E+03   0.30000E+02   0.28794E+02   0.75410E+00  -0.25476E+00
   0.23642E+03   0.29998E+02   0.29050E+02   0.72182E+00  -0.18510E+00
   0.23677E+03   0.29997E+02   0.29251E+02   0.67898E+00  -0.11860E+00
   0.23712E+03   0.29996E+02   0.29412E+02   0.63115E+00  -0.58496E-01
   0.23747E+03   0.29994E+02   0.29337E+02   0.58102E+00  -0.16508E-01
   0.23782E+03   0.29990E+02   0.29105E+02   0.52635E+00   0.13150E-01
   0.23817E+03   0.29983E+02   0.29082E+02   0.47160E+00   0.54793E-01
   0.23852E+03   0.29972E+02   0.29140E+02   0.42524E+00   0.83185E-01
   0.23887E+03   0.29957E+02   0.29069E+02   0.39436E+00   0.77783E-01
   0.23922E+03   0.29943E+02   0.28903E+02   0.37060E+00   0.58728E-01
   0.23957E+03   0.29924E+02   0.28713E+02   0.34397E+00   0.40697E-01
   0.23992E+03   0.29903E+02   0.28561E+02   0.32684E+00   0.31427E-01
   0.24027E+03   0.29890E+02   0.28469E+02   0.32175E+00   0.28920E-01
   0.24062E+03   0.29882E+02   0.28280E+02   0.32107E+00   0.90353E-02
   0.24097E+03   0.29876E+02   0.27931E+02   0.31650E+00  -0.19137E-01
   0.24132E+03   0.29869E+02   0.27635E+02   0.30513E+00  -0.32414E-01
   0.24167E+03   0.29858E+02   0.27399E+02   0.30230E+00  -0.42111E-01
   0.24202E+03   0.29854E+02   0.27173E+02   0.30499E+00  -0.56702E-01
   0.24237E+03   0.29846E+02   0.27013E+02   0.29632E+00  -0.75308E-01
   0.24272E+03   0.29832E+02   0.26804E+02   0.28484E+00  -0.92922E-01
   0.24307E+03   0.29820E+02   0.26446E+02   0.27792E+00  -0.11214E+00
   0.24342E+03   0.29812E+02   0.26019E+02   0.28195E+00  -0.13747E+00
   0.24377E+03   0.29814E+02   0.25761E+02   0.29392E+00  -0.15732E+00
   0.24412E+03   0.29823E+02   0.25747E+02   0.29628E+00  -0.17389E+00
   0.24447E+03   0.29825E+02   0.25658E+02   0.29589E+00  -0.19466E+00
   0.24482E+03   0.29830E+02   0.25267E+02   0.30766E+00  -0.21904E+00
   0.24517E+03   0.29845E+02   0.24847E+02   0.32372E+00  -0.24828E+00
   0.24552E+03   0.29864E+02   0.24751E+02   0.34253E+00  -0.27668E+00
   0.24587E+03   0.29883E+02   0.24627E+02   0.36202E+00  -0.31117E+00
   0.24622E+03   0.29901E+02   0.24106E+02   0.38179E+00  -0.35569E+00
   0.24657E+03   0.29918E+02   0.23776E+02   0.40943E+00  -0.39517E+00
   0.24692E+03   0.29935E+02   0.24036E+02   0.44182E+00  -0.42823E+00
   0.24727E+03   0.29950E+02   0.24294E+02   0.47619E+00  -0.45978E+00
   0.24762E+03   0.29963E+02   0.24335E+02   0.51501E+00  -0.48844E+00
   0.24797E+03   0.29974E+02   0.24643E+02   0.55896E+00  -0.50947E+00
   0.24832E+03   0.29982E+02   0.25010E+02   0.60110E+00  -0.51431E+00
   0.24867E+03   0.29988E+02   0.25498E+02   0.63826E+00  -0.50761E+00
   0.24902E+03   0.29992E+02   0.26312E+02   0.67156E+00  -0.49200E+00
   0.24937E+03   0.29995E+02   0.27041E+02   0.70211E+00  -0.45198E+00
   0.24972E+03   0.29996E+02   0.27609E+02   0.72104E+00  -0.39653E+00
   0.25007E+03   0.29997E+02   0.28074E+02   0.72281E+00  -0.34676E+00
   0.25042E+03   0.29997E+02   0.28443E+02   0.72013E+00  -0.28791E+00
   0.25077E+03   0.29997E+02   0.28735E+02   0.71336E+00  -0.21671E+00
   0.25112E+03   0.29998E+02   0.28983E+02   0.68602E+00  -0.15620E+00
   0.25147E+03   0.29997E+02   0.29195E+02   0.64610E+00  -0.10618E+00
   0.25182E+03   0.29995E+02   0.29218E+02   0.59902E+00  -0.58078E-01
   0.25217E+03   0.29992E+02   0.28936E+02   0.54746E+00  -0.19123E-01
   0.25252E+03   0.29986E+02   0.28804E+02   0.49648E+00   0.20148E-01
   0.25287E+03   0.29977E+02   0.28877E+02   0.44974E+00   0.51653E-01
   0.25322E+03   0.29963E+02   0.28880E+02   0.41076E+00   0.59420E-01
   0.25357E+03   0.29948E+02   0.28866E+02   0.38094E+00   0.59687E-01
   0.25392E+03   0.29931E+02   0.28795E+02   0.35483E+00   0.49060E-01
   0.25427E+03   0.29913E+02   0.28654E+02   0.33431E+00   0.35499E-01
   0.25462E+03   0.29898E+02   0.28534E+02   0.32639E+00   0.30551E-01
   0.25497E+03   0.29885E+02   0.28425E+02   0.32099E+00   0.17508E-01
   0.25532E+03   0.29874E+02   0.28185E+02   0.31206E+00  -0.24513E-02
   0.25567E+03   0.29864E+02   0.27846E+02   0.30305E+00  -0.22046E-01
   0.25602E+03   0.29856E+02   0.27588E+02   0.30184E+00  -0.37341E-01
   0.25637E+03   0.29850E+02   0.27509E+02   0.30079E+00  -0.41870E-01
   0.25672E+03   0.29842E+02   0.27393E+02   0.29561E+00  -0.54832E-01
   0.25707E+03   0.29829E+02   0.27146E+02   0.28842E+00  -0.79391E-01
   0.25742E+03   0.29819E+02   0.26859E+02   0.28585E+00  -0.95417E-01
   0.25777E+03   0.29817E+02   0.26472E+02   0.28410E+00  -0.11565E+00
   0.25812E+03   0.29820E+02   0.25894E+02   0.28215E+00  -0.14778E+00
   0.25847E+03   0.29819E+02   0.25393E+02   0.28320E+00  -0.17618E+00
   0.25882E+03   0.29817E+02   0.25211E+02   0.28915E+00  -0.19453E+00
   0.25917E+03   0.29820E+02   0.25044E+02   0.29849E+00  -0.21772E+00
   0.25952E+03   0.29830E+02   0.24862E+02   0.31490E+00  -0.25274E+00
   0.25987E+03   0.29851E+02   0.24599E+02   0.33832E+00  -0.29166E+00
   0.26022E+03   0.29874E+02   0.24137E+02   0.36081E+00  -0.33393E+00
   0.26057E+03   0.29897E+02   0.23696E+02   0.38521E+00  -0.37895E+00
   0.26092E+03   0.29917E+02   0.23545E+02   0.41216E+00  -0.42106E+00
   0.26127E+03   0.29935E+02   0.23756E+02   0.44682E+00  -0.45392E+00
   0.26162E+03   0.29952E+02   0.23626E+02   0.48794E+00  -0.49365E+00
   0.26197E+03   0.29965E+02   0.23404E+02   0.52753E+00  -0.53996E+00
   0.26232E+03   0.29976E+02   0.23909E+02   0.56839E+00  -0.56202E+00
   0.26267E+03   0.29984E+02   0.24883E+02   0.62057E+00  -0.55620E+00
   0.26302E+03   0.29990E+02   0.25878E+02   0.67231E+00  -0.53814E+00
   0.26337E+03   0.29994E+02   0.26691E+02   0.71155E+00  -0.51043E+00
   0.26372E+03   0.29997E+02   0.27350E+02   0.73836E+00  -0.47277E+00
   0.26407E+03   0.29998E+02   0.27868E+02   0.76069E+00  -0.41239E+00
   0.26442E+03   0.29999E+02   0.28275E+02   0.76887E+00  -0.33850E+00
   0.26477E+03   0.30000E+02   0.28620E+02   0.75973E+00  -0.27540E+00
   0.26512E+03   0.29999E+02   0.28918E+02   0.73216E+00  -0.21548E+00
   0.26547E+03   0.29997E+02   0.29152E+02   0.69162E+00  -0.14646E+00
   0.26582E+03   0.29996E+02   0.29218E+02   0.64369E+00  -0.83185E-01
   0.26617E+03   0.29995E+02   0.29151E+02   0.59272E+00  -0.36890E-01
   0.26652E+03   0.29991E+02   0.29120E+02   0.54589E+00   0.50235E-02
   0.26687E+03   0.29985E+02   0.29073E+02   0.49583E+00   0.38305E-01
   0.26722E+03   0.29977E+02   0.28941E+02   0.44533E+00   0.53624E-01
   0.26757E+03   0.29965E+02   0.28850E+02   0.40289E+00   0.54716E-01
   0.26792E+03   0.29949E+02   0.28834E+02   0.37961E+00   0.58943E-01
   0.26827E+03   0.29934E+02   0.28828E+02   0.36072E+00   0.63218E-01
   0.26862E+03   0.29919E+02   0.28750E+02   0.33755E+00   0.45630E-01
   0.26897E+03   0.29904E+02   0.28581E+02   0.32450E+00   0.25488E-01
   0.26932E+03   0.29889E+02   0.28386E+02   0.32102E+00   0.17549E-01
   0.26967E+03   0.29879E+02   0.28302E+02   0.31781E+00   0.13542E-01
   0.27002E+03   0.29870E+02   0.28271E+02   0.31113E+00   0.52367E-02
   0.27037E+03   0.29858E+02   0.28055E+02   0.30206E+00  -0.17941E-01
   0.27072E+03   0.29852E+02   0.27593E+02   0.29625E+00  -0.45692E-01
   0.27107E+03   0.29846E+02   0.27192E+02   0.28606E+00  -0.65075E-01
   0.27142E+03   0.29828E+02   0.27042E+02   0.27842E+00  -0.76446E-01
   0.27177E+03   0.29812E+02   0.26781E+02   0.27806E+00  -0.89978E-01
   0.27212E+03   0.29801E+02   0.26387E+02   0.27910E+00  -0.11571E+00
   0.27247E+03   0.29796E+02   0.25820E+02   0.28066E+00  -0.15271E+00
   0.27282E+03   0.29797E+02   0.25230E+02   0.28349E+00  -0.18599E+00
   0.27317E+03   0.29805E+02   0.24893E+02   0.29570E+00  -0.21074E+00
   0.27352E+03   0.29823E+02   0.24713E+02   0.31531E+00  -0.23977E+00
   0.27387E+03   0.29846E+02   0.24530E+02   0.32819E+00  -0.27198E+00
   0.27422E+03   0.29864E+02   0.24321E+02   0.33516E+00  -0.30460E+00
   0.27457E+03   0.29880E+02   0.24055E+02   0.36104E+00  -0.34348E+00
   0.27492E+03   0.29902E+02   0.23603E+02   0.39846E+00  -0.38754E+00
   0.27527E+03   0.29924E+02   0.23505E+02   0.42940E+00  -0.43476E+00
   0.27562E+03   0.29942E+02   0.23573E+02   0.46269E+00  -0.48124E+00
   0.27597E+03   0.29957E+02   0.23562E+02   0.49832E+00  -0.51794E+00
   0.27632E+03   0.29969E+02   0.24048E+02   0.53758E+00  -0.53383E+00
   0.27667E+03   0.29980E+02   0.24690E+02   0.58923E+00  -0.54266E+00
   0.27702E+03   0.29987E+02   0.25426E+02   0.64148E+00  -0.54259E+00
   0.27737E+03   0.29991E+02   0.26339E+02   0.68445E+00  -0.52090E+00
   0.27772E+03   0.29994E+02   0.27051E+02   0.72022E+00  -0.48947E+00
   0.27807E+03   0.29996E+02   0.27586E+02   0.74604E+00  -0.43374E+00
   0.27842E+03   0.29998E+02   0.28040E+02   0.75623E+00  -0.36567E+00
   0.27877E+03   0.29998E+02   0.28408E+02   0.75295E+00  -0.30791E+00
   0.27912E+03   0.29998E+02   0.28716E+02   0.73757E+00  -0.24816E+00
   0.27947E+03   0.29998E+02   0.29004E+02   0.70715E+00  -0.18893E+00
   0.27982E+03   0.29996E+02   0.29237E+02   0.66553E+00  -0.13307E+00
   0.28017E+03   0.29995E+02   0.29047E+02   0.61704E+00  -0.81245E-01
   0.28052E+03   0.29993E+02   0.28766E+02   0.56347E+00  -0.29921E-01
   0.28087E+03   0.29988E+02   0.28687E+02   0.51102E+00   0.94664E-02
   0.28122E+03   0.29981E+02   0.28653E+02   0.47004E+00   0.30307E-01
   0.28157E+03   0.29973E+02   0.28724E+02   0.43603E+00   0.49708E-01
   0.28192E+03   0.29961E+02   0.28743E+02   0.40788E+00   0.52326E-01
   0.28227E+03   0.29948E+02   0.28693E+02   0.38204E+00   0.42641E-01
   0.28262E+03   0.29934E+02   0.28601E+02   0.35431E+00   0.42521E-01
   0.28297E+03   0.29918E+02   0.28430E+02   0.33435E+00   0.29028E-01
   0.28332E+03   0.29900E+02   0.28219E+02   0.32313E+00   0.12501E-01
   0.28367E+03   0.29887E+02   0.28046E+02   0.31907E+00   0.35090E-02
   0.28402E+03   0.29875E+02   0.27863E+02   0.31367E+00  -0.13051E-01
   0.28437E+03   0.29866E+02   0.27601E+02   0.31015E+00  -0.34762E-01
   0.28472E+03   0.29861E+02   0.27285E+02   0.30465E+00  -0.51971E-01
   0.28507E+03   0.29852E+02   0.27095E+02   0.29814E+00  -0.59504E-01
   0.28542E+03   0.29842E+02   0.26977E+02   0.29620E+00  -0.71516E-01
   0.28577E+03   0.29834E+02   0.26789E+02   0.29380E+00  -0.85956E-01
   0.28612E+03   0.29830E+02   0.26486E+02   0.29074E+00  -0.10485E+00
   0.28647E+03   0.29823E+02   0.26109E+02   0.28911E+00  -0.13003E+00
   0.28682E+03   0.29819E+02   0.25607E+02   0.29031E+00  -0.15448E+00
   0.28717E+03   0.29820E+02   0.25282E+02   0.29122E+00  -0.17580E+00
   0.28752E+03   0.29822E+02   0.25198E+02   0.29868E+00  -0.19716E+00
   0.28787E+03   0.29828E+02   0.24971E+02   0.31030E+00  -0.22272E+00
   0.28822E+03   0.29842E+02   0.24861E+02   0.32554E+00  -0.24852E+00
   0.28857E+03   0.29862E+02   0.24646E+02   0.34463E+00  -0.28060E+00
   0.28892E+03   0.29883E+02   0.24294E+02   0.36574E+00  -0.31951E+00
   0.28927E+03   0.29903E+02   0.24044E+02   0.38882E+00  -0.35178E+00
   0.28962E+03   0.29921E+02   0.24096E+02   0.41498E+00  -0.37959E+00
   0.28997E+03   0.29937E+02   0.24483E+02   0.44051E+00  -0.40553E+00
   0.29032E+03   0.29951E+02   0.24185E+02   0.47256E+00  -0.44107E+00
   0.29067E+03   0.29963E+02   0.23673E+02   0.50769E+00  -0.48560E+00
   0.29102E+03   0.29973E+02   0.24077E+02   0.54403E+00  -0.50691E+00
   0.29137E+03   0.29981E+02   0.24677E+02   0.58497E+00  -0.51202E+00
   0.29172E+03   0.29987E+02   0.25335E+02   0.62611E+00  -0.50660E+00
   0.29207E+03   0.29992E+02   0.26251E+02   0.66142E+00  -0.48513E+00
   0.29242E+03   0.29995E+02   0.27005E+02   0.68793E+00  -0.45141E+00
   0.29277E+03   0.29996E+02   0.27623E+02   0.71357E+00  -0.40804E+00
   0.29312E+03   0.29997E+02   0.28120E+02   0.72711E+00  -0.35852E+00
   0.29347E+03   0.29998E+02   0.28515E+02   0.72758E+00  -0.30444E+00
   0.29382E+03   0.29997E+02   0.28831E+02   0.71298E+00  -0.24514E+00
   0.29417E+03   0.29997E+02   0.29080E+02   0.68186E+00  -0.18612E+00
   0.29452E+03   0.29996E+02   0.29283E+02   0.64059E+00  -0.12943E+00
   0.29487E+03   0.29994E+02   0.29439E+02   0.60323E+00  -0.69260E-01
   0.29522E+03   0.29992E+02   0.29383E+02   0.56647E+00  -0.20912E-01
   0.29557E+03   0.29989E+02   0.29268E+02   0.51914E+00   0.15142E-01
   0.29592E+03   0.29983E+02   0.29127E+02   0.47010E+00   0.36869E-01
   0.29627E+03   0.29973E+02   0.28881E+02   0.42669E+00   0.42591E-01
   0.29662E+03   0.29958E+02   0.28800E+02   0.38975E+00   0.56197E-01
   0.29697E+03   0.29939E+02   0.28789E+02   0.35998E+00   0.60876E-01
   0.29732E+03   0.29920E+02   0.28673E+02   0.33723E+00   0.40829E-01
   0.29767E+03   0.29901E+02   0.28567E+02   0.32325E+00   0.29890E-01
   0.29802E+03   0.29889E+02   0.28565E+02   0.31830E+00   0.29538E-01
   0.29837E+03   0.29883E+02   0.28484E+02   0.31361E+00   0.19839E-01
   0.29872E+03   0.29874E+02   0.28217E+02   0.30953E+00  -0.30839E-02
   0.29907E+03   0.29865E+02   0.27878E+02   0.30579E+00  -0.25951E-01
   0.29942E+03   0.29852E+02   0.27605E+02   0.29549E+00  -0.38010E-01
   0.29977E+03   0.29838E+02   0.27404E+02   0.28640E+00  -0.49871E-01
   0.30012E+03   0.29827E+02   0.27225E+02   0.28292E+00  -0.67059E-01
   0.30047E+03   0.29816E+02   0.26921E+02   0.28049E+00  -0.85647E-01
   0.30082E+03   0.29807E+02   0.26600E+02   0.27948E+00  -0.10549E+00
   0.30118E+03   0.29804E+02   0.26268E+02   0.27832E+00  -0.13002E+00
   0.30153E+03   0.29803E+02   0.25867E+02   0.28306E+00  -0.15358E+00
   0.30188E+03   0.29808E+02   0.25478E+02   0.29298E+00  -0.17667E+00
   0.30223E+03   0.29820E+02   0.25048E+02   0.29884E+00  -0.20634E+00
   0.30258E+03   0.29830E+02   0.24572E+02   0.30285E+00  -0.24159E+00
   0.30293E+03   0.29841E+02   0.23906E+02   0.31529E+00  -0.28463E+00
   0.30328E+03   0.29858E+02   0.23769E+02   0.34111E+00  -0.32424E+00
   0.30363E+03   0.29881E+02   0.24014E+02   0.37378E+00  -0.35529E+00
   0.30398E+03   0.29905E+02   0.23843E+02   0.39943E+00  -0.40233E+00
   0.30433E+03   0.29926E+02   0.23885E+02   0.43043E+00  -0.44993E+00
   0.30468E+03   0.29944E+02   0.24223E+02   0.47467E+00  -0.47668E+00
   0.30503E+03   0.29960E+02   0.24637E+02   0.51890E+00  -0.49918E+00
   0.30538E+03   0.29974E+02   0.25036E+02   0.56393E+00  -0.51785E+00
   0.30573E+03   0.29983E+02   0.25318E+02   0.60845E+00  -0.53055E+00
   0.30608E+03   0.29988E+02   0.25919E+02   0.64855E+00  -0.52162E+00
   0.30643E+03   0.29992E+02   0.26696E+02   0.68053E+00  -0.48607E+00
   0.30678E+03   0.29995E+02   0.27298E+02   0.70976E+00  -0.44015E+00
   0.30713E+03   0.29997E+02   0.27793E+02   0.73383E+00  -0.37960E+00
   0.30748E+03   0.29998E+02   0.28210E+02   0.74164E+00  -0.32247E+00
   0.30783E+03   0.29999E+02   0.28574E+02   0.73007E+00  -0.27397E+00
   0.30818E+03   0.29998E+02   0.28870E+02   0.70653E+00  -0.21126E+00
   0.30853E+03   0.29998E+02   0.29107E+02   0.67550E+00  -0.14387E+00
   0.30888E+03   0.29997E+02   0.29209E+02   0.63112E+00  -0.89772E-01
   0.30923E+03   0.29995E+02   0.29088E+02   0.57751E+00  -0.45413E-01
   0.30958E+03   0.29990E+02   0.29088E+02   0.52305E+00   0.12433E-02
   0.30993E+03   0.29984E+02   0.29084E+02   0.48213E+00   0.36740E-01
   0.31028E+03   0.29976E+02   0.28872E+02   0.44880E+00   0.42385E-01
   0.31063E+03   0.29965E+02   0.28702E+02   0.40897E+00   0.35179E-01
   0.31098E+03   0.29947E+02   0.28596E+02   0.37130E+00   0.37795E-01
   0.31133E+03   0.29929E+02   0.28552E+02   0.34567E+00   0.44180E-01
   0.31168E+03   0.29910E+02   0.28455E+02   0.33080E+00   0.32453E-01
   0.31203E+03   0.29896E+02   0.28251E+02   0.32496E+00   0.87175E-02
   0.31238E+03   0.29889E+02   0.28183E+02   0.31981E+00   0.45458E-02
   0.31273E+03   0.29881E+02   0.28137E+02   0.31534E+00   0.36678E-04
   0.31308E+03   0.29872E+02   0.27965E+02   0.31338E+00  -0.16959E-01
   0.31343E+03   0.29864E+02   0.27894E+02   0.30753E+00  -0.25986E-01
   0.31378E+03   0.29855E+02   0.27828E+02   0.30099E+00  -0.34617E-01
   0.31413E+03   0.29842E+02   0.27679E+02   0.29074E+00  -0.46316E-01
   0.31448E+03   0.29825E+02   0.27453E+02   0.27920E+00  -0.63154E-01
   0.31483E+03   0.29809E+02   0.27202E+02   0.27842E+00  -0.80187E-01
   0.31518E+03   0.29803E+02   0.27154E+02   0.28216E+00  -0.88912E-01
   0.31553E+03   0.29799E+02   0.26882E+02   0.27598E+00  -0.11097E+00
   0.31588E+03   0.29791E+02   0.26185E+02   0.27202E+00  -0.14900E+00
   0.31623E+03   0.29789E+02   0.25741E+02   0.28043E+00  -0.17600E+00
   0.31658E+03   0.29801E+02   0.25642E+02   0.29499E+00  -0.19248E+00
   0.31693E+03   0.29819E+02   0.25413E+02   0.30421E+00  -0.21771E+00
   0.31728E+03   0.29834E+02   0.25041E+02   0.31398E+00  -0.25950E+00
   0.31763E+03   0.29852E+02   0.24722E+02   0.33764E+00  -0.29509E+00
   0.31798E+03   0.29875E+02   0.24579E+02   0.36498E+00  -0.31891E+00
   0.31833E+03   0.29898E+02   0.24428E+02   0.38837E+00  -0.36188E+00
   0.31868E+03   0.29919E+02   0.24004E+02   0.42074E+00  -0.41684E+00
   0.31903E+03   0.29938E+02   0.23532E+02   0.45869E+00  -0.46418E+00
   0.31938E+03   0.29955E+02   0.23550E+02   0.49088E+00  -0.50339E+00
   0.31973E+03   0.29967E+02   0.23890E+02   0.52771E+00  -0.53386E+00
   0.32008E+03   0.29977E+02   0.24053E+02   0.57609E+00  -0.55599E+00
   0.32043E+03   0.29984E+02   0.24672E+02   0.62724E+00  -0.55857E+00
   0.32078E+03   0.29990E+02   0.25552E+02   0.67274E+00  -0.54722E+00
   0.32113E+03   0.29994E+02   0.26218E+02   0.70736E+00  -0.51649E+00
   0.32148E+03   0.29996E+02   0.26899E+02   0.73923E+00  -0.45945E+00
   0.32183E+03   0.29998E+02   0.27470E+02   0.76814E+00  -0.39476E+00
   0.32218E+03   0.29999E+02   0.27938E+02   0.77180E+00  -0.32981E+00
   0.32253E+03   0.30000E+02   0.28351E+02   0.75335E+00  -0.26645E+00
   0.32288E+03   0.29999E+02   0.28699E+02   0.72281E+00  -0.20512E+00
   0.32323E+03   0.29998E+02   0.28981E+02   0.68676E+00  -0.13804E+00
   0.32358E+03   0.29996E+02   0.29123E+02   0.63828E+00  -0.73824E-01
   0.32393E+03   0.29994E+02   0.29040E+02   0.57657E+00  -0.27753E-01
   0.32428E+03   0.29990E+02   0.28811E+02   0.51971E+00   0.25684E-02
   0.32463E+03   0.29984E+02   0.28729E+02   0.47688E+00   0.35382E-01
   0.32498E+03   0.29975E+02   0.28838E+02   0.43888E+00   0.62584E-01
   0.32533E+03   0.29962E+02   0.28913E+02   0.40420E+00   0.64916E-01
   0.32568E+03   0.29949E+02   0.28866E+02   0.37814E+00   0.56006E-01
   0.32603E+03   0.29933E+02   0.28807E+02   0.35467E+00   0.50906E-01
   0.32638E+03   0.29913E+02   0.28732E+02   0.33617E+00   0.45816E-01
   0.32673E+03   0.29896E+02   0.28619E+02   0.32747E+00   0.33493E-01
   0.32708E+03   0.29886E+02   0.28505E+02   0.32383E+00   0.21093E-01
   0.32743E+03   0.29878E+02   0.28312E+02   0.31590E+00   0.54149E-02
   0.32778E+03   0.29867E+02   0.28127E+02   0.30361E+00  -0.91064E-02
   0.32813E+03   0.29853E+02   0.27980E+02   0.29412E+00  -0.16896E-01
   0.32848E+03   0.29839E+02   0.27753E+02   0.29321E+00  -0.32666E-01
   0.32883E+03   0.29827E+02   0.27596E+02   0.29259E+00  -0.51384E-01
   0.32918E+03   0.29819E+02   0.27475E+02   0.28471E+00  -0.67544E-01
   0.32953E+03   0.29809E+02   0.27262E+02   0.27708E+00  -0.84251E-01
   0.32988E+03   0.29802E+02   0.27120E+02   0.27724E+00  -0.94148E-01
   0.33023E+03   0.29799E+02   0.26774E+02   0.27943E+00  -0.10974E+00
   0.33058E+03   0.29799E+02   0.26200E+02   0.27771E+00  -0.13692E+00
   0.33093E+03   0.29795E+02   0.25723E+02   0.27436E+00  -0.16248E+00
   0.33128E+03   0.29792E+02   0.25281E+02   0.28167E+00  -0.18925E+00
   0.33163E+03   0.29803E+02   0.25008E+02   0.29795E+00  -0.21429E+00
   0.33198E+03   0.29821E+02   0.25076E+02   0.31165E+00  -0.24015E+00
   0.33233E+03   0.29841E+02   0.24954E+02   0.32747E+00  -0.27442E+00
   0.33268E+03   0.29864E+02   0.24589E+02   0.35222E+00  -0.30694E+00
   0.33303E+03   0.29888E+02   0.24575E+02   0.38118E+00  -0.33730E+00
   0.33338E+03   0.29912E+02   0.24575E+02   0.41150E+00  -0.37094E+00
   0.33373E+03   0.29932E+02   0.24507E+02   0.44349E+00  -0.40589E+00
   0.33408E+03   0.29949E+02   0.24856E+02   0.47424E+00  -0.43234E+00
   0.33443E+03   0.29962E+02   0.25256E+02   0.50577E+00  -0.44749E+00
   0.33478E+03   0.29972E+02   0.25644E+02   0.54040E+00  -0.45878E+00
   0.33513E+03   0.29980E+02   0.26329E+02   0.57918E+00  -0.46070E+00
   0.33548E+03   0.29986E+02   0.27015E+02   0.61695E+00  -0.44077E+00
   0.33583E+03   0.29990E+02   0.27544E+02   0.64667E+00  -0.40680E+00
   0.33618E+03   0.29993E+02   0.28003E+02   0.66635E+00  -0.37044E+00
   0.33653E+03   0.29995E+02   0.28377E+02   0.67473E+00  -0.31963E+00
   0.33688E+03   0.29996E+02   0.28700E+02   0.67278E+00  -0.26071E+00
   0.33723E+03   0.29996E+02   0.28994E+02   0.65736E+00  -0.21139E+00
   0.33758E+03   0.29995E+02   0.29212E+02   0.63162E+00  -0.15497E+00
   0.33793E+03   0.29994E+02   0.29236E+02   0.60013E+00  -0.10074E+00
   0.33828E+03   0.29991E+02   0.29138E+02   0.56031E+00  -0.64722E-01
   0.33863E+03   0.29987E+02   0.29205E+02   0.51901E+00  -0.28204E-01
   0.33898E+03   0.29982E+02   0.29050E+02   0.47752E+00  -0.43531E-02
   0.33933E+03   0.29974E+02   0.28729E+02   0.43636E+00   0.58404E-02
   0.33968E+03   0.29960E+02   0.28555E+02   0.40381E+00   0.12746E-01
   0.34003E+03   0.29945E+02   0.28440E+02   0.37752E+00   0.16505E-01
   0.34038E+03   0.29930E+02   0.28383E+02   0.35327E+00   0.20583E-01
   0.34073E+03   0.29915E+02   0.28206E+02   0.33695E+00   0.25878E-02
   0.34108E+03   0.29898E+02   0.28078E+02   0.32773E+00  -0.10388E-01
   0.34143E+03   0.29889E+02   0.27963E+02   0.32245E+00  -0.80214E-02
   0.34178E+03   0.29878E+02   0.27764E+02   0.31467E+00  -0.25438E-01
   0.34213E+03   0.29867E+02   0.27668E+02   0.31279E+00  -0.37390E-01
   0.34248E+03   0.29862E+02   0.27597E+02   0.30914E+00  -0.38946E-01
   0.34283E+03   0.29853E+02   0.27479E+02   0.29953E+00  -0.52007E-01
   0.34318E+03   0.29844E+02   0.27079E+02   0.29549E+00  -0.78275E-01
   0.34353E+03   0.29838E+02   0.26621E+02   0.29024E+00  -0.99753E-01
   0.34388E+03   0.29831E+02   0.26401E+02   0.28509E+00  -0.10879E+00
   0.34423E+03   0.29823E+02   0.25958E+02   0.28338E+00  -0.13499E+00
   0.34458E+03   0.29819E+02   0.25293E+02   0.28536E+00  -0.17330E+00
   0.34493E+03   0.29819E+02   0.24723E+02   0.28875E+00  -0.20360E+00
   0.34528E+03   0.29826E+02   0.24314E+02   0.30046E+00  -0.23752E+00
   0.34563E+03   0.29839E+02   0.23963E+02   0.31809E+00  -0.27366E+00
   0.34598E+03   0.29856E+02   0.23755E+02   0.33689E+00  -0.31000E+00
   0.34633E+03   0.29876E+02   0.23573E+02   0.36231E+00  -0.35315E+00
   0.34668E+03   0.29899E+02   0.23387E+02   0.39167E+00  -0.39829E+00
   0.34703E+03   0.29920E+02   0.23336E+02   0.42095E+00  -0.44210E+00
   0.34738E+03   0.29939E+02   0.23286E+02   0.45537E+00  -0.48463E+00
   0.34773E+03   0.29955E+02   0.23581E+02   0.50122E+00  -0.51756E+00
   0.34808E+03   0.29969E+02   0.24175E+02   0.55048E+00  -0.53591E+00
   0.34843E+03   0.29980E+02   0.24677E+02   0.59047E+00  -0.55312E+00
   0.34878E+03   0.29988E+02   0.25384E+02   0.63492E+00  -0.54741E+00
   0.34913E+03   0.29992E+02   0.26257E+02   0.68812E+00  -0.51023E+00
   0.34948E+03   0.29995E+02   0.27011E+02   0.72577E+00  -0.47259E+00
   0.34983E+03   0.29997E+02   0.27658E+02   0.74218E+00  -0.44030E+00
   0.35018E+03   0.29998E+02   0.28149E+02   0.75282E+00  -0.38796E+00
   0.35053E+03   0.29999E+02   0.28513E+02   0.75382E+00  -0.31015E+00
   0.35088E+03   0.29999E+02   0.28813E+02   0.73582E+00  -0.23818E+00
   0.35123E+03   0.29998E+02   0.29066E+02   0.70283E+00  -0.18514E+00
   0.35158E+03   0.29997E+02   0.29271E+02   0.66481E+00  -0.12742E+00
   0.35193E+03   0.29996E+02   0.29432E+02   0.62331E+00  -0.59294E-01
   0.35228E+03   0.29994E+02   0.29480E+02   0.57313E+00  -0.10911E-01
   0.35263E+03   0.29990E+02   0.29415E+02   0.52575E+00   0.21027E-01
   0.35298E+03   0.29983E+02   0.29290E+02   0.47897E+00   0.50486E-01
   0.35333E+03   0.29971E+02   0.29181E+02   0.43010E+00   0.68341E-01
   0.35368E+03   0.29956E+02   0.29113E+02   0.39003E+00   0.69490E-01
   0.35403E+03   0.29941E+02   0.28995E+02   0.36426E+00   0.62612E-01
   0.35438E+03   0.29925E+02   0.28849E+02   0.34520E+00   0.51347E-01
   0.35473E+03   0.29906E+02   0.28727E+02   0.32866E+00   0.41711E-01
   0.35508E+03   0.29887E+02   0.28601E+02   0.31516E+00   0.32168E-01
   0.35543E+03   0.29874E+02   0.28429E+02   0.30710E+00   0.16199E-01
   0.35578E+03   0.29866E+02   0.28196E+02   0.30931E+00  -0.21092E-02
   0.35613E+03   0.29860E+02   0.28005E+02   0.30774E+00  -0.15872E-01
   0.35648E+03   0.29851E+02   0.27815E+02   0.29473E+00  -0.26465E-01
   0.35683E+03   0.29838E+02   0.27497E+02   0.28557E+00  -0.45855E-01
   0.35718E+03   0.29829E+02   0.27138E+02   0.28468E+00  -0.67786E-01
   0.35753E+03   0.29823E+02   0.26862E+02   0.27816E+00  -0.83522E-01
   0.35788E+03   0.29805E+02   0.26632E+02   0.26922E+00  -0.10058E+00
   0.35823E+03   0.29793E+02   0.26253E+02   0.27336E+00  -0.12697E+00
   0.35858E+03   0.29796E+02   0.25981E+02   0.28389E+00  -0.15034E+00
   0.35893E+03   0.29803E+02   0.25546E+02   0.28882E+00  -0.17806E+00
   0.35928E+03   0.29810E+02   0.25176E+02   0.29381E+00  -0.21333E+00
   0.35963E+03   0.29822E+02   0.25209E+02   0.30763E+00  -0.23275E+00
   0.35998E+03   0.29841E+02   0.25345E+02   0.32691E+00  -0.24135E+00
   0.36033E+03   0.29862E+02   0.25120E+02   0.34407E+00  -0.27386E+00
   0.36068E+03   0.29882E+02   0.24514E+02   0.36127E+00  -0.32170E+00
   0.36103E+03   0.29901E+02   0.24253E+02   0.38549E+00  -0.35710E+00
   0.36138E+03   0.29919E+02   0.24185E+02   0.41525E+00  -0.38961E+00
   0.36173E+03   0.29937E+02   0.24341E+02   0.44641E+00  -0.42329E+00
   0.36208E+03   0.29952E+02   0.24217E+02   0.47606E+00  -0.46028E+00
   0.36243E+03   0.29964E+02   0.24085E+02   0.50895E+00  -0.49336E+00
   0.36278E+03   0.29974E+02   0.24671E+02   0.54942E+00  -0.50529E+00
   0.36313E+03   0.29982E+02   0.25034E+02   0.59656E+00  -0.51129E+00
   0.36348E+03   0.29988E+02   0.24935E+02   0.63934E+00  -0.52426E+00
   0.36383E+03   0.29992E+02   0.25362E+02   0.67383E+00  -0.51503E+00
   0.36418E+03   0.29995E+02   0.26283E+02   0.70190E+00  -0.47857E+00
   0.36453E+03   0.29997E+02   0.27030E+02   0.71995E+00  -0.42502E+00
   0.36488E+03   0.29998E+02   0.27627E+02   0.73519E+00  -0.36944E+00
   0.36523E+03   0.29997E+02   0.28122E+02   0.74275E+00  -0.31725E+00
   0.36558E+03   0.29997E+02   0.28519E+02   0.73156E+00  -0.25959E+00
   0.36593E+03   0.29997E+02   0.28828E+02   0.70074E+00  -0.19980E+00
   0.36628E+03   0.29996E+02   0.29083E+02   0.66541E+00  -0.13812E+00
   0.36663E+03   0.29995E+02   0.29043E+02   0.62728E+00  -0.84488E-01
   0.36698E+03   0.29993E+02   0.28799E+02   0.57681E+00  -0.43292E-01
   0.36733E+03   0.29989E+02   0.28670E+02   0.52031E+00  -0.66314E-02
   0.36768E+03   0.29983E+02   0.28670E+02   0.47582E+00   0.24844E-01
   0.36803E+03   0.29975E+02   0.28717E+02   0.44690E+00   0.45283E-01
   0.36838E+03   0.29965E+02   0.28783E+02   0.41484E+00   0.58801E-01
   0.36873E+03   0.29950E+02   0.28840E+02   0.37707E+00   0.58994E-01
   0.36908E+03   0.29931E+02   0.28779E+02   0.35045E+00   0.50999E-01
   0.36943E+03   0.29915E+02   0.28613E+02   0.33467E+00   0.39008E-01
   0.36978E+03   0.29901E+02   0.28489E+02   0.32494E+00   0.27594E-01
   0.37013E+03   0.29887E+02   0.28381E+02   0.31735E+00   0.17352E-01
   0.37048E+03   0.29874E+02   0.28175E+02   0.30482E+00   0.92037E-03
   0.37083E+03   0.29864E+02   0.27997E+02   0.29704E+00  -0.11300E-01
   0.37118E+03   0.29852E+02   0.27928E+02   0.29489E+00  -0.17519E-01
   0.37153E+03   0.29841E+02   0.27722E+02   0.29474E+00  -0.34562E-01
   0.37188E+03   0.29837E+02   0.27329E+02   0.28922E+00  -0.59992E-01
   0.37223E+03   0.29825E+02   0.26987E+02   0.28241E+00  -0.81819E-01
   0.37258E+03   0.29811E+02   0.26770E+02   0.27826E+00  -0.93431E-01
   0.37293E+03   0.29801E+02   0.26621E+02   0.27459E+00  -0.98468E-01
   0.37328E+03   0.29798E+02   0.26266E+02   0.27611E+00  -0.12495E+00
   0.37363E+03   0.29801E+02   0.25716E+02   0.27747E+00  -0.15863E+00
   0.37398E+03   0.29802E+02   0.25226E+02   0.28365E+00  -0.18182E+00
   0.37433E+03   0.29810E+02   0.24770E+02   0.29504E+00  -0.21126E+00
   0.37468E+03   0.29825E+02   0.24286E+02   0.30661E+00  -0.25133E+00
   0.37503E+03   0.29843E+02   0.24004E+02   0.32309E+00  -0.28749E+00
   0.37538E+03   0.29863E+02   0.23671E+02   0.34125E+00  -0.32660E+00
   0.37573E+03   0.29882E+02   0.23552E+02   0.36398E+00  -0.36760E+00
   0.37608E+03   0.29903E+02   0.23568E+02   0.40146E+00  -0.40871E+00
   0.37643E+03   0.29926E+02   0.23516E+02   0.44360E+00  -0.45684E+00
   0.37678E+03   0.29947E+02   0.23792E+02   0.48303E+00  -0.49563E+00
   0.37713E+03   0.29962E+02   0.24080E+02   0.52151E+00  -0.52163E+00
   0.37748E+03   0.29974E+02   0.24201E+02   0.56331E+00  -0.54330E+00
   0.37783E+03   0.29983E+02   0.24487E+02   0.61179E+00  -0.55625E+00
   0.37818E+03   0.29989E+02   0.25268E+02   0.65955E+00  -0.54660E+00
   0.37853E+03   0.29994E+02   0.26179E+02   0.69868E+00  -0.51170E+00
   0.37888E+03   0.29996E+02   0.26928E+02   0.73001E+00  -0.46379E+00
   0.37923E+03   0.29997E+02   0.27546E+02   0.75249E+00  -0.41347E+00
   0.37958E+03   0.29998E+02   0.28028E+02   0.75928E+00  -0.34720E+00
   0.37993E+03   0.29998E+02   0.28413E+02   0.75082E+00  -0.27099E+00
   0.38028E+03   0.29999E+02   0.28757E+02   0.73001E+00  -0.21438E+00
   0.38063E+03   0.29998E+02   0.29047E+02   0.69503E+00  -0.16432E+00
   0.38098E+03   0.29996E+02   0.29272E+02   0.64589E+00  -0.10380E+00
   0.38133E+03   0.29994E+02   0.29331E+02   0.59074E+00  -0.46928E-01
   0.38168E+03   0.29991E+02   0.29241E+02   0.53733E+00   0.33094E-02
   0.38203E+03   0.29985E+02   0.29180E+02   0.49378E+00   0.38570E-01
   0.38238E+03   0.29977E+02   0.29085E+02   0.45510E+00   0.52112E-01
   0.38273E+03   0.29967E+02   0.28980E+02   0.41751E+00   0.55417E-01
   0.38308E+03   0.29955E+02   0.28927E+02   0.38436E+00   0.57005E-01
   0.38343E+03   0.29938E+02   0.28906E+02   0.36019E+00   0.63076E-01
   0.38378E+03   0.29921E+02   0.28856E+02   0.34315E+00   0.59035E-01
   0.38413E+03   0.29904E+02   0.28741E+02   0.32341E+00   0.42666E-01
   0.38448E+03   0.29887E+02   0.28550E+02   0.31069E+00   0.24573E-01
   0.38483E+03   0.29873E+02   0.28326E+02   0.30891E+00   0.77679E-02
   0.38518E+03   0.29867E+02   0.28095E+02   0.31080E+00  -0.57861E-02
   0.38553E+03   0.29860E+02   0.27887E+02   0.30225E+00  -0.23432E-01
   0.38588E+03   0.29845E+02   0.27553E+02   0.28730E+00  -0.45029E-01
   0.38623E+03   0.29831E+02   0.27000E+02   0.28026E+00  -0.68016E-01
   0.38658E+03   0.29821E+02   0.26704E+02   0.27987E+00  -0.84816E-01
   0.38693E+03   0.29812E+02   0.26514E+02   0.28138E+00  -0.99801E-01
   0.38728E+03   0.29810E+02   0.26159E+02   0.28474E+00  -0.12764E+00
   0.38763E+03   0.29812E+02   0.25903E+02   0.28762E+00  -0.14998E+00
   0.38798E+03   0.29814E+02   0.25409E+02   0.28875E+00  -0.17412E+00
   0.38833E+03   0.29821E+02   0.24632E+02   0.29308E+00  -0.21189E+00
   0.38868E+03   0.29828E+02   0.24313E+02   0.30437E+00  -0.24219E+00
   0.38903E+03   0.29840E+02   0.24325E+02   0.32435E+00  -0.26885E+00
   0.38938E+03   0.29861E+02   0.24082E+02   0.34071E+00  -0.30321E+00
   0.38973E+03   0.29880E+02   0.23958E+02   0.35836E+00  -0.34464E+00
   0.39008E+03   0.29900E+02   0.24079E+02   0.38932E+00  -0.38069E+00
   0.39043E+03   0.29921E+02   0.24053E+02   0.42490E+00  -0.41184E+00
   0.39078E+03   0.29940E+02   0.23891E+02   0.46177E+00  -0.45459E+00
   0.39113E+03   0.29956E+02   0.23857E+02   0.50141E+00  -0.50056E+00
   0.39148E+03   0.29969E+02   0.24100E+02   0.53855E+00  -0.52501E+00
   0.39183E+03   0.29979E+02   0.24484E+02   0.57862E+00  -0.53357E+00
   0.39218E+03   0.29986E+02   0.24794E+02   0.62251E+00  -0.54051E+00
   0.39253E+03   0.29991E+02   0.25408E+02   0.66273E+00  -0.53138E+00
   0.39288E+03   0.29994E+02   0.26309E+02   0.70007E+00  -0.49680E+00
   0.39323E+03   0.29996E+02   0.27005E+02   0.73416E+00  -0.44917E+00
   0.39358E+03   0.29997E+02   0.27589E+02   0.75173E+00  -0.39625E+00
   0.39393E+03   0.29998E+02   0.28069E+02   0.75347E+00  -0.33875E+00
   0.39428E+03   0.29998E+02   0.28453E+02   0.74579E+00  -0.27497E+00
   0.39463E+03   0.29998E+02   0.28786E+02   0.71929E+00  -0.20946E+00
   0.39498E+03   0.29997E+02   0.29056E+02   0.68126E+00  -0.15243E+00
   0.39533E+03   0.29996E+02   0.29260E+02   0.64102E+00  -0.93062E-01
   0.39568E+03   0.29994E+02   0.29156E+02   0.59602E+00  -0.38814E-01
   0.39603E+03   0.29992E+02   0.28804E+02   0.54252E+00  -0.11035E-01
   0.39638E+03   0.29986E+02   0.28649E+02   0.48846E+00   0.12006E-01
   0.39673E+03   0.29977E+02   0.28729E+02   0.44916E+00   0.47535E-01
   0.39708E+03   0.29966E+02   0.28813E+02   0.42039E+00   0.65105E-01
   0.39743E+03   0.29953E+02   0.28698E+02   0.38519E+00   0.45651E-01
   0.39778E+03   0.29936E+02   0.28567E+02   0.35365E+00   0.32709E-01
   0.39813E+03   0.29920E+02   0.28581E+02   0.33919E+00   0.45654E-01
   0.39848E+03   0.29907E+02   0.28568E+02   0.33027E+00   0.42353E-01
   0.39883E+03   0.29894E+02   0.28496E+02   0.32222E+00   0.22902E-01
   0.39918E+03   0.29882E+02   0.28302E+02   0.31768E+00   0.22872E-02
   0.39953E+03   0.29871E+02   0.28019E+02   0.31030E+00  -0.16170E-01
   0.39988E+03   0.29856E+02   0.27865E+02   0.30214E+00  -0.21562E-01
   0.40023E+03   0.29844E+02   0.27630E+02   0.29798E+00  -0.41188E-01
   0.40058E+03   0.29837E+02   0.27308E+02   0.29410E+00  -0.64174E-01
   0.40093E+03   0.29828E+02   0.27085E+02   0.28733E+00  -0.74305E-01
   0.40128E+03   0.29812E+02   0.26824E+02   0.27859E+00  -0.94173E-01
   0.40163E+03   0.29804E+02   0.26305E+02   0.27804E+00  -0.11930E+00
   0.40198E+03   0.29806E+02   0.25638E+02   0.28669E+00  -0.15091E+00
   0.40233E+03   0.29811E+02   0.25184E+02   0.29212E+00  -0.18474E+00
   0.40268E+03   0.29813E+02   0.25008E+02   0.28986E+00  -0.20276E+00
   0.40303E+03   0.29821E+02   0.24679E+02   0.29753E+00  -0.22823E+00
   0.40338E+03   0.29837E+02   0.24183E+02   0.31757E+00  -0.27049E+00
   0.40373E+03   0.29857E+02   0.23913E+02   0.34212E+00  -0.30750E+00
   0.40408E+03   0.29879E+02   0.23759E+02   0.36435E+00  -0.34447E+00
   0.40443E+03   0.29900E+02   0.23599E+02   0.38908E+00  -0.39189E+00
   0.40478E+03   0.29921E+02   0.23524E+02   0.42885E+00  -0.43949E+00
   0.40513E+03   0.29941E+02   0.23765E+02   0.46682E+00  -0.47300E+00
   0.40548E+03   0.29957E+02   0.24050E+02   0.49854E+00  -0.50180E+00
   0.40583E+03   0.29969E+02   0.24298E+02   0.53977E+00  -0.52812E+00
   0.40618E+03   0.29979E+02   0.24948E+02   0.59176E+00  -0.53338E+00
   0.40653E+03   0.29987E+02   0.25762E+02   0.64163E+00  -0.52412E+00
   0.40688E+03   0.29991E+02   0.26472E+02   0.68205E+00  -0.51387E+00
   0.40723E+03   0.29994E+02   0.27106E+02   0.70891E+00  -0.48286E+00
   0.40758E+03   0.29996E+02   0.27661E+02   0.72909E+00  -0.42887E+00
   0.40793E+03   0.29997E+02   0.28127E+02   0.74338E+00  -0.36854E+00
   0.40828E+03   0.29999E+02   0.28473E+02   0.74258E+00  -0.30477E+00
   0.40863E+03   0.29999E+02   0.28760E+02   0.72918E+00  -0.23856E+00
   0.40898E+03   0.29998E+02   0.29006E+02   0.70464E+00  -0.17462E+00
   0.40933E+03   0.29997E+02   0.29216E+02   0.66917E+00  -0.11593E+00
   0.40968E+03   0.29996E+02   0.29394E+02   0.61995E+00  -0.60061E-01
   0.41003E+03   0.29994E+02   0.29338E+02   0.56310E+00  -0.12274E-01
   0.41038E+03   0.29988E+02   0.29130E+02   0.51245E+00   0.23899E-01
   0.41073E+03   0.29981E+02   0.29072E+02   0.46568E+00   0.54788E-01
   0.41108E+03   0.29970E+02   0.29035E+02   0.41795E+00   0.68081E-01
   0.41143E+03   0.29955E+02   0.28939E+02   0.38176E+00   0.61997E-01
   0.41178E+03   0.29938E+02   0.28884E+02   0.35763E+00   0.59443E-01
   0.41213E+03   0.29917E+02   0.28789E+02   0.33894E+00   0.52777E-01
   0.41248E+03   0.29899E+02   0.28552E+02   0.32491E+00   0.28153E-01
   0.41283E+03   0.29887E+02   0.28191E+02   0.31629E+00  -0.22225E-02
   0.41318E+03   0.29877E+02   0.27826E+02   0.31443E+00  -0.17343E-01
   0.41353E+03   0.29867E+02   0.27514E+02   0.30953E+00  -0.30782E-01
   0.41388E+03   0.29858E+02   0.27362E+02   0.30593E+00  -0.46385E-01
   0.41423E+03   0.29854E+02   0.27363E+02   0.30998E+00  -0.49156E-01
   0.41458E+03   0.29853E+02   0.27282E+02   0.30764E+00  -0.61679E-01
   0.41493E+03   0.29847E+02   0.26934E+02   0.30102E+00  -0.89170E-01
   0.41528E+03   0.29841E+02   0.26465E+02   0.29860E+00  -0.11142E+00
   0.41563E+03   0.29835E+02   0.26131E+02   0.29387E+00  -0.12808E+00
   0.41598E+03   0.29829E+02   0.25954E+02   0.29036E+00  -0.14264E+00
   0.41633E+03   0.29824E+02   0.25839E+02   0.29040E+00  -0.16091E+00
   0.41668E+03   0.29819E+02   0.25720E+02   0.29400E+00  -0.18325E+00
   0.41703E+03   0.29825E+02   0.25492E+02   0.30561E+00  -0.20552E+00
   0.41738E+03   0.29843E+02   0.25419E+02   0.32150E+00  -0.22969E+00
   0.41773E+03   0.29860E+02   0.25367E+02   0.33966E+00  -0.25430E+00
   0.41808E+03   0.29878E+02   0.25196E+02   0.35757E+00  -0.27919E+00
   0.41843E+03   0.29895E+02   0.24805E+02   0.37370E+00  -0.31273E+00
   0.41878E+03   0.29911E+02   0.24126E+02   0.39339E+00  -0.35873E+00
   0.41913E+03   0.29926E+02   0.23757E+02   0.41621E+00  -0.40010E+00
   0.41948E+03   0.29940E+02   0.23895E+02   0.44769E+00  -0.43072E+00
   0.41983E+03   0.29954E+02   0.24074E+02   0.48706E+00  -0.46320E+00
