         506
  0.175000000000000        1312500.00000000     
          20
  0.525000000000000        3937500.00000000     
          49
  0.875000000000000        6562500.00000000     
         221
   1.22500000000000        9187500.00000000     
         337
   1.57500000000000        11812500.0000000     
         481
   1.92500000000000        14437500.0000000     
          62
   2.27500000000000        17062500.0000000     
         397
   2.62500000000000        19687500.0000000     
         113
   2.97500000000000        22312500.0000000     
         344
   3.32500000000000        24937500.0000000     
           2
   3.67500000000000        27562500.0000000     
         368
   4.02500000000000        30187500.0000000     
         150
   4.37500000000000        32812500.0000000     
          76
   4.72500000000000        35437500.0000000     
         495
   5.07500000000000        38062500.0000000     
         255
   5.42500000000000        40687500.0000000     
         288
   5.77500000000000        43312500.0000000     
         110
   6.12500000000000        45937500.0000000     
         144
   6.47500000000000        48562500.0000000     
         337
   6.82500000000000        51187500.0000000     
         445
   7.17500000000000        53812500.0000000     
         407
   7.52500000000000        56437500.0000000     
          75
   7.87500000000000        59062500.0000000     
         136
   8.22500000000000        61687500.0000000     
         378
   8.57500000000000        64312500.0000000     
         444
   8.92500000000000        66937500.0000000     
         277
   9.27500000000000        69562500.0000000     
         213
   9.62499999999999        72187500.0000000     
         188
   9.97499999999999        74812500.0000000     
         307
   10.3250000000000        77437500.0000000     
         529
   10.6750000000000        80062500.0000000     
          31
   11.0250000000000        82687500.0000000     
         433
   11.3750000000000        85312499.9999999     
          59
   11.7250000000000        87937499.9999999     
         132
   12.0750000000000        90562499.9999999     
         175
   12.4250000000000        93187499.9999999     
         531
   12.7750000000000        95812499.9999999     
         148
   13.1250000000000        98437499.9999999     
         226
   13.4750000000000        101062500.000000     
         149
   13.8250000000000        103687500.000000     
         317
   14.1750000000000        106312500.000000     
         372
   14.5250000000000        108937500.000000     
         518
   14.8750000000000        111562500.000000     
          95
   15.2250000000000        114187500.000000     
          10
   15.5750000000000        116812500.000000     
         309
   15.9250000000000        119437500.000000     
         362
   16.2750000000000        122062500.000000     
         159
   16.6250000000000        124687500.000000     
         449
   16.9750000000000        127312500.000000     
         220
   17.3250000000000        129937500.000000     
         160
   17.6750000000000        132562500.000000     
          18
   18.0250000000000        135187500.000000     
         347
   18.3750000000000        137812500.000000     
         232
   18.7250000000000        140437500.000000     
         430
   19.0750000000000        143062500.000000     
         460
   19.4250000000000        145687500.000000     
         500
   19.7750000000000        148312500.000000     
         533
   20.1250000000000        150937500.000000     
          58
   20.4750000000000        153562500.000000     
         162
   20.8250000000000        156187500.000000     
         481
   21.1750000000000        158812500.000000     
         113
   21.5250000000000        161437500.000000     
         215
   21.8750000000000        164062500.000000     
         484
   22.2250000000000        166687500.000000     
         500
   22.5750000000000        169312500.000000     
         119
   22.9250000000000        171937500.000000     
         523
   23.2750000000000        174562500.000000     
          23
   23.6250000000000        177187500.000000     
         204
   23.9750000000000        179812500.000000     
         103
   24.3250000000000        182437500.000000     
         509
   24.6750000000000        185062500.000000     
          57
   25.0250000000000        187687500.000000     
         363
   25.3750000000000        190312500.000000     
         275
   25.7250000000000        192937500.000000     
         416
   26.0750000000000        195562500.000000     
         516
   26.4250000000000        198187500.000000     
          51
   26.7750000000000        200812500.000000     
         175
   27.1250000000000        203437500.000000     
         121
   27.4750000000000        206062500.000000     
          45
   27.8250000000000        208687500.000000     
          73
   28.1750000000000        211312500.000000     
         172
   28.5250000000000        213937500.000000     
         327
   28.8750000000000        216562500.000000     
         377
   29.2250000000000        219187500.000000     
         415
   29.5750000000000        221812500.000000     
         403
   29.9250000000000        224437500.000000     
         263
   30.2750000000000        227062500.000000     
         422
   30.6250000000000        229687500.000000     
         281
   30.9750000000001        232312500.000000     
         447
   31.3250000000001        234937500.000000     
         291
   31.6750000000001        237562500.000000     
         381
   32.0250000000001        240187500.000000     
         100
   32.3750000000001        242812500.000000     
         336
   32.7250000000001        245437500.000000     
         467
   33.0750000000001        248062500.000000     
         439
   33.4250000000001        250687500.000000     
         183
   33.7750000000001        253312500.000000     
         195
   34.1250000000001        255937500.000000     
          84
   34.4750000000001        258562500.000000     
         343
   34.8250000000001        261187500.000001     
         345
   35.1750000000001        263812500.000001     
         400
   35.5250000000001        266437500.000001     
         162
   35.8750000000001        269062500.000001     
          79
   36.2250000000001        271687500.000001     
         510
   36.5750000000001        274312500.000001     
          29
   36.9250000000001        276937500.000001     
         230
   37.2750000000001        279562500.000001     
         207
   37.6250000000001        282187500.000001     
          76
   37.9750000000001        284812500.000001     
         208
   38.3250000000001        287437500.000001     
         153
   38.6750000000001        290062500.000001     
          79
   39.0250000000001        292687500.000001     
         496
   39.3750000000001        295312500.000001     
         440
   39.7250000000001        297937500.000001     
         294
   40.0750000000001        300562500.000001     
         432
   40.4250000000001        303187500.000001     
          84
   40.7750000000001        305812500.000001     
         520
   41.1250000000001        308437500.000001     
         153
   41.4750000000001        311062500.000001     
         360
   41.8250000000001        313687500.000001     
         164
   42.1750000000001        316312500.000001     
         276
   42.5250000000001        318937500.000001     
         453
   42.8750000000001        321562500.000001     
         525
   43.2250000000001        324187500.000001     
         384
   43.5750000000001        326812500.000001     
         472
   43.9250000000001        329437500.000001     
         118
   44.2750000000001        332062500.000001     
         332
   44.6250000000001        334687500.000001     
         239
   44.9750000000001        337312500.000001     
         115
   45.3250000000001        339937500.000001     
         221
   45.6750000000001        342562500.000001     
         121
   46.0250000000001        345187500.000001     
         238
   46.3750000000001        347812500.000001     
         207
   46.7250000000001        350437500.000001     
          96
   47.0750000000001        353062500.000001     
         518
   47.4250000000001        355687500.000001     
         505
   47.7750000000001        358312500.000001     
         376
   48.1250000000001        360937500.000001     
         214
   48.4750000000001        363562500.000001     
         480
   48.8250000000001        366187500.000001     
         187
   49.1750000000001        368812500.000001     
         406
   49.5250000000001        371437500.000001     
         436
   49.8750000000001        374062500.000001     
         240
   50.2250000000001        376687500.000001     
          31
   50.5750000000001        379312500.000001     
          31
   50.9250000000001        381937500.000001     
         511
   51.2750000000001        384562500.000001     
         330
   51.6250000000001        387187500.000001     
          39
   51.9750000000001        389812500.000001     
          23
   52.3250000000001        392437500.000001     
         533
   52.6750000000001        395062500.000001     
         104
   53.0250000000001        397687500.000001     
         141
   53.3750000000001        400312500.000001     
          62
   53.7250000000001        402937500.000001     
         223
   54.0750000000001        405562500.000001     
         406
   54.4250000000001        408187500.000001     
         489
   54.7750000000001        410812500.000001     
          86
   55.1250000000001        413437500.000001     
         151
   55.4750000000002        416062500.000001     
          23
   55.8250000000002        418687500.000001     
         441
   56.1750000000002        421312500.000001     
         430
   56.5250000000002        423937500.000001     
         476
   56.8750000000002        426562500.000001     
         273
   57.2250000000002        429187500.000001     
         153
   57.5750000000002        431812500.000001     
         449
   57.9250000000002        434437500.000001     
         311
   58.2750000000002        437062500.000001     
         422
   58.6250000000002        439687500.000001     
         235
   58.9750000000002        442312500.000001     
          93
   59.3250000000002        444937500.000001     
         341
   59.6750000000002        447562500.000001     
          57
   60.0250000000002        450187500.000001     
         369
   60.3750000000002        452812500.000001     
         253
   60.7250000000002        455437500.000001     
         221
   61.0750000000002        458062500.000001     
         384
   61.4250000000002        460687500.000001     
         502
   61.7750000000002        463312500.000001     
           3
   62.1250000000002        465937500.000001     
         192
   62.4750000000002        468562500.000001     
         249
   62.8250000000002        471187500.000001     
         349
   63.1750000000002        473812500.000001     
         489
   63.5250000000002        476437500.000001     
         510
   63.8750000000002        479062500.000001     
         186
   64.2250000000002        481687500.000001     
         253
   64.5750000000002        484312500.000001     
         285
   64.9250000000002        486937500.000001     
           8
   65.2750000000002        489562500.000001     
         445
   65.6250000000002        492187500.000001     
         269
   65.9750000000002        494812500.000001     
          41
   66.3250000000001        497437500.000001     
         508
   66.6750000000001        500062500.000001     
         321
   67.0250000000001        502687500.000001     
         403
   67.3750000000001        505312500.000001     
          45
   67.7250000000001        507937500.000001     
         339
   68.0750000000001        510562500.000001     
         488
   68.4250000000001        513187500.000001     
         418
   68.7750000000001        515812500.000001     
          18
   69.1250000000001        518437500.000001     
         212
   69.4750000000001        521062500.000001     
         158
   69.8250000000001        523687500.000001     
         277
   70.1750000000001        526312500.000001     
          24
   70.5250000000001        528937500.000001     
         526
   70.8750000000001        531562500.000001     
         468
   71.2250000000001        534187500.000000     
         174
   71.5750000000001        536812500.000000     
          36
   71.9250000000001        539437500.000000     
         406
   72.2750000000000        542062500.000000     
          63
   72.6250000000000        544687500.000000     
         121
   72.9750000000000        547312500.000000     
         265
   73.3250000000000        549937500.000000     
         539
   73.6750000000000        552562500.000000     
         301
   74.0250000000000        555187500.000000     
         502
   74.3750000000000        557812500.000000     
         502
   74.7250000000000        560437500.000000     
         323
   75.0750000000000        563062500.000000     
         520
   75.4250000000000        565687500.000000     
         425
   75.7750000000000        568312500.000000     
         372
   76.1250000000000        570937500.000000     
         185
   76.4750000000000        573562500.000000     
         480
   76.8250000000000        576187500.000000     
         204
   77.1750000000000        578812500.000000     
         529
   77.5250000000000        581437500.000000     
         509
   77.8750000000000        584062500.000000     
         345
   78.2250000000000        586687500.000000     
         484
   78.5749999999999        589312500.000000     
         483
   78.9249999999999        591937500.000000     
         222
   79.2749999999999        594562500.000000     
         107
   79.6249999999999        597187500.000000     
         218
   79.9749999999999        599812499.999999     
         148
   80.3249999999999        602437499.999999     
          73
   80.6749999999999        605062499.999999     
         111
   81.0249999999999        607687499.999999     
         325
   81.3749999999999        610312499.999999     
         288
   81.7249999999999        612937499.999999     
         514
   82.0749999999999        615562499.999999     
         366
   82.4249999999999        618187499.999999     
         388
   82.7749999999999        620812499.999999     
         228
   83.1249999999999        623437499.999999     
         147
   83.4749999999999        626062499.999999     
         510
   83.8249999999999        628687499.999999     
         318
   84.1749999999999        631312499.999999     
         173
   84.5249999999998        633937499.999999     
         220
   84.8749999999998        636562499.999999     
         123
   85.2249999999998        639187499.999999     
         130
   85.5749999999998        641812499.999999     
         523
   85.9249999999998        644437499.999999     
         309
   86.2749999999998        647062499.999999     
         287
   86.6249999999998        649687499.999999     
          83
   86.9749999999998        652312499.999999     
         196
   87.3249999999998        654937499.999999     
         147
   87.6749999999998        657562499.999998     
         443
   88.0249999999998        660187499.999998     
          27
   88.3749999999998        662812499.999998     
         418
   88.7249999999998        665437499.999998     
         371
   89.0749999999998        668062499.999998     
         105
   89.4249999999998        670687499.999998     
         358
   89.7749999999998        673312499.999998     
         416
   90.1249999999998        675937499.999998     
         519
   90.4749999999998        678562499.999998     
         513
   90.8249999999997        681187499.999998     
          97
   91.1749999999997        683812499.999998     
         434
   91.5249999999997        686437499.999998     
         345
   91.8749999999997        689062499.999998     
         194
   92.2249999999997        691687499.999998     
         519
   92.5749999999997        694312499.999998     
          91
   92.9249999999997        696937499.999998     
         538
   93.2749999999997        699562499.999998     
          10
   93.6249999999997        702187499.999998     
         526
   93.9749999999997        704812499.999998     
         403
   94.3249999999997        707437499.999998     
         388
   94.6749999999997        710062499.999998     
         233
   95.0249999999997        712687499.999998     
          77
   95.3749999999997        715312499.999997     
         322
   95.7249999999997        717937499.999997     
         465
   96.0749999999997        720562499.999997     
         434
   96.4249999999997        723187499.999997     
         367
   96.7749999999997        725812499.999997     
         364
   97.1249999999996        728437499.999997     
         171
   97.4749999999996        731062499.999997     
         384
   97.8249999999996        733687499.999997     
         190
   98.1749999999996        736312499.999997     
         128
   98.5249999999996        738937499.999997     
         470
   98.8749999999996        741562499.999997     
         259
   99.2249999999996        744187499.999997     
         453
   99.5749999999996        746812499.999997     
          93
   99.9249999999996        749437499.999997     
         337
   100.275000000000        752062499.999997     
         150
   100.625000000000        754687499.999997     
         500
   100.975000000000        757312499.999997     
         209
   101.325000000000        759937499.999997     
         464
   101.675000000000        762562499.999997     
         414
   102.025000000000        765187499.999997     
         283
   102.375000000000        767812499.999997     
         114
   102.725000000000        770437499.999997     
         499
   103.075000000000        773062499.999997     
         398
   103.425000000000        775687499.999997     
           1
   103.775000000000        778312499.999997     
         235
   104.125000000000        780937499.999996     
         152
   104.475000000000        783562499.999996     
         192
   104.825000000000        786187499.999996     
         108
   105.175000000000        788812499.999996     
         537
   105.525000000000        791437499.999996     
          27
   105.875000000000        794062499.999996     
         282
   106.224999999999        796687499.999996     
          82
   106.574999999999        799312499.999996     
         512
   106.924999999999        801937499.999996     
         433
   107.274999999999        804562499.999996     
         511
   107.624999999999        807187499.999996     
         436
   107.974999999999        809812499.999996     
         328
   108.324999999999        812437499.999996     
         235
   108.674999999999        815062499.999996     
         423
   109.024999999999        817687499.999996     
         150
   109.374999999999        820312499.999996     
         400
   109.724999999999        822937499.999996     
         213
   110.074999999999        825562499.999996     
         442
   110.424999999999        828187499.999996     
          69
   110.774999999999        830812499.999996     
         540
   111.124999999999        833437499.999996     
         461
   111.474999999999        836062499.999996     
         211
   111.824999999999        838687499.999996     
         533
   112.174999999999        841312499.999995     
         266
   112.524999999999        843937499.999995     
         188
   112.874999999999        846562499.999995     
          42
   113.224999999999        849187499.999995     
          14
   113.574999999999        851812499.999995     
         171
   113.924999999999        854437499.999995     
         156
   114.274999999999        857062499.999995     
         159
   114.624999999999        859687499.999995     
          34
   114.974999999999        862312499.999995     
          17
   115.324999999999        864937499.999995     
         286
   115.674999999999        867562499.999995     
         230
   116.024999999999        870187499.999995     
         413
   116.374999999999        872812499.999995     
         344
   116.724999999999        875437499.999995     
         239
   117.074999999999        878062499.999995     
         485
   117.424999999999        880687499.999995     
         120
   117.774999999999        883312499.999995     
          61
   118.124999999999        885937499.999995     
         342
   118.474999999999        888562499.999995     
         486
   118.824999999999        891187499.999995     
         353
   119.174999999999        893812499.999995     
         128
   119.524999999999        896437499.999995     
         490
   119.874999999999        899062499.999995     
         428
   120.224999999999        901687499.999995     
         482
   120.574999999999        904312499.999995     
         344
   120.924999999999        906937499.999994     
         401
   121.274999999999        909562499.999994     
         346
   121.624999999999        912187499.999994     
          50
   121.974999999999        914812499.999994     
         434
   122.324999999999        917437499.999994     
         389
   122.674999999999        920062499.999994     
         192
   123.024999999999        922687499.999994     
         343
   123.374999999999        925312499.999994     
          62
   123.724999999999        927937499.999994     
         258
   124.074999999999        930562499.999994     
         345
   124.424999999999        933187499.999994     
         415
   124.774999999999        935812499.999994     
         507
   125.124999999999        938437499.999994     
           4
   125.474999999999        941062499.999994     
         141
   125.824999999999        943687499.999994     
         179
   126.174999999999        946312499.999994     
         115
   126.524999999999        948937499.999994     
          90
   126.874999999999        951562499.999994     
         528
   127.224999999999        954187499.999994     
         194
   127.574999999999        956812499.999994     
         181
   127.924999999999        959437499.999994     
          99
   128.274999999999        962062499.999993     
         159
   128.624999999999        964687499.999993     
         268
   128.974999999999        967312499.999993     
         462
   129.324999999999        969937499.999993     
         176
   129.674999999999        972562499.999993     
         398
   130.024999999999        975187499.999993     
         165
   130.374999999999        977812499.999993     
         273
   130.724999999999        980437499.999993     
         314
   131.074999999999        983062499.999993     
         432
   131.424999999999        985687499.999993     
          50
   131.774999999999        988312499.999993     
          33
   132.124999999999        990937499.999993     
         406
   132.474999999999        993562499.999993     
           5
   132.824999999999        996187499.999993     
         222
   133.174999999999        998812499.999993     
         346
   133.524999999999        1001437499.99999     
         154
   133.874999999999        1004062499.99999     
         145
   134.224999999999        1006687499.99999     
         218
   134.574999999999        1009312499.99999     
         180
   134.924999999999        1011937499.99999     
          44
   135.274999999999        1014562499.99999     
         366
   135.624999999999        1017187499.99999     
           9
   135.974999999999        1019812499.99999     
         319
   136.324999999999        1022437499.99999     
           2
   136.674999999999        1025062499.99999     
          48
   137.024999999999        1027687499.99999     
         421
   137.374999999999        1030312499.99999     
          50
   137.724999999999        1032937499.99999     
         259
   138.074999999999        1035562499.99999     
         396
   138.424999999999        1038187499.99999     
          25
   138.774999999999        1040812499.99999     
         381
   139.124999999999        1043437499.99999     
         259
   139.474999999999        1046062499.99999     
         398
   139.824999999999        1048687499.99999     
         276
   140.174999999999        1051312499.99999     
         449
   140.524999999999        1053937499.99999     
         251
   140.874999999999        1056562499.99999     
         158
   141.224999999999        1059187499.99999     
         249
   141.574999999999        1061812499.99999     
         172
   141.924999999999        1064437499.99999     
         241
   142.274999999999        1067062499.99999     
         132
   142.624999999999        1069687499.99999     
         515
   142.974999999999        1072312499.99999     
         149
   143.324999999999        1074937499.99999     
          39
   143.674999999999        1077562499.99999     
         490
   144.024999999999        1080187499.99999     
         357
   144.374999999999        1082812499.99999     
         290
   144.724999999999        1085437499.99999     
         380
   145.074999999999        1088062499.99999     
          35
   145.424999999999        1090687499.99999     
         103
   145.774999999999        1093312499.99999     
         319
   146.124999999999        1095937499.99999     
         168
   146.474999999999        1098562499.99999     
         112
   146.824999999999        1101187499.99999     
         146
   147.174999999999        1103812499.99999     
         418
   147.524999999999        1106437499.99999     
          53
   147.874999999999        1109062499.99999     
         499
   148.224999999999        1111687499.99999     
          37
   148.574999999999        1114312499.99999     
         311
   148.924999999999        1116937499.99999     
         199
   149.274999999999        1119562499.99999     
          30
   149.624999999999        1122187499.99999     
         250
   149.974999999999        1124812499.99999     
         535
   150.324999999999        1127437499.99999     
         104
   150.674999999999        1130062499.99999     
         496
   151.024999999999        1132687499.99999     
         231
   151.374999999999        1135312499.99999     
         386
   151.724999999999        1137937499.99999     
         242
   152.074999999999        1140562499.99999     
          73
   152.424999999999        1143187499.99999     
         245
   152.774999999999        1145812499.99999     
         507
   153.124999999999        1148437499.99999     
         139
   153.474999999999        1151062499.99999     
          70
   153.824999999999        1153687499.99999     
         436
   154.174999999999        1156312499.99999     
          36
   154.524999999999        1158937499.99999     
         171
   154.874999999999        1161562499.99999     
         197
   155.224999999999        1164187499.99999     
         112
   155.574999999999        1166812499.99999     
         389
   155.924999999999        1169437499.99999     
         352
   156.274999999999        1172062499.99999     
         383
   156.624999999999        1174687499.99999     
         307
   156.974999999999        1177312499.99999     
          43
   157.324999999999        1179937499.99999     
         251
   157.674999999999        1182562499.99999     
         345
   158.024999999999        1185187499.99999     
         369
   158.374999999999        1187812499.99999     
          48
   158.724999999999        1190437499.99999     
         254
   159.074999999999        1193062499.99999     
          19
   159.424999999999        1195687499.99999     
         280
   159.774999999999        1198312499.99999     
          63
   160.124999999999        1200937499.99999     
         326
   160.474999999999        1203562499.99999     
         157
   160.824999999999        1206187499.99999     
         318
   161.174999999999        1208812499.99999     
          28
   161.524999999999        1211437499.99999     
         418
   161.874999999999        1214062499.99999     
         342
   162.224999999999        1216687499.99999     
         280
   162.574999999999        1219312499.99999     
         229
   162.924999999999        1221937499.99999     
         363
   163.274999999999        1224562499.99999     
         275
   163.624999999999        1227187499.99999     
         221
   163.974999999999        1229812499.99999     
         444
   164.324999999999        1232437499.99999     
         156
   164.674999999999        1235062499.99999     
         132
   165.024999999999        1237687499.99999     
         482
   165.374999999999        1240312499.99999     
         179
   165.724999999999        1242937499.99999     
         201
   166.074999999999        1245562499.99999     
         524
   166.424999999999        1248187499.99999     
         245
   166.774999999998        1250812499.99999     
         204
   167.124999999998        1253437499.99999     
          35
   167.474999999998        1256062499.99999     
         391
   167.824999999998        1258687499.99999     
         111
   168.174999999998        1261312499.99999     
         230
   168.524999999998        1263937499.99999     
          18
   168.874999999998        1266562499.99999     
         244
   169.224999999998        1269187499.99999     
          68
   169.574999999998        1271812499.99999     
          67
   169.924999999998        1274437499.99999     
          83
   170.274999999998        1277062499.99999     
         189
   170.624999999998        1279687499.99999     
         177
   170.974999999998        1282312499.99999     
          90
   171.324999999998        1284937499.99999     
         254
   171.674999999998        1287562499.99999     
         278
   172.024999999998        1290187499.99999     
         278
   172.374999999998        1292812499.99999     
         406
   172.724999999998        1295437499.99999     
         358
   173.074999999998        1298062499.99999     
         407
   173.424999999998        1300687499.99999     
         490
   173.774999999998        1303312499.99999     
         517
   174.124999999998        1305937499.99999     
         382
   174.474999999998        1308562499.99999     
         453
   174.824999999998        1311187499.99999     
         151
   175.174999999998        1313812499.99999     
          83
   175.524999999998        1316437499.99999     
          34
   175.874999999998        1319062499.99999     
         216
   176.224999999998        1321687499.99999     
         145
   176.574999999998        1324312499.99999     
           2
   176.924999999998        1326937499.99999     
         485
   177.274999999998        1329562499.99999     
          98
   177.624999999998        1332187499.99999     
         293
   177.974999999998        1334812499.99999     
         181
   178.324999999998        1337437499.99999     
         331
   178.674999999998        1340062499.99999     
         208
   179.024999999998        1342687499.99999     
         523
   179.374999999998        1345312499.99999     
         262
   179.724999999998        1347937499.99999     
          12
   180.074999999998        1350562499.99999     
         183
   180.424999999998        1353187499.99999     
          92
   180.774999999998        1355812499.99999     
         323
   181.124999999998        1358437499.99999     
         274
   181.474999999998        1361062499.99999     
         404
   181.824999999998        1363687499.99999     
         236
   182.174999999998        1366312499.99999     
         421
   182.524999999998        1368937499.99999     
         478
   182.874999999998        1371562499.99999     
         523
   183.224999999998        1374187499.99999     
         468
   183.574999999998        1376812499.99999     
         210
   183.924999999998        1379437499.99999     
         375
   184.274999999998        1382062499.99999     
         455
   184.624999999998        1384687499.99999     
         378
   184.974999999998        1387312499.99999     
           2
   185.324999999998        1389937499.99999     
         290
   185.674999999998        1392562499.99999     
           0
   186.024999999998        1395187499.99999     
         343
   186.374999999998        1397812499.99999     
         490
   186.724999999998        1400437499.99999     
          29
   187.074999999998        1403062499.99999     
          86
   187.424999999998        1405687499.99999     
         523
   187.774999999998        1408312499.99999     
          68
   188.124999999998        1410937499.99999     
          64
   188.474999999998        1413562499.99999     
         326
   188.824999999998        1416187499.99999     
         355
   189.174999999998        1418812499.99999     
         317
   189.524999999998        1421437499.99999     
         204
   189.874999999998        1424062499.99999     
         261
   190.224999999998        1426687499.99999     
         196
   190.574999999998        1429312499.99999     
         377
   190.924999999998        1431937499.99999     
         360
   191.274999999998        1434562499.99999     
         436
   191.624999999998        1437187499.99999     
         246
   191.974999999998        1439812499.99999     
         500
   192.324999999998        1442437499.99999     
         360
   192.674999999998        1445062499.99999     
         277
   193.024999999998        1447687499.99999     
         251
   193.374999999998        1450312499.99999     
         264
   193.724999999998        1452937499.99999     
          98
   194.074999999998        1455562499.99999     
          51
   194.424999999998        1458187499.99999     
         300
   194.774999999998        1460812499.99999     
         278
   195.124999999998        1463437499.99999     
         537
   195.474999999998        1466062499.99999     
         116
   195.824999999998        1468687499.99999     
         392
   196.174999999998        1471312499.99999     
          33
   196.524999999998        1473937499.99999     
          51
   196.874999999998        1476562499.99998     
          98
   197.224999999998        1479187499.99998     
         134
   197.574999999998        1481812499.99998     
         469
   197.924999999998        1484437499.99998     
         248
   198.274999999998        1487062499.99998     
         131
   198.624999999998        1489687499.99998     
         195
   198.974999999998        1492312499.99998     
         247
   199.324999999998        1494937499.99998     
          99
   199.674999999998        1497562499.99998     
         499
   200.024999999998        1500187499.99998     
         117
   200.374999999998        1502812499.99998     
         200
   200.724999999998        1505437499.99998     
         240
   201.074999999998        1508062499.99998     
         129
   201.424999999998        1510687499.99998     
         100
   201.774999999998        1513312499.99998     
          32
   202.124999999998        1515937499.99998     
         468
   202.474999999998        1518562499.99998     
         486
   202.824999999998        1521187499.99998     
           3
   203.174999999998        1523812499.99998     
         538
   203.524999999998        1526437499.99998     
         113
   203.874999999998        1529062499.99998     
         484
   204.224999999998        1531687499.99998     
         166
   204.574999999998        1534312499.99998     
         100
   204.924999999998        1536937499.99998     
         482
   205.274999999998        1539562499.99998     
         397
   205.624999999998        1542187499.99998     
         416
   205.974999999998        1544812499.99998     
          24
   206.324999999998        1547437499.99998     
          92
   206.674999999998        1550062499.99998     
         418
   207.024999999998        1552687499.99998     
         151
   207.374999999998        1555312499.99998     
         245
   207.724999999998        1557937499.99998     
         241
   208.074999999998        1560562499.99998     
         429
   208.424999999998        1563187499.99998     
         320
   208.774999999998        1565812499.99998     
         400
   209.124999999998        1568437499.99998     
         167
   209.474999999998        1571062499.99998     
         206
   209.824999999998        1573687499.99998     
         509
   210.174999999998        1576312499.99998     
         372
   210.524999999998        1578937499.99998     
         248
   210.874999999998        1581562499.99998     
         490
   211.224999999998        1584187499.99998     
         217
   211.574999999998        1586812499.99998     
         518
   211.924999999998        1589437499.99998     
          62
   212.274999999998        1592062499.99998     
         307
   212.624999999998        1594687499.99998     
         127
   212.974999999998        1597312499.99998     
         235
   213.324999999998        1599937499.99998     
         400
   213.674999999998        1602562499.99998     
         175
   214.024999999998        1605187499.99998     
         126
   214.374999999998        1607812499.99998     
         286
   214.724999999998        1610437499.99998     
         157
   215.074999999998        1613062499.99998     
         197
   215.424999999998        1615687499.99998     
          77
   215.774999999998        1618312499.99998     
         174
   216.124999999998        1620937499.99998     
         500
   216.474999999998        1623562499.99998     
         350
   216.824999999998        1626187499.99998     
          87
   217.174999999998        1628812499.99998     
         125
   217.524999999998        1631437499.99998     
         304
   217.874999999998        1634062499.99998     
         345
   218.224999999998        1636687499.99998     
         193
   218.574999999998        1639312499.99998     
         131
   218.924999999998        1641937499.99998     
          45
   219.274999999998        1644562499.99998     
         267
   219.624999999998        1647187499.99998     
         280
   219.974999999998        1649812499.99998     
          15
   220.324999999998        1652437499.99998     
         135
   220.674999999998        1655062499.99998     
          17
   221.024999999998        1657687499.99998     
         397
   221.374999999998        1660312499.99998     
         492
   221.724999999998        1662937499.99998     
         145
   222.074999999998        1665562499.99998     
         217
   222.424999999998        1668187499.99998     
         275
   222.774999999998        1670812499.99998     
          53
   223.124999999998        1673437499.99998     
         375
   223.474999999998        1676062499.99998     
         264
   223.824999999998        1678687499.99998     
         116
   224.174999999998        1681312499.99998     
         272
   224.524999999998        1683937499.99998     
         445
   224.874999999998        1686562499.99998     
         441
   225.224999999998        1689187499.99998     
         214
   225.574999999998        1691812499.99998     
          36
   225.924999999998        1694437499.99998     
         382
   226.274999999998        1697062499.99998     
         429
   226.624999999998        1699687499.99998     
         351
   226.974999999998        1702312499.99998     
         247
   227.324999999998        1704937499.99998     
         413
   227.674999999998        1707562499.99998     
          88
   228.024999999998        1710187499.99998     
         173
   228.374999999997        1712812499.99998     
         360
   228.724999999997        1715437499.99998     
         290
   229.074999999997        1718062499.99998     
         104
   229.424999999997        1720687499.99998     
           1
   229.774999999997        1723312499.99998     
         383
   230.124999999997        1725937499.99998     
         513
   230.474999999997        1728562499.99998     
          34
   230.824999999997        1731187499.99998     
         276
   231.174999999997        1733812499.99998     
          22
   231.524999999997        1736437499.99998     
         279
   231.874999999997        1739062499.99998     
         534
   232.224999999997        1741687499.99998     
         449
   232.574999999997        1744312499.99998     
         338
   232.924999999997        1746937499.99998     
         377
   233.274999999997        1749562499.99998     
         533
   233.624999999997        1752187499.99998     
         473
   233.974999999997        1754812499.99998     
         292
   234.324999999997        1757437499.99998     
         446
   234.674999999997        1760062499.99998     
          68
   235.024999999997        1762687499.99998     
         525
   235.374999999997        1765312499.99998     
         163
   235.724999999997        1767937499.99998     
         314
   236.074999999997        1770562499.99998     
         175
   236.424999999997        1773187499.99998     
         273
   236.774999999997        1775812499.99998     
         119
   237.124999999997        1778437499.99998     
         224
   237.474999999997        1781062499.99998     
         215
   237.824999999997        1783687499.99998     
         232
   238.174999999997        1786312499.99998     
         392
   238.524999999997        1788937499.99998     
         186
   238.874999999997        1791562499.99998     
         204
   239.224999999997        1794187499.99998     
         434
   239.574999999997        1796812499.99998     
          68
   239.924999999997        1799437499.99998     
         494
   240.274999999997        1802062499.99998     
         441
   240.624999999997        1804687499.99998     
         282
   240.974999999997        1807312499.99998     
         326
   241.324999999997        1809937499.99998     
         478
   241.674999999997        1812562499.99998     
         226
   242.024999999997        1815187499.99998     
           6
   242.374999999997        1817812499.99998     
         519
   242.724999999997        1820437499.99998     
         367
   243.074999999997        1823062499.99998     
         288
   243.424999999997        1825687499.99998     
         254
   243.774999999997        1828312499.99998     
         121
   244.124999999997        1830937499.99998     
         132
   244.474999999997        1833562499.99998     
         261
   244.824999999997        1836187499.99998     
          48
   245.174999999997        1838812499.99998     
         439
   245.524999999997        1841437499.99998     
         294
   245.874999999997        1844062499.99998     
         198
   246.224999999997        1846687499.99998     
         215
   246.574999999997        1849312499.99998     
         504
   246.924999999997        1851937499.99998     
          10
   247.274999999997        1854562499.99998     
          66
   247.624999999997        1857187499.99998     
         404
   247.974999999997        1859812499.99998     
         259
   248.324999999997        1862437499.99998     
         108
   248.674999999997        1865062499.99998     
         504
   249.024999999997        1867687499.99998     
         385
   249.374999999997        1870312499.99998     
         246
   249.724999999997        1872937499.99998     
         227
   250.074999999997        1875562499.99998     
         517
   250.424999999997        1878187499.99998     
          21
   250.774999999997        1880812499.99998     
         380
   251.124999999997        1883437499.99998     
         386
   251.474999999997        1886062499.99998     
          71
   251.824999999997        1888687499.99998     
         233
   252.174999999997        1891312499.99998     
          54
   252.524999999997        1893937499.99998     
         209
   252.874999999997        1896562499.99998     
         408
   253.224999999997        1899187499.99998     
         255
   253.574999999997        1901812499.99998     
         322
   253.924999999997        1904437499.99998     
         502
   254.274999999997        1907062499.99998     
         232
   254.624999999997        1909687499.99998     
         225
   254.974999999997        1912312499.99998     
         253
   255.324999999997        1914937499.99998     
          86
   255.674999999997        1917562499.99998     
         109
   256.024999999997        1920187499.99998     
         257
   256.374999999997        1922812499.99998     
         514
   256.724999999997        1925437499.99998     
         173
   257.074999999997        1928062499.99998     
         464
   257.424999999997        1930687499.99998     
         232
   257.774999999997        1933312499.99998     
         341
   258.124999999997        1935937499.99998     
         165
   258.474999999997        1938562499.99998     
         328
   258.824999999997        1941187499.99998     
         324
   259.174999999997        1943812499.99998     
         239
   259.524999999997        1946437499.99998     
         162
   259.874999999997        1949062499.99998     
         108
   260.224999999997        1951687499.99998     
         305
   260.574999999997        1954312499.99998     
         430
   260.924999999997        1956937499.99998     
         213
   261.274999999997        1959562499.99998     
         102
   261.624999999997        1962187499.99998     
         340
   261.974999999997        1964812499.99998     
         136
   262.324999999997        1967437499.99998     
         318
   262.674999999998        1970062499.99998     
         181
   263.024999999998        1972687499.99998     
          75
   263.374999999998        1975312499.99998     
         509
   263.724999999998        1977937499.99998     
         329
   264.074999999998        1980562499.99998     
         199
   264.424999999998        1983187499.99998     
         480
   264.774999999998        1985812499.99998     
           2
   265.124999999998        1988437499.99998     
         408
   265.474999999998        1991062499.99998     
         347
   265.824999999998        1993687499.99998     
         185
   266.174999999998        1996312499.99998     
          68
   266.524999999998        1998937499.99998     
         276
   266.874999999998        2001562499.99998     
         221
   267.224999999998        2004187499.99998     
         451
   267.574999999998        2006812499.99998     
         321
   267.924999999998        2009437499.99998     
         254
   268.274999999998        2012062499.99998     
         360
   268.624999999998        2014687499.99998     
         368
   268.974999999998        2017312499.99998     
           3
   269.324999999998        2019937499.99998     
         243
   269.674999999998        2022562499.99998     
         110
   270.024999999998        2025187499.99998     
           1
   270.374999999998        2027812499.99998     
          23
   270.724999999998        2030437499.99999     
         474
   271.074999999998        2033062499.99999     
         333
   271.424999999998        2035687499.99999     
         507
   271.774999999998        2038312499.99999     
         449
   272.124999999998        2040937499.99999     
         347
   272.474999999998        2043562499.99999     
         345
   272.824999999998        2046187499.99999     
         323
   273.174999999998        2048812499.99999     
         457
   273.524999999998        2051437499.99999     
         193
   273.874999999998        2054062499.99999     
         359
   274.224999999998        2056687499.99999     
         252
   274.574999999998        2059312499.99999     
         480
   274.924999999998        2061937499.99999     
         395
   275.274999999998        2064562499.99999     
         207
   275.624999999998        2067187499.99999     
         376
   275.974999999998        2069812499.99999     
         447
   276.324999999998        2072437499.99999     
           2
   276.674999999998        2075062499.99999     
         177
   277.024999999998        2077687499.99999     
          83
   277.374999999998        2080312499.99999     
         315
   277.724999999998        2082937499.99999     
          47
   278.074999999999        2085562499.99999     
          55
   278.424999999999        2088187499.99999     
         358
   278.774999999999        2090812499.99999     
         210
   279.124999999999        2093437499.99999     
         257
   279.474999999999        2096062499.99999     
         282
   279.824999999999        2098687499.99999     
         232
   280.174999999999        2101312499.99999     
         501
   280.524999999999        2103937499.99999     
          88
   280.874999999999        2106562499.99999     
         201
   281.224999999999        2109187499.99999     
         536
   281.574999999999        2111812499.99999     
         470
   281.924999999999        2114437499.99999     
         235
   282.274999999999        2117062499.99999     
          97
   282.624999999999        2119687499.99999     
          14
   282.974999999999        2122312499.99999     
         146
   283.324999999999        2124937499.99999     
         306
   283.674999999999        2127562499.99999     
         135
   284.024999999999        2130187499.99999     
         204
   284.374999999999        2132812499.99999     
         304
   284.724999999999        2135437499.99999     
         138
   285.074999999999        2138062499.99999     
         444
   285.424999999999        2140687499.99999     
         158
   285.774999999999        2143312499.99999     
         157
   286.124999999999        2145937499.99999     
         497
   286.474999999999        2148562499.99999     
         106
   286.824999999999        2151187499.99999     
          32
   287.174999999999        2153812499.99999     
         436
   287.524999999999        2156437499.99999     
         234
   287.874999999999        2159062499.99999     
         146
   288.224999999999        2161687499.99999     
         152
   288.574999999999        2164312499.99999     
         439
   288.924999999999        2166937499.99999     
         219
   289.274999999999        2169562499.99999     
         473
   289.624999999999        2172187499.99999     
          57
   289.974999999999        2174812499.99999     
         198
   290.324999999999        2177437499.99999     
         454
   290.674999999999        2180062499.99999     
         127
   291.024999999999        2182687500.00000     
         404
   291.374999999999        2185312500.00000     
          43
   291.724999999999        2187937500.00000     
         135
   292.074999999999        2190562500.00000     
         194
   292.424999999999        2193187500.00000     
         225
   292.774999999999        2195812500.00000     
         211
   293.124999999999        2198437500.00000     
         181
   293.475000000000        2201062500.00000     
         430
   293.825000000000        2203687500.00000     
         288
   294.175000000000        2206312500.00000     
         256
   294.525000000000        2208937500.00000     
         346
   294.875000000000        2211562500.00000     
         286
   295.225000000000        2214187500.00000     
         192
   295.575000000000        2216812500.00000     
         268
   295.925000000000        2219437500.00000     
         327
   296.275000000000        2222062500.00000     
         360
   296.625000000000        2224687500.00000     
         350
   296.975000000000        2227312500.00000     
          49
   297.325000000000        2229937500.00000     
         115
   297.675000000000        2232562500.00000     
          63
   298.025000000000        2235187500.00000     
         368
   298.375000000000        2237812500.00000     
         304
   298.725000000000        2240437500.00000     
           2
   299.075000000000        2243062500.00000     
         274
   299.425000000000        2245687500.00000     
          46
   299.775000000000        2248312500.00000     
         417
   300.125000000000        2250937500.00000     
          99
   300.475000000000        2253562500.00000     
          95
   300.825000000000        2256187500.00000     
          50
   301.175000000000        2258812500.00000     
         271
   301.525000000000        2261437500.00000     
         148
   301.875000000000        2264062500.00000     
         242
   302.225000000000        2266687500.00000     
         380
   302.575000000000        2269312500.00000     
         516
   302.925000000000        2271937500.00000     
         465
   303.275000000000        2274562500.00000     
         527
   303.625000000000        2277187500.00000     
         218
   303.975000000000        2279812500.00000     
         253
   304.325000000000        2282437500.00000     
         379
   304.675000000000        2285062500.00000     
         306
   305.025000000000        2287687500.00000     
         286
   305.375000000000        2290312500.00000     
          63
   305.725000000000        2292937500.00000     
         513
   306.075000000000        2295562500.00000     
         489
   306.425000000000        2298187500.00000     
         521
   306.775000000000        2300812500.00000     
         318
   307.125000000000        2303437500.00000     
         390
   307.475000000000        2306062500.00000     
         125
   307.825000000000        2308687500.00000     
         431
   308.175000000000        2311312500.00000     
         180
   308.525000000000        2313937500.00000     
         442
   308.875000000001        2316562500.00000     
         132
   309.225000000001        2319187500.00000     
         203
   309.575000000001        2321812500.00000     
         187
   309.925000000001        2324437500.00000     
         148
   310.275000000001        2327062500.00000     
         309
   310.625000000001        2329687500.00000     
         353
   310.975000000001        2332312500.00000     
         462
   311.325000000001        2334937500.00001     
         436
   311.675000000001        2337562500.00001     
         537
   312.025000000001        2340187500.00001     
          91
   312.375000000001        2342812500.00001     
         183
   312.725000000001        2345437500.00001     
          38
   313.075000000001        2348062500.00001     
         297
   313.425000000001        2350687500.00001     
         382
   313.775000000001        2353312500.00001     
         278
   314.125000000001        2355937500.00001     
         123
   314.475000000001        2358562500.00001     
         143
   314.825000000001        2361187500.00001     
         222
   315.175000000001        2363812500.00001     
         100
   315.525000000001        2366437500.00001     
          88
   315.875000000001        2369062500.00001     
         139
   316.225000000001        2371687500.00001     
         429
   316.575000000001        2374312500.00001     
         282
   316.925000000001        2376937500.00001     
         399
   317.275000000001        2379562500.00001     
          67
   317.625000000001        2382187500.00001     
         233
   317.975000000001        2384812500.00001     
         230
   318.325000000001        2387437500.00001     
          17
   318.675000000001        2390062500.00001     
         357
   319.025000000001        2392687500.00001     
         490
   319.375000000001        2395312500.00001     
         414
   319.725000000001        2397937500.00001     
         223
   320.075000000001        2400562500.00001     
         172
   320.425000000001        2403187500.00001     
         454
   320.775000000001        2405812500.00001     
          62
   321.125000000001        2408437500.00001     
         203
   321.475000000001        2411062500.00001     
         221
   321.825000000001        2413687500.00001     
         218
   322.175000000001        2416312500.00001     
         395
   322.525000000001        2418937500.00001     
         221
   322.875000000001        2421562500.00001     
         296
   323.225000000001        2424187500.00001     
         386
   323.575000000001        2426812500.00001     
         100
   323.925000000001        2429437500.00001     
         397
   324.275000000002        2432062500.00001     
         106
   324.625000000002        2434687500.00001     
         105
   324.975000000002        2437312500.00001     
         299
   325.325000000002        2439937500.00001     
         255
   325.675000000002        2442562500.00001     
         339
   326.025000000002        2445187500.00001     
         440
   326.375000000002        2447812500.00001     
         348
   326.725000000002        2450437500.00001     
         535
   327.075000000002        2453062500.00001     
         432
   327.425000000002        2455687500.00001     
         300
   327.775000000002        2458312500.00001     
         124
   328.125000000002        2460937500.00001     
         377
   328.475000000002        2463562500.00001     
          32
   328.825000000002        2466187500.00001     
         228
   329.175000000002        2468812500.00001     
         456
   329.525000000002        2471437500.00001     
         261
   329.875000000002        2474062500.00001     
         167
   330.225000000002        2476687500.00001     
          22
   330.575000000002        2479312500.00001     
         443
   330.925000000002        2481937500.00001     
          98
   331.275000000002        2484562500.00001     
         469
   331.625000000002        2487187500.00001     
          47
   331.975000000002        2489812500.00002     
         465
   332.325000000002        2492437500.00002     
         114
   332.675000000002        2495062500.00002     
         306
   333.025000000002        2497687500.00002     
           3
   333.375000000002        2500312500.00002     
         248
   333.725000000002        2502937500.00002     
         166
   334.075000000002        2505562500.00002     
         131
   334.425000000002        2508187500.00002     
         184
   334.775000000002        2510812500.00002     
         522
   335.125000000002        2513437500.00002     
         523
   335.475000000002        2516062500.00002     
         260
   335.825000000002        2518687500.00002     
         497
   336.175000000002        2521312500.00002     
         147
   336.525000000002        2523937500.00002     
         170
   336.875000000002        2526562500.00002     
         252
   337.225000000002        2529187500.00002     
          62
   337.575000000002        2531812500.00002     
         539
   337.925000000002        2534437500.00002     
         139
   338.275000000002        2537062500.00002     
         143
   338.625000000002        2539687500.00002     
         412
   338.975000000002        2542312500.00002     
          18
   339.325000000002        2544937500.00002     
         427
   339.675000000003        2547562500.00002     
           7
   340.025000000003        2550187500.00002     
         495
   340.375000000003        2552812500.00002     
         395
   340.725000000003        2555437500.00002     
         239
   341.075000000003        2558062500.00002     
         496
   341.425000000003        2560687500.00002     
         209
   341.775000000003        2563312500.00002     
         457
   342.125000000003        2565937500.00002     
         224
   342.475000000003        2568562500.00002     
         321
   342.825000000003        2571187500.00002     
         114
   343.175000000003        2573812500.00002     
         444
   343.525000000003        2576437500.00002     
         305
   343.875000000003        2579062500.00002     
           0
   344.225000000003        2581687500.00002     
         154
   344.575000000003        2584312500.00002     
         230
   344.925000000003        2586937500.00002     
         377
   345.275000000003        2589562500.00002     
         392
   345.625000000003        2592187500.00002     
         205
   345.975000000003        2594812500.00002     
         268
   346.325000000003        2597437500.00002     
         173
   346.675000000003        2600062500.00002     
         252
   347.025000000003        2602687500.00002     
         183
   347.375000000003        2605312500.00002     
         156
   347.725000000003        2607937500.00002     
         317
   348.075000000003        2610562500.00002     
         108
   348.425000000003        2613187500.00002     
         514
   348.775000000003        2615812500.00002     
         338
   349.125000000003        2618437500.00002     
         488
   349.475000000003        2621062500.00002     
         248
   349.825000000003        2623687500.00002     
          36
   350.175000000003        2626312500.00002     
         195
   350.525000000003        2628937500.00002     
         300
   350.875000000003        2631562500.00002     
          86
   351.225000000003        2634187500.00002     
         439
   351.575000000003        2636812500.00002     
          65
   351.925000000003        2639437500.00002     
         231
   352.275000000003        2642062500.00002     
         177
   352.625000000003        2644687500.00003     
         367
   352.975000000003        2647312500.00003     
          55
   353.325000000003        2649937500.00003     
         370
   353.675000000003        2652562500.00003     
         315
   354.025000000003        2655187500.00003     
         126
   354.375000000003        2657812500.00003     
         409
   354.725000000003        2660437500.00003     
          28
   355.075000000004        2663062500.00003     
         192
   355.425000000004        2665687500.00003     
         480
   355.775000000004        2668312500.00003     
         144
   356.125000000004        2670937500.00003     
         324
   356.475000000004        2673562500.00003     
         299
   356.825000000004        2676187500.00003     
         274
   357.175000000004        2678812500.00003     
         303
   357.525000000004        2681437500.00003     
         471
   357.875000000004        2684062500.00003     
         205
   358.225000000004        2686687500.00003     
         333
   358.575000000004        2689312500.00003     
         489
   358.925000000004        2691937500.00003     
         301
   359.275000000004        2694562500.00003     
         537
   359.625000000004        2697187500.00003     
         129
   359.975000000004        2699812500.00003     
         525
   360.325000000004        2702437500.00003     
         293
   360.675000000004        2705062500.00003     
         428
   361.025000000004        2707687500.00003     
         483
   361.375000000004        2710312500.00003     
         241
   361.725000000004        2712937500.00003     
         526
   362.075000000004        2715562500.00003     
         245
   362.425000000004        2718187500.00003     
         470
   362.775000000004        2720812500.00003     
         124
   363.125000000004        2723437500.00003     
          71
   363.475000000004        2726062500.00003     
         477
   363.825000000004        2728687500.00003     
         511
   364.175000000004        2731312500.00003     
         355
   364.525000000004        2733937500.00003     
         347
   364.875000000004        2736562500.00003     
         297
   365.225000000004        2739187500.00003     
         497
   365.575000000004        2741812500.00003     
          72
   365.925000000004        2744437500.00003     
         459
   366.275000000004        2747062500.00003     
         158
   366.625000000004        2749687500.00003     
         325
   366.975000000004        2752312500.00003     
         308
   367.325000000004        2754937500.00003     
          93
   367.675000000004        2757562500.00003     
         300
   368.025000000004        2760187500.00003     
         364
   368.375000000004        2762812500.00003     
         404
   368.725000000004        2765437500.00003     
         260
   369.075000000004        2768062500.00003     
         215
   369.425000000004        2770687500.00003     
         502
   369.775000000004        2773312500.00003     
          35
   370.125000000004        2775937500.00003     
         158
   370.475000000005        2778562500.00003     
         112
   370.825000000005        2781187500.00003     
         501
   371.175000000005        2783812500.00003     
         104
   371.525000000005        2786437500.00003     
          77
   371.875000000005        2789062500.00003     
         451
   372.225000000005        2791687500.00003     
          11
   372.575000000005        2794312500.00003     
         222
   372.925000000005        2796937500.00003     
          33
   373.275000000005        2799562500.00004     
         483
   373.625000000005        2802187500.00004     
         378
   373.975000000005        2804812500.00004     
         411
   374.325000000005        2807437500.00004     
         167
   374.675000000005        2810062500.00004     
         140
   375.025000000005        2812687500.00004     
         459
   375.375000000005        2815312500.00004     
         500
   375.725000000005        2817937500.00004     
         388
   376.075000000005        2820562500.00004     
         506
   376.425000000005        2823187500.00004     
         309
   376.775000000005        2825812500.00004     
         368
   377.125000000005        2828437500.00004     
         179
   377.475000000005        2831062500.00004     
         536
   377.825000000005        2833687500.00004     
         201
   378.175000000005        2836312500.00004     
         419
   378.525000000005        2838937500.00004     
         374
   378.875000000005        2841562500.00004     
         354
   379.225000000005        2844187500.00004     
         345
   379.575000000005        2846812500.00004     
         373
   379.925000000005        2849437500.00004     
         133
   380.275000000005        2852062500.00004     
         335
   380.625000000005        2854687500.00004     
         497
   380.975000000005        2857312500.00004     
          46
   381.325000000005        2859937500.00004     
         138
   381.675000000005        2862562500.00004     
         143
   382.025000000005        2865187500.00004     
         476
   382.375000000005        2867812500.00004     
         216
   382.725000000005        2870437500.00004     
         378
   383.075000000005        2873062500.00004     
         252
   383.425000000005        2875687500.00004     
         169
   383.775000000005        2878312500.00004     
         531
   384.125000000005        2880937500.00004     
         297
   384.475000000005        2883562500.00004     
         392
   384.825000000005        2886187500.00004     
         378
   385.175000000005        2888812500.00004     
         213
   385.525000000005        2891437500.00004     
         133
   385.875000000006        2894062500.00004     
          56
   386.225000000006        2896687500.00004     
         520
   386.575000000006        2899312500.00004     
         140
   386.925000000006        2901937500.00004     
          11
   387.275000000006        2904562500.00004     
         177
   387.625000000006        2907187500.00004     
         523
   387.975000000006        2909812500.00004     
         223
   388.325000000006        2912437500.00004     
         471
   388.675000000006        2915062500.00004     
         333
   389.025000000006        2917687500.00004     
          84
   389.375000000006        2920312500.00004     
         158
   389.725000000006        2922937500.00004     
         279
   390.075000000006        2925562500.00004     
         260
   390.425000000006        2928187500.00004     
         282
   390.775000000006        2930812500.00004     
         518
   391.125000000006        2933437500.00004     
         508
   391.475000000006        2936062500.00004     
         202
   391.825000000006        2938687500.00004     
         102
   392.175000000006        2941312500.00004     
         459
   392.525000000006        2943937500.00004     
         347
   392.875000000006        2946562500.00004     
          71
   393.225000000006        2949187500.00004     
         350
   393.575000000006        2951812500.00005     
         476
   393.925000000006        2954437500.00005     
         125
   394.275000000006        2957062500.00005     
         149
   394.625000000006        2959687500.00005     
         153
   394.975000000006        2962312500.00005     
         105
   395.325000000006        2964937500.00005     
          24
   395.675000000006        2967562500.00005     
         396
   396.025000000006        2970187500.00005     
         462
   396.375000000006        2972812500.00005     
          19
   396.725000000006        2975437500.00005     
         344
   397.075000000006        2978062500.00005     
         259
   397.425000000006        2980687500.00005     
         269
   397.775000000006        2983312500.00005     
         316
   398.125000000006        2985937500.00005     
         512
   398.475000000006        2988562500.00005     
         136
   398.825000000006        2991187500.00005     
         354
   399.175000000006        2993812500.00005     
         441
   399.525000000006        2996437500.00005     
          78
   399.875000000006        2999062500.00005     
          92
   400.225000000006        3001687500.00005     
         490
   400.575000000006        3004312500.00005     
         289
   400.925000000006        3006937500.00005     
         320
   401.275000000007        3009562500.00005     
         423
   401.625000000007        3012187500.00005     
         496
   401.975000000007        3014812500.00005     
         239
   402.325000000007        3017437500.00005     
         173
   402.675000000007        3020062500.00005     
         382
   403.025000000007        3022687500.00005     
         489
   403.375000000007        3025312500.00005     
         424
   403.725000000007        3027937500.00005     
         489
   404.075000000007        3030562500.00005     
         198
   404.425000000007        3033187500.00005     
         493
   404.775000000007        3035812500.00005     
         181
   405.125000000007        3038437500.00005     
         287
   405.475000000007        3041062500.00005     
         195
   405.825000000007        3043687500.00005     
         176
   406.175000000007        3046312500.00005     
          35
   406.525000000007        3048937500.00005     
         145
   406.875000000007        3051562500.00005     
         220
   407.225000000007        3054187500.00005     
         315
   407.575000000007        3056812500.00005     
         526
   407.925000000007        3059437500.00005     
         455
   408.275000000007        3062062500.00005     
         406
   408.625000000007        3064687500.00005     
          55
   408.975000000007        3067312500.00005     
         383
   409.325000000007        3069937500.00005     
          44
   409.675000000007        3072562500.00005     
          43
   410.025000000007        3075187500.00005     
          17
   410.375000000007        3077812500.00005     
         293
   410.725000000007        3080437500.00005     
         238
   411.075000000007        3083062500.00005     
         406
   411.425000000007        3085687500.00005     
          34
   411.775000000007        3088312500.00005     
          69
   412.125000000007        3090937500.00005     
          58
   412.475000000007        3093562500.00005     
         129
   412.825000000007        3096187500.00005     
         132
   413.175000000007        3098812500.00005     
         408
   413.525000000007        3101437500.00005     
         186
   413.875000000007        3104062500.00005     
         254
   414.225000000007        3106687500.00006     
         389
   414.575000000007        3109312500.00006     
         316
   414.925000000007        3111937500.00006     
         112
   415.275000000007        3114562500.00006     
         112
   415.625000000007        3117187500.00006     
         312
   415.975000000007        3119812500.00006     
         420
   416.325000000007        3122437500.00006     
         101
   416.675000000008        3125062500.00006     
         242
   417.025000000008        3127687500.00006     
         336
   417.375000000008        3130312500.00006     
         445
   417.725000000008        3132937500.00006     
          33
   418.075000000008        3135562500.00006     
         248
   418.425000000008        3138187500.00006     
         426
   418.775000000008        3140812500.00006     
         426
   419.125000000008        3143437500.00006     
         313
   419.475000000008        3146062500.00006     
          76
   419.825000000008        3148687500.00006     
