       time        TW        TE         hW        hE
   0.17500E+00   0.29388E+02   0.29371E+02   0.37708E-02  -0.24778E-01
   0.52500E+00   0.28589E+02   0.28096E+02   0.30056E-01  -0.84574E-01
   0.87500E+00   0.28430E+02   0.27032E+02   0.70553E-01  -0.15376E+00
   0.12250E+01   0.28602E+02   0.26140E+02   0.11827E+00  -0.22765E+00
   0.15750E+01   0.28925E+02   0.25127E+02   0.17434E+00  -0.30219E+00
   0.19250E+01   0.29246E+02   0.24199E+02   0.23226E+00  -0.36263E+00
   0.22750E+01   0.29499E+02   0.23488E+02   0.29143E+00  -0.42238E+00
   0.26250E+01   0.29682E+02   0.23076E+02   0.35037E+00  -0.48942E+00
   0.29750E+01   0.29803E+02   0.23087E+02   0.41231E+00  -0.54220E+00
   0.33250E+01   0.29880E+02   0.23453E+02   0.47284E+00  -0.57479E+00
   0.36750E+01   0.29929E+02   0.24128E+02   0.53234E+00  -0.59601E+00
   0.40250E+01   0.29959E+02   0.25053E+02   0.58977E+00  -0.59501E+00
   0.43750E+01   0.29976E+02   0.25983E+02   0.64539E+00  -0.56534E+00
   0.47250E+01   0.29985E+02   0.26751E+02   0.69699E+00  -0.52453E+00
   0.50750E+01   0.29991E+02   0.27376E+02   0.73619E+00  -0.46707E+00
   0.54250E+01   0.29995E+02   0.27882E+02   0.75018E+00  -0.39051E+00
   0.57750E+01   0.29997E+02   0.28314E+02   0.73769E+00  -0.31773E+00
   0.61250E+01   0.29998E+02   0.28666E+02   0.70823E+00  -0.24404E+00
   0.64750E+01   0.29998E+02   0.28812E+02   0.66647E+00  -0.17771E+00
   0.68250E+01   0.29996E+02   0.28933E+02   0.61401E+00  -0.12639E+00
   0.71750E+01   0.29992E+02   0.29166E+02   0.56400E+00  -0.71665E-01
   0.75250E+01   0.29988E+02   0.29295E+02   0.51656E+00  -0.26740E-01
   0.78750E+01   0.29981E+02   0.29144E+02   0.46836E+00  -0.47064E-02
   0.82250E+01   0.29972E+02   0.28826E+02   0.42553E+00   0.24614E-02
   0.85750E+01   0.29960E+02   0.28516E+02   0.38748E+00   0.67911E-02
   0.89250E+01   0.29942E+02   0.28403E+02   0.36272E+00   0.22433E-01
   0.92750E+01   0.29921E+02   0.28468E+02   0.34690E+00   0.29074E-01
   0.96250E+01   0.29905E+02   0.28487E+02   0.33585E+00   0.21302E-01
   0.99750E+01   0.29895E+02   0.28344E+02   0.32487E+00   0.60649E-02
   0.10325E+02   0.29883E+02   0.28099E+02   0.31506E+00  -0.13800E-01
   0.10675E+02   0.29876E+02   0.28087E+02   0.31004E+00  -0.75393E-02
   0.11025E+02   0.29869E+02   0.28167E+02   0.30571E+00   0.70446E-03
   0.11375E+02   0.29860E+02   0.27923E+02   0.29864E+00  -0.27269E-01
   0.11725E+02   0.29842E+02   0.27499E+02   0.28327E+00  -0.54993E-01
   0.12075E+02   0.29818E+02   0.27244E+02   0.27207E+00  -0.63791E-01
   0.12425E+02   0.29800E+02   0.26963E+02   0.26956E+00  -0.79749E-01
   0.12775E+02   0.29789E+02   0.26636E+02   0.26884E+00  -0.10110E+00
   0.13125E+02   0.29785E+02   0.26471E+02   0.26824E+00  -0.11624E+00
   0.13475E+02   0.29781E+02   0.26227E+02   0.26458E+00  -0.13317E+00
   0.13825E+02   0.29773E+02   0.25836E+02   0.26639E+00  -0.15385E+00
   0.14175E+02   0.29775E+02   0.25611E+02   0.28140E+00  -0.16973E+00
   0.14525E+02   0.29794E+02   0.25473E+02   0.29857E+00  -0.18669E+00
   0.14875E+02   0.29813E+02   0.25219E+02   0.30309E+00  -0.20908E+00
   0.15225E+02   0.29824E+02   0.24904E+02   0.30668E+00  -0.23424E+00
   0.15575E+02   0.29836E+02   0.24575E+02   0.31912E+00  -0.25485E+00
   0.15925E+02   0.29854E+02   0.24409E+02   0.33913E+00  -0.27322E+00
   0.16275E+02   0.29877E+02   0.24299E+02   0.36178E+00  -0.29917E+00
   0.16625E+02   0.29897E+02   0.24331E+02   0.38005E+00  -0.32228E+00
   0.16975E+02   0.29914E+02   0.24616E+02   0.39906E+00  -0.33273E+00
   0.17325E+02   0.29929E+02   0.24986E+02   0.42499E+00  -0.33701E+00
   0.17675E+02   0.29944E+02   0.25433E+02   0.45295E+00  -0.33890E+00
   0.18025E+02   0.29955E+02   0.26110E+02   0.47150E+00  -0.33029E+00
   0.18375E+02   0.29964E+02   0.26922E+02   0.49069E+00  -0.31073E+00
   0.18725E+02   0.29971E+02   0.27556E+02   0.51048E+00  -0.28900E+00
   0.19075E+02   0.29975E+02   0.28075E+02   0.51633E+00  -0.26414E+00
   0.19425E+02   0.29978E+02   0.28503E+02   0.51413E+00  -0.23265E+00
   0.19775E+02   0.29979E+02   0.28633E+02   0.50909E+00  -0.20128E+00
   0.20125E+02   0.29978E+02   0.28678E+02   0.49714E+00  -0.17157E+00
   0.20475E+02   0.29976E+02   0.28813E+02   0.48033E+00  -0.14304E+00
   0.20825E+02   0.29973E+02   0.28751E+02   0.46263E+00  -0.12122E+00
   0.21175E+02   0.29969E+02   0.28462E+02   0.44301E+00  -0.10388E+00
   0.21525E+02   0.29962E+02   0.28106E+02   0.41653E+00  -0.87091E-01
   0.21875E+02   0.29951E+02   0.28072E+02   0.39282E+00  -0.65878E-01
   0.22225E+02   0.29940E+02   0.28064E+02   0.38084E+00  -0.49660E-01
   0.22575E+02   0.29931E+02   0.27758E+02   0.36673E+00  -0.56292E-01
   0.22925E+02   0.29920E+02   0.27405E+02   0.34722E+00  -0.71329E-01
   0.23275E+02   0.29908E+02   0.27143E+02   0.33416E+00  -0.70596E-01
   0.23625E+02   0.29894E+02   0.27052E+02   0.32474E+00  -0.63196E-01
   0.23975E+02   0.29881E+02   0.27032E+02   0.31745E+00  -0.64716E-01
   0.24325E+02   0.29870E+02   0.26863E+02   0.31408E+00  -0.80152E-01
   0.24675E+02   0.29863E+02   0.26490E+02   0.31103E+00  -0.10057E+00
   0.25025E+02   0.29855E+02   0.26266E+02   0.30812E+00  -0.11015E+00
   0.25375E+02   0.29851E+02   0.26245E+02   0.31303E+00  -0.11396E+00
   0.25725E+02   0.29853E+02   0.26094E+02   0.31521E+00  -0.12554E+00
   0.26075E+02   0.29855E+02   0.25871E+02   0.31081E+00  -0.14225E+00
   0.26425E+02   0.29854E+02   0.25835E+02   0.30720E+00  -0.15042E+00
   0.26775E+02   0.29851E+02   0.25946E+02   0.30790E+00  -0.14796E+00
   0.27125E+02   0.29853E+02   0.25828E+02   0.31825E+00  -0.15623E+00
   0.27475E+02   0.29860E+02   0.25556E+02   0.32567E+00  -0.17905E+00
   0.27825E+02   0.29868E+02   0.25398E+02   0.32262E+00  -0.19182E+00
   0.28175E+02   0.29870E+02   0.24961E+02   0.31714E+00  -0.20461E+00
   0.28525E+02   0.29868E+02   0.24641E+02   0.32220E+00  -0.22196E+00
   0.28875E+02   0.29872E+02   0.24534E+02   0.33777E+00  -0.23461E+00
   0.29225E+02   0.29883E+02   0.24148E+02   0.35077E+00  -0.26095E+00
   0.29575E+02   0.29895E+02   0.24096E+02   0.35864E+00  -0.28909E+00
   0.29925E+02   0.29906E+02   0.24171E+02   0.37262E+00  -0.30319E+00
   0.30275E+02   0.29918E+02   0.24248E+02   0.39420E+00  -0.30493E+00
   0.30625E+02   0.29930E+02   0.24767E+02   0.41720E+00  -0.30150E+00
   0.30975E+02   0.29941E+02   0.25336E+02   0.43482E+00  -0.30471E+00
   0.31325E+02   0.29950E+02   0.25338E+02   0.44856E+00  -0.30494E+00
   0.31675E+02   0.29957E+02   0.25064E+02   0.46341E+00  -0.30965E+00
   0.32025E+02   0.29963E+02   0.25026E+02   0.47892E+00  -0.31484E+00
   0.32375E+02   0.29968E+02   0.25228E+02   0.48595E+00  -0.30179E+00
   0.32725E+02   0.29971E+02   0.25581E+02   0.48547E+00  -0.28997E+00
   0.33075E+02   0.29972E+02   0.26203E+02   0.48868E+00  -0.27150E+00
   0.33425E+02   0.29973E+02   0.26562E+02   0.49223E+00  -0.24657E+00
   0.33775E+02   0.29975E+02   0.26390E+02   0.49261E+00  -0.23729E+00
   0.34125E+02   0.29976E+02   0.26433E+02   0.49078E+00  -0.22468E+00
   0.34475E+02   0.29976E+02   0.26484E+02   0.48838E+00  -0.20125E+00
   0.34825E+02   0.29975E+02   0.26741E+02   0.47475E+00  -0.17294E+00
   0.35175E+02   0.29972E+02   0.27147E+02   0.45582E+00  -0.14407E+00
   0.35525E+02   0.29968E+02   0.27220E+02   0.44154E+00  -0.12104E+00
   0.35875E+02   0.29963E+02   0.27262E+02   0.42780E+00  -0.10149E+00
   0.36225E+02   0.29959E+02   0.27242E+02   0.41407E+00  -0.91644E-01
   0.36575E+02   0.29951E+02   0.27080E+02   0.39948E+00  -0.90155E-01
   0.36925E+02   0.29941E+02   0.27036E+02   0.38599E+00  -0.80550E-01
   0.37275E+02   0.29930E+02   0.27151E+02   0.36816E+00  -0.68991E-01
   0.37625E+02   0.29919E+02   0.27155E+02   0.34980E+00  -0.68393E-01
   0.37975E+02   0.29907E+02   0.26983E+02   0.33704E+00  -0.76956E-01
   0.38325E+02   0.29894E+02   0.26825E+02   0.33312E+00  -0.84092E-01
   0.38675E+02   0.29889E+02   0.26878E+02   0.33415E+00  -0.80406E-01
   0.39025E+02   0.29888E+02   0.26844E+02   0.32909E+00  -0.86975E-01
   0.39375E+02   0.29882E+02   0.26678E+02   0.31907E+00  -0.10037E+00
   0.39725E+02   0.29872E+02   0.26554E+02   0.31005E+00  -0.99152E-01
   0.40075E+02   0.29866E+02   0.26254E+02   0.30601E+00  -0.10616E+00
   0.40425E+02   0.29858E+02   0.25856E+02   0.30278E+00  -0.12801E+00
   0.40775E+02   0.29852E+02   0.25438E+02   0.30315E+00  -0.15042E+00
   0.41125E+02   0.29853E+02   0.25001E+02   0.30447E+00  -0.17167E+00
   0.41475E+02   0.29853E+02   0.24967E+02   0.30722E+00  -0.18164E+00
   0.41825E+02   0.29853E+02   0.25241E+02   0.31223E+00  -0.18739E+00
   0.42175E+02   0.29855E+02   0.25165E+02   0.32389E+00  -0.20238E+00
   0.42525E+02   0.29867E+02   0.24940E+02   0.34267E+00  -0.22105E+00
   0.42875E+02   0.29882E+02   0.24953E+02   0.35379E+00  -0.23809E+00
   0.43225E+02   0.29895E+02   0.25063E+02   0.36179E+00  -0.24294E+00
   0.43575E+02   0.29905E+02   0.25161E+02   0.36979E+00  -0.24245E+00
   0.43925E+02   0.29913E+02   0.24915E+02   0.37983E+00  -0.25468E+00
   0.44275E+02   0.29920E+02   0.24801E+02   0.38464E+00  -0.26482E+00
   0.44625E+02   0.29926E+02   0.25158E+02   0.38967E+00  -0.26560E+00
   0.44975E+02   0.29932E+02   0.25351E+02   0.40588E+00  -0.27030E+00
   0.45325E+02   0.29939E+02   0.25675E+02   0.42532E+00  -0.26853E+00
   0.45675E+02   0.29947E+02   0.26369E+02   0.43641E+00  -0.25818E+00
   0.46025E+02   0.29952E+02   0.26838E+02   0.43916E+00  -0.24921E+00
   0.46375E+02   0.29956E+02   0.26815E+02   0.44331E+00  -0.23704E+00
   0.46725E+02   0.29959E+02   0.26700E+02   0.44981E+00  -0.22490E+00
   0.47075E+02   0.29962E+02   0.26647E+02   0.45342E+00  -0.21292E+00
   0.47425E+02   0.29962E+02   0.26651E+02   0.44850E+00  -0.20160E+00
   0.47775E+02   0.29960E+02   0.26874E+02   0.44238E+00  -0.18925E+00
   0.48125E+02   0.29958E+02   0.27376E+02   0.43522E+00  -0.16376E+00
   0.48475E+02   0.29956E+02   0.27778E+02   0.42871E+00  -0.14182E+00
   0.48825E+02   0.29954E+02   0.27804E+02   0.42232E+00  -0.12832E+00
   0.49175E+02   0.29951E+02   0.27553E+02   0.40909E+00  -0.11747E+00
   0.49525E+02   0.29946E+02   0.27376E+02   0.39707E+00  -0.10598E+00
   0.49875E+02   0.29940E+02   0.27340E+02   0.38724E+00  -0.91265E-01
   0.50225E+02   0.29933E+02   0.27415E+02   0.36925E+00  -0.77423E-01
   0.50575E+02   0.29922E+02   0.27595E+02   0.35012E+00  -0.63753E-01
   0.50925E+02   0.29910E+02   0.27697E+02   0.33744E+00  -0.54601E-01
   0.51275E+02   0.29897E+02   0.27619E+02   0.32833E+00  -0.56159E-01
   0.51625E+02   0.29882E+02   0.27353E+02   0.32298E+00  -0.68799E-01
   0.51975E+02   0.29873E+02   0.27089E+02   0.31857E+00  -0.83526E-01
   0.52325E+02   0.29866E+02   0.26850E+02   0.31126E+00  -0.92600E-01
   0.52675E+02   0.29853E+02   0.26684E+02   0.30039E+00  -0.95642E-01
   0.53025E+02   0.29840E+02   0.26576E+02   0.29417E+00  -0.10173E+00
   0.53375E+02   0.29834E+02   0.26376E+02   0.29780E+00  -0.11377E+00
   0.53725E+02   0.29837E+02   0.26003E+02   0.30575E+00  -0.13426E+00
   0.54075E+02   0.29845E+02   0.25499E+02   0.30886E+00  -0.16259E+00
   0.54425E+02   0.29848E+02   0.25258E+02   0.30875E+00  -0.17492E+00
   0.54775E+02   0.29850E+02   0.25411E+02   0.31333E+00  -0.17055E+00
   0.55125E+02   0.29856E+02   0.25234E+02   0.31807E+00  -0.18363E+00
   0.55475E+02   0.29859E+02   0.25015E+02   0.32130E+00  -0.20655E+00
   0.55825E+02   0.29865E+02   0.24979E+02   0.33410E+00  -0.22420E+00
   0.56175E+02   0.29877E+02   0.24843E+02   0.35029E+00  -0.23860E+00
   0.56525E+02   0.29891E+02   0.24871E+02   0.36175E+00  -0.24631E+00
   0.56875E+02   0.29903E+02   0.25087E+02   0.37128E+00  -0.25565E+00
   0.57225E+02   0.29912E+02   0.25276E+02   0.37809E+00  -0.26002E+00
   0.57575E+02   0.29919E+02   0.25636E+02   0.38639E+00  -0.25318E+00
   0.57925E+02   0.29927E+02   0.25991E+02   0.40160E+00  -0.25264E+00
   0.58275E+02   0.29936E+02   0.25944E+02   0.41824E+00  -0.25500E+00
   0.58625E+02   0.29943E+02   0.26171E+02   0.42599E+00  -0.24825E+00
   0.58975E+02   0.29948E+02   0.26625E+02   0.42916E+00  -0.23459E+00
   0.59325E+02   0.29951E+02   0.26510E+02   0.42699E+00  -0.22285E+00
   0.59675E+02   0.29952E+02   0.26008E+02   0.42580E+00  -0.22466E+00
   0.60025E+02   0.29952E+02   0.25963E+02   0.43071E+00  -0.22359E+00
   0.60375E+02   0.29953E+02   0.26167E+02   0.43314E+00  -0.20924E+00
   0.60725E+02   0.29954E+02   0.26255E+02   0.42934E+00  -0.20255E+00
   0.61075E+02   0.29954E+02   0.26629E+02   0.42793E+00  -0.19413E+00
   0.61425E+02   0.29954E+02   0.26984E+02   0.42825E+00  -0.17121E+00
   0.61775E+02   0.29953E+02   0.26952E+02   0.42317E+00  -0.15516E+00
   0.62125E+02   0.29951E+02   0.26896E+02   0.41562E+00  -0.14902E+00
   0.62475E+02   0.29948E+02   0.26889E+02   0.41214E+00  -0.14078E+00
   0.62825E+02   0.29946E+02   0.26769E+02   0.40811E+00  -0.12841E+00
   0.63175E+02   0.29942E+02   0.26604E+02   0.38935E+00  -0.12605E+00
   0.63525E+02   0.29935E+02   0.26682E+02   0.36983E+00  -0.12040E+00
   0.63875E+02   0.29923E+02   0.26777E+02   0.36026E+00  -0.10231E+00
   0.64225E+02   0.29916E+02   0.26586E+02   0.35691E+00  -0.10475E+00
   0.64575E+02   0.29911E+02   0.26392E+02   0.35067E+00  -0.12200E+00
   0.64925E+02   0.29904E+02   0.26091E+02   0.34531E+00  -0.13303E+00
   0.65275E+02   0.29900E+02   0.25754E+02   0.34139E+00  -0.14238E+00
   0.65625E+02   0.29895E+02   0.25820E+02   0.33729E+00  -0.14025E+00
   0.65975E+02   0.29891E+02   0.25699E+02   0.33697E+00  -0.14770E+00
   0.66325E+02   0.29890E+02   0.25465E+02   0.33339E+00  -0.16366E+00
   0.66675E+02   0.29889E+02   0.25505E+02   0.33631E+00  -0.16364E+00
   0.67025E+02   0.29892E+02   0.25321E+02   0.34461E+00  -0.17417E+00
   0.67375E+02   0.29896E+02   0.25044E+02   0.34737E+00  -0.18692E+00
   0.67725E+02   0.29900E+02   0.24963E+02   0.34568E+00  -0.19294E+00
   0.68075E+02   0.29902E+02   0.25002E+02   0.34663E+00  -0.20055E+00
   0.68425E+02   0.29901E+02   0.25035E+02   0.34873E+00  -0.20088E+00
   0.68775E+02   0.29901E+02   0.24999E+02   0.35422E+00  -0.21036E+00
   0.69125E+02   0.29906E+02   0.25102E+02   0.36910E+00  -0.22522E+00
   0.69475E+02   0.29914E+02   0.25310E+02   0.38087E+00  -0.22793E+00
   0.69825E+02   0.29920E+02   0.25325E+02   0.38254E+00  -0.23181E+00
   0.70175E+02   0.29923E+02   0.25444E+02   0.38753E+00  -0.23375E+00
   0.70525E+02   0.29927E+02   0.25525E+02   0.39818E+00  -0.23048E+00
   0.70875E+02   0.29933E+02   0.25469E+02   0.40287E+00  -0.23173E+00
   0.71225E+02   0.29937E+02   0.25538E+02   0.40300E+00  -0.23482E+00
   0.71575E+02   0.29939E+02   0.25848E+02   0.40875E+00  -0.22754E+00
   0.71925E+02   0.29942E+02   0.26093E+02   0.41797E+00  -0.21325E+00
   0.72275E+02   0.29946E+02   0.26172E+02   0.41705E+00  -0.20914E+00
   0.72625E+02   0.29946E+02   0.26372E+02   0.41476E+00  -0.20489E+00
   0.72975E+02   0.29947E+02   0.26587E+02   0.41589E+00  -0.18551E+00
   0.73325E+02   0.29948E+02   0.26641E+02   0.41501E+00  -0.17242E+00
   0.73675E+02   0.29948E+02   0.26671E+02   0.41310E+00  -0.16987E+00
   0.74025E+02   0.29947E+02   0.26549E+02   0.40659E+00  -0.16226E+00
   0.74375E+02   0.29944E+02   0.26341E+02   0.39473E+00  -0.15136E+00
   0.74725E+02   0.29939E+02   0.26329E+02   0.38680E+00  -0.14523E+00
   0.75075E+02   0.29936E+02   0.26304E+02   0.38202E+00  -0.14166E+00
   0.75425E+02   0.29933E+02   0.26125E+02   0.37342E+00  -0.14246E+00
   0.75775E+02   0.29929E+02   0.25807E+02   0.36868E+00  -0.15345E+00
   0.76125E+02   0.29925E+02   0.25728E+02   0.36329E+00  -0.15544E+00
   0.76475E+02   0.29919E+02   0.25765E+02   0.35917E+00  -0.14907E+00
   0.76825E+02   0.29916E+02   0.25792E+02   0.36026E+00  -0.14888E+00
   0.77175E+02   0.29913E+02   0.25865E+02   0.36075E+00  -0.15256E+00
   0.77525E+02   0.29914E+02   0.26175E+02   0.36016E+00  -0.14412E+00
   0.77875E+02   0.29913E+02   0.26251E+02   0.35670E+00  -0.13968E+00
   0.78225E+02   0.29911E+02   0.25993E+02   0.35698E+00  -0.15017E+00
   0.78575E+02   0.29910E+02   0.25893E+02   0.35655E+00  -0.15045E+00
   0.78925E+02   0.29906E+02   0.25905E+02   0.35066E+00  -0.14731E+00
   0.79275E+02   0.29901E+02   0.25954E+02   0.34444E+00  -0.15216E+00
   0.79625E+02   0.29897E+02   0.25947E+02   0.34241E+00  -0.15562E+00
   0.79975E+02   0.29895E+02   0.26003E+02   0.34595E+00  -0.15773E+00
   0.80325E+02   0.29897E+02   0.26134E+02   0.34633E+00  -0.15727E+00
   0.80675E+02   0.29899E+02   0.25803E+02   0.34357E+00  -0.16793E+00
   0.81025E+02   0.29899E+02   0.25427E+02   0.34440E+00  -0.17943E+00
   0.81375E+02   0.29898E+02   0.25553E+02   0.34568E+00  -0.17324E+00
   0.81725E+02   0.29898E+02   0.25522E+02   0.34869E+00  -0.17708E+00
   0.82075E+02   0.29898E+02   0.25432E+02   0.35098E+00  -0.18858E+00
   0.82425E+02   0.29899E+02   0.25315E+02   0.35136E+00  -0.19912E+00
   0.82775E+02   0.29902E+02   0.25075E+02   0.35860E+00  -0.20942E+00
   0.83125E+02   0.29907E+02   0.25157E+02   0.36802E+00  -0.21039E+00
   0.83475E+02   0.29913E+02   0.25467E+02   0.37237E+00  -0.21182E+00
   0.83825E+02   0.29917E+02   0.25490E+02   0.37718E+00  -0.21526E+00
   0.84175E+02   0.29920E+02   0.25163E+02   0.38642E+00  -0.22404E+00
   0.84525E+02   0.29924E+02   0.25092E+02   0.39087E+00  -0.23379E+00
   0.84875E+02   0.29928E+02   0.25402E+02   0.39529E+00  -0.22874E+00
   0.85225E+02   0.29934E+02   0.25502E+02   0.40319E+00  -0.22901E+00
   0.85575E+02   0.29938E+02   0.25607E+02   0.40956E+00  -0.23106E+00
   0.85925E+02   0.29941E+02   0.25774E+02   0.40907E+00  -0.22019E+00
   0.86275E+02   0.29943E+02   0.25793E+02   0.40461E+00  -0.21604E+00
   0.86625E+02   0.29945E+02   0.25734E+02   0.41200E+00  -0.21530E+00
   0.86975E+02   0.29947E+02   0.25628E+02   0.41753E+00  -0.21079E+00
   0.87325E+02   0.29947E+02   0.25811E+02   0.41416E+00  -0.20399E+00
   0.87675E+02   0.29947E+02   0.26266E+02   0.41165E+00  -0.18687E+00
   0.88025E+02   0.29947E+02   0.26626E+02   0.40875E+00  -0.17227E+00
   0.88375E+02   0.29947E+02   0.26490E+02   0.40713E+00  -0.16994E+00
   0.88725E+02   0.29946E+02   0.26189E+02   0.40432E+00  -0.17254E+00
   0.89075E+02   0.29943E+02   0.26173E+02   0.40147E+00  -0.16765E+00
   0.89425E+02   0.29941E+02   0.26376E+02   0.39582E+00  -0.15220E+00
   0.89775E+02   0.29938E+02   0.26363E+02   0.38891E+00  -0.14740E+00
   0.90125E+02   0.29934E+02   0.26186E+02   0.38105E+00  -0.15227E+00
   0.90475E+02   0.29930E+02   0.26253E+02   0.37188E+00  -0.14539E+00
   0.90825E+02   0.29924E+02   0.26257E+02   0.36651E+00  -0.13545E+00
   0.91175E+02   0.29921E+02   0.26287E+02   0.36731E+00  -0.13414E+00
   0.91525E+02   0.29921E+02   0.26279E+02   0.36805E+00  -0.13574E+00
   0.91875E+02   0.29919E+02   0.26188E+02   0.35969E+00  -0.13669E+00
   0.92225E+02   0.29912E+02   0.25999E+02   0.34753E+00  -0.14017E+00
   0.92575E+02   0.29905E+02   0.25858E+02   0.34409E+00  -0.14260E+00
   0.92925E+02   0.29902E+02   0.25894E+02   0.34756E+00  -0.14256E+00
   0.93275E+02   0.29900E+02   0.25829E+02   0.34679E+00  -0.15093E+00
   0.93625E+02   0.29896E+02   0.25609E+02   0.34289E+00  -0.16364E+00
   0.93975E+02   0.29894E+02   0.25417E+02   0.34196E+00  -0.16945E+00
   0.94325E+02   0.29895E+02   0.25303E+02   0.34242E+00  -0.17289E+00
   0.94675E+02   0.29897E+02   0.25124E+02   0.34509E+00  -0.18262E+00
   0.95025E+02   0.29898E+02   0.25015E+02   0.35011E+00  -0.19458E+00
   0.95375E+02   0.29899E+02   0.24930E+02   0.35117E+00  -0.20376E+00
   0.95725E+02   0.29900E+02   0.24907E+02   0.35844E+00  -0.21394E+00
   0.96075E+02   0.29905E+02   0.24858E+02   0.36978E+00  -0.22689E+00
   0.96425E+02   0.29913E+02   0.24718E+02   0.37597E+00  -0.24062E+00
   0.96775E+02   0.29919E+02   0.24862E+02   0.37873E+00  -0.24203E+00
   0.97125E+02   0.29924E+02   0.25148E+02   0.38677E+00  -0.23808E+00
   0.97475E+02   0.29929E+02   0.25331E+02   0.39638E+00  -0.23574E+00
   0.97825E+02   0.29934E+02   0.25540E+02   0.40459E+00  -0.23183E+00
   0.98175E+02   0.29939E+02   0.25516E+02   0.41278E+00  -0.23958E+00
   0.98525E+02   0.29944E+02   0.25517E+02   0.41654E+00  -0.23868E+00
   0.98875E+02   0.29947E+02   0.25890E+02   0.41624E+00  -0.22066E+00
   0.99225E+02   0.29949E+02   0.26397E+02   0.41648E+00  -0.20323E+00
   0.99575E+02   0.29949E+02   0.26837E+02   0.42115E+00  -0.18584E+00
   0.99925E+02   0.29950E+02   0.26656E+02   0.41993E+00  -0.18201E+00
   0.10027E+03   0.29949E+02   0.26383E+02   0.41337E+00  -0.18502E+00
   0.10062E+03   0.29947E+02   0.26564E+02   0.41265E+00  -0.17035E+00
   0.10097E+03   0.29946E+02   0.26573E+02   0.41165E+00  -0.15769E+00
   0.10132E+03   0.29945E+02   0.26332E+02   0.39942E+00  -0.16087E+00
   0.10167E+03   0.29940E+02   0.26164E+02   0.38428E+00  -0.16038E+00
   0.10202E+03   0.29933E+02   0.26333E+02   0.37814E+00  -0.14413E+00
   0.10237E+03   0.29930E+02   0.26356E+02   0.37829E+00  -0.13339E+00
   0.10272E+03   0.29929E+02   0.26092E+02   0.37557E+00  -0.14539E+00
   0.10307E+03   0.29926E+02   0.25997E+02   0.37371E+00  -0.15299E+00
   0.10342E+03   0.29923E+02   0.26132E+02   0.36679E+00  -0.13693E+00
   0.10377E+03   0.29917E+02   0.26244E+02   0.35757E+00  -0.12769E+00
   0.10412E+03   0.29914E+02   0.26253E+02   0.35650E+00  -0.13388E+00
   0.10447E+03   0.29913E+02   0.26409E+02   0.35705E+00  -0.13019E+00
   0.10482E+03   0.29909E+02   0.26480E+02   0.35400E+00  -0.12616E+00
   0.10517E+03   0.29905E+02   0.26509E+02   0.34980E+00  -0.12865E+00
   0.10552E+03   0.29902E+02   0.26506E+02   0.34580E+00  -0.13008E+00
   0.10587E+03   0.29901E+02   0.26157E+02   0.34371E+00  -0.13867E+00
   0.10622E+03   0.29898E+02   0.25757E+02   0.33594E+00  -0.15243E+00
   0.10657E+03   0.29887E+02   0.25549E+02   0.32471E+00  -0.16131E+00
   0.10692E+03   0.29880E+02   0.25641E+02   0.32717E+00  -0.15924E+00
   0.10727E+03   0.29883E+02   0.25636E+02   0.33604E+00  -0.16493E+00
   0.10762E+03   0.29886E+02   0.25361E+02   0.34165E+00  -0.18728E+00
   0.10797E+03   0.29889E+02   0.25240E+02   0.34183E+00  -0.19882E+00
   0.10832E+03   0.29892E+02   0.25163E+02   0.34555E+00  -0.20266E+00
   0.10867E+03   0.29898E+02   0.25216E+02   0.35932E+00  -0.20740E+00
   0.10902E+03   0.29906E+02   0.25215E+02   0.36901E+00  -0.21495E+00
   0.10937E+03   0.29911E+02   0.25197E+02   0.36676E+00  -0.22431E+00
   0.10972E+03   0.29914E+02   0.25314E+02   0.37128E+00  -0.22270E+00
   0.11007E+03   0.29919E+02   0.25615E+02   0.38237E+00  -0.21580E+00
   0.11042E+03   0.29925E+02   0.26086E+02   0.39187E+00  -0.21106E+00
   0.11077E+03   0.29930E+02   0.26216E+02   0.39959E+00  -0.21110E+00
   0.11112E+03   0.29934E+02   0.26082E+02   0.40409E+00  -0.21846E+00
   0.11147E+03   0.29937E+02   0.26261E+02   0.40285E+00  -0.21341E+00
   0.11182E+03   0.29938E+02   0.26400E+02   0.40149E+00  -0.20308E+00
   0.11217E+03   0.29939E+02   0.26358E+02   0.40671E+00  -0.19998E+00
   0.11252E+03   0.29940E+02   0.26402E+02   0.40723E+00  -0.19215E+00
   0.11287E+03   0.29941E+02   0.26211E+02   0.39981E+00  -0.19323E+00
   0.11322E+03   0.29939E+02   0.26060E+02   0.39462E+00  -0.19243E+00
   0.11357E+03   0.29938E+02   0.26137E+02   0.39784E+00  -0.17899E+00
   0.11392E+03   0.29938E+02   0.26201E+02   0.40150E+00  -0.17283E+00
   0.11427E+03   0.29938E+02   0.26288E+02   0.39654E+00  -0.17060E+00
   0.11462E+03   0.29935E+02   0.26418E+02   0.38940E+00  -0.16529E+00
   0.11497E+03   0.29933E+02   0.26400E+02   0.38935E+00  -0.15733E+00
   0.11532E+03   0.29933E+02   0.26261E+02   0.38808E+00  -0.15164E+00
   0.11567E+03   0.29933E+02   0.25828E+02   0.38342E+00  -0.16358E+00
   0.11602E+03   0.29929E+02   0.25641E+02   0.37530E+00  -0.16742E+00
   0.11637E+03   0.29923E+02   0.25859E+02   0.36797E+00  -0.15064E+00
   0.11672E+03   0.29919E+02   0.25888E+02   0.36684E+00  -0.14927E+00
   0.11707E+03   0.29918E+02   0.25815E+02   0.36656E+00  -0.16051E+00
   0.11742E+03   0.29916E+02   0.25656E+02   0.36527E+00  -0.16864E+00
   0.11777E+03   0.29916E+02   0.25728E+02   0.36441E+00  -0.16632E+00
   0.11812E+03   0.29918E+02   0.25699E+02   0.36394E+00  -0.16372E+00
   0.11847E+03   0.29919E+02   0.25368E+02   0.36258E+00  -0.17849E+00
   0.11882E+03   0.29917E+02   0.25400E+02   0.35970E+00  -0.17748E+00
   0.11917E+03   0.29913E+02   0.25411E+02   0.35686E+00  -0.17066E+00
   0.11952E+03   0.29911E+02   0.25296E+02   0.35594E+00  -0.17955E+00
   0.11987E+03   0.29911E+02   0.25379E+02   0.35918E+00  -0.18257E+00
   0.12022E+03   0.29913E+02   0.25595E+02   0.36599E+00  -0.17996E+00
   0.12057E+03   0.29915E+02   0.25635E+02   0.36950E+00  -0.18183E+00
   0.12092E+03   0.29916E+02   0.25477E+02   0.36719E+00  -0.19065E+00
   0.12127E+03   0.29916E+02   0.25117E+02   0.36585E+00  -0.20452E+00
   0.12162E+03   0.29917E+02   0.24900E+02   0.37308E+00  -0.21158E+00
   0.12197E+03   0.29919E+02   0.25177E+02   0.37764E+00  -0.20839E+00
   0.12232E+03   0.29921E+02   0.25287E+02   0.37632E+00  -0.20990E+00
   0.12267E+03   0.29924E+02   0.25309E+02   0.37872E+00  -0.21511E+00
   0.12302E+03   0.29926E+02   0.25454E+02   0.38625E+00  -0.21444E+00
   0.12337E+03   0.29929E+02   0.25765E+02   0.39464E+00  -0.20365E+00
   0.12372E+03   0.29933E+02   0.25835E+02   0.39618E+00  -0.20238E+00
   0.12407E+03   0.29937E+02   0.25594E+02   0.39975E+00  -0.21440E+00
   0.12442E+03   0.29940E+02   0.25639E+02   0.40206E+00  -0.21023E+00
   0.12477E+03   0.29940E+02   0.25993E+02   0.39565E+00  -0.18846E+00
   0.12512E+03   0.29938E+02   0.26180E+02   0.39077E+00  -0.17885E+00
   0.12547E+03   0.29936E+02   0.26408E+02   0.39439E+00  -0.17269E+00
   0.12582E+03   0.29936E+02   0.26586E+02   0.40045E+00  -0.16343E+00
   0.12617E+03   0.29936E+02   0.26494E+02   0.39593E+00  -0.16403E+00
   0.12652E+03   0.29935E+02   0.26570E+02   0.38991E+00  -0.16392E+00
   0.12687E+03   0.29933E+02   0.26675E+02   0.38867E+00  -0.15445E+00
   0.12722E+03   0.29932E+02   0.26512E+02   0.38255E+00  -0.14651E+00
   0.12757E+03   0.29927E+02   0.26068E+02   0.36854E+00  -0.15417E+00
   0.12792E+03   0.29921E+02   0.25677E+02   0.35972E+00  -0.16514E+00
   0.12827E+03   0.29918E+02   0.25676E+02   0.35991E+00  -0.15978E+00
   0.12862E+03   0.29916E+02   0.25887E+02   0.36271E+00  -0.15282E+00
   0.12897E+03   0.29913E+02   0.25710E+02   0.36516E+00  -0.16640E+00
   0.12932E+03   0.29910E+02   0.25631E+02   0.36095E+00  -0.17292E+00
   0.12967E+03   0.29909E+02   0.25530E+02   0.36033E+00  -0.17663E+00
   0.13002E+03   0.29911E+02   0.25364E+02   0.36642E+00  -0.18585E+00
   0.13037E+03   0.29913E+02   0.25446E+02   0.37082E+00  -0.18570E+00
   0.13072E+03   0.29915E+02   0.25433E+02   0.37183E+00  -0.18547E+00
   0.13107E+03   0.29917E+02   0.25313E+02   0.36942E+00  -0.19069E+00
   0.13142E+03   0.29916E+02   0.25060E+02   0.36742E+00  -0.19926E+00
   0.13177E+03   0.29915E+02   0.25114E+02   0.36824E+00  -0.19823E+00
   0.13212E+03   0.29916E+02   0.25393E+02   0.37615E+00  -0.19402E+00
   0.13247E+03   0.29920E+02   0.25517E+02   0.38558E+00  -0.20054E+00
   0.13282E+03   0.29924E+02   0.25536E+02   0.38227E+00  -0.20474E+00
   0.13317E+03   0.29925E+02   0.25577E+02   0.37617E+00  -0.20022E+00
   0.13352E+03   0.29925E+02   0.25737E+02   0.38385E+00  -0.19083E+00
   0.13387E+03   0.29928E+02   0.25910E+02   0.39156E+00  -0.18446E+00
   0.13422E+03   0.29930E+02   0.26211E+02   0.39028E+00  -0.18244E+00
   0.13457E+03   0.29931E+02   0.26523E+02   0.38838E+00  -0.17266E+00
   0.13492E+03   0.29932E+02   0.26630E+02   0.38624E+00  -0.16287E+00
   0.13527E+03   0.29932E+02   0.26780E+02   0.38227E+00  -0.15100E+00
   0.13562E+03   0.29929E+02   0.26734E+02   0.37677E+00  -0.14343E+00
   0.13597E+03   0.29925E+02   0.26327E+02   0.37344E+00  -0.15052E+00
   0.13632E+03   0.29923E+02   0.26049E+02   0.36714E+00  -0.15368E+00
   0.13667E+03   0.29918E+02   0.26046E+02   0.35685E+00  -0.15139E+00
   0.13702E+03   0.29914E+02   0.26002E+02   0.35421E+00  -0.15172E+00
   0.13737E+03   0.29910E+02   0.25982E+02   0.35451E+00  -0.15085E+00
   0.13772E+03   0.29905E+02   0.26125E+02   0.35409E+00  -0.14898E+00
   0.13807E+03   0.29905E+02   0.26311E+02   0.35589E+00  -0.14797E+00
   0.13842E+03   0.29907E+02   0.26368E+02   0.35966E+00  -0.14724E+00
   0.13877E+03   0.29909E+02   0.26061E+02   0.36190E+00  -0.15744E+00
   0.13912E+03   0.29908E+02   0.25651E+02   0.35929E+00  -0.16891E+00
   0.13947E+03   0.29907E+02   0.25700E+02   0.35318E+00  -0.16238E+00
   0.13982E+03   0.29904E+02   0.25956E+02   0.34860E+00  -0.15737E+00
   0.14017E+03   0.29902E+02   0.25978E+02   0.34938E+00  -0.16168E+00
   0.14052E+03   0.29902E+02   0.25934E+02   0.35127E+00  -0.16538E+00
   0.14087E+03   0.29903E+02   0.25595E+02   0.35439E+00  -0.17932E+00
   0.14122E+03   0.29903E+02   0.25203E+02   0.35394E+00  -0.19708E+00
   0.14157E+03   0.29903E+02   0.25058E+02   0.35674E+00  -0.20353E+00
   0.14192E+03   0.29905E+02   0.25043E+02   0.36291E+00  -0.20814E+00
   0.14227E+03   0.29909E+02   0.25424E+02   0.36532E+00  -0.20693E+00
   0.14262E+03   0.29913E+02   0.25808E+02   0.36524E+00  -0.19980E+00
   0.14297E+03   0.29915E+02   0.25639E+02   0.37210E+00  -0.20588E+00
   0.14332E+03   0.29920E+02   0.25357E+02   0.38638E+00  -0.21646E+00
   0.14367E+03   0.29926E+02   0.25368E+02   0.39589E+00  -0.22179E+00
   0.14402E+03   0.29932E+02   0.25514E+02   0.39596E+00  -0.22127E+00
   0.14437E+03   0.29934E+02   0.25671E+02   0.39138E+00  -0.21791E+00
   0.14472E+03   0.29935E+02   0.25661E+02   0.39257E+00  -0.21536E+00
   0.14507E+03   0.29936E+02   0.25542E+02   0.39360E+00  -0.21363E+00
   0.14542E+03   0.29937E+02   0.25493E+02   0.39758E+00  -0.21864E+00
   0.14577E+03   0.29938E+02   0.25441E+02   0.40697E+00  -0.22097E+00
   0.14612E+03   0.29941E+02   0.25444E+02   0.41209E+00  -0.21635E+00
   0.14647E+03   0.29945E+02   0.25571E+02   0.40916E+00  -0.21208E+00
   0.14682E+03   0.29945E+02   0.25847E+02   0.40258E+00  -0.20063E+00
   0.14717E+03   0.29942E+02   0.26419E+02   0.40361E+00  -0.17800E+00
   0.14752E+03   0.29943E+02   0.26722E+02   0.41123E+00  -0.16329E+00
   0.14787E+03   0.29945E+02   0.26407E+02   0.41451E+00  -0.17208E+00
   0.14822E+03   0.29946E+02   0.26147E+02   0.40787E+00  -0.18125E+00
   0.14857E+03   0.29943E+02   0.26130E+02   0.39681E+00  -0.16652E+00
   0.14892E+03   0.29939E+02   0.26116E+02   0.38681E+00  -0.14870E+00
   0.14927E+03   0.29934E+02   0.26129E+02   0.37609E+00  -0.14553E+00
   0.14962E+03   0.29928E+02   0.26057E+02   0.36974E+00  -0.14620E+00
   0.14997E+03   0.29923E+02   0.25889E+02   0.36481E+00  -0.14798E+00
   0.15032E+03   0.29919E+02   0.25805E+02   0.36528E+00  -0.15258E+00
   0.15067E+03   0.29917E+02   0.25850E+02   0.36970E+00  -0.15122E+00
   0.15102E+03   0.29917E+02   0.26004E+02   0.36726E+00  -0.14580E+00
   0.15137E+03   0.29915E+02   0.26174E+02   0.35835E+00  -0.14000E+00
   0.15172E+03   0.29910E+02   0.26212E+02   0.35272E+00  -0.13704E+00
   0.15207E+03   0.29906E+02   0.26305E+02   0.35372E+00  -0.13451E+00
   0.15242E+03   0.29907E+02   0.26079E+02   0.35559E+00  -0.14185E+00
   0.15277E+03   0.29907E+02   0.25690E+02   0.35414E+00  -0.15608E+00
   0.15312E+03   0.29904E+02   0.25641E+02   0.34434E+00  -0.15477E+00
   0.15347E+03   0.29897E+02   0.25699E+02   0.33271E+00  -0.14858E+00
   0.15382E+03   0.29890E+02   0.25747E+02   0.33428E+00  -0.15101E+00
   0.15417E+03   0.29889E+02   0.25664E+02   0.34282E+00  -0.16431E+00
   0.15452E+03   0.29893E+02   0.25464E+02   0.34398E+00  -0.18052E+00
   0.15487E+03   0.29896E+02   0.25297E+02   0.34684E+00  -0.18990E+00
   0.15522E+03   0.29900E+02   0.25131E+02   0.35290E+00  -0.19849E+00
   0.15557E+03   0.29902E+02   0.25151E+02   0.35389E+00  -0.19601E+00
   0.15592E+03   0.29904E+02   0.25385E+02   0.35553E+00  -0.19066E+00
   0.15627E+03   0.29909E+02   0.25470E+02   0.35805E+00  -0.19775E+00
   0.15662E+03   0.29912E+02   0.25324E+02   0.36202E+00  -0.20381E+00
   0.15697E+03   0.29915E+02   0.25276E+02   0.37160E+00  -0.20761E+00
   0.15732E+03   0.29919E+02   0.25270E+02   0.37923E+00  -0.21364E+00
   0.15767E+03   0.29923E+02   0.24915E+02   0.38349E+00  -0.22484E+00
   0.15802E+03   0.29925E+02   0.24757E+02   0.37950E+00  -0.23734E+00
   0.15837E+03   0.29927E+02   0.24871E+02   0.38005E+00  -0.24102E+00
   0.15872E+03   0.29930E+02   0.24938E+02   0.39166E+00  -0.23657E+00
   0.15907E+03   0.29935E+02   0.25254E+02   0.40149E+00  -0.23562E+00
   0.15942E+03   0.29938E+02   0.25676E+02   0.41118E+00  -0.23499E+00
   0.15977E+03   0.29942E+02   0.25919E+02   0.42115E+00  -0.22672E+00
   0.16012E+03   0.29946E+02   0.26119E+02   0.42824E+00  -0.22069E+00
   0.16047E+03   0.29950E+02   0.25946E+02   0.42786E+00  -0.22375E+00
   0.16082E+03   0.29951E+02   0.25752E+02   0.42436E+00  -0.21868E+00
   0.16117E+03   0.29951E+02   0.25676E+02   0.42283E+00  -0.21159E+00
   0.16152E+03   0.29951E+02   0.25404E+02   0.41818E+00  -0.20851E+00
   0.16187E+03   0.29949E+02   0.25349E+02   0.41093E+00  -0.20604E+00
   0.16222E+03   0.29949E+02   0.25403E+02   0.41116E+00  -0.20688E+00
   0.16257E+03   0.29947E+02   0.25557E+02   0.41265E+00  -0.19537E+00
   0.16292E+03   0.29945E+02   0.25853E+02   0.41356E+00  -0.18260E+00
   0.16327E+03   0.29945E+02   0.26076E+02   0.41501E+00  -0.18003E+00
   0.16362E+03   0.29946E+02   0.26124E+02   0.41527E+00  -0.17441E+00
   0.16397E+03   0.29946E+02   0.26345E+02   0.41159E+00  -0.15927E+00
   0.16432E+03   0.29945E+02   0.26740E+02   0.40320E+00  -0.13768E+00
   0.16467E+03   0.29942E+02   0.26914E+02   0.39607E+00  -0.12041E+00
   0.16502E+03   0.29938E+02   0.26983E+02   0.38778E+00  -0.11191E+00
   0.16537E+03   0.29932E+02   0.26881E+02   0.37553E+00  -0.10946E+00
   0.16572E+03   0.29923E+02   0.26774E+02   0.36295E+00  -0.10723E+00
   0.16607E+03   0.29915E+02   0.26519E+02   0.35243E+00  -0.11253E+00
   0.16642E+03   0.29909E+02   0.26168E+02   0.34166E+00  -0.12504E+00
   0.16677E+03   0.29899E+02   0.26109E+02   0.33165E+00  -0.12372E+00
   0.16712E+03   0.29888E+02   0.26130E+02   0.32597E+00  -0.12095E+00
   0.16747E+03   0.29881E+02   0.26058E+02   0.32718E+00  -0.12866E+00
   0.16782E+03   0.29881E+02   0.26102E+02   0.33295E+00  -0.13376E+00
   0.16817E+03   0.29885E+02   0.26160E+02   0.33905E+00  -0.13971E+00
   0.16852E+03   0.29887E+02   0.26156E+02   0.33927E+00  -0.14008E+00
   0.16887E+03   0.29887E+02   0.26251E+02   0.33747E+00  -0.13840E+00
   0.16922E+03   0.29885E+02   0.26222E+02   0.33720E+00  -0.14436E+00
   0.16957E+03   0.29885E+02   0.25935E+02   0.33603E+00  -0.15160E+00
   0.16992E+03   0.29886E+02   0.25591E+02   0.33067E+00  -0.16584E+00
   0.17027E+03   0.29882E+02   0.25338E+02   0.32755E+00  -0.17910E+00
   0.17062E+03   0.29879E+02   0.25260E+02   0.33217E+00  -0.18230E+00
   0.17097E+03   0.29882E+02   0.25123E+02   0.33812E+00  -0.19572E+00
   0.17132E+03   0.29886E+02   0.25018E+02   0.34187E+00  -0.21099E+00
   0.17167E+03   0.29890E+02   0.25260E+02   0.34710E+00  -0.21510E+00
   0.17202E+03   0.29896E+02   0.25393E+02   0.36075E+00  -0.21906E+00
   0.17237E+03   0.29905E+02   0.25354E+02   0.37718E+00  -0.22472E+00
   0.17272E+03   0.29914E+02   0.25408E+02   0.38505E+00  -0.23323E+00
   0.17307E+03   0.29922E+02   0.25284E+02   0.38861E+00  -0.23961E+00
   0.17342E+03   0.29928E+02   0.25385E+02   0.39209E+00  -0.23417E+00
   0.17377E+03   0.29932E+02   0.25764E+02   0.39649E+00  -0.22380E+00
   0.17412E+03   0.29935E+02   0.25929E+02   0.40297E+00  -0.22129E+00
   0.17447E+03   0.29939E+02   0.26198E+02   0.41057E+00  -0.21807E+00
   0.17482E+03   0.29942E+02   0.26543E+02   0.41481E+00  -0.21113E+00
   0.17517E+03   0.29944E+02   0.26889E+02   0.41620E+00  -0.19893E+00
   0.17552E+03   0.29946E+02   0.26891E+02   0.41913E+00  -0.18853E+00
   0.17587E+03   0.29947E+02   0.26576E+02   0.41690E+00  -0.18774E+00
   0.17622E+03   0.29947E+02   0.26729E+02   0.41008E+00  -0.17349E+00
   0.17657E+03   0.29945E+02   0.27216E+02   0.40115E+00  -0.14897E+00
   0.17692E+03   0.29942E+02   0.27380E+02   0.39807E+00  -0.13562E+00
   0.17727E+03   0.29939E+02   0.27130E+02   0.39649E+00  -0.13435E+00
   0.17762E+03   0.29936E+02   0.27075E+02   0.38705E+00  -0.13440E+00
   0.17797E+03   0.29931E+02   0.27154E+02   0.37595E+00  -0.12310E+00
   0.17832E+03   0.29925E+02   0.26837E+02   0.36802E+00  -0.12133E+00
   0.17867E+03   0.29919E+02   0.26527E+02   0.36082E+00  -0.13084E+00
   0.17902E+03   0.29911E+02   0.26407E+02   0.35405E+00  -0.13162E+00
   0.17937E+03   0.29906E+02   0.26244E+02   0.34732E+00  -0.13316E+00
   0.17972E+03   0.29901E+02   0.26129E+02   0.33933E+00  -0.13719E+00
   0.18007E+03   0.29899E+02   0.25965E+02   0.34022E+00  -0.14103E+00
   0.18042E+03   0.29900E+02   0.25687E+02   0.34344E+00  -0.14955E+00
   0.18077E+03   0.29898E+02   0.25454E+02   0.33913E+00  -0.15879E+00
   0.18112E+03   0.29896E+02   0.25330E+02   0.33611E+00  -0.16767E+00
   0.18147E+03   0.29895E+02   0.25329E+02   0.33825E+00  -0.17363E+00
   0.18182E+03   0.29894E+02   0.25265E+02   0.34669E+00  -0.17805E+00
   0.18217E+03   0.29899E+02   0.25072E+02   0.35041E+00  -0.19256E+00
   0.18252E+03   0.29899E+02   0.25043E+02   0.34518E+00  -0.20408E+00
   0.18287E+03   0.29899E+02   0.25231E+02   0.35497E+00  -0.20121E+00
   0.18322E+03   0.29906E+02   0.25269E+02   0.36732E+00  -0.20253E+00
   0.18357E+03   0.29912E+02   0.25166E+02   0.37051E+00  -0.21614E+00
   0.18392E+03   0.29915E+02   0.25090E+02   0.37360E+00  -0.22908E+00
   0.18427E+03   0.29918E+02   0.25181E+02   0.37830E+00  -0.23089E+00
   0.18462E+03   0.29922E+02   0.25324E+02   0.38519E+00  -0.22520E+00
   0.18497E+03   0.29927E+02   0.25018E+02   0.39111E+00  -0.23618E+00
   0.18532E+03   0.29931E+02   0.24842E+02   0.39396E+00  -0.25121E+00
   0.18567E+03   0.29935E+02   0.24971E+02   0.39919E+00  -0.24664E+00
   0.18602E+03   0.29938E+02   0.25026E+02   0.40682E+00  -0.24678E+00
   0.18637E+03   0.29942E+02   0.25397E+02   0.41342E+00  -0.24617E+00
   0.18672E+03   0.29946E+02   0.25831E+02   0.42351E+00  -0.23370E+00
   0.18707E+03   0.29950E+02   0.26055E+02   0.42981E+00  -0.22595E+00
   0.18742E+03   0.29952E+02   0.25915E+02   0.42987E+00  -0.22603E+00
   0.18777E+03   0.29954E+02   0.25686E+02   0.43144E+00  -0.22508E+00
   0.18812E+03   0.29956E+02   0.25600E+02   0.43528E+00  -0.22105E+00
   0.18847E+03   0.29957E+02   0.25787E+02   0.43216E+00  -0.20835E+00
   0.18882E+03   0.29956E+02   0.25891E+02   0.42179E+00  -0.19661E+00
   0.18917E+03   0.29952E+02   0.25719E+02   0.41337E+00  -0.19408E+00
   0.18952E+03   0.29949E+02   0.25928E+02   0.41620E+00  -0.18188E+00
   0.18987E+03   0.29949E+02   0.26214E+02   0.42134E+00  -0.16740E+00
   0.19022E+03   0.29950E+02   0.26444E+02   0.41711E+00  -0.16278E+00
   0.19057E+03   0.29949E+02   0.26686E+02   0.40807E+00  -0.15223E+00
   0.19092E+03   0.29946E+02   0.26568E+02   0.40170E+00  -0.13983E+00
   0.19127E+03   0.29941E+02   0.26557E+02   0.39106E+00  -0.12464E+00
   0.19162E+03   0.29936E+02   0.26727E+02   0.37928E+00  -0.11449E+00
   0.19197E+03   0.29930E+02   0.26680E+02   0.37214E+00  -0.11542E+00
   0.19232E+03   0.29924E+02   0.26589E+02   0.36568E+00  -0.11329E+00
   0.19267E+03   0.29917E+02   0.26610E+02   0.35592E+00  -0.11314E+00
   0.19302E+03   0.29906E+02   0.26741E+02   0.34428E+00  -0.10731E+00
   0.19337E+03   0.29897E+02   0.26487E+02   0.34109E+00  -0.11406E+00
   0.19372E+03   0.29893E+02   0.26095E+02   0.33842E+00  -0.13240E+00
   0.19407E+03   0.29889E+02   0.26173E+02   0.33442E+00  -0.13088E+00
   0.19442E+03   0.29886E+02   0.26380E+02   0.33158E+00  -0.12505E+00
   0.19477E+03   0.29883E+02   0.26200E+02   0.33196E+00  -0.13166E+00
   0.19512E+03   0.29880E+02   0.25908E+02   0.33397E+00  -0.14493E+00
   0.19547E+03   0.29880E+02   0.25781E+02   0.33205E+00  -0.15382E+00
   0.19582E+03   0.29880E+02   0.25774E+02   0.32961E+00  -0.15400E+00
   0.19617E+03   0.29881E+02   0.25531E+02   0.33143E+00  -0.16844E+00
   0.19652E+03   0.29882E+02   0.25271E+02   0.33622E+00  -0.18573E+00
   0.19687E+03   0.29883E+02   0.25421E+02   0.33955E+00  -0.18354E+00
   0.19722E+03   0.29886E+02   0.25751E+02   0.34024E+00  -0.18052E+00
   0.19757E+03   0.29891E+02   0.25886E+02   0.34521E+00  -0.18547E+00
   0.19792E+03   0.29897E+02   0.25916E+02   0.35782E+00  -0.19077E+00
   0.19827E+03   0.29903E+02   0.25962E+02   0.36811E+00  -0.19434E+00
   0.19862E+03   0.29908E+02   0.26044E+02   0.36868E+00  -0.19521E+00
   0.19897E+03   0.29911E+02   0.26044E+02   0.36763E+00  -0.19764E+00
   0.19932E+03   0.29915E+02   0.25753E+02   0.36989E+00  -0.20407E+00
   0.19967E+03   0.29919E+02   0.25727E+02   0.37117E+00  -0.20247E+00
   0.20002E+03   0.29920E+02   0.25899E+02   0.36928E+00  -0.19624E+00
   0.20037E+03   0.29919E+02   0.26050E+02   0.37040E+00  -0.19348E+00
   0.20072E+03   0.29922E+02   0.26004E+02   0.38192E+00  -0.19696E+00
   0.20107E+03   0.29927E+02   0.26071E+02   0.39052E+00  -0.20149E+00
   0.20142E+03   0.29930E+02   0.26131E+02   0.38783E+00  -0.20163E+00
   0.20177E+03   0.29930E+02   0.25877E+02   0.38465E+00  -0.20223E+00
   0.20212E+03   0.29930E+02   0.26015E+02   0.39145E+00  -0.19411E+00
   0.20247E+03   0.29932E+02   0.26188E+02   0.39776E+00  -0.18827E+00
   0.20282E+03   0.29934E+02   0.26206E+02   0.39607E+00  -0.19177E+00
   0.20317E+03   0.29934E+02   0.26316E+02   0.39374E+00  -0.18845E+00
   0.20352E+03   0.29935E+02   0.26349E+02   0.39508E+00  -0.18000E+00
   0.20387E+03   0.29936E+02   0.26318E+02   0.39518E+00  -0.16764E+00
   0.20422E+03   0.29936E+02   0.26211E+02   0.38797E+00  -0.16524E+00
   0.20457E+03   0.29933E+02   0.26269E+02   0.38221E+00  -0.16565E+00
   0.20492E+03   0.29930E+02   0.26350E+02   0.38114E+00  -0.15607E+00
   0.20527E+03   0.29927E+02   0.26149E+02   0.37927E+00  -0.15914E+00
   0.20562E+03   0.29925E+02   0.25902E+02   0.37598E+00  -0.17101E+00
   0.20597E+03   0.29924E+02   0.25854E+02   0.36966E+00  -0.16815E+00
   0.20632E+03   0.29921E+02   0.25820E+02   0.36516E+00  -0.16334E+00
   0.20667E+03   0.29917E+02   0.25608E+02   0.36403E+00  -0.16917E+00
   0.20702E+03   0.29915E+02   0.25500E+02   0.36370E+00  -0.17247E+00
   0.20737E+03   0.29914E+02   0.25676E+02   0.36652E+00  -0.17127E+00
   0.20772E+03   0.29915E+02   0.25834E+02   0.37101E+00  -0.17104E+00
   0.20807E+03   0.29918E+02   0.26074E+02   0.37152E+00  -0.16564E+00
   0.20842E+03   0.29919E+02   0.26296E+02   0.36782E+00  -0.15931E+00
   0.20877E+03   0.29918E+02   0.26223E+02   0.36868E+00  -0.15653E+00
   0.20912E+03   0.29918E+02   0.26121E+02   0.36726E+00  -0.15432E+00
   0.20947E+03   0.29918E+02   0.26022E+02   0.36178E+00  -0.15802E+00
   0.20982E+03   0.29913E+02   0.26073E+02   0.35795E+00  -0.15960E+00
   0.21017E+03   0.29910E+02   0.25986E+02   0.35815E+00  -0.15916E+00
   0.21052E+03   0.29908E+02   0.25812E+02   0.35362E+00  -0.16357E+00
   0.21087E+03   0.29904E+02   0.25829E+02   0.34656E+00  -0.16756E+00
   0.21122E+03   0.29902E+02   0.25856E+02   0.35202E+00  -0.16877E+00
   0.21157E+03   0.29904E+02   0.26095E+02   0.35903E+00  -0.16400E+00
   0.21192E+03   0.29906E+02   0.26191E+02   0.36231E+00  -0.16548E+00
   0.21227E+03   0.29908E+02   0.25815E+02   0.36437E+00  -0.18301E+00
   0.21262E+03   0.29911E+02   0.25656E+02   0.36283E+00  -0.18754E+00
   0.21297E+03   0.29911E+02   0.25632E+02   0.36126E+00  -0.18544E+00
   0.21332E+03   0.29911E+02   0.25635E+02   0.36207E+00  -0.18554E+00
   0.21367E+03   0.29913E+02   0.25729E+02   0.36287E+00  -0.18101E+00
   0.21402E+03   0.29913E+02   0.25588E+02   0.36537E+00  -0.18906E+00
   0.21437E+03   0.29914E+02   0.25462E+02   0.36753E+00  -0.19887E+00
   0.21472E+03   0.29917E+02   0.25115E+02   0.36977E+00  -0.20840E+00
   0.21507E+03   0.29919E+02   0.24793E+02   0.37509E+00  -0.22107E+00
   0.21542E+03   0.29923E+02   0.24745E+02   0.38002E+00  -0.22786E+00
   0.21577E+03   0.29925E+02   0.24668E+02   0.37829E+00  -0.23321E+00
   0.21612E+03   0.29924E+02   0.24917E+02   0.38353E+00  -0.23273E+00
   0.21647E+03   0.29928E+02   0.25139E+02   0.39745E+00  -0.23454E+00
   0.21682E+03   0.29934E+02   0.25028E+02   0.40889E+00  -0.24503E+00
   0.21717E+03   0.29940E+02   0.25177E+02   0.41776E+00  -0.24748E+00
   0.21752E+03   0.29945E+02   0.25403E+02   0.42128E+00  -0.24478E+00
   0.21787E+03   0.29949E+02   0.25392E+02   0.42249E+00  -0.23651E+00
   0.21822E+03   0.29951E+02   0.25534E+02   0.42216E+00  -0.22656E+00
   0.21857E+03   0.29952E+02   0.25955E+02   0.42453E+00  -0.21662E+00
   0.21892E+03   0.29952E+02   0.26537E+02   0.42586E+00  -0.19124E+00
   0.21927E+03   0.29953E+02   0.26811E+02   0.42807E+00  -0.17740E+00
   0.21962E+03   0.29954E+02   0.26401E+02   0.42662E+00  -0.19006E+00
   0.21997E+03   0.29952E+02   0.26130E+02   0.41998E+00  -0.18566E+00
   0.22032E+03   0.29948E+02   0.26311E+02   0.41310E+00  -0.16486E+00
   0.22067E+03   0.29945E+02   0.26360E+02   0.40420E+00  -0.15821E+00
   0.22102E+03   0.29943E+02   0.26234E+02   0.39472E+00  -0.15823E+00
   0.22137E+03   0.29939E+02   0.26093E+02   0.38646E+00  -0.15584E+00
   0.22172E+03   0.29936E+02   0.26140E+02   0.38133E+00  -0.14516E+00
   0.22207E+03   0.29932E+02   0.26468E+02   0.37818E+00  -0.12848E+00
   0.22242E+03   0.29929E+02   0.26840E+02   0.37996E+00  -0.11898E+00
   0.22277E+03   0.29926E+02   0.26852E+02   0.37613E+00  -0.11727E+00
   0.22312E+03   0.29923E+02   0.26537E+02   0.36551E+00  -0.12133E+00
   0.22347E+03   0.29916E+02   0.26378E+02   0.35086E+00  -0.12386E+00
   0.22382E+03   0.29905E+02   0.26378E+02   0.34394E+00  -0.11701E+00
   0.22417E+03   0.29901E+02   0.26384E+02   0.34679E+00  -0.11401E+00
   0.22452E+03   0.29899E+02   0.26209E+02   0.33982E+00  -0.12742E+00
   0.22487E+03   0.29890E+02   0.26073E+02   0.32768E+00  -0.13987E+00
   0.22522E+03   0.29881E+02   0.26110E+02   0.32674E+00  -0.13922E+00
   0.22557E+03   0.29879E+02   0.26175E+02   0.33582E+00  -0.13477E+00
   0.22592E+03   0.29884E+02   0.26081E+02   0.34095E+00  -0.14418E+00
   0.22627E+03   0.29887E+02   0.25912E+02   0.33524E+00  -0.15959E+00
   0.22662E+03   0.29884E+02   0.25931E+02   0.33043E+00  -0.15775E+00
   0.22697E+03   0.29883E+02   0.25878E+02   0.33389E+00  -0.15440E+00
   0.22732E+03   0.29886E+02   0.25652E+02   0.33762E+00  -0.16604E+00
   0.22767E+03   0.29886E+02   0.25408E+02   0.33790E+00  -0.18198E+00
   0.22802E+03   0.29884E+02   0.25541E+02   0.33869E+00  -0.18149E+00
   0.22837E+03   0.29884E+02   0.25779E+02   0.34125E+00  -0.17589E+00
   0.22872E+03   0.29887E+02   0.25902E+02   0.34828E+00  -0.18224E+00
   0.22907E+03   0.29896E+02   0.25715E+02   0.35924E+00  -0.19764E+00
   0.22942E+03   0.29903E+02   0.25408E+02   0.36225E+00  -0.21279E+00
   0.22977E+03   0.29906E+02   0.25375E+02   0.36223E+00  -0.21162E+00
   0.23012E+03   0.29910E+02   0.25194E+02   0.36470E+00  -0.21286E+00
   0.23047E+03   0.29914E+02   0.24955E+02   0.37255E+00  -0.22476E+00
   0.23082E+03   0.29918E+02   0.24885E+02   0.37919E+00  -0.23151E+00
   0.23117E+03   0.29922E+02   0.24951E+02   0.37926E+00  -0.23651E+00
   0.23152E+03   0.29924E+02   0.24973E+02   0.38517E+00  -0.23969E+00
   0.23187E+03   0.29928E+02   0.25005E+02   0.39993E+00  -0.24504E+00
   0.23222E+03   0.29935E+02   0.25073E+02   0.41433E+00  -0.24857E+00
   0.23257E+03   0.29942E+02   0.25195E+02   0.41747E+00  -0.24703E+00
   0.23292E+03   0.29945E+02   0.25508E+02   0.41647E+00  -0.24460E+00
   0.23327E+03   0.29948E+02   0.25548E+02   0.42383E+00  -0.23719E+00
   0.23362E+03   0.29951E+02   0.25624E+02   0.43495E+00  -0.22560E+00
   0.23397E+03   0.29954E+02   0.25663E+02   0.43644E+00  -0.22575E+00
   0.23432E+03   0.29956E+02   0.25918E+02   0.43017E+00  -0.22271E+00
   0.23467E+03   0.29955E+02   0.26558E+02   0.43206E+00  -0.19665E+00
   0.23502E+03   0.29956E+02   0.26501E+02   0.43493E+00  -0.18725E+00
   0.23537E+03   0.29957E+02   0.26265E+02   0.42915E+00  -0.18996E+00
   0.23572E+03   0.29954E+02   0.26473E+02   0.41867E+00  -0.17644E+00
   0.23607E+03   0.29950E+02   0.26521E+02   0.41224E+00  -0.16089E+00
   0.23642E+03   0.29948E+02   0.26374E+02   0.40790E+00  -0.14637E+00
   0.23677E+03   0.29944E+02   0.26321E+02   0.39819E+00  -0.14238E+00
   0.23712E+03   0.29940E+02   0.26221E+02   0.38699E+00  -0.14267E+00
   0.23747E+03   0.29935E+02   0.26223E+02   0.37578E+00  -0.12883E+00
   0.23782E+03   0.29928E+02   0.26523E+02   0.37100E+00  -0.11465E+00
   0.23817E+03   0.29924E+02   0.26716E+02   0.37102E+00  -0.11283E+00
   0.23852E+03   0.29922E+02   0.26475E+02   0.36488E+00  -0.11883E+00
   0.23887E+03   0.29917E+02   0.26101E+02   0.35292E+00  -0.13040E+00
   0.23922E+03   0.29909E+02   0.25989E+02   0.34247E+00  -0.13074E+00
   0.23957E+03   0.29901E+02   0.26044E+02   0.33928E+00  -0.11818E+00
   0.23992E+03   0.29898E+02   0.25864E+02   0.33950E+00  -0.13110E+00
   0.24027E+03   0.29897E+02   0.25584E+02   0.33607E+00  -0.15556E+00
   0.24062E+03   0.29890E+02   0.25513E+02   0.32785E+00  -0.15701E+00
   0.24097E+03   0.29884E+02   0.25448E+02   0.32959E+00  -0.15704E+00
   0.24132E+03   0.29887E+02   0.25129E+02   0.34066E+00  -0.17399E+00
   0.24167E+03   0.29891E+02   0.24953E+02   0.34403E+00  -0.19022E+00
   0.24202E+03   0.29893E+02   0.24980E+02   0.34231E+00  -0.19814E+00
   0.24237E+03   0.29894E+02   0.24987E+02   0.34325E+00  -0.20076E+00
   0.24272E+03   0.29898E+02   0.25083E+02   0.35337E+00  -0.20400E+00
   0.24307E+03   0.29905E+02   0.25226E+02   0.36439E+00  -0.21140E+00
   0.24342E+03   0.29910E+02   0.25208E+02   0.37032E+00  -0.21888E+00
   0.24377E+03   0.29914E+02   0.25334E+02   0.37367E+00  -0.22194E+00
   0.24412E+03   0.29918E+02   0.25630E+02   0.37836E+00  -0.21723E+00
   0.24447E+03   0.29923E+02   0.25816E+02   0.38677E+00  -0.21377E+00
   0.24482E+03   0.29929E+02   0.26125E+02   0.39417E+00  -0.20939E+00
   0.24517E+03   0.29934E+02   0.26204E+02   0.39225E+00  -0.20333E+00
   0.24552E+03   0.29934E+02   0.25860E+02   0.38614E+00  -0.20645E+00
   0.24587E+03   0.29935E+02   0.25438E+02   0.39183E+00  -0.21277E+00
   0.24622E+03   0.29937E+02   0.25223E+02   0.39693E+00  -0.21591E+00
   0.24657E+03   0.29937E+02   0.25614E+02   0.39402E+00  -0.20719E+00
   0.24692E+03   0.29935E+02   0.25770E+02   0.39431E+00  -0.20496E+00
   0.24727E+03   0.29935E+02   0.25369E+02   0.39767E+00  -0.21836E+00
   0.24762E+03   0.29936E+02   0.25630E+02   0.40399E+00  -0.21135E+00
   0.24797E+03   0.29940E+02   0.25866E+02   0.40973E+00  -0.20380E+00
   0.24832E+03   0.29943E+02   0.25903E+02   0.41354E+00  -0.20230E+00
   0.24867E+03   0.29946E+02   0.26334E+02   0.41472E+00  -0.18521E+00
   0.24902E+03   0.29946E+02   0.26270E+02   0.41049E+00  -0.17850E+00
   0.24937E+03   0.29944E+02   0.25823E+02   0.40230E+00  -0.18074E+00
   0.24972E+03   0.29941E+02   0.25702E+02   0.39756E+00  -0.17895E+00
   0.25007E+03   0.29940E+02   0.25681E+02   0.39789E+00  -0.17903E+00
   0.25042E+03   0.29937E+02   0.25717E+02   0.39206E+00  -0.17356E+00
   0.25077E+03   0.29935E+02   0.25766E+02   0.38683E+00  -0.17308E+00
   0.25112E+03   0.29933E+02   0.25646E+02   0.37951E+00  -0.17548E+00
   0.25147E+03   0.29929E+02   0.25635E+02   0.37413E+00  -0.16883E+00
   0.25182E+03   0.29926E+02   0.25783E+02   0.38238E+00  -0.16518E+00
   0.25217E+03   0.29926E+02   0.25857E+02   0.38764E+00  -0.16435E+00
   0.25252E+03   0.29929E+02   0.25854E+02   0.38044E+00  -0.16571E+00
   0.25287E+03   0.29928E+02   0.25769E+02   0.37401E+00  -0.17022E+00
   0.25322E+03   0.29926E+02   0.25854E+02   0.36990E+00  -0.15778E+00
   0.25357E+03   0.29922E+02   0.26110E+02   0.36327E+00  -0.14052E+00
   0.25392E+03   0.29917E+02   0.26178E+02   0.36497E+00  -0.14169E+00
   0.25427E+03   0.29916E+02   0.26089E+02   0.36789E+00  -0.15223E+00
   0.25462E+03   0.29916E+02   0.26012E+02   0.36171E+00  -0.15708E+00
   0.25497E+03   0.29913E+02   0.25970E+02   0.35370E+00  -0.15451E+00
   0.25532E+03   0.29908E+02   0.25947E+02   0.35297E+00  -0.15291E+00
   0.25567E+03   0.29906E+02   0.25757E+02   0.35558E+00  -0.15850E+00
   0.25602E+03   0.29903E+02   0.25573E+02   0.35107E+00  -0.17085E+00
   0.25637E+03   0.29902E+02   0.25567E+02   0.34876E+00  -0.17975E+00
   0.25672E+03   0.29904E+02   0.25598E+02   0.35369E+00  -0.17675E+00
   0.25707E+03   0.29904E+02   0.25762E+02   0.36070E+00  -0.16998E+00
   0.25742E+03   0.29906E+02   0.25753E+02   0.36532E+00  -0.17811E+00
   0.25777E+03   0.29910E+02   0.25677E+02   0.36288E+00  -0.18636E+00
   0.25812E+03   0.29911E+02   0.25473E+02   0.36113E+00  -0.19298E+00
   0.25847E+03   0.29911E+02   0.25256E+02   0.36486E+00  -0.20147E+00
   0.25882E+03   0.29913E+02   0.25288E+02   0.37413E+00  -0.19830E+00
   0.25917E+03   0.29918E+02   0.25419E+02   0.37574E+00  -0.20117E+00
   0.25952E+03   0.29918E+02   0.25469E+02   0.37042E+00  -0.21270E+00
   0.25987E+03   0.29920E+02   0.25517E+02   0.37575E+00  -0.20985E+00
   0.26022E+03   0.29924E+02   0.25864E+02   0.38674E+00  -0.19853E+00
   0.26057E+03   0.29930E+02   0.25628E+02   0.39168E+00  -0.20761E+00
   0.26092E+03   0.29933E+02   0.25203E+02   0.39035E+00  -0.22341E+00
   0.26127E+03   0.29933E+02   0.25588E+02   0.39172E+00  -0.20977E+00
   0.26162E+03   0.29935E+02   0.25750E+02   0.39167E+00  -0.19614E+00
   0.26197E+03   0.29936E+02   0.25496E+02   0.39111E+00  -0.20362E+00
   0.26232E+03   0.29937E+02   0.25374E+02   0.39334E+00  -0.21074E+00
   0.26267E+03   0.29937E+02   0.25204E+02   0.39181E+00  -0.21225E+00
   0.26302E+03   0.29936E+02   0.25002E+02   0.39497E+00  -0.21366E+00
   0.26337E+03   0.29937E+02   0.24890E+02   0.39911E+00  -0.22659E+00
   0.26372E+03   0.29939E+02   0.24782E+02   0.40378E+00  -0.23521E+00
   0.26407E+03   0.29941E+02   0.24793E+02   0.40588E+00  -0.23346E+00
   0.26442E+03   0.29942E+02   0.25004E+02   0.40299E+00  -0.23112E+00
   0.26477E+03   0.29943E+02   0.25337E+02   0.40902E+00  -0.21802E+00
   0.26512E+03   0.29946E+02   0.25683E+02   0.42034E+00  -0.20503E+00
   0.26547E+03   0.29950E+02   0.25978E+02   0.42798E+00  -0.20170E+00
   0.26582E+03   0.29951E+02   0.26364E+02   0.42556E+00  -0.18844E+00
   0.26617E+03   0.29951E+02   0.26494E+02   0.41809E+00  -0.17383E+00
   0.26652E+03   0.29950E+02   0.26199E+02   0.41244E+00  -0.17388E+00
   0.26687E+03   0.29949E+02   0.26086E+02   0.40873E+00  -0.16841E+00
   0.26722E+03   0.29945E+02   0.26399E+02   0.39626E+00  -0.15421E+00
   0.26757E+03   0.29939E+02   0.26617E+02   0.38332E+00  -0.14142E+00
   0.26792E+03   0.29934E+02   0.26441E+02   0.38177E+00  -0.13844E+00
   0.26827E+03   0.29930E+02   0.26417E+02   0.37921E+00  -0.13944E+00
   0.26862E+03   0.29926E+02   0.26681E+02   0.37137E+00  -0.12821E+00
   0.26897E+03   0.29921E+02   0.26818E+02   0.36545E+00  -0.11847E+00
   0.26932E+03   0.29917E+02   0.26772E+02   0.36476E+00  -0.12058E+00
   0.26967E+03   0.29912E+02   0.26782E+02   0.36006E+00  -0.11602E+00
   0.27002E+03   0.29908E+02   0.26862E+02   0.34957E+00  -0.10680E+00
   0.27037E+03   0.29902E+02   0.26768E+02   0.34090E+00  -0.11085E+00
   0.27072E+03   0.29895E+02   0.26598E+02   0.33613E+00  -0.11252E+00
   0.27107E+03   0.29890E+02   0.26404E+02   0.33094E+00  -0.11454E+00
   0.27142E+03   0.29888E+02   0.26166E+02   0.32512E+00  -0.12589E+00
   0.27177E+03   0.29881E+02   0.26000E+02   0.31719E+00  -0.13265E+00
   0.27212E+03   0.29872E+02   0.25924E+02   0.31254E+00  -0.13706E+00
   0.27247E+03   0.29867E+02   0.26025E+02   0.32080E+00  -0.13701E+00
   0.27282E+03   0.29870E+02   0.26056E+02   0.32975E+00  -0.14386E+00
   0.27317E+03   0.29877E+02   0.25816E+02   0.32751E+00  -0.16401E+00
   0.27352E+03   0.29877E+02   0.25654E+02   0.32770E+00  -0.17310E+00
   0.27387E+03   0.29879E+02   0.25743E+02   0.33796E+00  -0.16808E+00
   0.27422E+03   0.29885E+02   0.25675E+02   0.34190E+00  -0.17146E+00
   0.27457E+03   0.29886E+02   0.25604E+02   0.33836E+00  -0.18454E+00
   0.27492E+03   0.29887E+02   0.25667E+02   0.34249E+00  -0.19305E+00
   0.27527E+03   0.29892E+02   0.25571E+02   0.34868E+00  -0.19514E+00
   0.27562E+03   0.29897E+02   0.25428E+02   0.35211E+00  -0.19959E+00
   0.27597E+03   0.29900E+02   0.25559E+02   0.35697E+00  -0.20856E+00
   0.27632E+03   0.29904E+02   0.25454E+02   0.36686E+00  -0.21492E+00
   0.27667E+03   0.29910E+02   0.25222E+02   0.37166E+00  -0.22061E+00
   0.27702E+03   0.29915E+02   0.25089E+02   0.37284E+00  -0.23856E+00
   0.27737E+03   0.29919E+02   0.24838E+02   0.38228E+00  -0.24958E+00
   0.27772E+03   0.29925E+02   0.24894E+02   0.39350E+00  -0.24639E+00
   0.27807E+03   0.29931E+02   0.24868E+02   0.40017E+00  -0.25489E+00
   0.27842E+03   0.29936E+02   0.24968E+02   0.40447E+00  -0.26007E+00
   0.27877E+03   0.29940E+02   0.25081E+02   0.41730E+00  -0.26043E+00
   0.27912E+03   0.29946E+02   0.25014E+02   0.43015E+00  -0.26807E+00
   0.27947E+03   0.29951E+02   0.25208E+02   0.43786E+00  -0.26650E+00
   0.27982E+03   0.29956E+02   0.25371E+02   0.43996E+00  -0.25915E+00
   0.28017E+03   0.29958E+02   0.25633E+02   0.44278E+00  -0.24586E+00
   0.28052E+03   0.29960E+02   0.26193E+02   0.44801E+00  -0.22068E+00
   0.28087E+03   0.29961E+02   0.26811E+02   0.45035E+00  -0.20112E+00
   0.28122E+03   0.29962E+02   0.26740E+02   0.45134E+00  -0.19308E+00
   0.28157E+03   0.29962E+02   0.26430E+02   0.44525E+00  -0.18834E+00
   0.28192E+03   0.29961E+02   0.26667E+02   0.43830E+00  -0.17008E+00
   0.28227E+03   0.29959E+02   0.26952E+02   0.42547E+00  -0.14131E+00
   0.28262E+03   0.29956E+02   0.27147E+02   0.40945E+00  -0.12375E+00
   0.28297E+03   0.29949E+02   0.27177E+02   0.39853E+00  -0.11448E+00
   0.28332E+03   0.29942E+02   0.27308E+02   0.38989E+00  -0.10059E+00
   0.28367E+03   0.29937E+02   0.27369E+02   0.37947E+00  -0.91384E-01
   0.28402E+03   0.29932E+02   0.27130E+02   0.36732E+00  -0.96893E-01
   0.28437E+03   0.29923E+02   0.27000E+02   0.35779E+00  -0.93422E-01
   0.28472E+03   0.29915E+02   0.26888E+02   0.34259E+00  -0.83965E-01
   0.28507E+03   0.29903E+02   0.26832E+02   0.32412E+00  -0.84455E-01
   0.28542E+03   0.29886E+02   0.26931E+02   0.31814E+00  -0.83122E-01
   0.28577E+03   0.29876E+02   0.26876E+02   0.32297E+00  -0.87173E-01
   0.28612E+03   0.29872E+02   0.26644E+02   0.32598E+00  -0.10182E+00
   0.28647E+03   0.29871E+02   0.26341E+02   0.32020E+00  -0.12334E+00
   0.28682E+03   0.29865E+02   0.26131E+02   0.31251E+00  -0.13269E+00
   0.28717E+03   0.29858E+02   0.26193E+02   0.31426E+00  -0.12198E+00
   0.28752E+03   0.29858E+02   0.26181E+02   0.31799E+00  -0.12892E+00
   0.28787E+03   0.29861E+02   0.25957E+02   0.31677E+00  -0.15176E+00
   0.28822E+03   0.29861E+02   0.26011E+02   0.31712E+00  -0.15529E+00
   0.28857E+03   0.29866E+02   0.26208E+02   0.32560E+00  -0.15322E+00
   0.28892E+03   0.29873E+02   0.25929E+02   0.33210E+00  -0.16498E+00
   0.28927E+03   0.29874E+02   0.25716E+02   0.32889E+00  -0.17852E+00
   0.28962E+03   0.29874E+02   0.25514E+02   0.32658E+00  -0.19096E+00
   0.28997E+03   0.29874E+02   0.25277E+02   0.33089E+00  -0.19726E+00
   0.29032E+03   0.29877E+02   0.25180E+02   0.33972E+00  -0.20949E+00
   0.29067E+03   0.29885E+02   0.25078E+02   0.34717E+00  -0.23186E+00
   0.29102E+03   0.29893E+02   0.25037E+02   0.35842E+00  -0.23865E+00
   0.29137E+03   0.29902E+02   0.24806E+02   0.36684E+00  -0.24687E+00
   0.29172E+03   0.29909E+02   0.24568E+02   0.37231E+00  -0.26524E+00
   0.29207E+03   0.29917E+02   0.24564E+02   0.38885E+00  -0.27111E+00
   0.29242E+03   0.29928E+02   0.24435E+02   0.40629E+00  -0.28751E+00
   0.29277E+03   0.29937E+02   0.24324E+02   0.41788E+00  -0.30379E+00
   0.29312E+03   0.29944E+02   0.24530E+02   0.42486E+00  -0.30261E+00
   0.29347E+03   0.29949E+02   0.24571E+02   0.43876E+00  -0.31015E+00
   0.29382E+03   0.29956E+02   0.24845E+02   0.45840E+00  -0.30829E+00
   0.29417E+03   0.29962E+02   0.25251E+02   0.47023E+00  -0.30092E+00
   0.29452E+03   0.29966E+02   0.25443E+02   0.47762E+00  -0.30059E+00
   0.29487E+03   0.29970E+02   0.25914E+02   0.48760E+00  -0.28135E+00
   0.29522E+03   0.29973E+02   0.25969E+02   0.49463E+00  -0.26463E+00
   0.29557E+03   0.29974E+02   0.25914E+02   0.49065E+00  -0.25397E+00
   0.29592E+03   0.29974E+02   0.26129E+02   0.48975E+00  -0.23299E+00
   0.29627E+03   0.29974E+02   0.25995E+02   0.48795E+00  -0.22323E+00
   0.29662E+03   0.29974E+02   0.26318E+02   0.47889E+00  -0.20512E+00
   0.29697E+03   0.29972E+02   0.26654E+02   0.47059E+00  -0.18162E+00
   0.29732E+03   0.29970E+02   0.26922E+02   0.45975E+00  -0.15832E+00
   0.29767E+03   0.29967E+02   0.27398E+02   0.44992E+00  -0.12671E+00
   0.29802E+03   0.29964E+02   0.27495E+02   0.43833E+00  -0.11146E+00
   0.29837E+03   0.29959E+02   0.27469E+02   0.42439E+00  -0.10315E+00
   0.29872E+03   0.29956E+02   0.27336E+02   0.40940E+00  -0.88282E-01
   0.29907E+03   0.29948E+02   0.27216E+02   0.38601E+00  -0.77272E-01
   0.29942E+03   0.29936E+02   0.27259E+02   0.36555E+00  -0.63180E-01
   0.29977E+03   0.29922E+02   0.27381E+02   0.34908E+00  -0.47885E-01
   0.30012E+03   0.29908E+02   0.27511E+02   0.33500E+00  -0.45470E-01
   0.30047E+03   0.29899E+02   0.27516E+02   0.32696E+00  -0.50901E-01
   0.30082E+03   0.29888E+02   0.27356E+02   0.31911E+00  -0.59968E-01
   0.30118E+03   0.29873E+02   0.27212E+02   0.31368E+00  -0.65913E-01
   0.30153E+03   0.29859E+02   0.27059E+02   0.30956E+00  -0.74164E-01
   0.30188E+03   0.29853E+02   0.26902E+02   0.30456E+00  -0.86349E-01
   0.30223E+03   0.29846E+02   0.26888E+02   0.29590E+00  -0.91471E-01
   0.30258E+03   0.29839E+02   0.26685E+02   0.29372E+00  -0.99050E-01
   0.30293E+03   0.29837E+02   0.26502E+02   0.29527E+00  -0.10622E+00
   0.30328E+03   0.29833E+02   0.26314E+02   0.29833E+00  -0.11889E+00
   0.30363E+03   0.29835E+02   0.26070E+02   0.30149E+00  -0.13885E+00
   0.30398E+03   0.29837E+02   0.26016E+02   0.29783E+00  -0.14659E+00
   0.30433E+03   0.29834E+02   0.25902E+02   0.30010E+00  -0.15371E+00
   0.30468E+03   0.29835E+02   0.25511E+02   0.30595E+00  -0.17387E+00
   0.30503E+03   0.29843E+02   0.25079E+02   0.30977E+00  -0.19848E+00
   0.30538E+03   0.29853E+02   0.24516E+02   0.31577E+00  -0.22722E+00
   0.30573E+03   0.29861E+02   0.24163E+02   0.32496E+00  -0.24955E+00
   0.30608E+03   0.29869E+02   0.24203E+02   0.33825E+00  -0.25914E+00
   0.30643E+03   0.29882E+02   0.24397E+02   0.35575E+00  -0.27015E+00
   0.30678E+03   0.29897E+02   0.24556E+02   0.37088E+00  -0.29061E+00
   0.30713E+03   0.29911E+02   0.24284E+02   0.38815E+00  -0.31366E+00
   0.30748E+03   0.29924E+02   0.24275E+02   0.41146E+00  -0.32608E+00
   0.30783E+03   0.29937E+02   0.24548E+02   0.43322E+00  -0.33224E+00
   0.30818E+03   0.29949E+02   0.24798E+02   0.45394E+00  -0.33805E+00
   0.30853E+03   0.29957E+02   0.25370E+02   0.46813E+00  -0.32958E+00
   0.30888E+03   0.29964E+02   0.26217E+02   0.47656E+00  -0.31061E+00
   0.30923E+03   0.29968E+02   0.27029E+02   0.49356E+00  -0.28767E+00
   0.30958E+03   0.29973E+02   0.27383E+02   0.50703E+00  -0.26543E+00
   0.30993E+03   0.29976E+02   0.27379E+02   0.50996E+00  -0.25315E+00
   0.31028E+03   0.29978E+02   0.27664E+02   0.50995E+00  -0.22343E+00
   0.31063E+03   0.29979E+02   0.27975E+02   0.49634E+00  -0.18519E+00
   0.31098E+03   0.29977E+02   0.27761E+02   0.47866E+00  -0.16352E+00
   0.31133E+03   0.29972E+02   0.27729E+02   0.46388E+00  -0.13704E+00
   0.31168E+03   0.29968E+02   0.27881E+02   0.44792E+00  -0.11115E+00
   0.31203E+03   0.29964E+02   0.27777E+02   0.43010E+00  -0.93439E-01
   0.31238E+03   0.29957E+02   0.27618E+02   0.41229E+00  -0.86193E-01
   0.31273E+03   0.29950E+02   0.27336E+02   0.39487E+00  -0.86116E-01
   0.31308E+03   0.29940E+02   0.27193E+02   0.37551E+00  -0.70184E-01
   0.31343E+03   0.29927E+02   0.27206E+02   0.35746E+00  -0.63096E-01
   0.31378E+03   0.29915E+02   0.27257E+02   0.34182E+00  -0.62945E-01
   0.31413E+03   0.29902E+02   0.27293E+02   0.33932E+00  -0.56483E-01
   0.31448E+03   0.29895E+02   0.27134E+02   0.33837E+00  -0.70072E-01
   0.31483E+03   0.29889E+02   0.26764E+02   0.32712E+00  -0.91690E-01
   0.31518E+03   0.29880E+02   0.26527E+02   0.31730E+00  -0.95051E-01
   0.31553E+03   0.29870E+02   0.26431E+02   0.31425E+00  -0.98445E-01
   0.31588E+03   0.29862E+02   0.26447E+02   0.31227E+00  -0.10180E+00
   0.31623E+03   0.29856E+02   0.26527E+02   0.30749E+00  -0.10201E+00
   0.31658E+03   0.29852E+02   0.26370E+02   0.30523E+00  -0.12065E+00
   0.31693E+03   0.29852E+02   0.26077E+02   0.30915E+00  -0.13357E+00
   0.31728E+03   0.29853E+02   0.25746E+02   0.31179E+00  -0.14315E+00
   0.31763E+03   0.29854E+02   0.25414E+02   0.30992E+00  -0.16671E+00
   0.31798E+03   0.29853E+02   0.25193E+02   0.30682E+00  -0.17862E+00
   0.31833E+03   0.29850E+02   0.25208E+02   0.30994E+00  -0.18462E+00
   0.31868E+03   0.29853E+02   0.25128E+02   0.31969E+00  -0.20048E+00
   0.31903E+03   0.29862E+02   0.24943E+02   0.32885E+00  -0.21910E+00
   0.31938E+03   0.29875E+02   0.24904E+02   0.34389E+00  -0.23637E+00
   0.31973E+03   0.29888E+02   0.25081E+02   0.35831E+00  -0.24270E+00
   0.32008E+03   0.29899E+02   0.25103E+02   0.36660E+00  -0.24565E+00
   0.32043E+03   0.29908E+02   0.25010E+02   0.37446E+00  -0.25687E+00
   0.32078E+03   0.29916E+02   0.25291E+02   0.38898E+00  -0.26053E+00
   0.32113E+03   0.29926E+02   0.25381E+02   0.40111E+00  -0.25985E+00
   0.32148E+03   0.29935E+02   0.25150E+02   0.40864E+00  -0.27342E+00
   0.32183E+03   0.29941E+02   0.25479E+02   0.42038E+00  -0.27343E+00
   0.32218E+03   0.29947E+02   0.26125E+02   0.43170E+00  -0.25500E+00
   0.32253E+03   0.29952E+02   0.26314E+02   0.43887E+00  -0.24414E+00
   0.32288E+03   0.29956E+02   0.26642E+02   0.44146E+00  -0.23646E+00
   0.32323E+03   0.29958E+02   0.26804E+02   0.44704E+00  -0.22809E+00
   0.32358E+03   0.29960E+02   0.26666E+02   0.45163E+00  -0.21319E+00
   0.32393E+03   0.29961E+02   0.26604E+02   0.45072E+00  -0.20600E+00
   0.32428E+03   0.29962E+02   0.26443E+02   0.44298E+00  -0.20323E+00
   0.32463E+03   0.29959E+02   0.26550E+02   0.43082E+00  -0.18059E+00
   0.32498E+03   0.29956E+02   0.26872E+02   0.42452E+00  -0.15705E+00
   0.32533E+03   0.29954E+02   0.27014E+02   0.41884E+00  -0.14326E+00
   0.32568E+03   0.29952E+02   0.26984E+02   0.40869E+00  -0.13456E+00
   0.32603E+03   0.29948E+02   0.26937E+02   0.40341E+00  -0.12864E+00
   0.32638E+03   0.29945E+02   0.26835E+02   0.39540E+00  -0.11599E+00
   0.32673E+03   0.29939E+02   0.26740E+02   0.37941E+00  -0.10647E+00
   0.32708E+03   0.29929E+02   0.26684E+02   0.36266E+00  -0.10446E+00
   0.32743E+03   0.29918E+02   0.26533E+02   0.35455E+00  -0.10465E+00
   0.32778E+03   0.29908E+02   0.26305E+02   0.34836E+00  -0.10911E+00
   0.32813E+03   0.29903E+02   0.26105E+02   0.33765E+00  -0.12089E+00
   0.32848E+03   0.29898E+02   0.25822E+02   0.33417E+00  -0.13413E+00
   0.32883E+03   0.29891E+02   0.25787E+02   0.33572E+00  -0.13177E+00
   0.32918E+03   0.29887E+02   0.26021E+02   0.33496E+00  -0.12554E+00
   0.32953E+03   0.29884E+02   0.26014E+02   0.33348E+00  -0.13617E+00
   0.32988E+03   0.29885E+02   0.25984E+02   0.33796E+00  -0.14789E+00
   0.33023E+03   0.29890E+02   0.25950E+02   0.34183E+00  -0.15182E+00
   0.33058E+03   0.29891E+02   0.25686E+02   0.34107E+00  -0.15906E+00
   0.33093E+03   0.29888E+02   0.25615E+02   0.33683E+00  -0.16167E+00
   0.33128E+03   0.29888E+02   0.25906E+02   0.33578E+00  -0.15770E+00
   0.33163E+03   0.29887E+02   0.26201E+02   0.33850E+00  -0.15138E+00
   0.33198E+03   0.29887E+02   0.25973E+02   0.33764E+00  -0.16723E+00
   0.33233E+03   0.29887E+02   0.25414E+02   0.34014E+00  -0.19695E+00
   0.33268E+03   0.29889E+02   0.25147E+02   0.34728E+00  -0.20212E+00
   0.33303E+03   0.29896E+02   0.25033E+02   0.34892E+00  -0.20845E+00
   0.33338E+03   0.29898E+02   0.25040E+02   0.34855E+00  -0.21663E+00
   0.33373E+03   0.29898E+02   0.25184E+02   0.35363E+00  -0.21538E+00
   0.33408E+03   0.29903E+02   0.25377E+02   0.36564E+00  -0.22093E+00
   0.33443E+03   0.29911E+02   0.25711E+02   0.38049E+00  -0.22126E+00
   0.33478E+03   0.29920E+02   0.25710E+02   0.39244E+00  -0.23022E+00
   0.33513E+03   0.29929E+02   0.25551E+02   0.39954E+00  -0.23867E+00
   0.33548E+03   0.29935E+02   0.25603E+02   0.40339E+00  -0.22503E+00
   0.33583E+03   0.29939E+02   0.25638E+02   0.40095E+00  -0.22166E+00
   0.33618E+03   0.29940E+02   0.25738E+02   0.39711E+00  -0.21824E+00
   0.33653E+03   0.29940E+02   0.26046E+02   0.40396E+00  -0.20285E+00
   0.33688E+03   0.29943E+02   0.26380E+02   0.41353E+00  -0.19811E+00
   0.33723E+03   0.29945E+02   0.26660E+02   0.41636E+00  -0.19098E+00
   0.33758E+03   0.29946E+02   0.26601E+02   0.41215E+00  -0.18591E+00
   0.33793E+03   0.29945E+02   0.26472E+02   0.40844E+00  -0.18408E+00
   0.33828E+03   0.29944E+02   0.26669E+02   0.40678E+00  -0.16453E+00
   0.33863E+03   0.29943E+02   0.26514E+02   0.39652E+00  -0.15520E+00
   0.33898E+03   0.29938E+02   0.26357E+02   0.38632E+00  -0.15757E+00
   0.33933E+03   0.29934E+02   0.26590E+02   0.38702E+00  -0.14279E+00
   0.33968E+03   0.29932E+02   0.26595E+02   0.38414E+00  -0.13840E+00
   0.34003E+03   0.29929E+02   0.26300E+02   0.37579E+00  -0.14770E+00
   0.34038E+03   0.29924E+02   0.26244E+02   0.36757E+00  -0.14652E+00
   0.34073E+03   0.29920E+02   0.26280E+02   0.36443E+00  -0.14028E+00
   0.34108E+03   0.29916E+02   0.26220E+02   0.35943E+00  -0.13248E+00
   0.34143E+03   0.29911E+02   0.26246E+02   0.35396E+00  -0.13636E+00
   0.34178E+03   0.29909E+02   0.26137E+02   0.35296E+00  -0.14408E+00
   0.34213E+03   0.29907E+02   0.26057E+02   0.35116E+00  -0.13908E+00
   0.34248E+03   0.29904E+02   0.26087E+02   0.34958E+00  -0.13818E+00
   0.34283E+03   0.29902E+02   0.25887E+02   0.34416E+00  -0.14893E+00
   0.34318E+03   0.29899E+02   0.25674E+02   0.34238E+00  -0.15572E+00
   0.34353E+03   0.29896E+02   0.25731E+02   0.34235E+00  -0.15808E+00
   0.34388E+03   0.29897E+02   0.25466E+02   0.34052E+00  -0.16868E+00
   0.34423E+03   0.29896E+02   0.25082E+02   0.33760E+00  -0.18388E+00
   0.34458E+03   0.29893E+02   0.25115E+02   0.34308E+00  -0.19258E+00
   0.34493E+03   0.29895E+02   0.25329E+02   0.35347E+00  -0.18873E+00
   0.34528E+03   0.29899E+02   0.25218E+02   0.35592E+00  -0.19859E+00
   0.34563E+03   0.29904E+02   0.24662E+02   0.35795E+00  -0.23107E+00
   0.34598E+03   0.29908E+02   0.24595E+02   0.36665E+00  -0.24108E+00
   0.34633E+03   0.29913E+02   0.24684E+02   0.37851E+00  -0.23560E+00
   0.34668E+03   0.29918E+02   0.24635E+02   0.38461E+00  -0.25153E+00
   0.34703E+03   0.29923E+02   0.24932E+02   0.39422E+00  -0.26392E+00
   0.34738E+03   0.29931E+02   0.25007E+02   0.40774E+00  -0.26551E+00
   0.34773E+03   0.29939E+02   0.25063E+02   0.41368E+00  -0.26698E+00
   0.34808E+03   0.29943E+02   0.25475E+02   0.41985E+00  -0.26111E+00
   0.34843E+03   0.29947E+02   0.26076E+02   0.43352E+00  -0.24442E+00
   0.34878E+03   0.29953E+02   0.26576E+02   0.44422E+00  -0.22456E+00
   0.34913E+03   0.29957E+02   0.26743E+02   0.44277E+00  -0.21945E+00
   0.34948E+03   0.29958E+02   0.26762E+02   0.43573E+00  -0.21202E+00
   0.34983E+03   0.29957E+02   0.26837E+02   0.43717E+00  -0.19054E+00
   0.35018E+03   0.29958E+02   0.26819E+02   0.43953E+00  -0.17961E+00
   0.35053E+03   0.29958E+02   0.26627E+02   0.42781E+00  -0.18079E+00
   0.35088E+03   0.29953E+02   0.26445E+02   0.41133E+00  -0.17251E+00
   0.35123E+03   0.29948E+02   0.26127E+02   0.40161E+00  -0.16649E+00
   0.35158E+03   0.29944E+02   0.25812E+02   0.39950E+00  -0.16693E+00
   0.35193E+03   0.29941E+02   0.25683E+02   0.39517E+00  -0.16555E+00
   0.35228E+03   0.29937E+02   0.25797E+02   0.38786E+00  -0.16313E+00
   0.35263E+03   0.29935E+02   0.25868E+02   0.38752E+00  -0.15507E+00
   0.35298E+03   0.29934E+02   0.25910E+02   0.38672E+00  -0.14909E+00
   0.35333E+03   0.29931E+02   0.26097E+02   0.38047E+00  -0.14493E+00
   0.35368E+03   0.29927E+02   0.26132E+02   0.38234E+00  -0.14005E+00
   0.35403E+03   0.29927E+02   0.26078E+02   0.38307E+00  -0.14012E+00
   0.35438E+03   0.29925E+02   0.26039E+02   0.37205E+00  -0.14473E+00
   0.35473E+03   0.29922E+02   0.25988E+02   0.36251E+00  -0.14286E+00
   0.35508E+03   0.29917E+02   0.25821E+02   0.35522E+00  -0.14020E+00
   0.35543E+03   0.29909E+02   0.25701E+02   0.34988E+00  -0.14610E+00
   0.35578E+03   0.29903E+02   0.25792E+02   0.34764E+00  -0.14694E+00
   0.35613E+03   0.29904E+02   0.25598E+02   0.34406E+00  -0.15763E+00
   0.35648E+03   0.29903E+02   0.25441E+02   0.34457E+00  -0.17031E+00
   0.35683E+03   0.29903E+02   0.25552E+02   0.34745E+00  -0.16548E+00
   0.35718E+03   0.29902E+02   0.25558E+02   0.34361E+00  -0.16521E+00
   0.35753E+03   0.29900E+02   0.25600E+02   0.34696E+00  -0.16701E+00
   0.35788E+03   0.29900E+02   0.25393E+02   0.35163E+00  -0.17809E+00
   0.35823E+03   0.29900E+02   0.25279E+02   0.35345E+00  -0.18969E+00
   0.35858E+03   0.29904E+02   0.25370E+02   0.35926E+00  -0.18909E+00
   0.35893E+03   0.29908E+02   0.25438E+02   0.36018E+00  -0.19600E+00
   0.35928E+03   0.29910E+02   0.25376E+02   0.36141E+00  -0.19909E+00
   0.35963E+03   0.29912E+02   0.25225E+02   0.36354E+00  -0.20023E+00
   0.35998E+03   0.29914E+02   0.25142E+02   0.36796E+00  -0.21328E+00
   0.36033E+03   0.29918E+02   0.25125E+02   0.37442E+00  -0.21861E+00
   0.36068E+03   0.29922E+02   0.25279E+02   0.38131E+00  -0.21826E+00
   0.36103E+03   0.29926E+02   0.25557E+02   0.38987E+00  -0.21892E+00
   0.36138E+03   0.29929E+02   0.25931E+02   0.39303E+00  -0.20950E+00
   0.36173E+03   0.29932E+02   0.26380E+02   0.39343E+00  -0.19662E+00
   0.36208E+03   0.29935E+02   0.26553E+02   0.39699E+00  -0.19106E+00
   0.36243E+03   0.29937E+02   0.26435E+02   0.40292E+00  -0.18350E+00
   0.36278E+03   0.29939E+02   0.26506E+02   0.40199E+00  -0.17462E+00
   0.36313E+03   0.29940E+02   0.26458E+02   0.39275E+00  -0.17021E+00
   0.36348E+03   0.29936E+02   0.26426E+02   0.38433E+00  -0.16053E+00
   0.36383E+03   0.29930E+02   0.26640E+02   0.38115E+00  -0.14841E+00
   0.36418E+03   0.29926E+02   0.26712E+02   0.37813E+00  -0.14142E+00
   0.36453E+03   0.29923E+02   0.26461E+02   0.37366E+00  -0.15145E+00
   0.36488E+03   0.29920E+02   0.26368E+02   0.37290E+00  -0.15980E+00
   0.36523E+03   0.29920E+02   0.26471E+02   0.37150E+00  -0.14678E+00
   0.36558E+03   0.29920E+02   0.26404E+02   0.36560E+00  -0.13997E+00
   0.36593E+03   0.29915E+02   0.26201E+02   0.35900E+00  -0.14866E+00
   0.36628E+03   0.29910E+02   0.25938E+02   0.35504E+00  -0.15131E+00
   0.36663E+03   0.29906E+02   0.25795E+02   0.35162E+00  -0.14931E+00
   0.36698E+03   0.29904E+02   0.25815E+02   0.35427E+00  -0.15465E+00
   0.36733E+03   0.29905E+02   0.25691E+02   0.35624E+00  -0.16530E+00
   0.36768E+03   0.29906E+02   0.25324E+02   0.35133E+00  -0.17601E+00
   0.36803E+03   0.29903E+02   0.24978E+02   0.34821E+00  -0.18917E+00
   0.36838E+03   0.29902E+02   0.24942E+02   0.34947E+00  -0.19329E+00
   0.36873E+03   0.29903E+02   0.24975E+02   0.35516E+00  -0.19517E+00
   0.36908E+03   0.29908E+02   0.24909E+02   0.36577E+00  -0.21090E+00
   0.36943E+03   0.29913E+02   0.25226E+02   0.37237E+00  -0.21357E+00
   0.36978E+03   0.29916E+02   0.25486E+02   0.37636E+00  -0.20767E+00
   0.37013E+03   0.29920E+02   0.25358E+02   0.38043E+00  -0.21326E+00
   0.37048E+03   0.29923E+02   0.25265E+02   0.38746E+00  -0.21965E+00
   0.37083E+03   0.29927E+02   0.25383E+02   0.39628E+00  -0.21824E+00
   0.37118E+03   0.29931E+02   0.25706E+02   0.39413E+00  -0.20743E+00
   0.37153E+03   0.29932E+02   0.25910E+02   0.39073E+00  -0.20337E+00
   0.37188E+03   0.29933E+02   0.25833E+02   0.39654E+00  -0.20553E+00
   0.37223E+03   0.29935E+02   0.25777E+02   0.40066E+00  -0.20083E+00
   0.37258E+03   0.29937E+02   0.25724E+02   0.39504E+00  -0.20283E+00
   0.37293E+03   0.29937E+02   0.25730E+02   0.39496E+00  -0.20282E+00
   0.37328E+03   0.29937E+02   0.25950E+02   0.39927E+00  -0.19110E+00
   0.37363E+03   0.29937E+02   0.26220E+02   0.40034E+00  -0.17858E+00
   0.37398E+03   0.29937E+02   0.26006E+02   0.39716E+00  -0.18359E+00
   0.37433E+03   0.29937E+02   0.25483E+02   0.39072E+00  -0.19814E+00
   0.37468E+03   0.29937E+02   0.25424E+02   0.38994E+00  -0.18955E+00
   0.37503E+03   0.29936E+02   0.25595E+02   0.39360E+00  -0.17603E+00
   0.37538E+03   0.29935E+02   0.25522E+02   0.39309E+00  -0.18276E+00
   0.37573E+03   0.29934E+02   0.25336E+02   0.38671E+00  -0.19364E+00
   0.37608E+03   0.29932E+02   0.25254E+02   0.38387E+00  -0.19469E+00
   0.37643E+03   0.29931E+02   0.25364E+02   0.38778E+00  -0.18978E+00
   0.37678E+03   0.29932E+02   0.25545E+02   0.39271E+00  -0.18517E+00
   0.37713E+03   0.29934E+02   0.25685E+02   0.39304E+00  -0.18466E+00
   0.37748E+03   0.29934E+02   0.25904E+02   0.39364E+00  -0.18056E+00
   0.37783E+03   0.29933E+02   0.26091E+02   0.39227E+00  -0.17017E+00
   0.37818E+03   0.29932E+02   0.25858E+02   0.38603E+00  -0.17256E+00
   0.37853E+03   0.29932E+02   0.25413E+02   0.38422E+00  -0.18435E+00
   0.37888E+03   0.29931E+02   0.25197E+02   0.38371E+00  -0.18846E+00
   0.37923E+03   0.29928E+02   0.25165E+02   0.37401E+00  -0.18394E+00
   0.37958E+03   0.29923E+02   0.25321E+02   0.36420E+00  -0.17821E+00
   0.37993E+03   0.29921E+02   0.25420E+02   0.36861E+00  -0.17963E+00
   0.38028E+03   0.29922E+02   0.25494E+02   0.37792E+00  -0.18170E+00
   0.38063E+03   0.29924E+02   0.25546E+02   0.37930E+00  -0.18438E+00
   0.38098E+03   0.29925E+02   0.25496E+02   0.37926E+00  -0.19188E+00
   0.38133E+03   0.29926E+02   0.25692E+02   0.38486E+00  -0.18710E+00
   0.38168E+03   0.29928E+02   0.26058E+02   0.38885E+00  -0.17022E+00
   0.38203E+03   0.29929E+02   0.25977E+02   0.38193E+00  -0.17072E+00
   0.38238E+03   0.29928E+02   0.25911E+02   0.37342E+00  -0.17565E+00
   0.38273E+03   0.29926E+02   0.26283E+02   0.37683E+00  -0.16226E+00
   0.38308E+03   0.29927E+02   0.26150E+02   0.38059E+00  -0.16012E+00
   0.38343E+03   0.29925E+02   0.25911E+02   0.37542E+00  -0.17025E+00
   0.38378E+03   0.29921E+02   0.25910E+02   0.37003E+00  -0.17043E+00
   0.38413E+03   0.29918E+02   0.25866E+02   0.36554E+00  -0.16597E+00
   0.38448E+03   0.29916E+02   0.25941E+02   0.36285E+00  -0.16354E+00
   0.38483E+03   0.29916E+02   0.25684E+02   0.36390E+00  -0.17629E+00
   0.38518E+03   0.29916E+02   0.25155E+02   0.36419E+00  -0.19113E+00
   0.38553E+03   0.29915E+02   0.25171E+02   0.36246E+00  -0.18580E+00
   0.38588E+03   0.29915E+02   0.25499E+02   0.36392E+00  -0.17760E+00
   0.38623E+03   0.29915E+02   0.25677E+02   0.36673E+00  -0.17547E+00
   0.38658E+03   0.29917E+02   0.25552E+02   0.36984E+00  -0.18331E+00
   0.38693E+03   0.29919E+02   0.25273E+02   0.37426E+00  -0.20052E+00
   0.38728E+03   0.29921E+02   0.25191E+02   0.37470E+00  -0.20417E+00
   0.38763E+03   0.29922E+02   0.25053E+02   0.37305E+00  -0.20378E+00
   0.38798E+03   0.29923E+02   0.24940E+02   0.37799E+00  -0.21178E+00
   0.38833E+03   0.29926E+02   0.24873E+02   0.38188E+00  -0.21519E+00
   0.38868E+03   0.29926E+02   0.24654E+02   0.37555E+00  -0.22552E+00
   0.38903E+03   0.29926E+02   0.24532E+02   0.37791E+00  -0.23644E+00
   0.38938E+03   0.29930E+02   0.24494E+02   0.39271E+00  -0.24215E+00
   0.38973E+03   0.29935E+02   0.24497E+02   0.40502E+00  -0.24889E+00
   0.39008E+03   0.29938E+02   0.24745E+02   0.40777E+00  -0.24995E+00
   0.39043E+03   0.29941E+02   0.25034E+02   0.40942E+00  -0.24755E+00
   0.39078E+03   0.29945E+02   0.25192E+02   0.41673E+00  -0.24102E+00
   0.39113E+03   0.29948E+02   0.25300E+02   0.42791E+00  -0.23842E+00
   0.39148E+03   0.29952E+02   0.25513E+02   0.43625E+00  -0.23678E+00
   0.39183E+03   0.29955E+02   0.25714E+02   0.43513E+00  -0.22662E+00
   0.39218E+03   0.29957E+02   0.25692E+02   0.42987E+00  -0.22016E+00
   0.39253E+03   0.29956E+02   0.25588E+02   0.42570E+00  -0.21158E+00
   0.39288E+03   0.29954E+02   0.25930E+02   0.42496E+00  -0.18685E+00
   0.39323E+03   0.29952E+02   0.26360E+02   0.42468E+00  -0.17425E+00
   0.39358E+03   0.29951E+02   0.26288E+02   0.42273E+00  -0.17970E+00
   0.39393E+03   0.29952E+02   0.26339E+02   0.42084E+00  -0.17240E+00
   0.39428E+03   0.29950E+02   0.26480E+02   0.41425E+00  -0.15823E+00
   0.39463E+03   0.29947E+02   0.26370E+02   0.40409E+00  -0.15232E+00
   0.39498E+03   0.29943E+02   0.26553E+02   0.39669E+00  -0.13896E+00
   0.39533E+03   0.29939E+02   0.26872E+02   0.38896E+00  -0.12269E+00
   0.39568E+03   0.29934E+02   0.26809E+02   0.38096E+00  -0.11906E+00
   0.39603E+03   0.29929E+02   0.26630E+02   0.37261E+00  -0.12048E+00
   0.39638E+03   0.29922E+02   0.26717E+02   0.36415E+00  -0.11143E+00
   0.39673E+03   0.29915E+02   0.26865E+02   0.35884E+00  -0.97472E-01
   0.39708E+03   0.29911E+02   0.26829E+02   0.35041E+00  -0.98276E-01
   0.39743E+03   0.29905E+02   0.26814E+02   0.33725E+00  -0.10371E+00
   0.39778E+03   0.29896E+02   0.26590E+02   0.33014E+00  -0.10980E+00
   0.39813E+03   0.29888E+02   0.26198E+02   0.32756E+00  -0.12005E+00
   0.39848E+03   0.29883E+02   0.26186E+02   0.32529E+00  -0.12212E+00
   0.39883E+03   0.29883E+02   0.26163E+02   0.32244E+00  -0.12649E+00
   0.39918E+03   0.29877E+02   0.25928E+02   0.31569E+00  -0.13856E+00
   0.39953E+03   0.29868E+02   0.25808E+02   0.31636E+00  -0.14372E+00
   0.39988E+03   0.29864E+02   0.25739E+02   0.32218E+00  -0.14823E+00
   0.40023E+03   0.29867E+02   0.25490E+02   0.32695E+00  -0.16340E+00
   0.40058E+03   0.29874E+02   0.25252E+02   0.33261E+00  -0.18434E+00
   0.40093E+03   0.29878E+02   0.25099E+02   0.33585E+00  -0.19740E+00
   0.40128E+03   0.29881E+02   0.25018E+02   0.33633E+00  -0.19954E+00
   0.40163E+03   0.29885E+02   0.24935E+02   0.33958E+00  -0.20896E+00
   0.40198E+03   0.29891E+02   0.24954E+02   0.35034E+00  -0.22116E+00
   0.40233E+03   0.29898E+02   0.25068E+02   0.36060E+00  -0.22427E+00
   0.40268E+03   0.29904E+02   0.25168E+02   0.36934E+00  -0.22967E+00
   0.40303E+03   0.29912E+02   0.25420E+02   0.38349E+00  -0.23743E+00
   0.40338E+03   0.29922E+02   0.25775E+02   0.39435E+00  -0.23767E+00
   0.40373E+03   0.29930E+02   0.25766E+02   0.39790E+00  -0.23809E+00
   0.40408E+03   0.29934E+02   0.25820E+02   0.40007E+00  -0.23508E+00
   0.40443E+03   0.29938E+02   0.26018E+02   0.40659E+00  -0.22612E+00
   0.40478E+03   0.29942E+02   0.25992E+02   0.41238E+00  -0.22196E+00
   0.40513E+03   0.29945E+02   0.25859E+02   0.41589E+00  -0.22712E+00
   0.40548E+03   0.29948E+02   0.25572E+02   0.41878E+00  -0.23542E+00
   0.40583E+03   0.29949E+02   0.25558E+02   0.41303E+00  -0.22890E+00
   0.40618E+03   0.29948E+02   0.25490E+02   0.41254E+00  -0.22297E+00
   0.40653E+03   0.29948E+02   0.25358E+02   0.42007E+00  -0.22776E+00
   0.40688E+03   0.29949E+02   0.25805E+02   0.42306E+00  -0.21544E+00
   0.40723E+03   0.29951E+02   0.26304E+02   0.42479E+00  -0.19931E+00
   0.40758E+03   0.29952E+02   0.26391E+02   0.42963E+00  -0.19270E+00
   0.40793E+03   0.29954E+02   0.26395E+02   0.42928E+00  -0.18128E+00
   0.40828E+03   0.29953E+02   0.26369E+02   0.42250E+00  -0.16874E+00
   0.40863E+03   0.29951E+02   0.26472E+02   0.41502E+00  -0.15225E+00
   0.40898E+03   0.29947E+02   0.26687E+02   0.40607E+00  -0.13562E+00
   0.40933E+03   0.29943E+02   0.26596E+02   0.39705E+00  -0.13237E+00
   0.40968E+03   0.29939E+02   0.26546E+02   0.38445E+00  -0.12960E+00
   0.41003E+03   0.29932E+02   0.26546E+02   0.37304E+00  -0.12414E+00
   0.41038E+03   0.29925E+02   0.26360E+02   0.36510E+00  -0.12130E+00
   0.41073E+03   0.29917E+02   0.26324E+02   0.35693E+00  -0.11832E+00
   0.41108E+03   0.29913E+02   0.26193E+02   0.35418E+00  -0.12889E+00
   0.41143E+03   0.29908E+02   0.26098E+02   0.34814E+00  -0.13346E+00
   0.41178E+03   0.29900E+02   0.26073E+02   0.33997E+00  -0.13069E+00
   0.41213E+03   0.29895E+02   0.25981E+02   0.33931E+00  -0.13381E+00
   0.41248E+03   0.29892E+02   0.26028E+02   0.34434E+00  -0.13324E+00
   0.41283E+03   0.29894E+02   0.25926E+02   0.34447E+00  -0.14377E+00
   0.41318E+03   0.29893E+02   0.25797E+02   0.33707E+00  -0.15559E+00
   0.41353E+03   0.29892E+02   0.25908E+02   0.33752E+00  -0.15020E+00
   0.41388E+03   0.29893E+02   0.25834E+02   0.34004E+00  -0.14934E+00
   0.41423E+03   0.29892E+02   0.25820E+02   0.33700E+00  -0.15345E+00
   0.41458E+03   0.29891E+02   0.25928E+02   0.33613E+00  -0.15777E+00
   0.41493E+03   0.29891E+02   0.25753E+02   0.33798E+00  -0.16821E+00
   0.41528E+03   0.29888E+02   0.25659E+02   0.34118E+00  -0.17283E+00
   0.41563E+03   0.29888E+02   0.25734E+02   0.34599E+00  -0.17535E+00
   0.41598E+03   0.29892E+02   0.25557E+02   0.34822E+00  -0.18469E+00
   0.41633E+03   0.29895E+02   0.25224E+02   0.34705E+00  -0.19865E+00
   0.41668E+03   0.29895E+02   0.24843E+02   0.34713E+00  -0.21739E+00
   0.41703E+03   0.29897E+02   0.24854E+02   0.35579E+00  -0.22141E+00
   0.41738E+03   0.29903E+02   0.25090E+02   0.36724E+00  -0.21782E+00
   0.41773E+03   0.29910E+02   0.25197E+02   0.37701E+00  -0.23129E+00
   0.41808E+03   0.29917E+02   0.25390E+02   0.38500E+00  -0.23930E+00
   0.41843E+03   0.29923E+02   0.25486E+02   0.39374E+00  -0.23952E+00
   0.41878E+03   0.29930E+02   0.25488E+02   0.40464E+00  -0.24165E+00
   0.41913E+03   0.29937E+02   0.25443E+02   0.41253E+00  -0.24382E+00
   0.41948E+03   0.29943E+02   0.25449E+02   0.41780E+00  -0.24591E+00
   0.41983E+03   0.29946E+02   0.25525E+02   0.41595E+00  -0.24029E+00
