          25
  0.175000000000000        1312500.00000000     
         207
  0.525000000000000        3937500.00000000     
          16
  0.875000000000000        6562500.00000000     
           9
   1.22500000000000        9187500.00000000     
          59
   1.57500000000000        11812500.0000000     
         368
   1.92500000000000        14437500.0000000     
         452
   2.27500000000000        17062500.0000000     
          81
   2.62500000000000        19687500.0000000     
         429
   2.97500000000000        22312500.0000000     
         275
   3.32500000000000        24937500.0000000     
         490
   3.67500000000000        27562500.0000000     
         252
   4.02500000000000        30187500.0000000     
         382
   4.37500000000000        32812500.0000000     
          77
   4.72500000000000        35437500.0000000     
         114
   5.07500000000000        38062500.0000000     
         412
   5.42500000000000        40687500.0000000     
         118
   5.77500000000000        43312500.0000000     
          92
   6.12500000000000        45937500.0000000     
         346
   6.47500000000000        48562500.0000000     
         197
   6.82500000000000        51187500.0000000     
         250
   7.17500000000000        53812500.0000000     
          89
   7.52500000000000        56437500.0000000     
         237
   7.87500000000000        59062500.0000000     
         462
   8.22500000000000        61687500.0000000     
         397
   8.57500000000000        64312500.0000000     
         284
   8.92500000000000        66937500.0000000     
         484
   9.27500000000000        69562500.0000000     
         428
   9.62499999999999        72187500.0000000     
         144
   9.97499999999999        74812500.0000000     
         125
   10.3250000000000        77437500.0000000     
         253
   10.6750000000000        80062500.0000000     
         531
   11.0250000000000        82687500.0000000     
          98
   11.3750000000000        85312499.9999999     
         410
   11.7250000000000        87937499.9999999     
         283
   12.0750000000000        90562499.9999999     
         294
   12.4250000000000        93187499.9999999     
         395
   12.7750000000000        95812499.9999999     
         304
   13.1250000000000        98437499.9999999     
         239
   13.4750000000000        101062500.000000     
         535
   13.8250000000000        103687500.000000     
         537
   14.1750000000000        106312500.000000     
         404
   14.5250000000000        108937500.000000     
         239
   14.8750000000000        111562500.000000     
         260
   15.2250000000000        114187500.000000     
         505
   15.5750000000000        116812500.000000     
         508
   15.9250000000000        119437500.000000     
          70
   16.2750000000000        122062500.000000     
           7
   16.6250000000000        124687500.000000     
         345
   16.9750000000000        127312500.000000     
         437
   17.3250000000000        129937500.000000     
         344
   17.6750000000000        132562500.000000     
         251
   18.0250000000000        135187500.000000     
          85
   18.3750000000000        137812500.000000     
         370
   18.7250000000000        140437500.000000     
         526
   19.0750000000000        143062500.000000     
          82
   19.4250000000000        145687500.000000     
           3
   19.7750000000000        148312500.000000     
         332
   20.1250000000000        150937500.000000     
         223
   20.4750000000000        153562500.000000     
         377
   20.8250000000000        156187500.000000     
         386
   21.1750000000000        158812500.000000     
          39
   21.5250000000000        161437500.000000     
          49
   21.8750000000000        164062500.000000     
          50
   22.2250000000000        166687500.000000     
          36
   22.5750000000000        169312500.000000     
          35
   22.9250000000000        171937500.000000     
         124
   23.2750000000000        174562500.000000     
         136
   23.6250000000000        177187500.000000     
         507
   23.9750000000000        179812500.000000     
         430
   24.3250000000000        182437500.000000     
         117
   24.6750000000000        185062500.000000     
          20
   25.0250000000000        187687500.000000     
         135
   25.3750000000000        190312500.000000     
         339
   25.7250000000000        192937500.000000     
          68
   26.0750000000000        195562500.000000     
         389
   26.4250000000000        198187500.000000     
         103
   26.7750000000000        200812500.000000     
         390
   27.1250000000000        203437500.000000     
         424
   27.4750000000000        206062500.000000     
         290
   27.8250000000000        208687500.000000     
         185
   28.1750000000000        211312500.000000     
         500
   28.5250000000000        213937500.000000     
          92
   28.8750000000000        216562500.000000     
         268
   29.2250000000000        219187500.000000     
         107
   29.5750000000000        221812500.000000     
         370
   29.9250000000000        224437500.000000     
         311
   30.2750000000000        227062500.000000     
         308
   30.6250000000000        229687500.000000     
         113
   30.9750000000001        232312500.000000     
         165
   31.3250000000001        234937500.000000     
          83
   31.6750000000001        237562500.000000     
         408
   32.0250000000001        240187500.000000     
         454
   32.3750000000001        242812500.000000     
         491
   32.7250000000001        245437500.000000     
         175
   33.0750000000001        248062500.000000     
         486
   33.4250000000001        250687500.000000     
         445
   33.7750000000001        253312500.000000     
         118
   34.1250000000001        255937500.000000     
          31
   34.4750000000001        258562500.000000     
           8
   34.8250000000001        261187500.000001     
         153
   35.1750000000001        263812500.000001     
         435
   35.5250000000001        266437500.000001     
         379
   35.8750000000001        269062500.000001     
         461
   36.2250000000001        271687500.000001     
         252
   36.5750000000001        274312500.000001     
          50
   36.9250000000001        276937500.000001     
         460
   37.2750000000001        279562500.000001     
          64
   37.6250000000001        282187500.000001     
         142
   37.9750000000001        284812500.000001     
         436
   38.3250000000001        287437500.000001     
         331
   38.6750000000001        290062500.000001     
          12
   39.0250000000001        292687500.000001     
         387
   39.3750000000001        295312500.000001     
         174
   39.7250000000001        297937500.000001     
         301
   40.0750000000001        300562500.000001     
         449
   40.4250000000001        303187500.000001     
         342
   40.7750000000001        305812500.000001     
         381
   41.1250000000001        308437500.000001     
         223
   41.4750000000001        311062500.000001     
          96
   41.8250000000001        313687500.000001     
         514
   42.1750000000001        316312500.000001     
         456
   42.5250000000001        318937500.000001     
         169
   42.8750000000001        321562500.000001     
         532
   43.2250000000001        324187500.000001     
         537
   43.5750000000001        326812500.000001     
         136
   43.9250000000001        329437500.000001     
         433
   44.2750000000001        332062500.000001     
         135
   44.6250000000001        334687500.000001     
         350
   44.9750000000001        337312500.000001     
         505
   45.3250000000001        339937500.000001     
         200
   45.6750000000001        342562500.000001     
         432
   46.0250000000001        345187500.000001     
         478
   46.3750000000001        347812500.000001     
         411
   46.7250000000001        350437500.000001     
         479
   47.0750000000001        353062500.000001     
         378
   47.4250000000001        355687500.000001     
          38
   47.7750000000001        358312500.000001     
         235
   48.1250000000001        360937500.000001     
         285
   48.4750000000001        363562500.000001     
         244
   48.8250000000001        366187500.000001     
         250
   49.1750000000001        368812500.000001     
         495
   49.5250000000001        371437500.000001     
         173
   49.8750000000001        374062500.000001     
         191
   50.2250000000001        376687500.000001     
         524
   50.5750000000001        379312500.000001     
         496
   50.9250000000001        381937500.000001     
         449
   51.2750000000001        384562500.000001     
         125
   51.6250000000001        387187500.000001     
          34
   51.9750000000001        389812500.000001     
         117
   52.3250000000001        392437500.000001     
          73
   52.6750000000001        395062500.000001     
         143
   53.0250000000001        397687500.000001     
         202
   53.3750000000001        400312500.000001     
         366
   53.7250000000001        402937500.000001     
          83
   54.0750000000001        405562500.000001     
         172
   54.4250000000001        408187500.000001     
         393
   54.7750000000001        410812500.000001     
         202
   55.1250000000001        413437500.000001     
         325
   55.4750000000002        416062500.000001     
         424
   55.8250000000002        418687500.000001     
         138
   56.1750000000002        421312500.000001     
         220
   56.5250000000002        423937500.000001     
         263
   56.8750000000002        426562500.000001     
         363
   57.2250000000002        429187500.000001     
         471
   57.5750000000002        431812500.000001     
         506
   57.9250000000002        434437500.000001     
         330
   58.2750000000002        437062500.000001     
         199
   58.6250000000002        439687500.000001     
         492
   58.9750000000002        442312500.000001     
         104
   59.3250000000002        444937500.000001     
         448
   59.6750000000002        447562500.000001     
         291
   60.0250000000002        450187500.000001     
         189
   60.3750000000002        452812500.000001     
         354
   60.7250000000002        455437500.000001     
         405
   61.0750000000002        458062500.000001     
          98
   61.4250000000002        460687500.000001     
         498
   61.7750000000002        463312500.000001     
         539
   62.1250000000002        465937500.000001     
         495
   62.4750000000002        468562500.000001     
         492
   62.8250000000002        471187500.000001     
          54
   63.1750000000002        473812500.000001     
         422
   63.5250000000002        476437500.000001     
         325
   63.8750000000002        479062500.000001     
          79
   64.2250000000002        481687500.000001     
         141
   64.5750000000002        484312500.000001     
         101
   64.9250000000002        486937500.000001     
         437
   65.2750000000002        489562500.000001     
          27
   65.6250000000002        492187500.000001     
         333
   65.9750000000002        494812500.000001     
         113
   66.3250000000001        497437500.000001     
         361
   66.6750000000001        500062500.000001     
          84
   67.0250000000001        502687500.000001     
         310
   67.3750000000001        505312500.000001     
         105
   67.7250000000001        507937500.000001     
         362
   68.0750000000001        510562500.000001     
         133
   68.4250000000001        513187500.000001     
         104
   68.7750000000001        515812500.000001     
         297
   69.1250000000001        518437500.000001     
         152
   69.4750000000001        521062500.000001     
         441
   69.8250000000001        523687500.000001     
         230
   70.1750000000001        526312500.000001     
         536
   70.5250000000001        528937500.000001     
         296
   70.8750000000001        531562500.000001     
         175
   71.2250000000001        534187500.000000     
         473
   71.5750000000001        536812500.000000     
          61
   71.9250000000001        539437500.000000     
         270
   72.2750000000000        542062500.000000     
         440
   72.6250000000000        544687500.000000     
         538
   72.9750000000000        547312500.000000     
         269
   73.3250000000000        549937500.000000     
         266
   73.6750000000000        552562500.000000     
           1
   74.0250000000000        555187500.000000     
         443
   74.3750000000000        557812500.000000     
         230
   74.7250000000000        560437500.000000     
         226
   75.0750000000000        563062500.000000     
          24
   75.4250000000000        565687500.000000     
         238
   75.7750000000000        568312500.000000     
          78
   76.1250000000000        570937500.000000     
          44
   76.4750000000000        573562500.000000     
         397
   76.8250000000000        576187500.000000     
         228
   77.1750000000000        578812500.000000     
         190
   77.5250000000000        581437500.000000     
         498
   77.8750000000000        584062500.000000     
         338
   78.2250000000000        586687500.000000     
         101
   78.5749999999999        589312500.000000     
         206
   78.9249999999999        591937500.000000     
         458
   79.2749999999999        594562500.000000     
         114
   79.6249999999999        597187500.000000     
          38
   79.9749999999999        599812499.999999     
         265
   80.3249999999999        602437499.999999     
         105
   80.6749999999999        605062499.999999     
         138
   81.0249999999999        607687499.999999     
         354
   81.3749999999999        610312499.999999     
         164
   81.7249999999999        612937499.999999     
          62
   82.0749999999999        615562499.999999     
         337
   82.4249999999999        618187499.999999     
         418
   82.7749999999999        620812499.999999     
         200
   83.1249999999999        623437499.999999     
         224
   83.4749999999999        626062499.999999     
         368
   83.8249999999999        628687499.999999     
         533
   84.1749999999999        631312499.999999     
         119
   84.5249999999998        633937499.999999     
         227
   84.8749999999998        636562499.999999     
         280
   85.2249999999998        639187499.999999     
         329
   85.5749999999998        641812499.999999     
         254
   85.9249999999998        644437499.999999     
          74
   86.2749999999998        647062499.999999     
         529
   86.6249999999998        649687499.999999     
          13
   86.9749999999998        652312499.999999     
         363
   87.3249999999998        654937499.999999     
         194
   87.6749999999998        657562499.999998     
         366
   88.0249999999998        660187499.999998     
         278
   88.3749999999998        662812499.999998     
         379
   88.7249999999998        665437499.999998     
         354
   89.0749999999998        668062499.999998     
         360
   89.4249999999998        670687499.999998     
          52
   89.7749999999998        673312499.999998     
         377
   90.1249999999998        675937499.999998     
         243
   90.4749999999998        678562499.999998     
         178
   90.8249999999997        681187499.999998     
         338
   91.1749999999997        683812499.999998     
         517
   91.5249999999997        686437499.999998     
         458
   91.8749999999997        689062499.999998     
          11
   92.2249999999997        691687499.999998     
         363
   92.5749999999997        694312499.999998     
         406
   92.9249999999997        696937499.999998     
         520
   93.2749999999997        699562499.999998     
          53
   93.6249999999997        702187499.999998     
         166
   93.9749999999997        704812499.999998     
         209
   94.3249999999997        707437499.999998     
          45
   94.6749999999997        710062499.999998     
         201
   95.0249999999997        712687499.999998     
         145
   95.3749999999997        715312499.999997     
         249
   95.7249999999997        717937499.999997     
         341
   96.0749999999997        720562499.999997     
         198
   96.4249999999997        723187499.999997     
         532
   96.7749999999997        725812499.999997     
         348
   97.1249999999996        728437499.999997     
          42
   97.4749999999996        731062499.999997     
         170
   97.8249999999996        733687499.999997     
         129
   98.1749999999996        736312499.999997     
         100
   98.5249999999996        738937499.999997     
         466
   98.8749999999996        741562499.999997     
         487
   99.2249999999996        744187499.999997     
         368
   99.5749999999996        746812499.999997     
          51
   99.9249999999996        749437499.999997     
         529
   100.275000000000        752062499.999997     
         444
   100.625000000000        754687499.999997     
         301
   100.975000000000        757312499.999997     
         526
   101.325000000000        759937499.999997     
         487
   101.675000000000        762562499.999997     
         462
   102.025000000000        765187499.999997     
         163
   102.375000000000        767812499.999997     
         356
   102.725000000000        770437499.999997     
         427
   103.075000000000        773062499.999997     
          50
   103.425000000000        775687499.999997     
         119
   103.775000000000        778312499.999997     
          87
   104.125000000000        780937499.999996     
         268
   104.475000000000        783562499.999996     
         286
   104.825000000000        786187499.999996     
         239
   105.175000000000        788812499.999996     
         168
   105.525000000000        791437499.999996     
         373
   105.875000000000        794062499.999996     
         429
   106.224999999999        796687499.999996     
         112
   106.574999999999        799312499.999996     
         133
   106.924999999999        801937499.999996     
         326
   107.274999999999        804562499.999996     
         433
   107.624999999999        807187499.999996     
          17
   107.974999999999        809812499.999996     
         519
   108.324999999999        812437499.999996     
         468
   108.674999999999        815062499.999996     
          87
   109.024999999999        817687499.999996     
         316
   109.374999999999        820312499.999996     
         162
   109.724999999999        822937499.999996     
         316
   110.074999999999        825562499.999996     
         502
   110.424999999999        828187499.999996     
         268
   110.774999999999        830812499.999996     
         390
   111.124999999999        833437499.999996     
          91
   111.474999999999        836062499.999996     
         381
   111.824999999999        838687499.999996     
         434
   112.174999999999        841312499.999995     
         453
   112.524999999999        843937499.999995     
         197
   112.874999999999        846562499.999995     
         506
   113.224999999999        849187499.999995     
         428
   113.574999999999        851812499.999995     
         485
   113.924999999999        854437499.999995     
         358
   114.274999999999        857062499.999995     
         459
   114.624999999999        859687499.999995     
         227
   114.974999999999        862312499.999995     
         147
   115.324999999999        864937499.999995     
         345
   115.674999999999        867562499.999995     
          80
   116.024999999999        870187499.999995     
         402
   116.374999999999        872812499.999995     
         493
   116.724999999999        875437499.999995     
         338
   117.074999999999        878062499.999995     
         351
   117.424999999999        880687499.999995     
         379
   117.774999999999        883312499.999995     
         490
   118.124999999999        885937499.999995     
         316
   118.474999999999        888562499.999995     
          61
   118.824999999999        891187499.999995     
         165
   119.174999999999        893812499.999995     
         242
   119.524999999999        896437499.999995     
         487
   119.874999999999        899062499.999995     
         272
   120.224999999999        901687499.999995     
         182
   120.574999999999        904312499.999995     
         231
   120.924999999999        906937499.999994     
         233
   121.274999999999        909562499.999994     
         274
   121.624999999999        912187499.999994     
         332
   121.974999999999        914812499.999994     
         479
   122.324999999999        917437499.999994     
         508
   122.674999999999        920062499.999994     
         355
   123.024999999999        922687499.999994     
         362
   123.374999999999        925312499.999994     
         140
   123.724999999999        927937499.999994     
         288
   124.074999999999        930562499.999994     
         138
   124.424999999999        933187499.999994     
         195
   124.774999999999        935812499.999994     
         202
   125.124999999999        938437499.999994     
          97
   125.474999999999        941062499.999994     
          93
   125.824999999999        943687499.999994     
         302
   126.174999999999        946312499.999994     
         286
   126.524999999999        948937499.999994     
         509
   126.874999999999        951562499.999994     
         222
   127.224999999999        954187499.999994     
         225
   127.574999999999        956812499.999994     
         230
   127.924999999999        959437499.999994     
         235
   128.274999999999        962062499.999993     
          28
   128.624999999999        964687499.999993     
         485
   128.974999999999        967312499.999993     
         209
   129.324999999999        969937499.999993     
         503
   129.674999999999        972562499.999993     
          76
   130.024999999999        975187499.999993     
          35
   130.374999999999        977812499.999993     
         247
   130.724999999999        980437499.999993     
          53
   131.074999999999        983062499.999993     
         275
   131.424999999999        985687499.999993     
         228
   131.774999999999        988312499.999993     
         179
   132.124999999999        990937499.999993     
          64
   132.474999999999        993562499.999993     
         493
   132.824999999999        996187499.999993     
         224
   133.174999999999        998812499.999993     
         110
   133.524999999999        1001437499.99999     
         400
   133.874999999999        1004062499.99999     
         105
   134.224999999999        1006687499.99999     
          98
   134.574999999999        1009312499.99999     
          74
   134.924999999999        1011937499.99999     
         191
   135.274999999999        1014562499.99999     
         377
   135.624999999999        1017187499.99999     
         292
   135.974999999999        1019812499.99999     
         177
   136.324999999999        1022437499.99999     
         537
   136.674999999999        1025062499.99999     
         408
   137.024999999999        1027687499.99999     
          50
   137.374999999999        1030312499.99999     
          69
   137.724999999999        1032937499.99999     
         256
   138.074999999999        1035562499.99999     
          95
   138.424999999999        1038187499.99999     
         522
   138.774999999999        1040812499.99999     
         427
   139.124999999999        1043437499.99999     
         423
   139.474999999999        1046062499.99999     
         400
   139.824999999999        1048687499.99999     
         118
   140.174999999999        1051312499.99999     
         173
   140.524999999999        1053937499.99999     
         511
   140.874999999999        1056562499.99999     
         400
   141.224999999999        1059187499.99999     
         512
   141.574999999999        1061812499.99999     
         474
   141.924999999999        1064437499.99999     
         202
   142.274999999999        1067062499.99999     
          82
   142.624999999999        1069687499.99999     
         455
   142.974999999999        1072312499.99999     
         306
   143.324999999999        1074937499.99999     
         327
   143.674999999999        1077562499.99999     
          90
   144.024999999999        1080187499.99999     
         322
   144.374999999999        1082812499.99999     
         535
   144.724999999999        1085437499.99999     
         182
   145.074999999999        1088062499.99999     
           0
   145.424999999999        1090687499.99999     
         187
   145.774999999999        1093312499.99999     
         413
   146.124999999999        1095937499.99999     
         362
   146.474999999999        1098562499.99999     
         294
   146.824999999999        1101187499.99999     
         167
   147.174999999999        1103812499.99999     
          49
   147.524999999999        1106437499.99999     
         237
   147.874999999999        1109062499.99999     
         520
   148.224999999999        1111687499.99999     
          61
   148.574999999999        1114312499.99999     
         540
   148.924999999999        1116937499.99999     
         406
   149.274999999999        1119562499.99999     
         501
   149.624999999999        1122187499.99999     
          80
   149.974999999999        1124812499.99999     
         433
   150.324999999999        1127437499.99999     
         129
   150.674999999999        1130062499.99999     
         509
   151.024999999999        1132687499.99999     
           6
   151.374999999999        1135312499.99999     
         268
   151.724999999999        1137937499.99999     
         473
   152.074999999999        1140562499.99999     
         520
   152.424999999999        1143187499.99999     
         125
   152.774999999999        1145812499.99999     
         141
   153.124999999999        1148437499.99999     
         241
   153.474999999999        1151062499.99999     
         461
   153.824999999999        1153687499.99999     
          15
   154.174999999999        1156312499.99999     
         195
   154.524999999999        1158937499.99999     
         480
   154.874999999999        1161562499.99999     
          41
   155.224999999999        1164187499.99999     
         237
   155.574999999999        1166812499.99999     
         121
   155.924999999999        1169437499.99999     
          22
   156.274999999999        1172062499.99999     
         452
   156.624999999999        1174687499.99999     
         273
   156.974999999999        1177312499.99999     
         331
   157.324999999999        1179937499.99999     
         516
   157.674999999999        1182562499.99999     
         145
   158.024999999999        1185187499.99999     
           4
   158.374999999999        1187812499.99999     
         490
   158.724999999999        1190437499.99999     
         180
   159.074999999999        1193062499.99999     
         180
   159.424999999999        1195687499.99999     
         351
   159.774999999999        1198312499.99999     
          66
   160.124999999999        1200937499.99999     
          80
   160.474999999999        1203562499.99999     
         149
   160.824999999999        1206187499.99999     
         539
   161.174999999999        1208812499.99999     
         207
   161.524999999999        1211437499.99999     
         453
   161.874999999999        1214062499.99999     
         323
   162.224999999999        1216687499.99999     
         113
   162.574999999999        1219312499.99999     
         534
   162.924999999999        1221937499.99999     
         378
   163.274999999999        1224562499.99999     
         210
   163.624999999999        1227187499.99999     
         533
   163.974999999999        1229812499.99999     
         225
   164.324999999999        1232437499.99999     
         373
   164.674999999999        1235062499.99999     
         266
   165.024999999999        1237687499.99999     
         266
   165.374999999999        1240312499.99999     
          59
   165.724999999999        1242937499.99999     
          83
   166.074999999999        1245562499.99999     
         363
   166.424999999999        1248187499.99999     
         293
   166.774999999998        1250812499.99999     
          56
   167.124999999998        1253437499.99999     
          50
   167.474999999998        1256062499.99999     
         220
   167.824999999998        1258687499.99999     
         378
   168.174999999998        1261312499.99999     
         290
   168.524999999998        1263937499.99999     
         202
   168.874999999998        1266562499.99999     
         340
   169.224999999998        1269187499.99999     
         184
   169.574999999998        1271812499.99999     
         198
   169.924999999998        1274437499.99999     
          51
   170.274999999998        1277062499.99999     
         194
   170.624999999998        1279687499.99999     
         184
   170.974999999998        1282312499.99999     
          81
   171.324999999998        1284937499.99999     
         172
   171.674999999998        1287562499.99999     
         335
   172.024999999998        1290187499.99999     
         420
   172.374999999998        1292812499.99999     
         435
   172.724999999998        1295437499.99999     
         233
   173.074999999998        1298062499.99999     
         143
   173.424999999998        1300687499.99999     
         300
   173.774999999998        1303312499.99999     
         456
   174.124999999998        1305937499.99999     
         300
   174.474999999998        1308562499.99999     
         317
   174.824999999998        1311187499.99999     
         296
   175.174999999998        1313812499.99999     
         383
   175.524999999998        1316437499.99999     
         477
   175.874999999998        1319062499.99999     
         424
   176.224999999998        1321687499.99999     
         211
   176.574999999998        1324312499.99999     
         148
   176.924999999998        1326937499.99999     
         214
   177.274999999998        1329562499.99999     
         106
   177.624999999998        1332187499.99999     
          12
   177.974999999998        1334812499.99999     
         419
   178.324999999998        1337437499.99999     
         443
   178.674999999998        1340062499.99999     
         426
   179.024999999998        1342687499.99999     
         356
   179.374999999998        1345312499.99999     
          42
   179.724999999998        1347937499.99999     
         313
   180.074999999998        1350562499.99999     
         232
   180.424999999998        1353187499.99999     
         521
   180.774999999998        1355812499.99999     
         287
   181.124999999998        1358437499.99999     
         322
   181.474999999998        1361062499.99999     
         465
   181.824999999998        1363687499.99999     
          36
   182.174999999998        1366312499.99999     
         509
   182.524999999998        1368937499.99999     
         163
   182.874999999998        1371562499.99999     
         237
   183.224999999998        1374187499.99999     
         502
   183.574999999998        1376812499.99999     
         143
   183.924999999998        1379437499.99999     
          41
   184.274999999998        1382062499.99999     
         344
   184.624999999998        1384687499.99999     
          25
   184.974999999998        1387312499.99999     
         458
   185.324999999998        1389937499.99999     
         418
   185.674999999998        1392562499.99999     
         211
   186.024999999998        1395187499.99999     
         471
   186.374999999998        1397812499.99999     
         490
   186.724999999998        1400437499.99999     
         424
   187.074999999998        1403062499.99999     
         332
   187.424999999998        1405687499.99999     
         373
   187.774999999998        1408312499.99999     
          59
   188.124999999998        1410937499.99999     
         387
   188.474999999998        1413562499.99999     
         265
   188.824999999998        1416187499.99999     
         127
   189.174999999998        1418812499.99999     
         284
   189.524999999998        1421437499.99999     
         161
   189.874999999998        1424062499.99999     
         372
   190.224999999998        1426687499.99999     
          83
   190.574999999998        1429312499.99999     
         115
   190.924999999998        1431937499.99999     
         396
   191.274999999998        1434562499.99999     
         472
   191.624999999998        1437187499.99999     
         143
   191.974999999998        1439812499.99999     
         205
   192.324999999998        1442437499.99999     
         140
   192.674999999998        1445062499.99999     
         444
   193.024999999998        1447687499.99999     
         175
   193.374999999998        1450312499.99999     
         130
   193.724999999998        1452937499.99999     
          65
   194.074999999998        1455562499.99999     
         187
   194.424999999998        1458187499.99999     
          68
   194.774999999998        1460812499.99999     
         488
   195.124999999998        1463437499.99999     
         387
   195.474999999998        1466062499.99999     
         143
   195.824999999998        1468687499.99999     
         209
   196.174999999998        1471312499.99999     
         265
   196.524999999998        1473937499.99999     
         304
   196.874999999998        1476562499.99998     
         134
   197.224999999998        1479187499.99998     
         231
   197.574999999998        1481812499.99998     
          30
   197.924999999998        1484437499.99998     
         366
   198.274999999998        1487062499.99998     
         296
   198.624999999998        1489687499.99998     
         386
   198.974999999998        1492312499.99998     
         146
   199.324999999998        1494937499.99998     
         364
   199.674999999998        1497562499.99998     
          86
   200.024999999998        1500187499.99998     
         125
   200.374999999998        1502812499.99998     
         165
   200.724999999998        1505437499.99998     
         228
   201.074999999998        1508062499.99998     
         231
   201.424999999998        1510687499.99998     
         282
   201.774999999998        1513312499.99998     
         269
   202.124999999998        1515937499.99998     
         221
   202.474999999998        1518562499.99998     
          68
   202.824999999998        1521187499.99998     
          42
   203.174999999998        1523812499.99998     
         467
   203.524999999998        1526437499.99998     
          43
   203.874999999998        1529062499.99998     
         162
   204.224999999998        1531687499.99998     
         119
   204.574999999998        1534312499.99998     
         208
   204.924999999998        1536937499.99998     
         411
   205.274999999998        1539562499.99998     
         358
   205.624999999998        1542187499.99998     
         391
   205.974999999998        1544812499.99998     
         515
   206.324999999998        1547437499.99998     
         335
   206.674999999998        1550062499.99998     
         365
   207.024999999998        1552687499.99998     
         188
   207.374999999998        1555312499.99998     
         505
   207.724999999998        1557937499.99998     
         306
   208.074999999998        1560562499.99998     
         291
   208.424999999998        1563187499.99998     
         244
   208.774999999998        1565812499.99998     
         246
   209.124999999998        1568437499.99998     
          29
   209.474999999998        1571062499.99998     
         212
   209.824999999998        1573687499.99998     
          42
   210.174999999998        1576312499.99998     
         528
   210.524999999998        1578937499.99998     
          94
   210.874999999998        1581562499.99998     
         335
   211.224999999998        1584187499.99998     
         160
   211.574999999998        1586812499.99998     
          37
   211.924999999998        1589437499.99998     
         190
   212.274999999998        1592062499.99998     
          71
   212.624999999998        1594687499.99998     
         201
   212.974999999998        1597312499.99998     
          97
   213.324999999998        1599937499.99998     
          79
   213.674999999998        1602562499.99998     
         153
   214.024999999998        1605187499.99998     
         111
   214.374999999998        1607812499.99998     
         268
   214.724999999998        1610437499.99998     
         173
   215.074999999998        1613062499.99998     
         275
   215.424999999998        1615687499.99998     
          41
   215.774999999998        1618312499.99998     
         267
   216.124999999998        1620937499.99998     
         324
   216.474999999998        1623562499.99998     
         451
   216.824999999998        1626187499.99998     
         537
   217.174999999998        1628812499.99998     
         169
   217.524999999998        1631437499.99998     
          66
   217.874999999998        1634062499.99998     
         367
   218.224999999998        1636687499.99998     
          47
   218.574999999998        1639312499.99998     
         178
   218.924999999998        1641937499.99998     
         334
   219.274999999998        1644562499.99998     
         215
   219.624999999998        1647187499.99998     
         259
   219.974999999998        1649812499.99998     
         253
   220.324999999998        1652437499.99998     
         436
   220.674999999998        1655062499.99998     
         138
   221.024999999998        1657687499.99998     
           4
   221.374999999998        1660312499.99998     
           9
   221.724999999998        1662937499.99998     
         262
   222.074999999998        1665562499.99998     
         365
   222.424999999998        1668187499.99998     
           8
   222.774999999998        1670812499.99998     
          43
   223.124999999998        1673437499.99998     
         257
   223.474999999998        1676062499.99998     
         160
   223.824999999998        1678687499.99998     
         303
   224.174999999998        1681312499.99998     
         270
   224.524999999998        1683937499.99998     
         271
   224.874999999998        1686562499.99998     
         315
   225.224999999998        1689187499.99998     
         390
   225.574999999998        1691812499.99998     
         528
   225.924999999998        1694437499.99998     
         438
   226.274999999998        1697062499.99998     
         477
   226.624999999998        1699687499.99998     
         427
   226.974999999998        1702312499.99998     
         150
   227.324999999998        1704937499.99998     
         245
   227.674999999998        1707562499.99998     
         407
   228.024999999998        1710187499.99998     
         355
   228.374999999997        1712812499.99998     
         277
   228.724999999997        1715437499.99998     
         198
   229.074999999997        1718062499.99998     
         195
   229.424999999997        1720687499.99998     
         314
   229.774999999997        1723312499.99998     
         290
   230.124999999997        1725937499.99998     
          67
   230.474999999997        1728562499.99998     
         105
   230.824999999997        1731187499.99998     
         108
   231.174999999997        1733812499.99998     
         278
   231.524999999997        1736437499.99998     
         203
   231.874999999997        1739062499.99998     
         134
   232.224999999997        1741687499.99998     
         158
   232.574999999997        1744312499.99998     
         288
   232.924999999997        1746937499.99998     
          63
   233.274999999997        1749562499.99998     
         508
   233.624999999997        1752187499.99998     
         237
   233.974999999997        1754812499.99998     
         496
   234.324999999997        1757437499.99998     
          64
   234.674999999997        1760062499.99998     
         245
   235.024999999997        1762687499.99998     
         353
   235.374999999997        1765312499.99998     
         532
   235.724999999997        1767937499.99998     
         363
   236.074999999997        1770562499.99998     
         178
   236.424999999997        1773187499.99998     
          95
   236.774999999997        1775812499.99998     
          17
   237.124999999997        1778437499.99998     
         460
   237.474999999997        1781062499.99998     
         311
   237.824999999997        1783687499.99998     
         105
   238.174999999997        1786312499.99998     
          92
   238.524999999997        1788937499.99998     
         278
   238.874999999997        1791562499.99998     
         283
   239.224999999997        1794187499.99998     
         206
   239.574999999997        1796812499.99998     
         325
   239.924999999997        1799437499.99998     
         452
   240.274999999997        1802062499.99998     
         430
   240.624999999997        1804687499.99998     
         247
   240.974999999997        1807312499.99998     
         473
   241.324999999997        1809937499.99998     
         367
   241.674999999997        1812562499.99998     
         223
   242.024999999997        1815187499.99998     
         448
   242.374999999997        1817812499.99998     
         111
   242.724999999997        1820437499.99998     
         253
   243.074999999997        1823062499.99998     
         270
   243.424999999997        1825687499.99998     
          87
   243.774999999997        1828312499.99998     
          60
   244.124999999997        1830937499.99998     
         240
   244.474999999997        1833562499.99998     
          25
   244.824999999997        1836187499.99998     
          48
   245.174999999997        1838812499.99998     
         297
   245.524999999997        1841437499.99998     
         217
   245.874999999997        1844062499.99998     
         189
   246.224999999997        1846687499.99998     
         122
   246.574999999997        1849312499.99998     
         112
   246.924999999997        1851937499.99998     
         411
   247.274999999997        1854562499.99998     
         329
   247.624999999997        1857187499.99998     
         514
   247.974999999997        1859812499.99998     
         134
   248.324999999997        1862437499.99998     
         491
   248.674999999997        1865062499.99998     
         200
   249.024999999997        1867687499.99998     
         434
   249.374999999997        1870312499.99998     
         104
   249.724999999997        1872937499.99998     
         340
   250.074999999997        1875562499.99998     
         529
   250.424999999997        1878187499.99998     
         535
   250.774999999997        1880812499.99998     
          98
   251.124999999997        1883437499.99998     
         345
   251.474999999997        1886062499.99998     
          92
   251.824999999997        1888687499.99998     
         344
   252.174999999997        1891312499.99998     
          89
   252.524999999997        1893937499.99998     
         312
   252.874999999997        1896562499.99998     
         209
   253.224999999997        1899187499.99998     
         149
   253.574999999997        1901812499.99998     
         120
   253.924999999997        1904437499.99998     
          16
   254.274999999997        1907062499.99998     
         488
   254.624999999997        1909687499.99998     
         281
   254.974999999997        1912312499.99998     
         211
   255.324999999997        1914937499.99998     
           5
   255.674999999997        1917562499.99998     
          95
   256.024999999997        1920187499.99998     
         330
   256.374999999997        1922812499.99998     
         279
   256.724999999997        1925437499.99998     
         378
   257.074999999997        1928062499.99998     
         338
   257.424999999997        1930687499.99998     
         261
   257.774999999997        1933312499.99998     
          53
   258.124999999997        1935937499.99998     
           8
   258.474999999997        1938562499.99998     
         280
   258.824999999997        1941187499.99998     
          60
   259.174999999997        1943812499.99998     
         164
   259.524999999997        1946437499.99998     
         185
   259.874999999997        1949062499.99998     
         389
   260.224999999997        1951687499.99998     
         244
   260.574999999997        1954312499.99998     
         259
   260.924999999997        1956937499.99998     
         231
   261.274999999997        1959562499.99998     
         427
   261.624999999997        1962187499.99998     
         155
   261.974999999997        1964812499.99998     
         195
   262.324999999997        1967437499.99998     
         310
   262.674999999998        1970062499.99998     
         372
   263.024999999998        1972687499.99998     
         174
   263.374999999998        1975312499.99998     
         521
   263.724999999998        1977937499.99998     
          52
   264.074999999998        1980562499.99998     
         460
   264.424999999998        1983187499.99998     
         303
   264.774999999998        1985812499.99998     
          85
   265.124999999998        1988437499.99998     
         186
   265.474999999998        1991062499.99998     
         279
   265.824999999998        1993687499.99998     
          76
   266.174999999998        1996312499.99998     
         503
   266.524999999998        1998937499.99998     
         355
   266.874999999998        2001562499.99998     
          61
   267.224999999998        2004187499.99998     
          12
   267.574999999998        2006812499.99998     
         430
   267.924999999998        2009437499.99998     
         200
   268.274999999998        2012062499.99998     
         348
   268.624999999998        2014687499.99998     
         426
   268.974999999998        2017312499.99998     
         259
   269.324999999998        2019937499.99998     
         200
   269.674999999998        2022562499.99998     
         121
   270.024999999998        2025187499.99998     
         143
   270.374999999998        2027812499.99998     
         337
   270.724999999998        2030437499.99999     
         324
   271.074999999998        2033062499.99999     
          92
   271.424999999998        2035687499.99999     
         242
   271.774999999998        2038312499.99999     
          67
   272.124999999998        2040937499.99999     
           1
   272.474999999998        2043562499.99999     
         355
   272.824999999998        2046187499.99999     
         287
   273.174999999998        2048812499.99999     
          63
   273.524999999998        2051437499.99999     
         100
   273.874999999998        2054062499.99999     
          72
   274.224999999998        2056687499.99999     
           2
   274.574999999998        2059312499.99999     
         269
   274.924999999998        2061937499.99999     
         241
   275.274999999998        2064562499.99999     
           4
   275.624999999998        2067187499.99999     
           7
   275.974999999998        2069812499.99999     
          86
   276.324999999998        2072437499.99999     
         107
   276.674999999998        2075062499.99999     
         133
   277.024999999998        2077687499.99999     
         256
   277.374999999998        2080312499.99999     
         442
   277.724999999998        2082937499.99999     
         379
   278.074999999999        2085562499.99999     
         329
   278.424999999999        2088187499.99999     
         372
   278.774999999999        2090812499.99999     
         343
   279.124999999999        2093437499.99999     
         248
   279.474999999999        2096062499.99999     
         384
   279.824999999999        2098687499.99999     
         448
   280.174999999999        2101312499.99999     
         100
   280.524999999999        2103937499.99999     
         450
   280.874999999999        2106562499.99999     
         458
   281.224999999999        2109187499.99999     
          12
   281.574999999999        2111812499.99999     
          72
   281.924999999999        2114437499.99999     
         210
   282.274999999999        2117062499.99999     
          62
   282.624999999999        2119687499.99999     
         538
   282.974999999999        2122312499.99999     
         290
   283.324999999999        2124937499.99999     
         496
   283.674999999999        2127562499.99999     
         384
   284.024999999999        2130187499.99999     
         367
   284.374999999999        2132812499.99999     
          39
   284.724999999999        2135437499.99999     
          61
   285.074999999999        2138062499.99999     
         388
   285.424999999999        2140687499.99999     
         131
   285.774999999999        2143312499.99999     
         246
   286.124999999999        2145937499.99999     
         268
   286.474999999999        2148562499.99999     
         196
   286.824999999999        2151187499.99999     
         505
   287.174999999999        2153812499.99999     
         459
   287.524999999999        2156437499.99999     
         120
   287.874999999999        2159062499.99999     
          20
   288.224999999999        2161687499.99999     
         492
   288.574999999999        2164312499.99999     
          13
   288.924999999999        2166937499.99999     
         269
   289.274999999999        2169562499.99999     
         272
   289.624999999999        2172187499.99999     
          89
   289.974999999999        2174812499.99999     
         122
   290.324999999999        2177437499.99999     
         160
   290.674999999999        2180062499.99999     
         319
   291.024999999999        2182687500.00000     
         140
   291.374999999999        2185312500.00000     
         384
   291.724999999999        2187937500.00000     
         191
   292.074999999999        2190562500.00000     
         391
   292.424999999999        2193187500.00000     
         437
   292.774999999999        2195812500.00000     
         200
   293.124999999999        2198437500.00000     
         262
   293.475000000000        2201062500.00000     
         209
   293.825000000000        2203687500.00000     
         425
   294.175000000000        2206312500.00000     
         118
   294.525000000000        2208937500.00000     
         248
   294.875000000000        2211562500.00000     
         464
   295.225000000000        2214187500.00000     
         371
   295.575000000000        2216812500.00000     
         226
   295.925000000000        2219437500.00000     
          82
   296.275000000000        2222062500.00000     
         214
   296.625000000000        2224687500.00000     
          94
   296.975000000000        2227312500.00000     
         208
   297.325000000000        2229937500.00000     
         257
   297.675000000000        2232562500.00000     
         121
   298.025000000000        2235187500.00000     
         279
   298.375000000000        2237812500.00000     
         333
   298.725000000000        2240437500.00000     
         330
   299.075000000000        2243062500.00000     
         229
   299.425000000000        2245687500.00000     
         233
   299.775000000000        2248312500.00000     
         104
   300.125000000000        2250937500.00000     
         486
   300.475000000000        2253562500.00000     
         349
   300.825000000000        2256187500.00000     
         165
   301.175000000000        2258812500.00000     
         381
   301.525000000000        2261437500.00000     
         501
   301.875000000000        2264062500.00000     
         437
   302.225000000000        2266687500.00000     
         441
   302.575000000000        2269312500.00000     
         518
   302.925000000000        2271937500.00000     
         500
   303.275000000000        2274562500.00000     
         147
   303.625000000000        2277187500.00000     
         480
   303.975000000000        2279812500.00000     
         480
   304.325000000000        2282437500.00000     
         516
   304.675000000000        2285062500.00000     
         473
   305.025000000000        2287687500.00000     
         395
   305.375000000000        2290312500.00000     
         219
   305.725000000000        2292937500.00000     
          99
   306.075000000000        2295562500.00000     
         247
   306.425000000000        2298187500.00000     
         145
   306.775000000000        2300812500.00000     
         159
   307.125000000000        2303437500.00000     
         330
   307.475000000000        2306062500.00000     
         237
   307.825000000000        2308687500.00000     
         405
   308.175000000000        2311312500.00000     
          51
   308.525000000000        2313937500.00000     
         517
   308.875000000001        2316562500.00000     
         217
   309.225000000001        2319187500.00000     
         529
   309.575000000001        2321812500.00000     
           3
   309.925000000001        2324437500.00000     
         314
   310.275000000001        2327062500.00000     
         491
   310.625000000001        2329687500.00000     
         392
   310.975000000001        2332312500.00000     
          92
   311.325000000001        2334937500.00001     
         100
   311.675000000001        2337562500.00001     
         165
   312.025000000001        2340187500.00001     
          23
   312.375000000001        2342812500.00001     
         333
   312.725000000001        2345437500.00001     
         298
   313.075000000001        2348062500.00001     
         480
   313.425000000001        2350687500.00001     
         530
   313.775000000001        2353312500.00001     
         163
   314.125000000001        2355937500.00001     
         448
   314.475000000001        2358562500.00001     
         172
   314.825000000001        2361187500.00001     
         319
   315.175000000001        2363812500.00001     
         245
   315.525000000001        2366437500.00001     
         379
   315.875000000001        2369062500.00001     
         517
   316.225000000001        2371687500.00001     
         536
   316.575000000001        2374312500.00001     
         378
   316.925000000001        2376937500.00001     
         505
   317.275000000001        2379562500.00001     
         158
   317.625000000001        2382187500.00001     
         335
   317.975000000001        2384812500.00001     
         281
   318.325000000001        2387437500.00001     
         343
   318.675000000001        2390062500.00001     
         411
   319.025000000001        2392687500.00001     
         474
   319.375000000001        2395312500.00001     
          44
   319.725000000001        2397937500.00001     
         318
   320.075000000001        2400562500.00001     
         135
   320.425000000001        2403187500.00001     
         497
   320.775000000001        2405812500.00001     
         283
   321.125000000001        2408437500.00001     
           0
   321.475000000001        2411062500.00001     
         156
   321.825000000001        2413687500.00001     
         509
   322.175000000001        2416312500.00001     
          98
   322.525000000001        2418937500.00001     
         123
   322.875000000001        2421562500.00001     
         204
   323.225000000001        2424187500.00001     
         249
   323.575000000001        2426812500.00001     
         322
   323.925000000001        2429437500.00001     
         104
   324.275000000002        2432062500.00001     
         143
   324.625000000002        2434687500.00001     
         223
   324.975000000002        2437312500.00001     
         426
   325.325000000002        2439937500.00001     
         535
   325.675000000002        2442562500.00001     
         161
   326.025000000002        2445187500.00001     
         470
   326.375000000002        2447812500.00001     
         121
   326.725000000002        2450437500.00001     
         185
   327.075000000002        2453062500.00001     
          73
   327.425000000002        2455687500.00001     
         298
   327.775000000002        2458312500.00001     
         231
   328.125000000002        2460937500.00001     
         330
   328.475000000002        2463562500.00001     
         258
   328.825000000002        2466187500.00001     
         401
   329.175000000002        2468812500.00001     
         167
   329.525000000002        2471437500.00001     
         166
   329.875000000002        2474062500.00001     
          20
   330.225000000002        2476687500.00001     
         409
   330.575000000002        2479312500.00001     
         335
   330.925000000002        2481937500.00001     
          78
   331.275000000002        2484562500.00001     
         449
   331.625000000002        2487187500.00001     
          59
   331.975000000002        2489812500.00002     
         471
   332.325000000002        2492437500.00002     
         442
   332.675000000002        2495062500.00002     
         349
   333.025000000002        2497687500.00002     
         226
   333.375000000002        2500312500.00002     
         114
   333.725000000002        2502937500.00002     
         392
   334.075000000002        2505562500.00002     
         162
   334.425000000002        2508187500.00002     
         455
   334.775000000002        2510812500.00002     
         340
   335.125000000002        2513437500.00002     
         522
   335.475000000002        2516062500.00002     
         150
   335.825000000002        2518687500.00002     
         294
   336.175000000002        2521312500.00002     
         502
   336.525000000002        2523937500.00002     
         348
   336.875000000002        2526562500.00002     
         254
   337.225000000002        2529187500.00002     
         210
   337.575000000002        2531812500.00002     
         357
   337.925000000002        2534437500.00002     
         328
   338.275000000002        2537062500.00002     
         527
   338.625000000002        2539687500.00002     
         386
   338.975000000002        2542312500.00002     
          53
   339.325000000002        2544937500.00002     
          59
   339.675000000003        2547562500.00002     
         294
   340.025000000003        2550187500.00002     
          97
   340.375000000003        2552812500.00002     
          54
   340.725000000003        2555437500.00002     
         250
   341.075000000003        2558062500.00002     
         168
   341.425000000003        2560687500.00002     
         439
   341.775000000003        2563312500.00002     
         425
   342.125000000003        2565937500.00002     
         322
   342.475000000003        2568562500.00002     
         319
   342.825000000003        2571187500.00002     
           0
   343.175000000003        2573812500.00002     
          83
   343.525000000003        2576437500.00002     
         529
   343.875000000003        2579062500.00002     
         186
   344.225000000003        2581687500.00002     
         449
   344.575000000003        2584312500.00002     
         412
   344.925000000003        2586937500.00002     
         264
   345.275000000003        2589562500.00002     
         143
   345.625000000003        2592187500.00002     
         291
   345.975000000003        2594812500.00002     
         496
   346.325000000003        2597437500.00002     
         242
   346.675000000003        2600062500.00002     
         129
   347.025000000003        2602687500.00002     
         397
   347.375000000003        2605312500.00002     
          90
   347.725000000003        2607937500.00002     
         282
   348.075000000003        2610562500.00002     
         447
   348.425000000003        2613187500.00002     
         299
   348.775000000003        2615812500.00002     
         332
   349.125000000003        2618437500.00002     
         265
   349.475000000003        2621062500.00002     
         497
   349.825000000003        2623687500.00002     
          10
   350.175000000003        2626312500.00002     
         490
   350.525000000003        2628937500.00002     
         533
   350.875000000003        2631562500.00002     
         300
   351.225000000003        2634187500.00002     
           9
   351.575000000003        2636812500.00002     
         181
   351.925000000003        2639437500.00002     
         153
   352.275000000003        2642062500.00002     
         233
   352.625000000003        2644687500.00003     
         408
   352.975000000003        2647312500.00003     
         156
   353.325000000003        2649937500.00003     
          11
   353.675000000003        2652562500.00003     
         313
   354.025000000003        2655187500.00003     
         203
   354.375000000003        2657812500.00003     
         179
   354.725000000003        2660437500.00003     
         370
   355.075000000004        2663062500.00003     
          21
   355.425000000004        2665687500.00003     
         157
   355.775000000004        2668312500.00003     
         425
   356.125000000004        2670937500.00003     
         489
   356.475000000004        2673562500.00003     
         471
   356.825000000004        2676187500.00003     
         331
   357.175000000004        2678812500.00003     
         508
   357.525000000004        2681437500.00003     
         422
   357.875000000004        2684062500.00003     
         116
   358.225000000004        2686687500.00003     
         357
   358.575000000004        2689312500.00003     
         394
   358.925000000004        2691937500.00003     
         526
   359.275000000004        2694562500.00003     
          18
   359.625000000004        2697187500.00003     
         509
   359.975000000004        2699812500.00003     
         316
   360.325000000004        2702437500.00003     
         326
   360.675000000004        2705062500.00003     
         200
   361.025000000004        2707687500.00003     
         126
   361.375000000004        2710312500.00003     
         510
   361.725000000004        2712937500.00003     
         280
   362.075000000004        2715562500.00003     
         413
   362.425000000004        2718187500.00003     
         101
   362.775000000004        2720812500.00003     
         345
   363.125000000004        2723437500.00003     
         449
   363.475000000004        2726062500.00003     
         134
   363.825000000004        2728687500.00003     
         246
   364.175000000004        2731312500.00003     
         356
   364.525000000004        2733937500.00003     
         167
   364.875000000004        2736562500.00003     
         473
   365.225000000004        2739187500.00003     
         392
   365.575000000004        2741812500.00003     
         387
   365.925000000004        2744437500.00003     
         518
   366.275000000004        2747062500.00003     
         150
   366.625000000004        2749687500.00003     
          80
   366.975000000004        2752312500.00003     
         116
   367.325000000004        2754937500.00003     
         418
   367.675000000004        2757562500.00003     
          30
   368.025000000004        2760187500.00003     
         187
   368.375000000004        2762812500.00003     
         538
   368.725000000004        2765437500.00003     
         131
   369.075000000004        2768062500.00003     
         422
   369.425000000004        2770687500.00003     
         330
   369.775000000004        2773312500.00003     
          88
   370.125000000004        2775937500.00003     
         283
   370.475000000005        2778562500.00003     
         212
   370.825000000005        2781187500.00003     
         410
   371.175000000005        2783812500.00003     
         449
   371.525000000005        2786437500.00003     
         120
   371.875000000005        2789062500.00003     
         473
   372.225000000005        2791687500.00003     
          71
   372.575000000005        2794312500.00003     
         164
   372.925000000005        2796937500.00003     
         502
   373.275000000005        2799562500.00004     
         495
   373.625000000005        2802187500.00004     
         120
   373.975000000005        2804812500.00004     
         233
   374.325000000005        2807437500.00004     
         471
   374.675000000005        2810062500.00004     
          76
   375.025000000005        2812687500.00004     
         215
   375.375000000005        2815312500.00004     
         488
   375.725000000005        2817937500.00004     
         399
   376.075000000005        2820562500.00004     
         244
   376.425000000005        2823187500.00004     
         523
   376.775000000005        2825812500.00004     
           8
   377.125000000005        2828437500.00004     
         324
   377.475000000005        2831062500.00004     
         496
   377.825000000005        2833687500.00004     
         134
   378.175000000005        2836312500.00004     
          66
   378.525000000005        2838937500.00004     
         498
   378.875000000005        2841562500.00004     
         385
   379.225000000005        2844187500.00004     
         435
   379.575000000005        2846812500.00004     
          46
   379.925000000005        2849437500.00004     
          86
   380.275000000005        2852062500.00004     
         337
   380.625000000005        2854687500.00004     
         309
   380.975000000005        2857312500.00004     
         302
   381.325000000005        2859937500.00004     
         281
   381.675000000005        2862562500.00004     
         194
   382.025000000005        2865187500.00004     
          33
   382.375000000005        2867812500.00004     
         332
   382.725000000005        2870437500.00004     
         385
   383.075000000005        2873062500.00004     
           0
   383.425000000005        2875687500.00004     
         539
   383.775000000005        2878312500.00004     
         535
   384.125000000005        2880937500.00004     
         395
   384.475000000005        2883562500.00004     
         511
   384.825000000005        2886187500.00004     
         391
   385.175000000005        2888812500.00004     
         380
   385.525000000005        2891437500.00004     
         206
   385.875000000006        2894062500.00004     
          46
   386.225000000006        2896687500.00004     
         330
   386.575000000006        2899312500.00004     
         218
   386.925000000006        2901937500.00004     
         339
   387.275000000006        2904562500.00004     
         237
   387.625000000006        2907187500.00004     
         205
   387.975000000006        2909812500.00004     
         538
   388.325000000006        2912437500.00004     
         407
   388.675000000006        2915062500.00004     
         131
   389.025000000006        2917687500.00004     
         349
   389.375000000006        2920312500.00004     
         120
   389.725000000006        2922937500.00004     
          13
   390.075000000006        2925562500.00004     
          34
   390.425000000006        2928187500.00004     
         439
   390.775000000006        2930812500.00004     
         343
   391.125000000006        2933437500.00004     
          85
   391.475000000006        2936062500.00004     
         282
   391.825000000006        2938687500.00004     
          19
   392.175000000006        2941312500.00004     
         534
   392.525000000006        2943937500.00004     
         328
   392.875000000006        2946562500.00004     
         485
   393.225000000006        2949187500.00004     
         324
   393.575000000006        2951812500.00005     
         253
   393.925000000006        2954437500.00005     
          42
   394.275000000006        2957062500.00005     
          21
   394.625000000006        2959687500.00005     
         430
   394.975000000006        2962312500.00005     
          33
   395.325000000006        2964937500.00005     
         111
   395.675000000006        2967562500.00005     
         244
   396.025000000006        2970187500.00005     
         513
   396.375000000006        2972812500.00005     
         122
   396.725000000006        2975437500.00005     
         180
   397.075000000006        2978062500.00005     
          34
   397.425000000006        2980687500.00005     
          83
   397.775000000006        2983312500.00005     
         259
   398.125000000006        2985937500.00005     
         197
   398.475000000006        2988562500.00005     
         132
   398.825000000006        2991187500.00005     
         333
   399.175000000006        2993812500.00005     
         265
   399.525000000006        2996437500.00005     
         235
   399.875000000006        2999062500.00005     
         116
   400.225000000006        3001687500.00005     
         429
   400.575000000006        3004312500.00005     
         520
   400.925000000006        3006937500.00005     
         157
   401.275000000007        3009562500.00005     
         253
   401.625000000007        3012187500.00005     
         421
   401.975000000007        3014812500.00005     
          98
   402.325000000007        3017437500.00005     
         481
   402.675000000007        3020062500.00005     
         441
   403.025000000007        3022687500.00005     
         367
   403.375000000007        3025312500.00005     
         217
   403.725000000007        3027937500.00005     
         511
   404.075000000007        3030562500.00005     
         240
   404.425000000007        3033187500.00005     
         154
   404.775000000007        3035812500.00005     
          22
   405.125000000007        3038437500.00005     
         307
   405.475000000007        3041062500.00005     
         191
   405.825000000007        3043687500.00005     
         101
   406.175000000007        3046312500.00005     
          89
   406.525000000007        3048937500.00005     
         109
   406.875000000007        3051562500.00005     
         490
   407.225000000007        3054187500.00005     
          15
   407.575000000007        3056812500.00005     
          86
   407.925000000007        3059437500.00005     
         218
   408.275000000007        3062062500.00005     
         157
   408.625000000007        3064687500.00005     
         154
   408.975000000007        3067312500.00005     
         304
   409.325000000007        3069937500.00005     
         162
   409.675000000007        3072562500.00005     
         399
   410.025000000007        3075187500.00005     
         482
   410.375000000007        3077812500.00005     
          66
   410.725000000007        3080437500.00005     
         251
   411.075000000007        3083062500.00005     
         537
   411.425000000007        3085687500.00005     
         239
   411.775000000007        3088312500.00005     
          92
   412.125000000007        3090937500.00005     
         375
   412.475000000007        3093562500.00005     
         515
   412.825000000007        3096187500.00005     
         520
   413.175000000007        3098812500.00005     
         433
   413.525000000007        3101437500.00005     
         242
   413.875000000007        3104062500.00005     
          71
   414.225000000007        3106687500.00006     
          55
   414.575000000007        3109312500.00006     
         429
   414.925000000007        3111937500.00006     
          84
   415.275000000007        3114562500.00006     
         531
   415.625000000007        3117187500.00006     
         211
   415.975000000007        3119812500.00006     
         356
   416.325000000007        3122437500.00006     
         188
   416.675000000008        3125062500.00006     
         402
   417.025000000008        3127687500.00006     
         339
   417.375000000008        3130312500.00006     
          95
   417.725000000008        3132937500.00006     
         291
   418.075000000008        3135562500.00006     
         135
   418.425000000008        3138187500.00006     
         249
   418.775000000008        3140812500.00006     
         332
   419.125000000008        3143437500.00006     
         251
   419.475000000008        3146062500.00006     
         155
   419.825000000008        3148687500.00006     
