       time        TW        TE         hW        hE
   0.17500E+00   0.29379E+02   0.29181E+02   0.36084E-02  -0.31210E-01
   0.52500E+00   0.28589E+02   0.27658E+02   0.29403E-01  -0.99869E-01
   0.87500E+00   0.28448E+02   0.26244E+02   0.68457E-01  -0.17794E+00
   0.12250E+01   0.28615E+02   0.24643E+02   0.11487E+00  -0.27238E+00
   0.15750E+01   0.28928E+02   0.23340E+02   0.17327E+00  -0.36739E+00
   0.19250E+01   0.29257E+02   0.22908E+02   0.23847E+00  -0.43687E+00
   0.22750E+01   0.29518E+02   0.22868E+02   0.31124E+00  -0.50138E+00
   0.26250E+01   0.29705E+02   0.22928E+02   0.38481E+00  -0.57104E+00
   0.29750E+01   0.29831E+02   0.23252E+02   0.46338E+00  -0.62046E+00
   0.33250E+01   0.29908E+02   0.23794E+02   0.53978E+00  -0.63879E+00
   0.36750E+01   0.29950E+02   0.24635E+02   0.60862E+00  -0.64010E+00
   0.40250E+01   0.29971E+02   0.25597E+02   0.66659E+00  -0.61662E+00
   0.43750E+01   0.29983E+02   0.26369E+02   0.71688E+00  -0.55818E+00
   0.47250E+01   0.29989E+02   0.27038E+02   0.75519E+00  -0.49266E+00
   0.50750E+01   0.29993E+02   0.27609E+02   0.77399E+00  -0.42744E+00
   0.54250E+01   0.29996E+02   0.28067E+02   0.76803E+00  -0.34894E+00
   0.57750E+01   0.29998E+02   0.28445E+02   0.73931E+00  -0.26585E+00
   0.61250E+01   0.29998E+02   0.28774E+02   0.69530E+00  -0.19482E+00
   0.64750E+01   0.29997E+02   0.29046E+02   0.63902E+00  -0.13567E+00
   0.68250E+01   0.29994E+02   0.29061E+02   0.57954E+00  -0.84297E-01
   0.71750E+01   0.29990E+02   0.28869E+02   0.52258E+00  -0.41567E-01
   0.75250E+01   0.29983E+02   0.28714E+02   0.47949E+00  -0.11284E-01
   0.78750E+01   0.29975E+02   0.28601E+02   0.43949E+00   0.77558E-02
   0.82250E+01   0.29961E+02   0.28595E+02   0.40101E+00   0.23886E-01
   0.85750E+01   0.29946E+02   0.28586E+02   0.37572E+00   0.29010E-01
   0.89250E+01   0.29932E+02   0.28483E+02   0.35679E+00   0.23369E-01
   0.92750E+01   0.29918E+02   0.28362E+02   0.34152E+00   0.15603E-01
   0.96250E+01   0.29905E+02   0.28287E+02   0.33233E+00   0.81578E-02
   0.99750E+01   0.29898E+02   0.28116E+02   0.32544E+00  -0.20895E-02
   0.10325E+02   0.29888E+02   0.27850E+02   0.31327E+00  -0.16865E-01
   0.10675E+02   0.29869E+02   0.27681E+02   0.30479E+00  -0.29408E-01
   0.11025E+02   0.29857E+02   0.27556E+02   0.30526E+00  -0.37422E-01
   0.11375E+02   0.29850E+02   0.27529E+02   0.30001E+00  -0.44256E-01
   0.11725E+02   0.29839E+02   0.27368E+02   0.29077E+00  -0.63981E-01
   0.12075E+02   0.29831E+02   0.26837E+02   0.28582E+00  -0.92401E-01
   0.12425E+02   0.29827E+02   0.26232E+02   0.27924E+00  -0.11077E+00
   0.12775E+02   0.29813E+02   0.25820E+02   0.26785E+00  -0.13024E+00
   0.13125E+02   0.29802E+02   0.25492E+02   0.26548E+00  -0.14754E+00
   0.13475E+02   0.29795E+02   0.25249E+02   0.26984E+00  -0.15992E+00
   0.13825E+02   0.29789E+02   0.25052E+02   0.27710E+00  -0.18374E+00
   0.14175E+02   0.29796E+02   0.24847E+02   0.28760E+00  -0.20779E+00
   0.14525E+02   0.29811E+02   0.24550E+02   0.30308E+00  -0.23403E+00
   0.14875E+02   0.29831E+02   0.24260E+02   0.32345E+00  -0.26178E+00
   0.15225E+02   0.29855E+02   0.24211E+02   0.33989E+00  -0.28021E+00
   0.15575E+02   0.29875E+02   0.24390E+02   0.35300E+00  -0.29286E+00
   0.15925E+02   0.29892E+02   0.24606E+02   0.37218E+00  -0.30343E+00
   0.16275E+02   0.29910E+02   0.24717E+02   0.39606E+00  -0.31503E+00
   0.16625E+02   0.29927E+02   0.24729E+02   0.42095E+00  -0.32917E+00
   0.16975E+02   0.29941E+02   0.24877E+02   0.44251E+00  -0.34094E+00
   0.17325E+02   0.29952E+02   0.25061E+02   0.45813E+00  -0.34415E+00
   0.17675E+02   0.29960E+02   0.25341E+02   0.47536E+00  -0.33588E+00
   0.18025E+02   0.29967E+02   0.25489E+02   0.48953E+00  -0.33081E+00
   0.18375E+02   0.29972E+02   0.25361E+02   0.50166E+00  -0.33230E+00
   0.18725E+02   0.29975E+02   0.25631E+02   0.51115E+00  -0.32132E+00
   0.19075E+02   0.29978E+02   0.26200E+02   0.52363E+00  -0.30022E+00
   0.19425E+02   0.29980E+02   0.26754E+02   0.53020E+00  -0.27339E+00
   0.19775E+02   0.29981E+02   0.27329E+02   0.52835E+00  -0.24352E+00
   0.20125E+02   0.29982E+02   0.27923E+02   0.52196E+00  -0.21128E+00
   0.20475E+02   0.29981E+02   0.28079E+02   0.51051E+00  -0.17712E+00
   0.20825E+02   0.29980E+02   0.27702E+02   0.49790E+00  -0.15648E+00
   0.21175E+02   0.29977E+02   0.27465E+02   0.48103E+00  -0.13561E+00
   0.21525E+02   0.29973E+02   0.27563E+02   0.46012E+00  -0.10209E+00
   0.21875E+02   0.29967E+02   0.27786E+02   0.43517E+00  -0.75403E-01
   0.22225E+02   0.29958E+02   0.27961E+02   0.40980E+00  -0.58581E-01
   0.22575E+02   0.29949E+02   0.27850E+02   0.39065E+00  -0.51736E-01
   0.22925E+02   0.29939E+02   0.27642E+02   0.37403E+00  -0.51203E-01
   0.23275E+02   0.29928E+02   0.27473E+02   0.35684E+00  -0.51407E-01
   0.23625E+02   0.29921E+02   0.27341E+02   0.33967E+00  -0.50091E-01
   0.23975E+02   0.29907E+02   0.27282E+02   0.32315E+00  -0.46219E-01
   0.24325E+02   0.29888E+02   0.27263E+02   0.31381E+00  -0.48592E-01
   0.24675E+02   0.29873E+02   0.27264E+02   0.30838E+00  -0.54360E-01
   0.25025E+02   0.29863E+02   0.27179E+02   0.30651E+00  -0.64412E-01
   0.25375E+02   0.29858E+02   0.26916E+02   0.30743E+00  -0.85924E-01
   0.25725E+02   0.29857E+02   0.26643E+02   0.30718E+00  -0.98670E-01
   0.26075E+02   0.29853E+02   0.26355E+02   0.29932E+00  -0.10444E+00
   0.26425E+02   0.29847E+02   0.26120E+02   0.28986E+00  -0.11820E+00
   0.26775E+02   0.29835E+02   0.25918E+02   0.28913E+00  -0.13043E+00
   0.27125E+02   0.29830E+02   0.25734E+02   0.29608E+00  -0.14176E+00
   0.27475E+02   0.29835E+02   0.25458E+02   0.29968E+00  -0.16259E+00
   0.27825E+02   0.29840E+02   0.24984E+02   0.30293E+00  -0.19045E+00
   0.28175E+02   0.29845E+02   0.24628E+02   0.30945E+00  -0.21238E+00
   0.28525E+02   0.29851E+02   0.24452E+02   0.31720E+00  -0.22524E+00
   0.28875E+02   0.29859E+02   0.24250E+02   0.32719E+00  -0.24589E+00
   0.29225E+02   0.29870E+02   0.23891E+02   0.34025E+00  -0.27947E+00
   0.29575E+02   0.29883E+02   0.23822E+02   0.35942E+00  -0.30455E+00
   0.29925E+02   0.29900E+02   0.23972E+02   0.38075E+00  -0.31856E+00
   0.30275E+02   0.29916E+02   0.23976E+02   0.40205E+00  -0.33914E+00
   0.30625E+02   0.29930E+02   0.23962E+02   0.42127E+00  -0.35941E+00
   0.30975E+02   0.29943E+02   0.24152E+02   0.44147E+00  -0.36281E+00
   0.31325E+02   0.29953E+02   0.24586E+02   0.46253E+00  -0.36127E+00
   0.31675E+02   0.29962E+02   0.24988E+02   0.48618E+00  -0.35870E+00
   0.32025E+02   0.29969E+02   0.25642E+02   0.50735E+00  -0.34688E+00
   0.32375E+02   0.29975E+02   0.26547E+02   0.52298E+00  -0.32269E+00
   0.32725E+02   0.29979E+02   0.27089E+02   0.53289E+00  -0.29137E+00
   0.33075E+02   0.29981E+02   0.27354E+02   0.53214E+00  -0.26352E+00
   0.33425E+02   0.29982E+02   0.27756E+02   0.53041E+00  -0.23052E+00
   0.33775E+02   0.29983E+02   0.28239E+02   0.52918E+00  -0.19045E+00
   0.34125E+02   0.29983E+02   0.28554E+02   0.51744E+00  -0.15573E+00
   0.34475E+02   0.29981E+02   0.28809E+02   0.49205E+00  -0.12550E+00
   0.34825E+02   0.29977E+02   0.28728E+02   0.46565E+00  -0.97582E-01
   0.35175E+02   0.29971E+02   0.28593E+02   0.44442E+00  -0.65193E-01
   0.35525E+02   0.29963E+02   0.28516E+02   0.41775E+00  -0.40376E-01
   0.35875E+02   0.29952E+02   0.28097E+02   0.38968E+00  -0.43412E-01
   0.36225E+02   0.29939E+02   0.27888E+02   0.36951E+00  -0.41481E-01
   0.36575E+02   0.29924E+02   0.27959E+02   0.35248E+00  -0.25138E-01
   0.36925E+02   0.29906E+02   0.27957E+02   0.33516E+00  -0.25924E-01
   0.37275E+02   0.29892E+02   0.27844E+02   0.32381E+00  -0.38045E-01
   0.37625E+02   0.29885E+02   0.27715E+02   0.31779E+00  -0.44173E-01
   0.37975E+02   0.29877E+02   0.27585E+02   0.31152E+00  -0.45566E-01
   0.38325E+02   0.29866E+02   0.27404E+02   0.30328E+00  -0.53388E-01
   0.38675E+02   0.29854E+02   0.27216E+02   0.29889E+00  -0.64611E-01
   0.39025E+02   0.29846E+02   0.26931E+02   0.29724E+00  -0.76843E-01
   0.39375E+02   0.29840E+02   0.26636E+02   0.28813E+00  -0.93722E-01
   0.39725E+02   0.29822E+02   0.26539E+02   0.27990E+00  -0.10214E+00
   0.40075E+02   0.29812E+02   0.26289E+02   0.28403E+00  -0.11344E+00
   0.40425E+02   0.29816E+02   0.25927E+02   0.29052E+00  -0.13635E+00
   0.40775E+02   0.29822E+02   0.25598E+02   0.29225E+00  -0.15878E+00
   0.41125E+02   0.29824E+02   0.25147E+02   0.29085E+00  -0.18069E+00
   0.41475E+02   0.29826E+02   0.24747E+02   0.29646E+00  -0.20019E+00
   0.41825E+02   0.29836E+02   0.24462E+02   0.31066E+00  -0.22016E+00
   0.42175E+02   0.29849E+02   0.24355E+02   0.32200E+00  -0.24423E+00
   0.42525E+02   0.29860E+02   0.24360E+02   0.33216E+00  -0.26245E+00
   0.42875E+02   0.29873E+02   0.24278E+02   0.34871E+00  -0.28047E+00
   0.43225E+02   0.29890E+02   0.24126E+02   0.37432E+00  -0.30546E+00
   0.43575E+02   0.29909E+02   0.24151E+02   0.39482E+00  -0.32708E+00
   0.43925E+02   0.29925E+02   0.24298E+02   0.40999E+00  -0.34125E+00
   0.44275E+02   0.29937E+02   0.24389E+02   0.42670E+00  -0.34843E+00
   0.44625E+02   0.29948E+02   0.24671E+02   0.44895E+00  -0.34844E+00
   0.44975E+02   0.29957E+02   0.25029E+02   0.47020E+00  -0.34659E+00
   0.45325E+02   0.29964E+02   0.25627E+02   0.48963E+00  -0.34047E+00
   0.45675E+02   0.29971E+02   0.26214E+02   0.51150E+00  -0.32833E+00
   0.46025E+02   0.29976E+02   0.26333E+02   0.52255E+00  -0.31906E+00
   0.46375E+02   0.29979E+02   0.26736E+02   0.52816E+00  -0.29549E+00
   0.46725E+02   0.29981E+02   0.27168E+02   0.53076E+00  -0.26131E+00
   0.47075E+02   0.29982E+02   0.27520E+02   0.52561E+00  -0.22943E+00
   0.47425E+02   0.29982E+02   0.27550E+02   0.51642E+00  -0.20014E+00
   0.47775E+02   0.29981E+02   0.27327E+02   0.50544E+00  -0.17992E+00
   0.48125E+02   0.29979E+02   0.27616E+02   0.49226E+00  -0.14475E+00
   0.48475E+02   0.29976E+02   0.27572E+02   0.47128E+00  -0.11732E+00
   0.48825E+02   0.29971E+02   0.27307E+02   0.44899E+00  -0.11020E+00
   0.49175E+02   0.29964E+02   0.27272E+02   0.42743E+00  -0.88835E-01
   0.49525E+02   0.29955E+02   0.27342E+02   0.40397E+00  -0.64254E-01
   0.49875E+02   0.29944E+02   0.27505E+02   0.38862E+00  -0.51298E-01
   0.50225E+02   0.29935E+02   0.27495E+02   0.37672E+00  -0.52210E-01
   0.50575E+02   0.29928E+02   0.27383E+02   0.36146E+00  -0.54987E-01
   0.50925E+02   0.29918E+02   0.27384E+02   0.34385E+00  -0.46962E-01
   0.51275E+02   0.29903E+02   0.27437E+02   0.32885E+00  -0.40706E-01
   0.51625E+02   0.29888E+02   0.27392E+02   0.31940E+00  -0.42453E-01
   0.51975E+02   0.29876E+02   0.27235E+02   0.31410E+00  -0.55688E-01
   0.52325E+02   0.29866E+02   0.27067E+02   0.30724E+00  -0.74771E-01
   0.52675E+02   0.29857E+02   0.26705E+02   0.29784E+00  -0.88763E-01
   0.53025E+02   0.29848E+02   0.26198E+02   0.29268E+00  -0.10631E+00
   0.53375E+02   0.29843E+02   0.25897E+02   0.29257E+00  -0.12283E+00
   0.53725E+02   0.29837E+02   0.25718E+02   0.29115E+00  -0.12902E+00
   0.54075E+02   0.29828E+02   0.25487E+02   0.29014E+00  -0.14450E+00
   0.54425E+02   0.29825E+02   0.25278E+02   0.29680E+00  -0.16848E+00
   0.54775E+02   0.29833E+02   0.25066E+02   0.31322E+00  -0.18465E+00
   0.55125E+02   0.29850E+02   0.24787E+02   0.32277E+00  -0.20381E+00
   0.55475E+02   0.29861E+02   0.24670E+02   0.32035E+00  -0.22312E+00
   0.55825E+02   0.29867E+02   0.24550E+02   0.32686E+00  -0.23029E+00
   0.56175E+02   0.29876E+02   0.24581E+02   0.34096E+00  -0.23604E+00
   0.56525E+02   0.29887E+02   0.24824E+02   0.35523E+00  -0.24687E+00
   0.56875E+02   0.29899E+02   0.24888E+02   0.36725E+00  -0.26310E+00
   0.57225E+02   0.29909E+02   0.24991E+02   0.38121E+00  -0.27399E+00
   0.57575E+02   0.29920E+02   0.24881E+02   0.39692E+00  -0.27974E+00
   0.57925E+02   0.29929E+02   0.24816E+02   0.40853E+00  -0.29062E+00
   0.58275E+02   0.29937E+02   0.25059E+02   0.41866E+00  -0.29353E+00
   0.58625E+02   0.29944E+02   0.25276E+02   0.43177E+00  -0.29160E+00
   0.58975E+02   0.29952E+02   0.25678E+02   0.44497E+00  -0.28383E+00
   0.59325E+02   0.29957E+02   0.26149E+02   0.45429E+00  -0.27111E+00
   0.59675E+02   0.29962E+02   0.26539E+02   0.46430E+00  -0.25726E+00
   0.60025E+02   0.29965E+02   0.26710E+02   0.47114E+00  -0.24070E+00
   0.60375E+02   0.29967E+02   0.26880E+02   0.47450E+00  -0.22664E+00
   0.60725E+02   0.29969E+02   0.27093E+02   0.47194E+00  -0.20899E+00
   0.61075E+02   0.29968E+02   0.27103E+02   0.46158E+00  -0.18908E+00
   0.61425E+02   0.29967E+02   0.27398E+02   0.45343E+00  -0.16052E+00
   0.61775E+02   0.29965E+02   0.27666E+02   0.44491E+00  -0.13285E+00
   0.62125E+02   0.29961E+02   0.27656E+02   0.43097E+00  -0.11761E+00
   0.62475E+02   0.29956E+02   0.27756E+02   0.41610E+00  -0.98082E-01
   0.62825E+02   0.29951E+02   0.27756E+02   0.40457E+00  -0.82142E-01
   0.63175E+02   0.29946E+02   0.27646E+02   0.38663E+00  -0.72866E-01
   0.63525E+02   0.29934E+02   0.27645E+02   0.36488E+00  -0.61856E-01
   0.63875E+02   0.29920E+02   0.27655E+02   0.34971E+00  -0.55643E-01
   0.64225E+02   0.29909E+02   0.27539E+02   0.33511E+00  -0.51295E-01
   0.64575E+02   0.29895E+02   0.27332E+02   0.32255E+00  -0.61753E-01
   0.64925E+02   0.29877E+02   0.26934E+02   0.31574E+00  -0.84994E-01
   0.65275E+02   0.29865E+02   0.26497E+02   0.31168E+00  -0.98023E-01
   0.65625E+02   0.29862E+02   0.26117E+02   0.30723E+00  -0.11173E+00
   0.65975E+02   0.29861E+02   0.25787E+02   0.30136E+00  -0.13099E+00
   0.66325E+02   0.29855E+02   0.25596E+02   0.30045E+00  -0.14106E+00
   0.66675E+02   0.29852E+02   0.25345E+02   0.30610E+00  -0.14906E+00
   0.67025E+02   0.29857E+02   0.24963E+02   0.31385E+00  -0.17239E+00
   0.67375E+02   0.29862E+02   0.24759E+02   0.32162E+00  -0.19544E+00
   0.67725E+02   0.29867E+02   0.24889E+02   0.33166E+00  -0.20143E+00
   0.68075E+02   0.29875E+02   0.24867E+02   0.34109E+00  -0.21193E+00
   0.68425E+02   0.29883E+02   0.24709E+02   0.34735E+00  -0.23385E+00
   0.68775E+02   0.29891E+02   0.24744E+02   0.35317E+00  -0.24640E+00
   0.69125E+02   0.29899E+02   0.24839E+02   0.36308E+00  -0.25112E+00
   0.69475E+02   0.29909E+02   0.25173E+02   0.37674E+00  -0.24972E+00
   0.69825E+02   0.29919E+02   0.25462E+02   0.38811E+00  -0.25266E+00
   0.70175E+02   0.29926E+02   0.25663E+02   0.39915E+00  -0.25774E+00
   0.70525E+02   0.29932E+02   0.25983E+02   0.40840E+00  -0.25058E+00
   0.70875E+02   0.29938E+02   0.25948E+02   0.41694E+00  -0.25159E+00
   0.71225E+02   0.29943E+02   0.25748E+02   0.42182E+00  -0.25680E+00
   0.71575E+02   0.29948E+02   0.25572E+02   0.42717E+00  -0.25643E+00
   0.71925E+02   0.29952E+02   0.25281E+02   0.43183E+00  -0.25893E+00
   0.72275E+02   0.29955E+02   0.25248E+02   0.42914E+00  -0.25463E+00
   0.72625E+02   0.29956E+02   0.25429E+02   0.43105E+00  -0.24585E+00
   0.72975E+02   0.29957E+02   0.25687E+02   0.44018E+00  -0.23320E+00
   0.73325E+02   0.29959E+02   0.25696E+02   0.44646E+00  -0.22439E+00
   0.73675E+02   0.29961E+02   0.25559E+02   0.44604E+00  -0.22816E+00
   0.74025E+02   0.29961E+02   0.25760E+02   0.44643E+00  -0.21743E+00
   0.74375E+02   0.29962E+02   0.26165E+02   0.44959E+00  -0.19363E+00
   0.74725E+02   0.29962E+02   0.26612E+02   0.44877E+00  -0.17434E+00
   0.75075E+02   0.29961E+02   0.26795E+02   0.43980E+00  -0.16101E+00
   0.75425E+02   0.29959E+02   0.26662E+02   0.42652E+00  -0.15406E+00
   0.75775E+02   0.29956E+02   0.26498E+02   0.41849E+00  -0.14231E+00
   0.76125E+02   0.29951E+02   0.26469E+02   0.40842E+00  -0.12974E+00
   0.76475E+02   0.29945E+02   0.26643E+02   0.39612E+00  -0.11758E+00
   0.76825E+02   0.29940E+02   0.26743E+02   0.38281E+00  -0.10769E+00
   0.77175E+02   0.29931E+02   0.26758E+02   0.36544E+00  -0.10476E+00
   0.77525E+02   0.29921E+02   0.26737E+02   0.35451E+00  -0.99554E-01
   0.77875E+02   0.29912E+02   0.26617E+02   0.34894E+00  -0.99394E-01
   0.78225E+02   0.29906E+02   0.26612E+02   0.34815E+00  -0.10110E+00
   0.78575E+02   0.29899E+02   0.26424E+02   0.34175E+00  -0.10752E+00
   0.78925E+02   0.29890E+02   0.26273E+02   0.33090E+00  -0.11474E+00
   0.79275E+02   0.29881E+02   0.26304E+02   0.32391E+00  -0.11327E+00
   0.79625E+02   0.29876E+02   0.26193E+02   0.32359E+00  -0.11861E+00
   0.79975E+02   0.29874E+02   0.26037E+02   0.32603E+00  -0.12903E+00
   0.80325E+02   0.29873E+02   0.25853E+02   0.32427E+00  -0.14177E+00
   0.80675E+02   0.29873E+02   0.25826E+02   0.32374E+00  -0.14607E+00
   0.81025E+02   0.29873E+02   0.25973E+02   0.32687E+00  -0.14191E+00
   0.81375E+02   0.29874E+02   0.25868E+02   0.32859E+00  -0.15321E+00
   0.81725E+02   0.29873E+02   0.25577E+02   0.32847E+00  -0.16876E+00
   0.82075E+02   0.29875E+02   0.25267E+02   0.33108E+00  -0.18179E+00
   0.82425E+02   0.29877E+02   0.25151E+02   0.33327E+00  -0.19323E+00
   0.82775E+02   0.29880E+02   0.25158E+02   0.34069E+00  -0.20121E+00
   0.83125E+02   0.29888E+02   0.24935E+02   0.34770E+00  -0.21793E+00
   0.83475E+02   0.29895E+02   0.24796E+02   0.35104E+00  -0.23370E+00
   0.83825E+02   0.29900E+02   0.24984E+02   0.35769E+00  -0.23542E+00
   0.84175E+02   0.29905E+02   0.25226E+02   0.37065E+00  -0.23739E+00
   0.84525E+02   0.29914E+02   0.25206E+02   0.38779E+00  -0.24788E+00
   0.84875E+02   0.29925E+02   0.25023E+02   0.39961E+00  -0.26131E+00
   0.85225E+02   0.29931E+02   0.25068E+02   0.40454E+00  -0.26925E+00
   0.85575E+02   0.29937E+02   0.25309E+02   0.41222E+00  -0.26235E+00
   0.85925E+02   0.29943E+02   0.25791E+02   0.42147E+00  -0.24993E+00
   0.86275E+02   0.29948E+02   0.25977E+02   0.43239E+00  -0.25010E+00
   0.86625E+02   0.29954E+02   0.26243E+02   0.43711E+00  -0.24184E+00
   0.86975E+02   0.29956E+02   0.26694E+02   0.43598E+00  -0.21878E+00
   0.87325E+02   0.29957E+02   0.26783E+02   0.44125E+00  -0.20553E+00
   0.87675E+02   0.29959E+02   0.26594E+02   0.44632E+00  -0.19922E+00
   0.88025E+02   0.29959E+02   0.26201E+02   0.44078E+00  -0.19949E+00
   0.88375E+02   0.29957E+02   0.26142E+02   0.42651E+00  -0.19413E+00
   0.88725E+02   0.29953E+02   0.26077E+02   0.41721E+00  -0.17951E+00
   0.89075E+02   0.29950E+02   0.25938E+02   0.41243E+00  -0.17389E+00
   0.89425E+02   0.29948E+02   0.26182E+02   0.40990E+00  -0.16306E+00
   0.89775E+02   0.29945E+02   0.26387E+02   0.40488E+00  -0.15290E+00
   0.90125E+02   0.29943E+02   0.26175E+02   0.39739E+00  -0.14989E+00
   0.90475E+02   0.29939E+02   0.26156E+02   0.39338E+00  -0.14242E+00
   0.90825E+02   0.29937E+02   0.26320E+02   0.39298E+00  -0.13397E+00
   0.91175E+02   0.29935E+02   0.26415E+02   0.38471E+00  -0.12285E+00
   0.91525E+02   0.29929E+02   0.26488E+02   0.37056E+00  -0.12045E+00
   0.91875E+02   0.29921E+02   0.26472E+02   0.36292E+00  -0.12127E+00
   0.92225E+02   0.29916E+02   0.26394E+02   0.35911E+00  -0.11622E+00
   0.92575E+02   0.29912E+02   0.26360E+02   0.35243E+00  -0.11753E+00
   0.92925E+02   0.29904E+02   0.26403E+02   0.34415E+00  -0.11996E+00
   0.93275E+02   0.29898E+02   0.26241E+02   0.33808E+00  -0.12038E+00
   0.93625E+02   0.29895E+02   0.25913E+02   0.33216E+00  -0.13246E+00
   0.93975E+02   0.29889E+02   0.25841E+02   0.32874E+00  -0.14320E+00
   0.94325E+02   0.29886E+02   0.25788E+02   0.32807E+00  -0.14794E+00
   0.94675E+02   0.29886E+02   0.25645E+02   0.32934E+00  -0.15353E+00
   0.95025E+02   0.29886E+02   0.25314E+02   0.33122E+00  -0.17009E+00
   0.95375E+02   0.29884E+02   0.25216E+02   0.33249E+00  -0.18138E+00
   0.95725E+02   0.29884E+02   0.25323E+02   0.33592E+00  -0.17920E+00
   0.96075E+02   0.29887E+02   0.24935E+02   0.34402E+00  -0.20061E+00
   0.96425E+02   0.29893E+02   0.24551E+02   0.35204E+00  -0.22697E+00
   0.96775E+02   0.29900E+02   0.24390E+02   0.35502E+00  -0.23726E+00
   0.97125E+02   0.29905E+02   0.24349E+02   0.36041E+00  -0.24833E+00
   0.97475E+02   0.29910E+02   0.24418E+02   0.37086E+00  -0.25747E+00
   0.97825E+02   0.29917E+02   0.24674E+02   0.38374E+00  -0.26249E+00
   0.98175E+02   0.29926E+02   0.24852E+02   0.39848E+00  -0.26656E+00
   0.98525E+02   0.29934E+02   0.24811E+02   0.40885E+00  -0.27678E+00
   0.98875E+02   0.29940E+02   0.25008E+02   0.42088E+00  -0.28350E+00
   0.99225E+02   0.29947E+02   0.25310E+02   0.43538E+00  -0.27573E+00
   0.99575E+02   0.29953E+02   0.25644E+02   0.44435E+00  -0.27040E+00
   0.99925E+02   0.29957E+02   0.26260E+02   0.44889E+00  -0.25766E+00
   0.10027E+03   0.29960E+02   0.26974E+02   0.44996E+00  -0.22929E+00
   0.10062E+03   0.29963E+02   0.27539E+02   0.45264E+00  -0.19995E+00
   0.10097E+03   0.29964E+02   0.27390E+02   0.45959E+00  -0.18939E+00
   0.10132E+03   0.29965E+02   0.26975E+02   0.45415E+00  -0.18582E+00
   0.10167E+03   0.29963E+02   0.26867E+02   0.43782E+00  -0.17099E+00
   0.10202E+03   0.29959E+02   0.27005E+02   0.42594E+00  -0.14820E+00
   0.10237E+03   0.29953E+02   0.27306E+02   0.41511E+00  -0.12415E+00
   0.10272E+03   0.29948E+02   0.27141E+02   0.40002E+00  -0.11927E+00
   0.10307E+03   0.29941E+02   0.26760E+02   0.38520E+00  -0.12571E+00
   0.10342E+03   0.29934E+02   0.26727E+02   0.38070E+00  -0.11930E+00
   0.10377E+03   0.29930E+02   0.26720E+02   0.37863E+00  -0.10770E+00
   0.10412E+03   0.29926E+02   0.26667E+02   0.36967E+00  -0.10723E+00
   0.10447E+03   0.29919E+02   0.26486E+02   0.35952E+00  -0.11666E+00
   0.10482E+03   0.29912E+02   0.26023E+02   0.34716E+00  -0.12421E+00
   0.10517E+03   0.29902E+02   0.25798E+02   0.33354E+00  -0.12555E+00
   0.10552E+03   0.29898E+02   0.25820E+02   0.33598E+00  -0.12946E+00
   0.10587E+03   0.29899E+02   0.25789E+02   0.34334E+00  -0.13430E+00
   0.10622E+03   0.29896E+02   0.25790E+02   0.33917E+00  -0.13722E+00
   0.10657E+03   0.29888E+02   0.25844E+02   0.33023E+00  -0.14297E+00
   0.10692E+03   0.29884E+02   0.25885E+02   0.33351E+00  -0.14419E+00
   0.10727E+03   0.29887E+02   0.25673E+02   0.34090E+00  -0.15101E+00
   0.10762E+03   0.29891E+02   0.25242E+02   0.34039E+00  -0.17678E+00
   0.10797E+03   0.29891E+02   0.24961E+02   0.33710E+00  -0.19279E+00
   0.10832E+03   0.29889E+02   0.24984E+02   0.33375E+00  -0.18849E+00
   0.10867E+03   0.29888E+02   0.25068E+02   0.33783E+00  -0.19312E+00
   0.10902E+03   0.29889E+02   0.25140E+02   0.34868E+00  -0.20603E+00
   0.10937E+03   0.29896E+02   0.25088E+02   0.35875E+00  -0.22042E+00
   0.10972E+03   0.29903E+02   0.24993E+02   0.36350E+00  -0.23362E+00
   0.11007E+03   0.29910E+02   0.24986E+02   0.37275E+00  -0.23841E+00
   0.11042E+03   0.29917E+02   0.24947E+02   0.38532E+00  -0.24424E+00
   0.11077E+03   0.29924E+02   0.24830E+02   0.39227E+00  -0.25262E+00
   0.11112E+03   0.29930E+02   0.24864E+02   0.39523E+00  -0.25848E+00
   0.11147E+03   0.29934E+02   0.25102E+02   0.40140E+00  -0.26116E+00
   0.11182E+03   0.29938E+02   0.25138E+02   0.41473E+00  -0.26100E+00
   0.11217E+03   0.29945E+02   0.25113E+02   0.42915E+00  -0.26628E+00
   0.11252E+03   0.29950E+02   0.25450E+02   0.43572E+00  -0.26510E+00
   0.11287E+03   0.29955E+02   0.25735E+02   0.43869E+00  -0.25283E+00
   0.11322E+03   0.29957E+02   0.25949E+02   0.43877E+00  -0.23939E+00
   0.11357E+03   0.29958E+02   0.26568E+02   0.44689E+00  -0.21631E+00
   0.11392E+03   0.29961E+02   0.26830E+02   0.45436E+00  -0.20036E+00
   0.11427E+03   0.29963E+02   0.26506E+02   0.44999E+00  -0.20246E+00
   0.11462E+03   0.29962E+02   0.26165E+02   0.44116E+00  -0.20150E+00
   0.11497E+03   0.29960E+02   0.26036E+02   0.43393E+00  -0.18885E+00
   0.11532E+03   0.29958E+02   0.26287E+02   0.42597E+00  -0.16534E+00
   0.11567E+03   0.29954E+02   0.26598E+02   0.41297E+00  -0.14672E+00
   0.11602E+03   0.29950E+02   0.26447E+02   0.40284E+00  -0.14758E+00
   0.11637E+03   0.29946E+02   0.26122E+02   0.39589E+00  -0.14762E+00
   0.11672E+03   0.29942E+02   0.26031E+02   0.39393E+00  -0.14291E+00
   0.11707E+03   0.29939E+02   0.26154E+02   0.38981E+00  -0.13711E+00
   0.11742E+03   0.29936E+02   0.26258E+02   0.38308E+00  -0.12864E+00
   0.11777E+03   0.29930E+02   0.26126E+02   0.37104E+00  -0.13019E+00
   0.11812E+03   0.29923E+02   0.26036E+02   0.35918E+00  -0.13197E+00
   0.11847E+03   0.29916E+02   0.26051E+02   0.35531E+00  -0.12883E+00
   0.11882E+03   0.29914E+02   0.25817E+02   0.35785E+00  -0.13835E+00
   0.11917E+03   0.29912E+02   0.25627E+02   0.35661E+00  -0.14875E+00
   0.11952E+03   0.29907E+02   0.25799E+02   0.35175E+00  -0.14351E+00
   0.11987E+03   0.29903E+02   0.25914E+02   0.34323E+00  -0.13919E+00
   0.12022E+03   0.29899E+02   0.25691E+02   0.33895E+00  -0.15092E+00
   0.12057E+03   0.29897E+02   0.25433E+02   0.34631E+00  -0.16763E+00
   0.12092E+03   0.29898E+02   0.25433E+02   0.34887E+00  -0.17151E+00
   0.12127E+03   0.29899E+02   0.25490E+02   0.34718E+00  -0.17054E+00
   0.12162E+03   0.29898E+02   0.25426E+02   0.34770E+00  -0.17864E+00
   0.12197E+03   0.29900E+02   0.25471E+02   0.34898E+00  -0.18233E+00
   0.12232E+03   0.29902E+02   0.25604E+02   0.35046E+00  -0.17807E+00
   0.12267E+03   0.29904E+02   0.25639E+02   0.35347E+00  -0.18199E+00
   0.12302E+03   0.29904E+02   0.25505E+02   0.35667E+00  -0.19302E+00
   0.12337E+03   0.29906E+02   0.25303E+02   0.36614E+00  -0.20158E+00
   0.12372E+03   0.29910E+02   0.25244E+02   0.37128E+00  -0.20706E+00
   0.12407E+03   0.29913E+02   0.25190E+02   0.36764E+00  -0.21656E+00
   0.12442E+03   0.29914E+02   0.25301E+02   0.36819E+00  -0.21847E+00
   0.12477E+03   0.29918E+02   0.25495E+02   0.37837E+00  -0.21355E+00
   0.12512E+03   0.29924E+02   0.25428E+02   0.38877E+00  -0.22070E+00
   0.12547E+03   0.29930E+02   0.25562E+02   0.39062E+00  -0.22234E+00
   0.12582E+03   0.29934E+02   0.25490E+02   0.39297E+00  -0.22293E+00
   0.12617E+03   0.29936E+02   0.25281E+02   0.40041E+00  -0.22230E+00
   0.12652E+03   0.29939E+02   0.25050E+02   0.40432E+00  -0.22320E+00
   0.12687E+03   0.29940E+02   0.24633E+02   0.39899E+00  -0.24120E+00
   0.12722E+03   0.29940E+02   0.24710E+02   0.39922E+00  -0.24031E+00
   0.12757E+03   0.29941E+02   0.24967E+02   0.40987E+00  -0.23026E+00
   0.12792E+03   0.29944E+02   0.25241E+02   0.41845E+00  -0.23046E+00
   0.12827E+03   0.29947E+02   0.25627E+02   0.42303E+00  -0.22589E+00
   0.12862E+03   0.29950E+02   0.25520E+02   0.42579E+00  -0.22884E+00
   0.12897E+03   0.29952E+02   0.25287E+02   0.42913E+00  -0.22584E+00
   0.12932E+03   0.29954E+02   0.25319E+02   0.42933E+00  -0.21650E+00
   0.12967E+03   0.29954E+02   0.25467E+02   0.42638E+00  -0.20935E+00
   0.13002E+03   0.29953E+02   0.25656E+02   0.42528E+00  -0.19723E+00
   0.13037E+03   0.29952E+02   0.25716E+02   0.41964E+00  -0.19138E+00
   0.13072E+03   0.29950E+02   0.25705E+02   0.41171E+00  -0.18685E+00
   0.13107E+03   0.29949E+02   0.25617E+02   0.40916E+00  -0.18201E+00
   0.13142E+03   0.29947E+02   0.25597E+02   0.40935E+00  -0.17880E+00
   0.13177E+03   0.29945E+02   0.25850E+02   0.40743E+00  -0.16607E+00
   0.13212E+03   0.29943E+02   0.26170E+02   0.39964E+00  -0.15374E+00
   0.13247E+03   0.29941E+02   0.26376E+02   0.39342E+00  -0.14809E+00
   0.13282E+03   0.29939E+02   0.26482E+02   0.38943E+00  -0.13840E+00
   0.13317E+03   0.29936E+02   0.26477E+02   0.38354E+00  -0.13164E+00
   0.13352E+03   0.29933E+02   0.26558E+02   0.37805E+00  -0.12530E+00
   0.13387E+03   0.29928E+02   0.26609E+02   0.37047E+00  -0.11607E+00
   0.13422E+03   0.29921E+02   0.26655E+02   0.35973E+00  -0.11169E+00
   0.13457E+03   0.29913E+02   0.26897E+02   0.35169E+00  -0.10320E+00
   0.13492E+03   0.29908E+02   0.26856E+02   0.34377E+00  -0.10220E+00
   0.13527E+03   0.29901E+02   0.26550E+02   0.33392E+00  -0.11435E+00
   0.13562E+03   0.29892E+02   0.26234E+02   0.33032E+00  -0.12308E+00
   0.13597E+03   0.29886E+02   0.26215E+02   0.32715E+00  -0.11914E+00
   0.13632E+03   0.29880E+02   0.26247E+02   0.32283E+00  -0.11939E+00
   0.13667E+03   0.29875E+02   0.25996E+02   0.32054E+00  -0.13704E+00
   0.13702E+03   0.29872E+02   0.25930E+02   0.32059E+00  -0.14554E+00
   0.13737E+03   0.29870E+02   0.26000E+02   0.32307E+00  -0.14245E+00
   0.13772E+03   0.29870E+02   0.25942E+02   0.32988E+00  -0.14968E+00
   0.13807E+03   0.29876E+02   0.25659E+02   0.33452E+00  -0.16893E+00
   0.13842E+03   0.29880E+02   0.25357E+02   0.33482E+00  -0.18399E+00
   0.13877E+03   0.29882E+02   0.25249E+02   0.33598E+00  -0.18873E+00
   0.13912E+03   0.29883E+02   0.25198E+02   0.33503E+00  -0.19396E+00
   0.13947E+03   0.29886E+02   0.25055E+02   0.34196E+00  -0.20434E+00
   0.13982E+03   0.29893E+02   0.24902E+02   0.35201E+00  -0.22189E+00
   0.14017E+03   0.29900E+02   0.24947E+02   0.35822E+00  -0.23262E+00
   0.14052E+03   0.29904E+02   0.25206E+02   0.36572E+00  -0.23036E+00
   0.14087E+03   0.29910E+02   0.25313E+02   0.38048E+00  -0.23742E+00
   0.14122E+03   0.29920E+02   0.25245E+02   0.39424E+00  -0.25005E+00
   0.14157E+03   0.29929E+02   0.25488E+02   0.40003E+00  -0.25015E+00
   0.14192E+03   0.29935E+02   0.25653E+02   0.40245E+00  -0.24652E+00
   0.14227E+03   0.29940E+02   0.25576E+02   0.40656E+00  -0.24339E+00
   0.14262E+03   0.29943E+02   0.25653E+02   0.41779E+00  -0.23543E+00
   0.14297E+03   0.29947E+02   0.25693E+02   0.42548E+00  -0.23488E+00
   0.14332E+03   0.29950E+02   0.25764E+02   0.42280E+00  -0.23254E+00
   0.14367E+03   0.29952E+02   0.25702E+02   0.41999E+00  -0.22977E+00
   0.14402E+03   0.29952E+02   0.25788E+02   0.42756E+00  -0.22577E+00
   0.14437E+03   0.29953E+02   0.26164E+02   0.43256E+00  -0.20623E+00
   0.14472E+03   0.29954E+02   0.26289E+02   0.42992E+00  -0.19760E+00
   0.14507E+03   0.29954E+02   0.26199E+02   0.42736E+00  -0.20170E+00
   0.14542E+03   0.29954E+02   0.26208E+02   0.42621E+00  -0.18957E+00
   0.14577E+03   0.29954E+02   0.26257E+02   0.42409E+00  -0.17259E+00
   0.14612E+03   0.29951E+02   0.26244E+02   0.41708E+00  -0.16636E+00
   0.14647E+03   0.29948E+02   0.26186E+02   0.40981E+00  -0.16308E+00
   0.14682E+03   0.29946E+02   0.25964E+02   0.40100E+00  -0.15890E+00
   0.14717E+03   0.29944E+02   0.25850E+02   0.39053E+00  -0.15730E+00
   0.14752E+03   0.29939E+02   0.26166E+02   0.38567E+00  -0.14628E+00
   0.14787E+03   0.29935E+02   0.26401E+02   0.38282E+00  -0.13134E+00
   0.14822E+03   0.29933E+02   0.26131E+02   0.37924E+00  -0.14023E+00
   0.14857E+03   0.29930E+02   0.25687E+02   0.37150E+00  -0.15808E+00
   0.14892E+03   0.29925E+02   0.25504E+02   0.36067E+00  -0.15927E+00
   0.14927E+03   0.29917E+02   0.25683E+02   0.35952E+00  -0.14604E+00
   0.14962E+03   0.29913E+02   0.25919E+02   0.36310E+00  -0.13969E+00
   0.14997E+03   0.29913E+02   0.25797E+02   0.35972E+00  -0.15278E+00
   0.15032E+03   0.29911E+02   0.25458E+02   0.35044E+00  -0.16734E+00
   0.15067E+03   0.29908E+02   0.25267E+02   0.34918E+00  -0.17374E+00
   0.15102E+03   0.29908E+02   0.25082E+02   0.35668E+00  -0.18083E+00
   0.15137E+03   0.29909E+02   0.25030E+02   0.36031E+00  -0.18414E+00
   0.15172E+03   0.29909E+02   0.24912E+02   0.35695E+00  -0.19700E+00
   0.15207E+03   0.29908E+02   0.24577E+02   0.35429E+00  -0.21841E+00
   0.15242E+03   0.29909E+02   0.24311E+02   0.35775E+00  -0.23045E+00
   0.15277E+03   0.29912E+02   0.24185E+02   0.37020E+00  -0.24796E+00
   0.15312E+03   0.29918E+02   0.24241E+02   0.38858E+00  -0.26063E+00
   0.15347E+03   0.29926E+02   0.24711E+02   0.39708E+00  -0.25770E+00
   0.15382E+03   0.29933E+02   0.25332E+02   0.39839E+00  -0.25400E+00
   0.15417E+03   0.29936E+02   0.25671E+02   0.40772E+00  -0.24713E+00
   0.15452E+03   0.29941E+02   0.25782E+02   0.42727E+00  -0.24180E+00
   0.15487E+03   0.29949E+02   0.25885E+02   0.43803E+00  -0.24178E+00
   0.15522E+03   0.29953E+02   0.26162E+02   0.43439E+00  -0.23577E+00
   0.15557E+03   0.29956E+02   0.26326E+02   0.43089E+00  -0.22053E+00
   0.15592E+03   0.29956E+02   0.26497E+02   0.42785E+00  -0.19689E+00
   0.15627E+03   0.29953E+02   0.26541E+02   0.42170E+00  -0.18379E+00
   0.15662E+03   0.29952E+02   0.26454E+02   0.41683E+00  -0.18215E+00
   0.15697E+03   0.29951E+02   0.26537E+02   0.41338E+00  -0.16826E+00
   0.15732E+03   0.29948E+02   0.26591E+02   0.41065E+00  -0.15506E+00
   0.15767E+03   0.29947E+02   0.26748E+02   0.40688E+00  -0.14547E+00
   0.15802E+03   0.29944E+02   0.27086E+02   0.39942E+00  -0.12710E+00
   0.15837E+03   0.29939E+02   0.27414E+02   0.38795E+00  -0.11140E+00
   0.15872E+03   0.29934E+02   0.27475E+02   0.37998E+00  -0.10040E+00
   0.15907E+03   0.29930E+02   0.27370E+02   0.37436E+00  -0.93740E-01
   0.15942E+03   0.29926E+02   0.27317E+02   0.36437E+00  -0.89086E-01
   0.15977E+03   0.29918E+02   0.27214E+02   0.35059E+00  -0.84356E-01
   0.16012E+03   0.29906E+02   0.27281E+02   0.33554E+00  -0.74688E-01
   0.16047E+03   0.29893E+02   0.27224E+02   0.32473E+00  -0.73642E-01
   0.16082E+03   0.29880E+02   0.26851E+02   0.31567E+00  -0.94217E-01
   0.16117E+03   0.29868E+02   0.26676E+02   0.31269E+00  -0.10462E+00
   0.16152E+03   0.29862E+02   0.26505E+02   0.31124E+00  -0.11010E+00
   0.16187E+03   0.29858E+02   0.26356E+02   0.30963E+00  -0.11824E+00
   0.16222E+03   0.29858E+02   0.26254E+02   0.30995E+00  -0.12373E+00
   0.16257E+03   0.29859E+02   0.25983E+02   0.30839E+00  -0.13855E+00
   0.16292E+03   0.29857E+02   0.25685E+02   0.30932E+00  -0.15117E+00
   0.16327E+03   0.29857E+02   0.25216E+02   0.31184E+00  -0.17021E+00
   0.16362E+03   0.29859E+02   0.24820E+02   0.31833E+00  -0.19169E+00
   0.16397E+03   0.29862E+02   0.24804E+02   0.32627E+00  -0.19964E+00
   0.16432E+03   0.29869E+02   0.24769E+02   0.32972E+00  -0.21401E+00
   0.16467E+03   0.29875E+02   0.24606E+02   0.33493E+00  -0.23413E+00
   0.16502E+03   0.29883E+02   0.24492E+02   0.34905E+00  -0.24998E+00
   0.16537E+03   0.29895E+02   0.24428E+02   0.36672E+00  -0.26605E+00
   0.16572E+03   0.29908E+02   0.24456E+02   0.38203E+00  -0.27748E+00
   0.16607E+03   0.29919E+02   0.24427E+02   0.39498E+00  -0.29280E+00
   0.16642E+03   0.29929E+02   0.24568E+02   0.40646E+00  -0.30496E+00
   0.16677E+03   0.29937E+02   0.25009E+02   0.42049E+00  -0.29631E+00
   0.16712E+03   0.29945E+02   0.25502E+02   0.43620E+00  -0.29079E+00
   0.16747E+03   0.29952E+02   0.26084E+02   0.45029E+00  -0.28719E+00
   0.16782E+03   0.29959E+02   0.26641E+02   0.46529E+00  -0.27144E+00
   0.16817E+03   0.29964E+02   0.26524E+02   0.47449E+00  -0.26495E+00
   0.16852E+03   0.29967E+02   0.26139E+02   0.47274E+00  -0.26016E+00
   0.16887E+03   0.29969E+02   0.26253E+02   0.46772E+00  -0.23917E+00
   0.16922E+03   0.29969E+02   0.26431E+02   0.46432E+00  -0.21506E+00
   0.16957E+03   0.29969E+02   0.26524E+02   0.46083E+00  -0.19613E+00
   0.16992E+03   0.29968E+02   0.26529E+02   0.45226E+00  -0.18655E+00
   0.17027E+03   0.29966E+02   0.26723E+02   0.44517E+00  -0.17341E+00
   0.17062E+03   0.29963E+02   0.26771E+02   0.44252E+00  -0.15493E+00
   0.17097E+03   0.29961E+02   0.26528E+02   0.43384E+00  -0.14868E+00
   0.17132E+03   0.29958E+02   0.26577E+02   0.41936E+00  -0.13588E+00
   0.17167E+03   0.29951E+02   0.26742E+02   0.40604E+00  -0.11690E+00
   0.17202E+03   0.29945E+02   0.26784E+02   0.39570E+00  -0.10713E+00
   0.17237E+03   0.29940E+02   0.26699E+02   0.38537E+00  -0.10314E+00
   0.17272E+03   0.29934E+02   0.26554E+02   0.37336E+00  -0.10755E+00
   0.17307E+03   0.29926E+02   0.26490E+02   0.36231E+00  -0.10269E+00
   0.17342E+03   0.29918E+02   0.26424E+02   0.35299E+00  -0.95166E-01
   0.17377E+03   0.29908E+02   0.26223E+02   0.34109E+00  -0.10751E+00
   0.17412E+03   0.29896E+02   0.26072E+02   0.33419E+00  -0.12019E+00
   0.17447E+03   0.29888E+02   0.25917E+02   0.33573E+00  -0.12571E+00
   0.17482E+03   0.29884E+02   0.25839E+02   0.33299E+00  -0.13203E+00
   0.17517E+03   0.29881E+02   0.25723E+02   0.33113E+00  -0.14420E+00
   0.17552E+03   0.29882E+02   0.25389E+02   0.33361E+00  -0.15894E+00
   0.17587E+03   0.29883E+02   0.25361E+02   0.33396E+00  -0.16132E+00
   0.17622E+03   0.29884E+02   0.25338E+02   0.33427E+00  -0.16687E+00
   0.17657E+03   0.29885E+02   0.25081E+02   0.33521E+00  -0.18354E+00
   0.17692E+03   0.29887E+02   0.25139E+02   0.34209E+00  -0.19022E+00
   0.17727E+03   0.29892E+02   0.25433E+02   0.34772E+00  -0.18739E+00
   0.17762E+03   0.29893E+02   0.25581E+02   0.34826E+00  -0.18806E+00
   0.17797E+03   0.29897E+02   0.25360E+02   0.35243E+00  -0.20027E+00
   0.17832E+03   0.29903E+02   0.24947E+02   0.35869E+00  -0.21873E+00
   0.17867E+03   0.29908E+02   0.24953E+02   0.36358E+00  -0.22158E+00
   0.17902E+03   0.29912E+02   0.25096E+02   0.36707E+00  -0.22235E+00
   0.17937E+03   0.29916E+02   0.24846E+02   0.37344E+00  -0.23800E+00
   0.17972E+03   0.29920E+02   0.24683E+02   0.37912E+00  -0.25068E+00
   0.18007E+03   0.29925E+02   0.24739E+02   0.38707E+00  -0.25534E+00
   0.18042E+03   0.29931E+02   0.24946E+02   0.39446E+00  -0.25241E+00
   0.18077E+03   0.29935E+02   0.25201E+02   0.40438E+00  -0.24922E+00
   0.18112E+03   0.29941E+02   0.25183E+02   0.42083E+00  -0.25505E+00
   0.18147E+03   0.29947E+02   0.25272E+02   0.42893E+00  -0.25342E+00
   0.18182E+03   0.29950E+02   0.25435E+02   0.42944E+00  -0.24811E+00
   0.18217E+03   0.29953E+02   0.25441E+02   0.43389E+00  -0.24798E+00
   0.18252E+03   0.29956E+02   0.25431E+02   0.44141E+00  -0.24115E+00
   0.18287E+03   0.29958E+02   0.25701E+02   0.44407E+00  -0.23062E+00
   0.18322E+03   0.29959E+02   0.26047E+02   0.44043E+00  -0.21557E+00
   0.18357E+03   0.29959E+02   0.26145E+02   0.43481E+00  -0.20217E+00
   0.18392E+03   0.29959E+02   0.26053E+02   0.43834E+00  -0.19793E+00
   0.18427E+03   0.29959E+02   0.26097E+02   0.43867E+00  -0.18837E+00
   0.18462E+03   0.29959E+02   0.26363E+02   0.42733E+00  -0.16886E+00
   0.18497E+03   0.29955E+02   0.26287E+02   0.41690E+00  -0.16157E+00
   0.18532E+03   0.29950E+02   0.26203E+02   0.41191E+00  -0.15711E+00
   0.18567E+03   0.29947E+02   0.26304E+02   0.40594E+00  -0.14138E+00
   0.18602E+03   0.29943E+02   0.26258E+02   0.39466E+00  -0.14005E+00
   0.18637E+03   0.29937E+02   0.26000E+02   0.38597E+00  -0.14665E+00
   0.18672E+03   0.29933E+02   0.25899E+02   0.38084E+00  -0.14238E+00
   0.18707E+03   0.29931E+02   0.25912E+02   0.37390E+00  -0.13543E+00
   0.18742E+03   0.29926E+02   0.25911E+02   0.36379E+00  -0.13668E+00
   0.18777E+03   0.29920E+02   0.25978E+02   0.35811E+00  -0.13449E+00
   0.18812E+03   0.29914E+02   0.25981E+02   0.35852E+00  -0.13041E+00
   0.18847E+03   0.29912E+02   0.25980E+02   0.35952E+00  -0.13662E+00
   0.18882E+03   0.29911E+02   0.25924E+02   0.35571E+00  -0.14262E+00
   0.18917E+03   0.29907E+02   0.25789E+02   0.34850E+00  -0.14638E+00
   0.18952E+03   0.29903E+02   0.25709E+02   0.34637E+00  -0.14573E+00
   0.18987E+03   0.29901E+02   0.25601E+02   0.34405E+00  -0.14831E+00
   0.19022E+03   0.29899E+02   0.25525E+02   0.33748E+00  -0.15633E+00
   0.19057E+03   0.29894E+02   0.25449E+02   0.33708E+00  -0.16536E+00
   0.19092E+03   0.29892E+02   0.25471E+02   0.34389E+00  -0.16907E+00
   0.19127E+03   0.29896E+02   0.25612E+02   0.34977E+00  -0.16900E+00
   0.19162E+03   0.29898E+02   0.25268E+02   0.34758E+00  -0.18853E+00
   0.19197E+03   0.29898E+02   0.24717E+02   0.34700E+00  -0.21325E+00
   0.19232E+03   0.29900E+02   0.24748E+02   0.35454E+00  -0.21309E+00
   0.19267E+03   0.29903E+02   0.24996E+02   0.36217E+00  -0.21169E+00
   0.19302E+03   0.29908E+02   0.25163E+02   0.36796E+00  -0.22086E+00
   0.19337E+03   0.29914E+02   0.25180E+02   0.37656E+00  -0.23069E+00
   0.19372E+03   0.29919E+02   0.25206E+02   0.38462E+00  -0.23168E+00
   0.19407E+03   0.29924E+02   0.25306E+02   0.38940E+00  -0.22806E+00
   0.19442E+03   0.29929E+02   0.25199E+02   0.39773E+00  -0.23535E+00
   0.19477E+03   0.29935E+02   0.25021E+02   0.40669E+00  -0.24496E+00
   0.19512E+03   0.29940E+02   0.24929E+02   0.40978E+00  -0.25213E+00
   0.19547E+03   0.29942E+02   0.25140E+02   0.40738E+00  -0.24953E+00
   0.19582E+03   0.29944E+02   0.25197E+02   0.41180E+00  -0.24785E+00
   0.19617E+03   0.29947E+02   0.25101E+02   0.42301E+00  -0.25144E+00
   0.19652E+03   0.29951E+02   0.25222E+02   0.42950E+00  -0.24950E+00
   0.19687E+03   0.29954E+02   0.25291E+02   0.43192E+00  -0.24553E+00
   0.19722E+03   0.29957E+02   0.25493E+02   0.43105E+00  -0.23344E+00
   0.19757E+03   0.29957E+02   0.25991E+02   0.43579E+00  -0.21207E+00
   0.19792E+03   0.29959E+02   0.26168E+02   0.44419E+00  -0.19971E+00
   0.19827E+03   0.29959E+02   0.26051E+02   0.43804E+00  -0.19582E+00
   0.19862E+03   0.29957E+02   0.25950E+02   0.42788E+00  -0.19273E+00
   0.19897E+03   0.29955E+02   0.25988E+02   0.42757E+00  -0.17962E+00
   0.19932E+03   0.29955E+02   0.26439E+02   0.42692E+00  -0.15542E+00
   0.19967E+03   0.29953E+02   0.26762E+02   0.41561E+00  -0.14454E+00
   0.20002E+03   0.29949E+02   0.26484E+02   0.40076E+00  -0.14767E+00
   0.20037E+03   0.29943E+02   0.26204E+02   0.39222E+00  -0.14438E+00
   0.20072E+03   0.29937E+02   0.26212E+02   0.38876E+00  -0.13437E+00
   0.20107E+03   0.29933E+02   0.26357E+02   0.38419E+00  -0.12644E+00
   0.20142E+03   0.29929E+02   0.26513E+02   0.37614E+00  -0.12329E+00
   0.20177E+03   0.29925E+02   0.26439E+02   0.36574E+00  -0.12356E+00
   0.20212E+03   0.29919E+02   0.26136E+02   0.35248E+00  -0.12517E+00
   0.20247E+03   0.29911E+02   0.26136E+02   0.34547E+00  -0.12311E+00
   0.20282E+03   0.29907E+02   0.26186E+02   0.34947E+00  -0.12150E+00
   0.20317E+03   0.29905E+02   0.25983E+02   0.34895E+00  -0.13149E+00
   0.20352E+03   0.29901E+02   0.26004E+02   0.34021E+00  -0.13836E+00
   0.20387E+03   0.29892E+02   0.25960E+02   0.33214E+00  -0.13865E+00
   0.20422E+03   0.29887E+02   0.25864E+02   0.33192E+00  -0.13938E+00
   0.20457E+03   0.29888E+02   0.25764E+02   0.33829E+00  -0.14808E+00
   0.20492E+03   0.29888E+02   0.25545E+02   0.34009E+00  -0.16587E+00
   0.20527E+03   0.29888E+02   0.25310E+02   0.33790E+00  -0.17647E+00
   0.20562E+03   0.29889E+02   0.24995E+02   0.33642E+00  -0.18810E+00
   0.20597E+03   0.29890E+02   0.25065E+02   0.34132E+00  -0.19530E+00
   0.20632E+03   0.29893E+02   0.25125E+02   0.34727E+00  -0.19858E+00
   0.20667E+03   0.29896E+02   0.24888E+02   0.35175E+00  -0.21466E+00
   0.20702E+03   0.29900E+02   0.24913E+02   0.35860E+00  -0.22711E+00
   0.20737E+03   0.29905E+02   0.24875E+02   0.36970E+00  -0.23555E+00
   0.20772E+03   0.29913E+02   0.24925E+02   0.38144E+00  -0.24068E+00
   0.20807E+03   0.29922E+02   0.25103E+02   0.38941E+00  -0.24194E+00
   0.20842E+03   0.29928E+02   0.25013E+02   0.39148E+00  -0.25101E+00
   0.20877E+03   0.29931E+02   0.25108E+02   0.39696E+00  -0.24906E+00
   0.20912E+03   0.29935E+02   0.25395E+02   0.40899E+00  -0.24204E+00
   0.20947E+03   0.29941E+02   0.25638E+02   0.41961E+00  -0.24096E+00
   0.20982E+03   0.29946E+02   0.25921E+02   0.42852E+00  -0.23710E+00
   0.21017E+03   0.29950E+02   0.26069E+02   0.42785E+00  -0.23500E+00
   0.21052E+03   0.29952E+02   0.25999E+02   0.42629E+00  -0.22486E+00
   0.21087E+03   0.29952E+02   0.25928E+02   0.42830E+00  -0.21453E+00
   0.21122E+03   0.29953E+02   0.25978E+02   0.43129E+00  -0.21134E+00
   0.21157E+03   0.29954E+02   0.26171E+02   0.43154E+00  -0.20253E+00
   0.21192E+03   0.29955E+02   0.26292E+02   0.42649E+00  -0.19409E+00
   0.21227E+03   0.29953E+02   0.26177E+02   0.41906E+00  -0.18780E+00
   0.21262E+03   0.29950E+02   0.26288E+02   0.41422E+00  -0.16752E+00
   0.21297E+03   0.29948E+02   0.26205E+02   0.41435E+00  -0.15814E+00
   0.21332E+03   0.29948E+02   0.26069E+02   0.40709E+00  -0.16211E+00
   0.21367E+03   0.29947E+02   0.26187E+02   0.39730E+00  -0.15256E+00
   0.21402E+03   0.29944E+02   0.26365E+02   0.39345E+00  -0.14056E+00
   0.21437E+03   0.29940E+02   0.26618E+02   0.38791E+00  -0.12661E+00
   0.21472E+03   0.29934E+02   0.26469E+02   0.38020E+00  -0.12560E+00
   0.21507E+03   0.29926E+02   0.26289E+02   0.37333E+00  -0.13657E+00
   0.21542E+03   0.29919E+02   0.26260E+02   0.36854E+00  -0.13249E+00
   0.21577E+03   0.29917E+02   0.26253E+02   0.36374E+00  -0.12693E+00
   0.21612E+03   0.29914E+02   0.26047E+02   0.35545E+00  -0.13692E+00
   0.21647E+03   0.29908E+02   0.25895E+02   0.34787E+00  -0.14111E+00
   0.21682E+03   0.29902E+02   0.26002E+02   0.34226E+00  -0.13236E+00
   0.21717E+03   0.29897E+02   0.25997E+02   0.33937E+00  -0.13376E+00
   0.21752E+03   0.29894E+02   0.25843E+02   0.34283E+00  -0.14924E+00
   0.21787E+03   0.29894E+02   0.25949E+02   0.34736E+00  -0.15013E+00
   0.21822E+03   0.29896E+02   0.26176E+02   0.34620E+00  -0.14391E+00
   0.21857E+03   0.29896E+02   0.25927E+02   0.33923E+00  -0.15456E+00
   0.21892E+03   0.29892E+02   0.25665E+02   0.33542E+00  -0.16316E+00
   0.21927E+03   0.29889E+02   0.25544E+02   0.34026E+00  -0.16679E+00
   0.21962E+03   0.29890E+02   0.25681E+02   0.34583E+00  -0.16890E+00
   0.21997E+03   0.29892E+02   0.25995E+02   0.34690E+00  -0.16956E+00
   0.22032E+03   0.29894E+02   0.25976E+02   0.34757E+00  -0.17859E+00
   0.22067E+03   0.29897E+02   0.25820E+02   0.35427E+00  -0.18477E+00
   0.22102E+03   0.29901E+02   0.25851E+02   0.35704E+00  -0.18336E+00
   0.22137E+03   0.29903E+02   0.26155E+02   0.35689E+00  -0.17825E+00
   0.22172E+03   0.29905E+02   0.26086E+02   0.36244E+00  -0.17929E+00
   0.22207E+03   0.29910E+02   0.25740E+02   0.36618E+00  -0.19171E+00
   0.22242E+03   0.29911E+02   0.25766E+02   0.36398E+00  -0.19096E+00
   0.22277E+03   0.29911E+02   0.25730E+02   0.35973E+00  -0.18868E+00
   0.22312E+03   0.29911E+02   0.25503E+02   0.36257E+00  -0.19538E+00
   0.22347E+03   0.29914E+02   0.25409E+02   0.37166E+00  -0.19975E+00
   0.22382E+03   0.29919E+02   0.25483E+02   0.37245E+00  -0.20486E+00
   0.22417E+03   0.29920E+02   0.25629E+02   0.37069E+00  -0.20268E+00
   0.22452E+03   0.29922E+02   0.25662E+02   0.37798E+00  -0.20077E+00
   0.22487E+03   0.29925E+02   0.25564E+02   0.38796E+00  -0.20647E+00
   0.22522E+03   0.29928E+02   0.25561E+02   0.39455E+00  -0.20856E+00
   0.22557E+03   0.29932E+02   0.25712E+02   0.39141E+00  -0.20553E+00
   0.22592E+03   0.29934E+02   0.25647E+02   0.39107E+00  -0.20742E+00
   0.22627E+03   0.29935E+02   0.25336E+02   0.39594E+00  -0.21119E+00
   0.22662E+03   0.29936E+02   0.25451E+02   0.39687E+00  -0.20761E+00
   0.22697E+03   0.29936E+02   0.25679E+02   0.39968E+00  -0.20529E+00
   0.22732E+03   0.29937E+02   0.25773E+02   0.40135E+00  -0.20600E+00
   0.22767E+03   0.29938E+02   0.25920E+02   0.40341E+00  -0.20494E+00
   0.22802E+03   0.29940E+02   0.26192E+02   0.40881E+00  -0.19364E+00
   0.22837E+03   0.29941E+02   0.26352E+02   0.40585E+00  -0.18069E+00
   0.22872E+03   0.29939E+02   0.26363E+02   0.40143E+00  -0.17654E+00
   0.22907E+03   0.29939E+02   0.26370E+02   0.40420E+00  -0.17029E+00
   0.22942E+03   0.29941E+02   0.26217E+02   0.40064E+00  -0.16915E+00
   0.22977E+03   0.29939E+02   0.26037E+02   0.38971E+00  -0.17215E+00
   0.23012E+03   0.29935E+02   0.25861E+02   0.38083E+00  -0.16634E+00
   0.23047E+03   0.29932E+02   0.25788E+02   0.37570E+00  -0.16232E+00
   0.23082E+03   0.29927E+02   0.25979E+02   0.37319E+00  -0.15359E+00
   0.23117E+03   0.29924E+02   0.26324E+02   0.37228E+00  -0.14643E+00
   0.23152E+03   0.29922E+02   0.26404E+02   0.37223E+00  -0.14887E+00
   0.23187E+03   0.29921E+02   0.26207E+02   0.37497E+00  -0.15041E+00
   0.23222E+03   0.29923E+02   0.26079E+02   0.37107E+00  -0.15247E+00
   0.23257E+03   0.29919E+02   0.26069E+02   0.36265E+00  -0.14762E+00
   0.23292E+03   0.29913E+02   0.25983E+02   0.35900E+00  -0.14474E+00
   0.23327E+03   0.29909E+02   0.25951E+02   0.35598E+00  -0.14973E+00
   0.23362E+03   0.29908E+02   0.25968E+02   0.35456E+00  -0.15315E+00
   0.23397E+03   0.29907E+02   0.25848E+02   0.34994E+00  -0.15870E+00
   0.23432E+03   0.29905E+02   0.25843E+02   0.34728E+00  -0.16011E+00
   0.23467E+03   0.29905E+02   0.26059E+02   0.35204E+00  -0.14933E+00
   0.23502E+03   0.29905E+02   0.26118E+02   0.35225E+00  -0.14970E+00
   0.23537E+03   0.29902E+02   0.25820E+02   0.34883E+00  -0.16397E+00
   0.23572E+03   0.29901E+02   0.25459E+02   0.34729E+00  -0.17591E+00
   0.23607E+03   0.29900E+02   0.25442E+02   0.34922E+00  -0.17687E+00
   0.23642E+03   0.29900E+02   0.25550E+02   0.35300E+00  -0.17542E+00
   0.23677E+03   0.29901E+02   0.25455E+02   0.35307E+00  -0.18631E+00
   0.23712E+03   0.29902E+02   0.25257E+02   0.35372E+00  -0.19927E+00
   0.23747E+03   0.29905E+02   0.25279E+02   0.35690E+00  -0.20111E+00
   0.23782E+03   0.29909E+02   0.25345E+02   0.36273E+00  -0.20080E+00
   0.23817E+03   0.29913E+02   0.25446E+02   0.37168E+00  -0.20514E+00
   0.23852E+03   0.29917E+02   0.25463E+02   0.37871E+00  -0.20770E+00
   0.23887E+03   0.29921E+02   0.25333E+02   0.38097E+00  -0.21398E+00
   0.23922E+03   0.29924E+02   0.25144E+02   0.38221E+00  -0.22403E+00
   0.23957E+03   0.29926E+02   0.25175E+02   0.38295E+00  -0.22370E+00
   0.23992E+03   0.29928E+02   0.25539E+02   0.39252E+00  -0.21477E+00
   0.24027E+03   0.29933E+02   0.25745E+02   0.39979E+00  -0.20886E+00
   0.24062E+03   0.29936E+02   0.25870E+02   0.39631E+00  -0.20899E+00
   0.24097E+03   0.29937E+02   0.25819E+02   0.39744E+00  -0.20932E+00
   0.24132E+03   0.29940E+02   0.25571E+02   0.40240E+00  -0.20899E+00
   0.24167E+03   0.29942E+02   0.25600E+02   0.40725E+00  -0.20623E+00
   0.24202E+03   0.29943E+02   0.25673E+02   0.40336E+00  -0.20230E+00
   0.24237E+03   0.29942E+02   0.25650E+02   0.39658E+00  -0.19985E+00
   0.24272E+03   0.29940E+02   0.25876E+02   0.39777E+00  -0.18904E+00
   0.24307E+03   0.29940E+02   0.26093E+02   0.40059E+00  -0.17981E+00
   0.24342E+03   0.29940E+02   0.26072E+02   0.40238E+00  -0.18364E+00
   0.24377E+03   0.29941E+02   0.26138E+02   0.40214E+00  -0.17899E+00
   0.24412E+03   0.29941E+02   0.26274E+02   0.40021E+00  -0.16725E+00
   0.24447E+03   0.29940E+02   0.26503E+02   0.39293E+00  -0.15335E+00
   0.24482E+03   0.29935E+02   0.26566E+02   0.38479E+00  -0.14221E+00
   0.24517E+03   0.29933E+02   0.26242E+02   0.38172E+00  -0.14976E+00
   0.24552E+03   0.29931E+02   0.26159E+02   0.37479E+00  -0.14701E+00
   0.24587E+03   0.29926E+02   0.26420E+02   0.36681E+00  -0.13120E+00
   0.24622E+03   0.29919E+02   0.26596E+02   0.36238E+00  -0.12557E+00
   0.24657E+03   0.29916E+02   0.26470E+02   0.36031E+00  -0.12579E+00
   0.24692E+03   0.29911E+02   0.26363E+02   0.35309E+00  -0.13164E+00
   0.24727E+03   0.29905E+02   0.26164E+02   0.34603E+00  -0.13970E+00
   0.24762E+03   0.29902E+02   0.25939E+02   0.34211E+00  -0.14070E+00
   0.24797E+03   0.29898E+02   0.25943E+02   0.34228E+00  -0.13914E+00
   0.24832E+03   0.29897E+02   0.25978E+02   0.34243E+00  -0.14205E+00
   0.24867E+03   0.29897E+02   0.25862E+02   0.33507E+00  -0.14813E+00
   0.24902E+03   0.29893E+02   0.25614E+02   0.33082E+00  -0.15822E+00
   0.24937E+03   0.29891E+02   0.25402E+02   0.33557E+00  -0.17025E+00
   0.24972E+03   0.29891E+02   0.25385E+02   0.34501E+00  -0.17313E+00
   0.25007E+03   0.29894E+02   0.25328E+02   0.34785E+00  -0.18125E+00
   0.25042E+03   0.29897E+02   0.25525E+02   0.34353E+00  -0.18590E+00
   0.25077E+03   0.29898E+02   0.25749E+02   0.34460E+00  -0.18148E+00
   0.25112E+03   0.29899E+02   0.25879E+02   0.35672E+00  -0.17925E+00
   0.25147E+03   0.29905E+02   0.26010E+02   0.36437E+00  -0.18232E+00
   0.25182E+03   0.29910E+02   0.25673E+02   0.36634E+00  -0.19613E+00
   0.25217E+03   0.29913E+02   0.25384E+02   0.36699E+00  -0.20604E+00
   0.25252E+03   0.29915E+02   0.25339E+02   0.36431E+00  -0.20418E+00
   0.25287E+03   0.29914E+02   0.25218E+02   0.36372E+00  -0.20481E+00
   0.25322E+03   0.29915E+02   0.25012E+02   0.36651E+00  -0.21877E+00
   0.25357E+03   0.29917E+02   0.24909E+02   0.37191E+00  -0.23231E+00
   0.25392E+03   0.29920E+02   0.25176E+02   0.38213E+00  -0.22988E+00
   0.25427E+03   0.29926E+02   0.25412E+02   0.39034E+00  -0.22862E+00
   0.25462E+03   0.29931E+02   0.25321E+02   0.39971E+00  -0.23831E+00
   0.25497E+03   0.29936E+02   0.25541E+02   0.40996E+00  -0.23344E+00
   0.25532E+03   0.29940E+02   0.25744E+02   0.41252E+00  -0.22696E+00
   0.25567E+03   0.29943E+02   0.25745E+02   0.41391E+00  -0.22554E+00
   0.25602E+03   0.29946E+02   0.25810E+02   0.41873E+00  -0.21925E+00
   0.25637E+03   0.29947E+02   0.25831E+02   0.42385E+00  -0.21578E+00
   0.25672E+03   0.29948E+02   0.25995E+02   0.42181E+00  -0.20460E+00
   0.25707E+03   0.29949E+02   0.25824E+02   0.41691E+00  -0.20288E+00
   0.25742E+03   0.29948E+02   0.25653E+02   0.41135E+00  -0.20638E+00
   0.25777E+03   0.29948E+02   0.26103E+02   0.41241E+00  -0.18261E+00
   0.25812E+03   0.29949E+02   0.26223E+02   0.41247E+00  -0.17173E+00
   0.25847E+03   0.29948E+02   0.25963E+02   0.40448E+00  -0.17949E+00
   0.25882E+03   0.29943E+02   0.25950E+02   0.39992E+00  -0.17443E+00
   0.25917E+03   0.29941E+02   0.26015E+02   0.40331E+00  -0.16669E+00
   0.25952E+03   0.29940E+02   0.26004E+02   0.39805E+00  -0.16007E+00
   0.25987E+03   0.29937E+02   0.25870E+02   0.38817E+00  -0.16625E+00
   0.26022E+03   0.29935E+02   0.25871E+02   0.38295E+00  -0.16386E+00
   0.26057E+03   0.29931E+02   0.26085E+02   0.37697E+00  -0.14289E+00
   0.26092E+03   0.29927E+02   0.26332E+02   0.37537E+00  -0.13323E+00
   0.26127E+03   0.29925E+02   0.26526E+02   0.37194E+00  -0.12967E+00
   0.26162E+03   0.29922E+02   0.26468E+02   0.37123E+00  -0.12958E+00
   0.26197E+03   0.29920E+02   0.26319E+02   0.36859E+00  -0.13502E+00
   0.26232E+03   0.29916E+02   0.26203E+02   0.35613E+00  -0.13801E+00
   0.26267E+03   0.29908E+02   0.26165E+02   0.34733E+00  -0.13509E+00
   0.26302E+03   0.29903E+02   0.26190E+02   0.34914E+00  -0.13455E+00
   0.26337E+03   0.29899E+02   0.26253E+02   0.34486E+00  -0.13624E+00
   0.26372E+03   0.29893E+02   0.26245E+02   0.33703E+00  -0.13741E+00
   0.26407E+03   0.29890E+02   0.26068E+02   0.33758E+00  -0.14516E+00
   0.26442E+03   0.29891E+02   0.26008E+02   0.34385E+00  -0.14867E+00
   0.26477E+03   0.29895E+02   0.26052E+02   0.34422E+00  -0.14557E+00
   0.26512E+03   0.29894E+02   0.25794E+02   0.33637E+00  -0.15829E+00
   0.26547E+03   0.29891E+02   0.25377E+02   0.33171E+00  -0.17572E+00
   0.26582E+03   0.29887E+02   0.25286E+02   0.33510E+00  -0.17647E+00
   0.26617E+03   0.29886E+02   0.25253E+02   0.34314E+00  -0.18343E+00
   0.26652E+03   0.29890E+02   0.25161E+02   0.34664E+00  -0.19853E+00
   0.26687E+03   0.29893E+02   0.25042E+02   0.35305E+00  -0.21320E+00
   0.26722E+03   0.29901E+02   0.24670E+02   0.36138E+00  -0.23280E+00
   0.26757E+03   0.29908E+02   0.24341E+02   0.36382E+00  -0.24587E+00
   0.26792E+03   0.29913E+02   0.24397E+02   0.37072E+00  -0.25249E+00
   0.26827E+03   0.29919E+02   0.24495E+02   0.38611E+00  -0.25996E+00
   0.26862E+03   0.29927E+02   0.24540E+02   0.39702E+00  -0.26680E+00
   0.26897E+03   0.29934E+02   0.24639E+02   0.40498E+00  -0.27784E+00
   0.26932E+03   0.29940E+02   0.25031E+02   0.41669E+00  -0.27966E+00
   0.26967E+03   0.29946E+02   0.25384E+02   0.43107E+00  -0.26908E+00
   0.27002E+03   0.29952E+02   0.25531E+02   0.44360E+00  -0.26580E+00
   0.27037E+03   0.29957E+02   0.25532E+02   0.44868E+00  -0.27151E+00
   0.27072E+03   0.29959E+02   0.25679E+02   0.44965E+00  -0.26260E+00
   0.27107E+03   0.29961E+02   0.26321E+02   0.45531E+00  -0.23649E+00
   0.27142E+03   0.29963E+02   0.26478E+02   0.46130E+00  -0.22691E+00
   0.27177E+03   0.29965E+02   0.26661E+02   0.45761E+00  -0.21512E+00
   0.27212E+03   0.29965E+02   0.26964E+02   0.45122E+00  -0.19023E+00
   0.27247E+03   0.29964E+02   0.26899E+02   0.44448E+00  -0.17509E+00
   0.27282E+03   0.29961E+02   0.26831E+02   0.43872E+00  -0.16069E+00
   0.27317E+03   0.29959E+02   0.26620E+02   0.43089E+00  -0.15345E+00
   0.27352E+03   0.29956E+02   0.26558E+02   0.41575E+00  -0.14436E+00
   0.27387E+03   0.29950E+02   0.26635E+02   0.40271E+00  -0.12585E+00
   0.27422E+03   0.29943E+02   0.26545E+02   0.39009E+00  -0.12207E+00
   0.27457E+03   0.29936E+02   0.26555E+02   0.37959E+00  -0.11528E+00
   0.27492E+03   0.29932E+02   0.26411E+02   0.37786E+00  -0.11518E+00
   0.27527E+03   0.29929E+02   0.26394E+02   0.36873E+00  -0.11741E+00
   0.27562E+03   0.29920E+02   0.26784E+02   0.35489E+00  -0.95949E-01
   0.27597E+03   0.29913E+02   0.26820E+02   0.35386E+00  -0.92187E-01
   0.27632E+03   0.29909E+02   0.26439E+02   0.35019E+00  -0.10923E+00
   0.27667E+03   0.29901E+02   0.26191E+02   0.33772E+00  -0.12003E+00
   0.27702E+03   0.29893E+02   0.26174E+02   0.33100E+00  -0.12160E+00
   0.27737E+03   0.29888E+02   0.26112E+02   0.32881E+00  -0.11940E+00
   0.27772E+03   0.29883E+02   0.26136E+02   0.32818E+00  -0.12432E+00
   0.27807E+03   0.29877E+02   0.25950E+02   0.32729E+00  -0.14202E+00
   0.27842E+03   0.29875E+02   0.25573E+02   0.32242E+00  -0.16014E+00
   0.27877E+03   0.29874E+02   0.25464E+02   0.32399E+00  -0.16606E+00
   0.27912E+03   0.29877E+02   0.25565E+02   0.33361E+00  -0.16805E+00
   0.27947E+03   0.29881E+02   0.25656E+02   0.33785E+00  -0.17047E+00
   0.27982E+03   0.29882E+02   0.25612E+02   0.33876E+00  -0.17756E+00
   0.28017E+03   0.29884E+02   0.25502E+02   0.33914E+00  -0.19183E+00
   0.28052E+03   0.29887E+02   0.25349E+02   0.34340E+00  -0.19942E+00
   0.28087E+03   0.29893E+02   0.25279E+02   0.35552E+00  -0.20383E+00
   0.28122E+03   0.29901E+02   0.25271E+02   0.36389E+00  -0.21580E+00
   0.28157E+03   0.29907E+02   0.25101E+02   0.36221E+00  -0.22731E+00
   0.28192E+03   0.29909E+02   0.24928E+02   0.36026E+00  -0.23420E+00
   0.28227E+03   0.29911E+02   0.24937E+02   0.37158E+00  -0.23846E+00
   0.28262E+03   0.29918E+02   0.24898E+02   0.38703E+00  -0.24354E+00
   0.28297E+03   0.29927E+02   0.24903E+02   0.39594E+00  -0.25378E+00
   0.28332E+03   0.29933E+02   0.24864E+02   0.40356E+00  -0.26744E+00
   0.28367E+03   0.29939E+02   0.25056E+02   0.41046E+00  -0.26347E+00
   0.28402E+03   0.29943E+02   0.25527E+02   0.41943E+00  -0.24502E+00
   0.28437E+03   0.29948E+02   0.25842E+02   0.43073E+00  -0.23939E+00
   0.28472E+03   0.29952E+02   0.26091E+02   0.43757E+00  -0.23570E+00
   0.28507E+03   0.29956E+02   0.25971E+02   0.44034E+00  -0.23008E+00
   0.28542E+03   0.29958E+02   0.25700E+02   0.43805E+00  -0.22959E+00
   0.28577E+03   0.29958E+02   0.26010E+02   0.43878E+00  -0.21414E+00
   0.28612E+03   0.29958E+02   0.26441E+02   0.44043E+00  -0.19240E+00
   0.28647E+03   0.29957E+02   0.26315E+02   0.43154E+00  -0.18813E+00
   0.28682E+03   0.29955E+02   0.26247E+02   0.42344E+00  -0.18884E+00
   0.28717E+03   0.29952E+02   0.26537E+02   0.42135E+00  -0.17397E+00
   0.28752E+03   0.29950E+02   0.26532E+02   0.42103E+00  -0.15917E+00
   0.28787E+03   0.29950E+02   0.26520E+02   0.41694E+00  -0.15466E+00
   0.28822E+03   0.29948E+02   0.26670E+02   0.40473E+00  -0.14286E+00
   0.28857E+03   0.29944E+02   0.26720E+02   0.38901E+00  -0.12531E+00
   0.28892E+03   0.29938E+02   0.26763E+02   0.37888E+00  -0.11258E+00
   0.28927E+03   0.29932E+02   0.26508E+02   0.37564E+00  -0.11806E+00
   0.28962E+03   0.29927E+02   0.26109E+02   0.36762E+00  -0.13188E+00
   0.28997E+03   0.29921E+02   0.25961E+02   0.35616E+00  -0.13046E+00
   0.29032E+03   0.29913E+02   0.25924E+02   0.34552E+00  -0.12856E+00
   0.29067E+03   0.29905E+02   0.25945E+02   0.33878E+00  -0.13012E+00
   0.29102E+03   0.29900E+02   0.25961E+02   0.34115E+00  -0.13213E+00
   0.29137E+03   0.29897E+02   0.25875E+02   0.34242E+00  -0.14270E+00
   0.29172E+03   0.29894E+02   0.25847E+02   0.34312E+00  -0.14607E+00
   0.29207E+03   0.29895E+02   0.25811E+02   0.34669E+00  -0.14755E+00
   0.29242E+03   0.29897E+02   0.25922E+02   0.34701E+00  -0.14904E+00
   0.29277E+03   0.29898E+02   0.25914E+02   0.34490E+00  -0.14927E+00
   0.29312E+03   0.29896E+02   0.25586E+02   0.33926E+00  -0.16155E+00
   0.29347E+03   0.29892E+02   0.25454E+02   0.33165E+00  -0.16944E+00
   0.29382E+03   0.29891E+02   0.25371E+02   0.33724E+00  -0.17434E+00
   0.29417E+03   0.29895E+02   0.25113E+02   0.34468E+00  -0.18771E+00
   0.29452E+03   0.29897E+02   0.25048E+02   0.34083E+00  -0.19830E+00
   0.29487E+03   0.29894E+02   0.25166E+02   0.34281E+00  -0.20441E+00
   0.29522E+03   0.29895E+02   0.25178E+02   0.35565E+00  -0.20990E+00
   0.29557E+03   0.29902E+02   0.25135E+02   0.36658E+00  -0.22220E+00
   0.29592E+03   0.29911E+02   0.25096E+02   0.37533E+00  -0.23744E+00
   0.29627E+03   0.29917E+02   0.25050E+02   0.38414E+00  -0.24482E+00
   0.29662E+03   0.29923E+02   0.25329E+02   0.39132E+00  -0.23773E+00
   0.29697E+03   0.29928E+02   0.25607E+02   0.39755E+00  -0.22892E+00
   0.29732E+03   0.29933E+02   0.25548E+02   0.40611E+00  -0.23876E+00
   0.29767E+03   0.29939E+02   0.25596E+02   0.41368E+00  -0.24308E+00
   0.29802E+03   0.29944E+02   0.25813E+02   0.41442E+00  -0.23373E+00
   0.29837E+03   0.29945E+02   0.26055E+02   0.41824E+00  -0.22553E+00
   0.29872E+03   0.29948E+02   0.26185E+02   0.42427E+00  -0.21302E+00
   0.29907E+03   0.29950E+02   0.26210E+02   0.42315E+00  -0.20533E+00
   0.29942E+03   0.29949E+02   0.26345E+02   0.42131E+00  -0.20139E+00
   0.29977E+03   0.29949E+02   0.26483E+02   0.42002E+00  -0.18959E+00
   0.30012E+03   0.29949E+02   0.26568E+02   0.41892E+00  -0.17524E+00
   0.30047E+03   0.29949E+02   0.26741E+02   0.41903E+00  -0.16401E+00
   0.30082E+03   0.29949E+02   0.26784E+02   0.40867E+00  -0.15431E+00
   0.30118E+03   0.29944E+02   0.26752E+02   0.39505E+00  -0.13949E+00
   0.30153E+03   0.29938E+02   0.26606E+02   0.38943E+00  -0.13454E+00
   0.30188E+03   0.29934E+02   0.26527E+02   0.38640E+00  -0.13549E+00
   0.30223E+03   0.29931E+02   0.26467E+02   0.38114E+00  -0.13082E+00
   0.30258E+03   0.29926E+02   0.26307E+02   0.36826E+00  -0.13377E+00
   0.30293E+03   0.29917E+02   0.26260E+02   0.35765E+00  -0.13341E+00
   0.30328E+03   0.29911E+02   0.26190E+02   0.35759E+00  -0.12788E+00
   0.30363E+03   0.29910E+02   0.26208E+02   0.35578E+00  -0.13301E+00
   0.30398E+03   0.29908E+02   0.26243E+02   0.35147E+00  -0.13840E+00
   0.30433E+03   0.29906E+02   0.26245E+02   0.34805E+00  -0.13081E+00
   0.30468E+03   0.29903E+02   0.26366E+02   0.34642E+00  -0.12215E+00
   0.30503E+03   0.29902E+02   0.26239E+02   0.34481E+00  -0.12941E+00
   0.30538E+03   0.29899E+02   0.25921E+02   0.33857E+00  -0.14441E+00
   0.30573E+03   0.29892E+02   0.25972E+02   0.33419E+00  -0.14702E+00
   0.30608E+03   0.29889E+02   0.26183E+02   0.33555E+00  -0.13630E+00
   0.30643E+03   0.29890E+02   0.26049E+02   0.33176E+00  -0.14171E+00
   0.30678E+03   0.29886E+02   0.25980E+02   0.32902E+00  -0.15585E+00
   0.30713E+03   0.29882E+02   0.26093E+02   0.33397E+00  -0.15365E+00
   0.30748E+03   0.29880E+02   0.25939E+02   0.33740E+00  -0.15858E+00
   0.30783E+03   0.29884E+02   0.25620E+02   0.34111E+00  -0.17730E+00
   0.30818E+03   0.29889E+02   0.25289E+02   0.34241E+00  -0.19470E+00
   0.30853E+03   0.29890E+02   0.25300E+02   0.34136E+00  -0.19388E+00
   0.30888E+03   0.29890E+02   0.25516E+02   0.34258E+00  -0.18453E+00
   0.30923E+03   0.29892E+02   0.25740E+02   0.35008E+00  -0.19000E+00
   0.30958E+03   0.29900E+02   0.26199E+02   0.36058E+00  -0.18730E+00
   0.30993E+03   0.29908E+02   0.26365E+02   0.36895E+00  -0.18433E+00
   0.31028E+03   0.29913E+02   0.25962E+02   0.37381E+00  -0.19787E+00
   0.31063E+03   0.29917E+02   0.25544E+02   0.36930E+00  -0.20403E+00
   0.31098E+03   0.29919E+02   0.25190E+02   0.36830E+00  -0.21033E+00
   0.31133E+03   0.29919E+02   0.24883E+02   0.37202E+00  -0.22009E+00
   0.31168E+03   0.29918E+02   0.24795E+02   0.36837E+00  -0.22563E+00
   0.31203E+03   0.29917E+02   0.24849E+02   0.37094E+00  -0.23333E+00
   0.31238E+03   0.29920E+02   0.24933E+02   0.38705E+00  -0.24147E+00
   0.31273E+03   0.29928E+02   0.24955E+02   0.40211E+00  -0.24825E+00
   0.31308E+03   0.29936E+02   0.24837E+02   0.40592E+00  -0.25553E+00
   0.31343E+03   0.29940E+02   0.24918E+02   0.41229E+00  -0.25565E+00
   0.31378E+03   0.29945E+02   0.25238E+02   0.42233E+00  -0.24461E+00
   0.31413E+03   0.29949E+02   0.25683E+02   0.42757E+00  -0.22764E+00
   0.31448E+03   0.29951E+02   0.26029E+02   0.43185E+00  -0.22139E+00
   0.31483E+03   0.29953E+02   0.26183E+02   0.43428E+00  -0.21879E+00
   0.31518E+03   0.29955E+02   0.26346E+02   0.43793E+00  -0.20288E+00
   0.31553E+03   0.29956E+02   0.26411E+02   0.43276E+00  -0.19274E+00
   0.31588E+03   0.29955E+02   0.26281E+02   0.42398E+00  -0.18678E+00
   0.31623E+03   0.29952E+02   0.26242E+02   0.41945E+00  -0.17423E+00
   0.31658E+03   0.29949E+02   0.26425E+02   0.41275E+00  -0.16505E+00
   0.31693E+03   0.29946E+02   0.26208E+02   0.40340E+00  -0.16390E+00
   0.31728E+03   0.29942E+02   0.26049E+02   0.39521E+00  -0.16139E+00
   0.31763E+03   0.29938E+02   0.26181E+02   0.39573E+00  -0.15025E+00
   0.31798E+03   0.29936E+02   0.26164E+02   0.39167E+00  -0.14341E+00
   0.31833E+03   0.29933E+02   0.26251E+02   0.38174E+00  -0.14284E+00
   0.31868E+03   0.29930E+02   0.26487E+02   0.37699E+00  -0.13437E+00
   0.31903E+03   0.29928E+02   0.26483E+02   0.37235E+00  -0.12369E+00
   0.31938E+03   0.29925E+02   0.26253E+02   0.36616E+00  -0.12496E+00
   0.31973E+03   0.29921E+02   0.26260E+02   0.35766E+00  -0.12764E+00
   0.32008E+03   0.29913E+02   0.26215E+02   0.35020E+00  -0.12386E+00
   0.32043E+03   0.29907E+02   0.26049E+02   0.34683E+00  -0.12536E+00
   0.32078E+03   0.29903E+02   0.25979E+02   0.34191E+00  -0.13534E+00
   0.32113E+03   0.29899E+02   0.25702E+02   0.33633E+00  -0.14992E+00
   0.32148E+03   0.29894E+02   0.25483E+02   0.33188E+00  -0.15657E+00
   0.32183E+03   0.29889E+02   0.25542E+02   0.33540E+00  -0.15821E+00
   0.32218E+03   0.29889E+02   0.25431E+02   0.34193E+00  -0.16673E+00
   0.32253E+03   0.29891E+02   0.25484E+02   0.34160E+00  -0.17214E+00
   0.32288E+03   0.29892E+02   0.25576E+02   0.34544E+00  -0.17763E+00
   0.32323E+03   0.29896E+02   0.25456E+02   0.35237E+00  -0.18502E+00
   0.32358E+03   0.29899E+02   0.25337E+02   0.35382E+00  -0.19106E+00
   0.32393E+03   0.29902E+02   0.25198E+02   0.35633E+00  -0.20386E+00
   0.32428E+03   0.29904E+02   0.25268E+02   0.36258E+00  -0.20641E+00
   0.32463E+03   0.29908E+02   0.25162E+02   0.36319E+00  -0.20849E+00
   0.32498E+03   0.29911E+02   0.24816E+02   0.36213E+00  -0.22877E+00
   0.32533E+03   0.29914E+02   0.24674E+02   0.37044E+00  -0.24038E+00
   0.32568E+03   0.29919E+02   0.24730E+02   0.38195E+00  -0.24405E+00
   0.32603E+03   0.29925E+02   0.24692E+02   0.38944E+00  -0.25169E+00
   0.32638E+03   0.29931E+02   0.24791E+02   0.39520E+00  -0.26038E+00
   0.32673E+03   0.29936E+02   0.25151E+02   0.40510E+00  -0.25803E+00
   0.32708E+03   0.29941E+02   0.25357E+02   0.41618E+00  -0.24590E+00
   0.32743E+03   0.29946E+02   0.25028E+02   0.42245E+00  -0.25666E+00
   0.32778E+03   0.29950E+02   0.24604E+02   0.42862E+00  -0.27418E+00
   0.32813E+03   0.29953E+02   0.24856E+02   0.43677E+00  -0.26432E+00
   0.32848E+03   0.29956E+02   0.25277E+02   0.44073E+00  -0.24772E+00
   0.32883E+03   0.29958E+02   0.25427E+02   0.44266E+00  -0.24466E+00
   0.32918E+03   0.29959E+02   0.25186E+02   0.44216E+00  -0.25305E+00
   0.32953E+03   0.29960E+02   0.25079E+02   0.44601E+00  -0.25107E+00
   0.32988E+03   0.29962E+02   0.25604E+02   0.45208E+00  -0.23073E+00
   0.33023E+03   0.29963E+02   0.26045E+02   0.45330E+00  -0.21627E+00
   0.33058E+03   0.29964E+02   0.26181E+02   0.45347E+00  -0.20629E+00
   0.33093E+03   0.29964E+02   0.26264E+02   0.44739E+00  -0.19203E+00
   0.33128E+03   0.29961E+02   0.26383E+02   0.43742E+00  -0.17369E+00
   0.33163E+03   0.29958E+02   0.26538E+02   0.42932E+00  -0.15729E+00
   0.33198E+03   0.29956E+02   0.26624E+02   0.42627E+00  -0.14597E+00
   0.33233E+03   0.29954E+02   0.26424E+02   0.42185E+00  -0.14303E+00
   0.33268E+03   0.29949E+02   0.26419E+02   0.40406E+00  -0.13604E+00
   0.33303E+03   0.29942E+02   0.26612E+02   0.38294E+00  -0.12027E+00
   0.33338E+03   0.29935E+02   0.26592E+02   0.37554E+00  -0.11360E+00
   0.33373E+03   0.29930E+02   0.26548E+02   0.37601E+00  -0.11121E+00
   0.33408E+03   0.29926E+02   0.26342E+02   0.36593E+00  -0.11605E+00
   0.33443E+03   0.29918E+02   0.26209E+02   0.34921E+00  -0.11938E+00
   0.33478E+03   0.29909E+02   0.26227E+02   0.34464E+00  -0.11392E+00
   0.33513E+03   0.29903E+02   0.26136E+02   0.34682E+00  -0.11629E+00
   0.33548E+03   0.29900E+02   0.26084E+02   0.34017E+00  -0.12052E+00
   0.33583E+03   0.29893E+02   0.26108E+02   0.33066E+00  -0.12604E+00
   0.33618E+03   0.29889E+02   0.25913E+02   0.33100E+00  -0.13450E+00
   0.33653E+03   0.29888E+02   0.25688E+02   0.33150E+00  -0.14019E+00
   0.33688E+03   0.29886E+02   0.25591E+02   0.33323E+00  -0.15170E+00
   0.33723E+03   0.29885E+02   0.25670E+02   0.33291E+00  -0.15413E+00
   0.33758E+03   0.29882E+02   0.25745E+02   0.33002E+00  -0.15266E+00
   0.33793E+03   0.29881E+02   0.25622E+02   0.33334E+00  -0.16520E+00
   0.33828E+03   0.29884E+02   0.25456E+02   0.33805E+00  -0.18110E+00
   0.33863E+03   0.29888E+02   0.25454E+02   0.34487E+00  -0.18629E+00
   0.33898E+03   0.29893E+02   0.25508E+02   0.34743E+00  -0.18970E+00
   0.33933E+03   0.29896E+02   0.25256E+02   0.35003E+00  -0.20428E+00
   0.33968E+03   0.29899E+02   0.25066E+02   0.35312E+00  -0.21486E+00
   0.34003E+03   0.29903E+02   0.24847E+02   0.35804E+00  -0.22586E+00
   0.34038E+03   0.29909E+02   0.24815E+02   0.36277E+00  -0.23779E+00
   0.34073E+03   0.29915E+02   0.25092E+02   0.37185E+00  -0.23778E+00
   0.34108E+03   0.29920E+02   0.25097E+02   0.38475E+00  -0.24209E+00
   0.34143E+03   0.29927E+02   0.25064E+02   0.39363E+00  -0.25142E+00
   0.34178E+03   0.29934E+02   0.24975E+02   0.39947E+00  -0.25829E+00
   0.34213E+03   0.29938E+02   0.24745E+02   0.40658E+00  -0.26801E+00
   0.34248E+03   0.29943E+02   0.24891E+02   0.41787E+00  -0.26418E+00
   0.34283E+03   0.29947E+02   0.25199E+02   0.42939E+00  -0.25734E+00
   0.34318E+03   0.29952E+02   0.25399E+02   0.43445E+00  -0.25781E+00
   0.34353E+03   0.29954E+02   0.25513E+02   0.43524E+00  -0.25491E+00
   0.34388E+03   0.29957E+02   0.25983E+02   0.44286E+00  -0.23468E+00
   0.34423E+03   0.29961E+02   0.26323E+02   0.44858E+00  -0.21309E+00
   0.34458E+03   0.29962E+02   0.26255E+02   0.44989E+00  -0.20919E+00
   0.34493E+03   0.29962E+02   0.26533E+02   0.44562E+00  -0.19412E+00
   0.34528E+03   0.29960E+02   0.26726E+02   0.44050E+00  -0.17267E+00
   0.34563E+03   0.29959E+02   0.26505E+02   0.43173E+00  -0.16539E+00
   0.34598E+03   0.29955E+02   0.26199E+02   0.41875E+00  -0.16632E+00
   0.34633E+03   0.29951E+02   0.26262E+02   0.40928E+00  -0.15562E+00
   0.34668E+03   0.29946E+02   0.26654E+02   0.39951E+00  -0.12707E+00
   0.34703E+03   0.29942E+02   0.26748E+02   0.38931E+00  -0.11731E+00
   0.34738E+03   0.29938E+02   0.26522E+02   0.38113E+00  -0.12557E+00
   0.34773E+03   0.29932E+02   0.26504E+02   0.37496E+00  -0.11887E+00
   0.34808E+03   0.29927E+02   0.26490E+02   0.36962E+00  -0.11290E+00
   0.34843E+03   0.29920E+02   0.26201E+02   0.35760E+00  -0.11973E+00
   0.34878E+03   0.29914E+02   0.26009E+02   0.34783E+00  -0.12504E+00
   0.34913E+03   0.29909E+02   0.26094E+02   0.34219E+00  -0.11971E+00
   0.34948E+03   0.29902E+02   0.26164E+02   0.33566E+00  -0.11426E+00
   0.34983E+03   0.29895E+02   0.26093E+02   0.33247E+00  -0.12397E+00
   0.35018E+03   0.29888E+02   0.25860E+02   0.33489E+00  -0.14062E+00
   0.35053E+03   0.29888E+02   0.25701E+02   0.34223E+00  -0.14736E+00
   0.35088E+03   0.29889E+02   0.25706E+02   0.33919E+00  -0.15280E+00
   0.35123E+03   0.29885E+02   0.25521E+02   0.33201E+00  -0.16408E+00
   0.35158E+03   0.29883E+02   0.25158E+02   0.33234E+00  -0.17788E+00
   0.35193E+03   0.29885E+02   0.24834E+02   0.34035E+00  -0.19357E+00
   0.35228E+03   0.29890E+02   0.24932E+02   0.34334E+00  -0.20060E+00
   0.35263E+03   0.29892E+02   0.25083E+02   0.34345E+00  -0.20858E+00
   0.35298E+03   0.29897E+02   0.25118E+02   0.35687E+00  -0.21529E+00
   0.35333E+03   0.29904E+02   0.25311E+02   0.36816E+00  -0.21457E+00
   0.35368E+03   0.29911E+02   0.25267E+02   0.36868E+00  -0.22098E+00
   0.35403E+03   0.29916E+02   0.25103E+02   0.37040E+00  -0.23003E+00
   0.35438E+03   0.29921E+02   0.25001E+02   0.38081E+00  -0.23589E+00
   0.35473E+03   0.29927E+02   0.25132E+02   0.39301E+00  -0.23484E+00
   0.35508E+03   0.29930E+02   0.25306E+02   0.39623E+00  -0.23299E+00
   0.35543E+03   0.29933E+02   0.25252E+02   0.39686E+00  -0.24246E+00
   0.35578E+03   0.29936E+02   0.25269E+02   0.40283E+00  -0.24599E+00
   0.35613E+03   0.29941E+02   0.25247E+02   0.41354E+00  -0.24169E+00
   0.35648E+03   0.29945E+02   0.25478E+02   0.41859E+00  -0.23866E+00
   0.35683E+03   0.29948E+02   0.25578E+02   0.42274E+00  -0.23662E+00
   0.35718E+03   0.29950E+02   0.25489E+02   0.43004E+00  -0.23583E+00
   0.35753E+03   0.29953E+02   0.25745E+02   0.43173E+00  -0.22579E+00
   0.35788E+03   0.29954E+02   0.26184E+02   0.42974E+00  -0.20739E+00
   0.35823E+03   0.29954E+02   0.26603E+02   0.43101E+00  -0.18965E+00
   0.35858E+03   0.29956E+02   0.26763E+02   0.43261E+00  -0.17479E+00
   0.35893E+03   0.29956E+02   0.26726E+02   0.42835E+00  -0.16606E+00
   0.35928E+03   0.29954E+02   0.26603E+02   0.41773E+00  -0.16206E+00
   0.35963E+03   0.29950E+02   0.26758E+02   0.40574E+00  -0.14258E+00
   0.35998E+03   0.29946E+02   0.26807E+02   0.40044E+00  -0.12371E+00
   0.36033E+03   0.29941E+02   0.26530E+02   0.38894E+00  -0.13043E+00
   0.36068E+03   0.29934E+02   0.26198E+02   0.37208E+00  -0.13787E+00
   0.36103E+03   0.29927E+02   0.25929E+02   0.36083E+00  -0.13650E+00
   0.36138E+03   0.29920E+02   0.25900E+02   0.36002E+00  -0.13418E+00
   0.36173E+03   0.29914E+02   0.25870E+02   0.36025E+00  -0.13699E+00
   0.36208E+03   0.29908E+02   0.25807E+02   0.35633E+00  -0.14545E+00
   0.36243E+03   0.29903E+02   0.25792E+02   0.35358E+00  -0.14864E+00
   0.36278E+03   0.29901E+02   0.25547E+02   0.35338E+00  -0.15804E+00
   0.36313E+03   0.29902E+02   0.25376E+02   0.35651E+00  -0.16512E+00
   0.36348E+03   0.29906E+02   0.25472E+02   0.35684E+00  -0.16293E+00
   0.36383E+03   0.29908E+02   0.25580E+02   0.35551E+00  -0.16043E+00
   0.36418E+03   0.29907E+02   0.25665E+02   0.35119E+00  -0.15952E+00
   0.36453E+03   0.29905E+02   0.25479E+02   0.34943E+00  -0.17126E+00
   0.36488E+03   0.29905E+02   0.25277E+02   0.35287E+00  -0.18190E+00
   0.36523E+03   0.29908E+02   0.25104E+02   0.35635E+00  -0.19212E+00
   0.36558E+03   0.29908E+02   0.24741E+02   0.35574E+00  -0.21054E+00
   0.36593E+03   0.29908E+02   0.24640E+02   0.35395E+00  -0.22034E+00
   0.36628E+03   0.29907E+02   0.24760E+02   0.36030E+00  -0.22378E+00
   0.36663E+03   0.29909E+02   0.24931E+02   0.37373E+00  -0.22963E+00
   0.36698E+03   0.29917E+02   0.24854E+02   0.38402E+00  -0.24532E+00
   0.36733E+03   0.29924E+02   0.24767E+02   0.39163E+00  -0.26236E+00
   0.36768E+03   0.29931E+02   0.24968E+02   0.40501E+00  -0.26094E+00
   0.36803E+03   0.29938E+02   0.25014E+02   0.41337E+00  -0.25442E+00
   0.36838E+03   0.29943E+02   0.25008E+02   0.41449E+00  -0.25759E+00
   0.36873E+03   0.29946E+02   0.25204E+02   0.42090E+00  -0.25570E+00
   0.36908E+03   0.29949E+02   0.25744E+02   0.42874E+00  -0.23907E+00
   0.36943E+03   0.29952E+02   0.26421E+02   0.43497E+00  -0.21815E+00
   0.36978E+03   0.29955E+02   0.26650E+02   0.44076E+00  -0.20980E+00
   0.37013E+03   0.29957E+02   0.26863E+02   0.44444E+00  -0.20054E+00
   0.37048E+03   0.29959E+02   0.26872E+02   0.43925E+00  -0.18444E+00
   0.37083E+03   0.29958E+02   0.26643E+02   0.42565E+00  -0.17524E+00
   0.37118E+03   0.29955E+02   0.26738E+02   0.41653E+00  -0.16011E+00
   0.37153E+03   0.29951E+02   0.26821E+02   0.41172E+00  -0.14134E+00
   0.37188E+03   0.29948E+02   0.26991E+02   0.40223E+00  -0.12719E+00
   0.37223E+03   0.29944E+02   0.26882E+02   0.38708E+00  -0.12505E+00
   0.37258E+03   0.29935E+02   0.26679E+02   0.37566E+00  -0.12419E+00
   0.37293E+03   0.29926E+02   0.26673E+02   0.37447E+00  -0.11182E+00
   0.37328E+03   0.29922E+02   0.26562E+02   0.37116E+00  -0.11194E+00
   0.37363E+03   0.29918E+02   0.26555E+02   0.35705E+00  -0.11672E+00
   0.37398E+03   0.29911E+02   0.26718E+02   0.34533E+00  -0.10594E+00
   0.37433E+03   0.29904E+02   0.26759E+02   0.34151E+00  -0.97038E-01
   0.37468E+03   0.29898E+02   0.26478E+02   0.34024E+00  -0.10663E+00
   0.37503E+03   0.29892E+02   0.26108E+02   0.33630E+00  -0.12749E+00
   0.37538E+03   0.29886E+02   0.26143E+02   0.33245E+00  -0.13058E+00
   0.37573E+03   0.29883E+02   0.26217E+02   0.33332E+00  -0.12639E+00
   0.37608E+03   0.29881E+02   0.25887E+02   0.32945E+00  -0.14531E+00
   0.37643E+03   0.29875E+02   0.25623E+02   0.32338E+00  -0.16212E+00
   0.37678E+03   0.29873E+02   0.25494E+02   0.32614E+00  -0.16337E+00
   0.37713E+03   0.29878E+02   0.25321E+02   0.33049E+00  -0.16992E+00
   0.37748E+03   0.29881E+02   0.25319E+02   0.33408E+00  -0.17997E+00
   0.37783E+03   0.29884E+02   0.25458E+02   0.33981E+00  -0.18580E+00
   0.37818E+03   0.29890E+02   0.25529E+02   0.34554E+00  -0.18723E+00
   0.37853E+03   0.29894E+02   0.25808E+02   0.34653E+00  -0.18333E+00
   0.37888E+03   0.29894E+02   0.25954E+02   0.34918E+00  -0.18643E+00
   0.37923E+03   0.29898E+02   0.25553E+02   0.35973E+00  -0.20085E+00
   0.37958E+03   0.29906E+02   0.25169E+02   0.36869E+00  -0.21552E+00
   0.37993E+03   0.29910E+02   0.25231E+02   0.36628E+00  -0.22259E+00
   0.38028E+03   0.29912E+02   0.25157E+02   0.36284E+00  -0.22532E+00
   0.38063E+03   0.29913E+02   0.25063E+02   0.37246E+00  -0.22769E+00
   0.38098E+03   0.29919E+02   0.25204E+02   0.38548E+00  -0.23412E+00
   0.38133E+03   0.29925E+02   0.25167E+02   0.38950E+00  -0.24503E+00
   0.38168E+03   0.29929E+02   0.25360E+02   0.39681E+00  -0.24700E+00
   0.38203E+03   0.29935E+02   0.25374E+02   0.41275E+00  -0.24485E+00
   0.38238E+03   0.29942E+02   0.25335E+02   0.42277E+00  -0.24309E+00
   0.38273E+03   0.29947E+02   0.25672E+02   0.42373E+00  -0.23797E+00
   0.38308E+03   0.29949E+02   0.25656E+02   0.42190E+00  -0.23895E+00
   0.38343E+03   0.29951E+02   0.25602E+02   0.42861E+00  -0.23382E+00
   0.38378E+03   0.29953E+02   0.25982E+02   0.43446E+00  -0.21758E+00
   0.38413E+03   0.29955E+02   0.26241E+02   0.43418E+00  -0.20873E+00
   0.38448E+03   0.29956E+02   0.26273E+02   0.43127E+00  -0.19926E+00
   0.38483E+03   0.29955E+02   0.26338E+02   0.42520E+00  -0.18712E+00
   0.38518E+03   0.29953E+02   0.26680E+02   0.42323E+00  -0.17039E+00
   0.38553E+03   0.29953E+02   0.26848E+02   0.41987E+00  -0.15355E+00
   0.38588E+03   0.29950E+02   0.26798E+02   0.41150E+00  -0.14769E+00
   0.38623E+03   0.29946E+02   0.27026E+02   0.40229E+00  -0.13176E+00
   0.38658E+03   0.29941E+02   0.27095E+02   0.39240E+00  -0.11312E+00
   0.38693E+03   0.29935E+02   0.27046E+02   0.38205E+00  -0.10818E+00
   0.38728E+03   0.29930E+02   0.27019E+02   0.36950E+00  -0.10461E+00
   0.38763E+03   0.29924E+02   0.26863E+02   0.35860E+00  -0.10207E+00
   0.38798E+03   0.29915E+02   0.26843E+02   0.34928E+00  -0.96627E-01
   0.38833E+03   0.29905E+02   0.26885E+02   0.33864E+00  -0.91583E-01
   0.38868E+03   0.29895E+02   0.26894E+02   0.33114E+00  -0.92867E-01
   0.38903E+03   0.29887E+02   0.26989E+02   0.32971E+00  -0.90402E-01
   0.38938E+03   0.29882E+02   0.26901E+02   0.32704E+00  -0.94158E-01
   0.38973E+03   0.29879E+02   0.26801E+02   0.31807E+00  -0.10004E+00
   0.39008E+03   0.29872E+02   0.26726E+02   0.31488E+00  -0.10254E+00
   0.39043E+03   0.29866E+02   0.26462E+02   0.31506E+00  -0.11320E+00
   0.39078E+03   0.29862E+02   0.26105E+02   0.30975E+00  -0.12492E+00
   0.39113E+03   0.29857E+02   0.25954E+02   0.30278E+00  -0.13516E+00
   0.39148E+03   0.29853E+02   0.25741E+02   0.30276E+00  -0.15020E+00
   0.39183E+03   0.29852E+02   0.25347E+02   0.30939E+00  -0.16510E+00
   0.39218E+03   0.29854E+02   0.25213E+02   0.31502E+00  -0.18152E+00
   0.39253E+03   0.29858E+02   0.25027E+02   0.32075E+00  -0.20155E+00
   0.39288E+03   0.29865E+02   0.24774E+02   0.33093E+00  -0.21696E+00
   0.39323E+03   0.29875E+02   0.24580E+02   0.34286E+00  -0.23586E+00
   0.39358E+03   0.29886E+02   0.24596E+02   0.35275E+00  -0.25298E+00
   0.39393E+03   0.29896E+02   0.24815E+02   0.36558E+00  -0.25732E+00
   0.39428E+03   0.29908E+02   0.24861E+02   0.38053E+00  -0.26721E+00
   0.39463E+03   0.29919E+02   0.24829E+02   0.39122E+00  -0.27932E+00
   0.39498E+03   0.29928E+02   0.24985E+02   0.40279E+00  -0.28211E+00
   0.39533E+03   0.29936E+02   0.25348E+02   0.41818E+00  -0.27894E+00
   0.39568E+03   0.29944E+02   0.25765E+02   0.43131E+00  -0.27246E+00
   0.39603E+03   0.29950E+02   0.26133E+02   0.43998E+00  -0.26740E+00
   0.39638E+03   0.29955E+02   0.26285E+02   0.44765E+00  -0.26229E+00
   0.39673E+03   0.29959E+02   0.26337E+02   0.45293E+00  -0.25034E+00
   0.39708E+03   0.29962E+02   0.26689E+02   0.45516E+00  -0.22964E+00
   0.39743E+03   0.29964E+02   0.26929E+02   0.45639E+00  -0.21682E+00
   0.39778E+03   0.29964E+02   0.26824E+02   0.45539E+00  -0.20670E+00
   0.39813E+03   0.29964E+02   0.27102E+02   0.44981E+00  -0.18155E+00
   0.39848E+03   0.29964E+02   0.27239E+02   0.43939E+00  -0.16333E+00
   0.39883E+03   0.29961E+02   0.27150E+02   0.42902E+00  -0.15057E+00
   0.39918E+03   0.29958E+02   0.27196E+02   0.42144E+00  -0.12915E+00
   0.39953E+03   0.29954E+02   0.27069E+02   0.40968E+00  -0.11621E+00
   0.39988E+03   0.29949E+02   0.27070E+02   0.39437E+00  -0.10545E+00
   0.40023E+03   0.29942E+02   0.27156E+02   0.38215E+00  -0.93750E-01
   0.40058E+03   0.29933E+02   0.27165E+02   0.37165E+00  -0.87356E-01
   0.40093E+03   0.29926E+02   0.26968E+02   0.36138E+00  -0.88964E-01
   0.40128E+03   0.29916E+02   0.26686E+02   0.34831E+00  -0.10074E+00
   0.40163E+03   0.29903E+02   0.26600E+02   0.33946E+00  -0.10170E+00
   0.40198E+03   0.29893E+02   0.26636E+02   0.33504E+00  -0.94374E-01
   0.40233E+03   0.29887E+02   0.26769E+02   0.33299E+00  -0.96080E-01
   0.40268E+03   0.29885E+02   0.26749E+02   0.32900E+00  -0.10160E+00
   0.40303E+03   0.29879E+02   0.26547E+02   0.32148E+00  -0.10933E+00
   0.40338E+03   0.29873E+02   0.26468E+02   0.32019E+00  -0.11187E+00
   0.40373E+03   0.29871E+02   0.26604E+02   0.31956E+00  -0.10348E+00
   0.40408E+03   0.29866E+02   0.26618E+02   0.31645E+00  -0.10710E+00
   0.40443E+03   0.29862E+02   0.26561E+02   0.31144E+00  -0.11709E+00
   0.40478E+03   0.29855E+02   0.26533E+02   0.30560E+00  -0.12168E+00
   0.40513E+03   0.29847E+02   0.26213E+02   0.30375E+00  -0.13239E+00
   0.40548E+03   0.29844E+02   0.25938E+02   0.30692E+00  -0.14636E+00
   0.40583E+03   0.29848E+02   0.25773E+02   0.30993E+00  -0.15798E+00
   0.40618E+03   0.29849E+02   0.25337E+02   0.31119E+00  -0.17702E+00
   0.40653E+03   0.29850E+02   0.24922E+02   0.31234E+00  -0.19846E+00
   0.40688E+03   0.29853E+02   0.24866E+02   0.31728E+00  -0.20971E+00
   0.40723E+03   0.29862E+02   0.24929E+02   0.33626E+00  -0.21859E+00
   0.40758E+03   0.29877E+02   0.24954E+02   0.35114E+00  -0.23362E+00
   0.40793E+03   0.29890E+02   0.24651E+02   0.35939E+00  -0.25690E+00
   0.40828E+03   0.29902E+02   0.24533E+02   0.37243E+00  -0.27028E+00
   0.40863E+03   0.29913E+02   0.24746E+02   0.38599E+00  -0.27385E+00
   0.40898E+03   0.29923E+02   0.24938E+02   0.40097E+00  -0.27763E+00
   0.40933E+03   0.29934E+02   0.24991E+02   0.41303E+00  -0.28458E+00
   0.40968E+03   0.29942E+02   0.25065E+02   0.42002E+00  -0.29054E+00
   0.41003E+03   0.29947E+02   0.25273E+02   0.43002E+00  -0.28677E+00
   0.41038E+03   0.29952E+02   0.25351E+02   0.44599E+00  -0.28122E+00
   0.41073E+03   0.29958E+02   0.25897E+02   0.45901E+00  -0.27436E+00
   0.41108E+03   0.29962E+02   0.26066E+02   0.46700E+00  -0.26902E+00
   0.41143E+03   0.29965E+02   0.25863E+02   0.46871E+00  -0.26783E+00
   0.41178E+03   0.29967E+02   0.26143E+02   0.46729E+00  -0.25109E+00
   0.41213E+03   0.29968E+02   0.26229E+02   0.46881E+00  -0.23160E+00
   0.41248E+03   0.29968E+02   0.26385E+02   0.47091E+00  -0.21650E+00
   0.41283E+03   0.29969E+02   0.26511E+02   0.46607E+00  -0.19850E+00
   0.41318E+03   0.29968E+02   0.26235E+02   0.45415E+00  -0.19143E+00
   0.41353E+03   0.29966E+02   0.26071E+02   0.44320E+00  -0.18050E+00
   0.41388E+03   0.29963E+02   0.26344E+02   0.43813E+00  -0.16045E+00
   0.41423E+03   0.29959E+02   0.26754E+02   0.43196E+00  -0.13504E+00
   0.41458E+03   0.29955E+02   0.26946E+02   0.42122E+00  -0.11792E+00
   0.41493E+03   0.29950E+02   0.26994E+02   0.40932E+00  -0.11436E+00
   0.41528E+03   0.29947E+02   0.26815E+02   0.39634E+00  -0.11164E+00
   0.41563E+03   0.29941E+02   0.26702E+02   0.38295E+00  -0.10381E+00
   0.41598E+03   0.29933E+02   0.26742E+02   0.37364E+00  -0.92160E-01
   0.41633E+03   0.29925E+02   0.26597E+02   0.36181E+00  -0.92924E-01
   0.41668E+03   0.29915E+02   0.26387E+02   0.34201E+00  -0.10255E+00
   0.41703E+03   0.29902E+02   0.26164E+02   0.33033E+00  -0.11096E+00
   0.41738E+03   0.29893E+02   0.26066E+02   0.32813E+00  -0.11147E+00
   0.41773E+03   0.29887E+02   0.26068E+02   0.32860E+00  -0.11228E+00
   0.41808E+03   0.29882E+02   0.25865E+02   0.33111E+00  -0.13135E+00
   0.41843E+03   0.29881E+02   0.25637E+02   0.32890E+00  -0.14712E+00
   0.41878E+03   0.29880E+02   0.25470E+02   0.32362E+00  -0.15190E+00
   0.41913E+03   0.29879E+02   0.25400E+02   0.32721E+00  -0.15961E+00
   0.41948E+03   0.29881E+02   0.25195E+02   0.33341E+00  -0.17144E+00
   0.41983E+03   0.29883E+02   0.24949E+02   0.33645E+00  -0.18714E+00
