         345
  0.175000000000000        1312500.00000000     
         473
  0.525000000000000        3937500.00000000     
          34
  0.875000000000000        6562500.00000000     
         505
   1.22500000000000        9187500.00000000     
         175
   1.57500000000000        11812500.0000000     
         209
   1.92500000000000        14437500.0000000     
         506
   2.27500000000000        17062500.0000000     
         198
   2.62500000000000        19687500.0000000     
         128
   2.97500000000000        22312500.0000000     
         233
   3.32500000000000        24937500.0000000     
         148
   3.67500000000000        27562500.0000000     
         467
   4.02500000000000        30187500.0000000     
         222
   4.37500000000000        32812500.0000000     
          60
   4.72500000000000        35437500.0000000     
         376
   5.07500000000000        38062500.0000000     
         255
   5.42500000000000        40687500.0000000     
         376
   5.77500000000000        43312500.0000000     
         244
   6.12500000000000        45937500.0000000     
         457
   6.47500000000000        48562500.0000000     
         410
   6.82500000000000        51187500.0000000     
          88
   7.17500000000000        53812500.0000000     
         121
   7.52500000000000        56437500.0000000     
         196
   7.87500000000000        59062500.0000000     
         124
   8.22500000000000        61687500.0000000     
         128
   8.57500000000000        64312500.0000000     
          53
   8.92500000000000        66937500.0000000     
         133
   9.27500000000000        69562500.0000000     
         448
   9.62499999999999        72187500.0000000     
         353
   9.97499999999999        74812500.0000000     
         230
   10.3250000000000        77437500.0000000     
          37
   10.6750000000000        80062500.0000000     
         103
   11.0250000000000        82687500.0000000     
          18
   11.3750000000000        85312499.9999999     
          46
   11.7250000000000        87937499.9999999     
         511
   12.0750000000000        90562499.9999999     
         234
   12.4250000000000        93187499.9999999     
         502
   12.7750000000000        95812499.9999999     
         174
   13.1250000000000        98437499.9999999     
          53
   13.4750000000000        101062500.000000     
         502
   13.8250000000000        103687500.000000     
          19
   14.1750000000000        106312500.000000     
         496
   14.5250000000000        108937500.000000     
         118
   14.8750000000000        111562500.000000     
         271
   15.2250000000000        114187500.000000     
         478
   15.5750000000000        116812500.000000     
         230
   15.9250000000000        119437500.000000     
          97
   16.2750000000000        122062500.000000     
         212
   16.6250000000000        124687500.000000     
         178
   16.9750000000000        127312500.000000     
         494
   17.3250000000000        129937500.000000     
          37
   17.6750000000000        132562500.000000     
         445
   18.0250000000000        135187500.000000     
         341
   18.3750000000000        137812500.000000     
          54
   18.7250000000000        140437500.000000     
         303
   19.0750000000000        143062500.000000     
         164
   19.4250000000000        145687500.000000     
         437
   19.7750000000000        148312500.000000     
         368
   20.1250000000000        150937500.000000     
         122
   20.4750000000000        153562500.000000     
         523
   20.8250000000000        156187500.000000     
         337
   21.1750000000000        158812500.000000     
          74
   21.5250000000000        161437500.000000     
         171
   21.8750000000000        164062500.000000     
         125
   22.2250000000000        166687500.000000     
          97
   22.5750000000000        169312500.000000     
         353
   22.9250000000000        171937500.000000     
         393
   23.2750000000000        174562500.000000     
         333
   23.6250000000000        177187500.000000     
         304
   23.9750000000000        179812500.000000     
         398
   24.3250000000000        182437500.000000     
          43
   24.6750000000000        185062500.000000     
          89
   25.0250000000000        187687500.000000     
          24
   25.3750000000000        190312500.000000     
          55
   25.7250000000000        192937500.000000     
          74
   26.0750000000000        195562500.000000     
         449
   26.4250000000000        198187500.000000     
         371
   26.7750000000000        200812500.000000     
         335
   27.1250000000000        203437500.000000     
         196
   27.4750000000000        206062500.000000     
         212
   27.8250000000000        208687500.000000     
         263
   28.1750000000000        211312500.000000     
         510
   28.5250000000000        213937500.000000     
         349
   28.8750000000000        216562500.000000     
         506
   29.2250000000000        219187500.000000     
         330
   29.5750000000000        221812500.000000     
           0
   29.9250000000000        224437500.000000     
         196
   30.2750000000000        227062500.000000     
         348
   30.6250000000000        229687500.000000     
         382
   30.9750000000001        232312500.000000     
         449
   31.3250000000001        234937500.000000     
         334
   31.6750000000001        237562500.000000     
         534
   32.0250000000001        240187500.000000     
          50
   32.3750000000001        242812500.000000     
         448
   32.7250000000001        245437500.000000     
         342
   33.0750000000001        248062500.000000     
         463
   33.4250000000001        250687500.000000     
         461
   33.7750000000001        253312500.000000     
         329
   34.1250000000001        255937500.000000     
         531
   34.4750000000001        258562500.000000     
         536
   34.8250000000001        261187500.000001     
         295
   35.1750000000001        263812500.000001     
         215
   35.5250000000001        266437500.000001     
         214
   35.8750000000001        269062500.000001     
          65
   36.2250000000001        271687500.000001     
         198
   36.5750000000001        274312500.000001     
         292
   36.9250000000001        276937500.000001     
         109
   37.2750000000001        279562500.000001     
          82
   37.6250000000001        282187500.000001     
         112
   37.9750000000001        284812500.000001     
         474
   38.3250000000001        287437500.000001     
          43
   38.6750000000001        290062500.000001     
         281
   39.0250000000001        292687500.000001     
         354
   39.3750000000001        295312500.000001     
          98
   39.7250000000001        297937500.000001     
         292
   40.0750000000001        300562500.000001     
          88
   40.4250000000001        303187500.000001     
         459
   40.7750000000001        305812500.000001     
         503
   41.1250000000001        308437500.000001     
         474
   41.4750000000001        311062500.000001     
         232
   41.8250000000001        313687500.000001     
         178
   42.1750000000001        316312500.000001     
         427
   42.5250000000001        318937500.000001     
         284
   42.8750000000001        321562500.000001     
          75
   43.2250000000001        324187500.000001     
         364
   43.5750000000001        326812500.000001     
         234
   43.9250000000001        329437500.000001     
         374
   44.2750000000001        332062500.000001     
         334
   44.6250000000001        334687500.000001     
          15
   44.9750000000001        337312500.000001     
          24
   45.3250000000001        339937500.000001     
         298
   45.6750000000001        342562500.000001     
          73
   46.0250000000001        345187500.000001     
         324
   46.3750000000001        347812500.000001     
         334
   46.7250000000001        350437500.000001     
         240
   47.0750000000001        353062500.000001     
          56
   47.4250000000001        355687500.000001     
         155
   47.7750000000001        358312500.000001     
         252
   48.1250000000001        360937500.000001     
         467
   48.4750000000001        363562500.000001     
         219
   48.8250000000001        366187500.000001     
         483
   49.1750000000001        368812500.000001     
          78
   49.5250000000001        371437500.000001     
         495
   49.8750000000001        374062500.000001     
         238
   50.2250000000001        376687500.000001     
         492
   50.5750000000001        379312500.000001     
         266
   50.9250000000001        381937500.000001     
         470
   51.2750000000001        384562500.000001     
           4
   51.6250000000001        387187500.000001     
         463
   51.9750000000001        389812500.000001     
          32
   52.3250000000001        392437500.000001     
         249
   52.6750000000001        395062500.000001     
          41
   53.0250000000001        397687500.000001     
         489
   53.3750000000001        400312500.000001     
         375
   53.7250000000001        402937500.000001     
         433
   54.0750000000001        405562500.000001     
         519
   54.4250000000001        408187500.000001     
         444
   54.7750000000001        410812500.000001     
         292
   55.1250000000001        413437500.000001     
         107
   55.4750000000002        416062500.000001     
           6
   55.8250000000002        418687500.000001     
         399
   56.1750000000002        421312500.000001     
         321
   56.5250000000002        423937500.000001     
          68
   56.8750000000002        426562500.000001     
         337
   57.2250000000002        429187500.000001     
         367
   57.5750000000002        431812500.000001     
         386
   57.9250000000002        434437500.000001     
         283
   58.2750000000002        437062500.000001     
         181
   58.6250000000002        439687500.000001     
          80
   58.9750000000002        442312500.000001     
         466
   59.3250000000002        444937500.000001     
         162
   59.6750000000002        447562500.000001     
         147
   60.0250000000002        450187500.000001     
         488
   60.3750000000002        452812500.000001     
         360
   60.7250000000002        455437500.000001     
          30
   61.0750000000002        458062500.000001     
          11
   61.4250000000002        460687500.000001     
          43
   61.7750000000002        463312500.000001     
         119
   62.1250000000002        465937500.000001     
         502
   62.4750000000002        468562500.000001     
         380
   62.8250000000002        471187500.000001     
         386
   63.1750000000002        473812500.000001     
         140
   63.5250000000002        476437500.000001     
         350
   63.8750000000002        479062500.000001     
         416
   64.2250000000002        481687500.000001     
         434
   64.5750000000002        484312500.000001     
         525
   64.9250000000002        486937500.000001     
         255
   65.2750000000002        489562500.000001     
         266
   65.6250000000002        492187500.000001     
         454
   65.9750000000002        494812500.000001     
         393
   66.3250000000001        497437500.000001     
         337
   66.6750000000001        500062500.000001     
         265
   67.0250000000001        502687500.000001     
         404
   67.3750000000001        505312500.000001     
         403
   67.7250000000001        507937500.000001     
         158
   68.0750000000001        510562500.000001     
         425
   68.4250000000001        513187500.000001     
         423
   68.7750000000001        515812500.000001     
         191
   69.1250000000001        518437500.000001     
         486
   69.4750000000001        521062500.000001     
         321
   69.8250000000001        523687500.000001     
         443
   70.1750000000001        526312500.000001     
         488
   70.5250000000001        528937500.000001     
         533
   70.8750000000001        531562500.000001     
         493
   71.2250000000001        534187500.000000     
         349
   71.5750000000001        536812500.000000     
         244
   71.9250000000001        539437500.000000     
         176
   72.2750000000000        542062500.000000     
         226
   72.6250000000000        544687500.000000     
         231
   72.9750000000000        547312500.000000     
           6
   73.3250000000000        549937500.000000     
         129
   73.6750000000000        552562500.000000     
         189
   74.0250000000000        555187500.000000     
         248
   74.3750000000000        557812500.000000     
         218
   74.7250000000000        560437500.000000     
         112
   75.0750000000000        563062500.000000     
         278
   75.4250000000000        565687500.000000     
         354
   75.7750000000000        568312500.000000     
         152
   76.1250000000000        570937500.000000     
         289
   76.4750000000000        573562500.000000     
         141
   76.8250000000000        576187500.000000     
         104
   77.1750000000000        578812500.000000     
         239
   77.5250000000000        581437500.000000     
          50
   77.8750000000000        584062500.000000     
         446
   78.2250000000000        586687500.000000     
         527
   78.5749999999999        589312500.000000     
         443
   78.9249999999999        591937500.000000     
         525
   79.2749999999999        594562500.000000     
         537
   79.6249999999999        597187500.000000     
           6
   79.9749999999999        599812499.999999     
         226
   80.3249999999999        602437499.999999     
         191
   80.6749999999999        605062499.999999     
          28
   81.0249999999999        607687499.999999     
         378
   81.3749999999999        610312499.999999     
         301
   81.7249999999999        612937499.999999     
         343
   82.0749999999999        615562499.999999     
         120
   82.4249999999999        618187499.999999     
          29
   82.7749999999999        620812499.999999     
         425
   83.1249999999999        623437499.999999     
         331
   83.4749999999999        626062499.999999     
         267
   83.8249999999999        628687499.999999     
         429
   84.1749999999999        631312499.999999     
         454
   84.5249999999998        633937499.999999     
          64
   84.8749999999998        636562499.999999     
         519
   85.2249999999998        639187499.999999     
         220
   85.5749999999998        641812499.999999     
         486
   85.9249999999998        644437499.999999     
         173
   86.2749999999998        647062499.999999     
         118
   86.6249999999998        649687499.999999     
         139
   86.9749999999998        652312499.999999     
         336
   87.3249999999998        654937499.999999     
         465
   87.6749999999998        657562499.999998     
         102
   88.0249999999998        660187499.999998     
         511
   88.3749999999998        662812499.999998     
         172
   88.7249999999998        665437499.999998     
          95
   89.0749999999998        668062499.999998     
         510
   89.4249999999998        670687499.999998     
         342
   89.7749999999998        673312499.999998     
          71
   90.1249999999998        675937499.999998     
         140
   90.4749999999998        678562499.999998     
         476
   90.8249999999997        681187499.999998     
         146
   91.1749999999997        683812499.999998     
         404
   91.5249999999997        686437499.999998     
         420
   91.8749999999997        689062499.999998     
          69
   92.2249999999997        691687499.999998     
         158
   92.5749999999997        694312499.999998     
         394
   92.9249999999997        696937499.999998     
         433
   93.2749999999997        699562499.999998     
          76
   93.6249999999997        702187499.999998     
         262
   93.9749999999997        704812499.999998     
         263
   94.3249999999997        707437499.999998     
          10
   94.6749999999997        710062499.999998     
          23
   95.0249999999997        712687499.999998     
         148
   95.3749999999997        715312499.999997     
         308
   95.7249999999997        717937499.999997     
         201
   96.0749999999997        720562499.999997     
          48
   96.4249999999997        723187499.999997     
         467
   96.7749999999997        725812499.999997     
         328
   97.1249999999996        728437499.999997     
           6
   97.4749999999996        731062499.999997     
         492
   97.8249999999996        733687499.999997     
         183
   98.1749999999996        736312499.999997     
         417
   98.5249999999996        738937499.999997     
          63
   98.8749999999996        741562499.999997     
         172
   99.2249999999996        744187499.999997     
         207
   99.5749999999996        746812499.999997     
         251
   99.9249999999996        749437499.999997     
         284
   100.275000000000        752062499.999997     
          39
   100.625000000000        754687499.999997     
         125
   100.975000000000        757312499.999997     
         231
   101.325000000000        759937499.999997     
         484
   101.675000000000        762562499.999997     
         252
   102.025000000000        765187499.999997     
          71
   102.375000000000        767812499.999997     
         360
   102.725000000000        770437499.999997     
         262
   103.075000000000        773062499.999997     
         416
   103.425000000000        775687499.999997     
         264
   103.775000000000        778312499.999997     
         526
   104.125000000000        780937499.999996     
         339
   104.475000000000        783562499.999996     
          75
   104.825000000000        786187499.999996     
         164
   105.175000000000        788812499.999996     
         144
   105.525000000000        791437499.999996     
         121
   105.875000000000        794062499.999996     
         501
   106.224999999999        796687499.999996     
         331
   106.574999999999        799312499.999996     
         514
   106.924999999999        801937499.999996     
         445
   107.274999999999        804562499.999996     
         200
   107.624999999999        807187499.999996     
         441
   107.974999999999        809812499.999996     
         480
   108.324999999999        812437499.999996     
          30
   108.674999999999        815062499.999996     
         473
   109.024999999999        817687499.999996     
         238
   109.374999999999        820312499.999996     
         497
   109.724999999999        822937499.999996     
         387
   110.074999999999        825562499.999996     
         426
   110.424999999999        828187499.999996     
         474
   110.774999999999        830812499.999996     
         480
   111.124999999999        833437499.999996     
         191
   111.474999999999        836062499.999996     
         306
   111.824999999999        838687499.999996     
         373
   112.174999999999        841312499.999995     
         179
   112.524999999999        843937499.999995     
         319
   112.874999999999        846562499.999995     
         446
   113.224999999999        849187499.999995     
         281
   113.574999999999        851812499.999995     
         480
   113.924999999999        854437499.999995     
          40
   114.274999999999        857062499.999995     
         159
   114.624999999999        859687499.999995     
         469
   114.974999999999        862312499.999995     
         212
   115.324999999999        864937499.999995     
         143
   115.674999999999        867562499.999995     
         377
   116.024999999999        870187499.999995     
         184
   116.374999999999        872812499.999995     
          86
   116.724999999999        875437499.999995     
         336
   117.074999999999        878062499.999995     
         471
   117.424999999999        880687499.999995     
         337
   117.774999999999        883312499.999995     
         331
   118.124999999999        885937499.999995     
         309
   118.474999999999        888562499.999995     
         464
   118.824999999999        891187499.999995     
         154
   119.174999999999        893812499.999995     
          73
   119.524999999999        896437499.999995     
         414
   119.874999999999        899062499.999995     
          58
   120.224999999999        901687499.999995     
         132
   120.574999999999        904312499.999995     
         496
   120.924999999999        906937499.999994     
         493
   121.274999999999        909562499.999994     
          78
   121.624999999999        912187499.999994     
         134
   121.974999999999        914812499.999994     
         447
   122.324999999999        917437499.999994     
         499
   122.674999999999        920062499.999994     
         258
   123.024999999999        922687499.999994     
         509
   123.374999999999        925312499.999994     
          96
   123.724999999999        927937499.999994     
         370
   124.074999999999        930562499.999994     
         271
   124.424999999999        933187499.999994     
         523
   124.774999999999        935812499.999994     
         515
   125.124999999999        938437499.999994     
         405
   125.474999999999        941062499.999994     
         234
   125.824999999999        943687499.999994     
         226
   126.174999999999        946312499.999994     
          12
   126.524999999999        948937499.999994     
         395
   126.874999999999        951562499.999994     
          73
   127.224999999999        954187499.999994     
         286
   127.574999999999        956812499.999994     
         331
   127.924999999999        959437499.999994     
         532
   128.274999999999        962062499.999993     
         130
   128.624999999999        964687499.999993     
          61
   128.974999999999        967312499.999993     
         119
   129.324999999999        969937499.999993     
         499
   129.674999999999        972562499.999993     
         413
   130.024999999999        975187499.999993     
         115
   130.374999999999        977812499.999993     
         456
   130.724999999999        980437499.999993     
          64
   131.074999999999        983062499.999993     
          22
   131.424999999999        985687499.999993     
         440
   131.774999999999        988312499.999993     
         135
   132.124999999999        990937499.999993     
         181
   132.474999999999        993562499.999993     
         383
   132.824999999999        996187499.999993     
           8
   133.174999999999        998812499.999993     
         217
   133.524999999999        1001437499.99999     
         175
   133.874999999999        1004062499.99999     
         296
   134.224999999999        1006687499.99999     
         297
   134.574999999999        1009312499.99999     
         104
   134.924999999999        1011937499.99999     
         351
   135.274999999999        1014562499.99999     
         325
   135.624999999999        1017187499.99999     
         186
   135.974999999999        1019812499.99999     
          23
   136.324999999999        1022437499.99999     
          96
   136.674999999999        1025062499.99999     
         502
   137.024999999999        1027687499.99999     
         113
   137.374999999999        1030312499.99999     
         306
   137.724999999999        1032937499.99999     
         518
   138.074999999999        1035562499.99999     
         465
   138.424999999999        1038187499.99999     
          59
   138.774999999999        1040812499.99999     
         251
   139.124999999999        1043437499.99999     
         243
   139.474999999999        1046062499.99999     
         424
   139.824999999999        1048687499.99999     
         453
   140.174999999999        1051312499.99999     
         323
   140.524999999999        1053937499.99999     
          70
   140.874999999999        1056562499.99999     
         402
   141.224999999999        1059187499.99999     
         434
   141.574999999999        1061812499.99999     
         415
   141.924999999999        1064437499.99999     
         483
   142.274999999999        1067062499.99999     
         127
   142.624999999999        1069687499.99999     
         198
   142.974999999999        1072312499.99999     
         232
   143.324999999999        1074937499.99999     
         179
   143.674999999999        1077562499.99999     
         183
   144.024999999999        1080187499.99999     
         527
   144.374999999999        1082812499.99999     
         342
   144.724999999999        1085437499.99999     
         503
   145.074999999999        1088062499.99999     
         471
   145.424999999999        1090687499.99999     
         504
   145.774999999999        1093312499.99999     
         351
   146.124999999999        1095937499.99999     
          56
   146.474999999999        1098562499.99999     
         537
   146.824999999999        1101187499.99999     
          55
   147.174999999999        1103812499.99999     
         317
   147.524999999999        1106437499.99999     
          35
   147.874999999999        1109062499.99999     
         330
   148.224999999999        1111687499.99999     
         374
   148.574999999999        1114312499.99999     
           5
   148.924999999999        1116937499.99999     
          23
   149.274999999999        1119562499.99999     
         336
   149.624999999999        1122187499.99999     
           1
   149.974999999999        1124812499.99999     
         348
   150.324999999999        1127437499.99999     
         452
   150.674999999999        1130062499.99999     
         527
   151.024999999999        1132687499.99999     
         105
   151.374999999999        1135312499.99999     
         119
   151.724999999999        1137937499.99999     
          78
   152.074999999999        1140562499.99999     
         302
   152.424999999999        1143187499.99999     
         234
   152.774999999999        1145812499.99999     
         266
   153.124999999999        1148437499.99999     
         272
   153.474999999999        1151062499.99999     
         135
   153.824999999999        1153687499.99999     
         156
   154.174999999999        1156312499.99999     
          61
   154.524999999999        1158937499.99999     
         334
   154.874999999999        1161562499.99999     
         292
   155.224999999999        1164187499.99999     
         418
   155.574999999999        1166812499.99999     
         238
   155.924999999999        1169437499.99999     
          44
   156.274999999999        1172062499.99999     
          99
   156.624999999999        1174687499.99999     
         533
   156.974999999999        1177312499.99999     
         129
   157.324999999999        1179937499.99999     
          90
   157.674999999999        1182562499.99999     
         416
   158.024999999999        1185187499.99999     
          76
   158.374999999999        1187812499.99999     
         399
   158.724999999999        1190437499.99999     
         404
   159.074999999999        1193062499.99999     
         299
   159.424999999999        1195687499.99999     
         212
   159.774999999999        1198312499.99999     
         140
   160.124999999999        1200937499.99999     
         400
   160.474999999999        1203562499.99999     
          69
   160.824999999999        1206187499.99999     
           1
   161.174999999999        1208812499.99999     
          38
   161.524999999999        1211437499.99999     
         191
   161.874999999999        1214062499.99999     
          68
   162.224999999999        1216687499.99999     
         261
   162.574999999999        1219312499.99999     
          91
   162.924999999999        1221937499.99999     
         421
   163.274999999999        1224562499.99999     
         285
   163.624999999999        1227187499.99999     
         167
   163.974999999999        1229812499.99999     
         133
   164.324999999999        1232437499.99999     
         251
   164.674999999999        1235062499.99999     
         334
   165.024999999999        1237687499.99999     
         135
   165.374999999999        1240312499.99999     
         508
   165.724999999999        1242937499.99999     
         498
   166.074999999999        1245562499.99999     
         281
   166.424999999999        1248187499.99999     
          88
   166.774999999998        1250812499.99999     
         524
   167.124999999998        1253437499.99999     
         349
   167.474999999998        1256062499.99999     
         164
   167.824999999998        1258687499.99999     
         522
   168.174999999998        1261312499.99999     
         266
   168.524999999998        1263937499.99999     
           9
   168.874999999998        1266562499.99999     
         385
   169.224999999998        1269187499.99999     
         321
   169.574999999998        1271812499.99999     
         222
   169.924999999998        1274437499.99999     
         138
   170.274999999998        1277062499.99999     
         257
   170.624999999998        1279687499.99999     
         499
   170.974999999998        1282312499.99999     
         300
   171.324999999998        1284937499.99999     
         221
   171.674999999998        1287562499.99999     
         455
   172.024999999998        1290187499.99999     
         317
   172.374999999998        1292812499.99999     
         461
   172.724999999998        1295437499.99999     
         509
   173.074999999998        1298062499.99999     
          99
   173.424999999998        1300687499.99999     
         360
   173.774999999998        1303312499.99999     
          83
   174.124999999998        1305937499.99999     
         378
   174.474999999998        1308562499.99999     
         449
   174.824999999998        1311187499.99999     
         126
   175.174999999998        1313812499.99999     
         255
   175.524999999998        1316437499.99999     
         238
   175.874999999998        1319062499.99999     
         210
   176.224999999998        1321687499.99999     
         197
   176.574999999998        1324312499.99999     
         345
   176.924999999998        1326937499.99999     
         170
   177.274999999998        1329562499.99999     
         208
   177.624999999998        1332187499.99999     
         465
   177.974999999998        1334812499.99999     
          47
   178.324999999998        1337437499.99999     
         106
   178.674999999998        1340062499.99999     
         475
   179.024999999998        1342687499.99999     
         341
   179.374999999998        1345312499.99999     
         414
   179.724999999998        1347937499.99999     
         407
   180.074999999998        1350562499.99999     
          59
   180.424999999998        1353187499.99999     
         506
   180.774999999998        1355812499.99999     
          90
   181.124999999998        1358437499.99999     
         207
   181.474999999998        1361062499.99999     
         120
   181.824999999998        1363687499.99999     
         189
   182.174999999998        1366312499.99999     
          39
   182.524999999998        1368937499.99999     
         398
   182.874999999998        1371562499.99999     
         292
   183.224999999998        1374187499.99999     
         154
   183.574999999998        1376812499.99999     
         264
   183.924999999998        1379437499.99999     
         300
   184.274999999998        1382062499.99999     
         348
   184.624999999998        1384687499.99999     
         371
   184.974999999998        1387312499.99999     
         531
   185.324999999998        1389937499.99999     
         500
   185.674999999998        1392562499.99999     
         193
   186.024999999998        1395187499.99999     
         493
   186.374999999998        1397812499.99999     
         156
   186.724999999998        1400437499.99999     
           3
   187.074999999998        1403062499.99999     
         222
   187.424999999998        1405687499.99999     
         298
   187.774999999998        1408312499.99999     
         332
   188.124999999998        1410937499.99999     
         100
   188.474999999998        1413562499.99999     
         184
   188.824999999998        1416187499.99999     
         507
   189.174999999998        1418812499.99999     
         339
   189.524999999998        1421437499.99999     
         423
   189.874999999998        1424062499.99999     
         132
   190.224999999998        1426687499.99999     
         430
   190.574999999998        1429312499.99999     
         476
   190.924999999998        1431937499.99999     
         371
   191.274999999998        1434562499.99999     
         511
   191.624999999998        1437187499.99999     
         485
   191.974999999998        1439812499.99999     
         501
   192.324999999998        1442437499.99999     
         254
   192.674999999998        1445062499.99999     
         424
   193.024999999998        1447687499.99999     
          37
   193.374999999998        1450312499.99999     
         386
   193.724999999998        1452937499.99999     
         372
   194.074999999998        1455562499.99999     
         412
   194.424999999998        1458187499.99999     
         355
   194.774999999998        1460812499.99999     
         231
   195.124999999998        1463437499.99999     
         477
   195.474999999998        1466062499.99999     
         378
   195.824999999998        1468687499.99999     
         299
   196.174999999998        1471312499.99999     
         168
   196.524999999998        1473937499.99999     
         272
   196.874999999998        1476562499.99998     
         203
   197.224999999998        1479187499.99998     
         221
   197.574999999998        1481812499.99998     
         310
   197.924999999998        1484437499.99998     
         218
   198.274999999998        1487062499.99998     
          49
   198.624999999998        1489687499.99998     
         135
   198.974999999998        1492312499.99998     
         459
   199.324999999998        1494937499.99998     
         441
   199.674999999998        1497562499.99998     
         176
   200.024999999998        1500187499.99998     
         493
   200.374999999998        1502812499.99998     
         276
   200.724999999998        1505437499.99998     
         136
   201.074999999998        1508062499.99998     
         435
   201.424999999998        1510687499.99998     
         284
   201.774999999998        1513312499.99998     
          93
   202.124999999998        1515937499.99998     
         209
   202.474999999998        1518562499.99998     
          26
   202.824999999998        1521187499.99998     
         470
   203.174999999998        1523812499.99998     
          21
   203.524999999998        1526437499.99998     
         377
   203.874999999998        1529062499.99998     
         482
   204.224999999998        1531687499.99998     
         257
   204.574999999998        1534312499.99998     
         392
   204.924999999998        1536937499.99998     
         141
   205.274999999998        1539562499.99998     
         494
   205.624999999998        1542187499.99998     
          15
   205.974999999998        1544812499.99998     
         522
   206.324999999998        1547437499.99998     
          45
   206.674999999998        1550062499.99998     
         193
   207.024999999998        1552687499.99998     
         269
   207.374999999998        1555312499.99998     
         171
   207.724999999998        1557937499.99998     
         146
   208.074999999998        1560562499.99998     
         531
   208.424999999998        1563187499.99998     
         234
   208.774999999998        1565812499.99998     
          39
   209.124999999998        1568437499.99998     
         327
   209.474999999998        1571062499.99998     
          14
   209.824999999998        1573687499.99998     
         488
   210.174999999998        1576312499.99998     
         310
   210.524999999998        1578937499.99998     
         400
   210.874999999998        1581562499.99998     
         103
   211.224999999998        1584187499.99998     
         399
   211.574999999998        1586812499.99998     
         298
   211.924999999998        1589437499.99998     
         173
   212.274999999998        1592062499.99998     
         522
   212.624999999998        1594687499.99998     
         199
   212.974999999998        1597312499.99998     
         151
   213.324999999998        1599937499.99998     
         475
   213.674999999998        1602562499.99998     
         256
   214.024999999998        1605187499.99998     
         296
   214.374999999998        1607812499.99998     
         493
   214.724999999998        1610437499.99998     
         443
   215.074999999998        1613062499.99998     
         502
   215.424999999998        1615687499.99998     
         462
   215.774999999998        1618312499.99998     
         235
   216.124999999998        1620937499.99998     
         404
   216.474999999998        1623562499.99998     
         239
   216.824999999998        1626187499.99998     
         185
   217.174999999998        1628812499.99998     
          23
   217.524999999998        1631437499.99998     
         135
   217.874999999998        1634062499.99998     
         471
   218.224999999998        1636687499.99998     
         357
   218.574999999998        1639312499.99998     
         201
   218.924999999998        1641937499.99998     
         337
   219.274999999998        1644562499.99998     
         474
   219.624999999998        1647187499.99998     
         172
   219.974999999998        1649812499.99998     
         274
   220.324999999998        1652437499.99998     
         132
   220.674999999998        1655062499.99998     
         270
   221.024999999998        1657687499.99998     
         339
   221.374999999998        1660312499.99998     
         418
   221.724999999998        1662937499.99998     
          56
   222.074999999998        1665562499.99998     
          73
   222.424999999998        1668187499.99998     
          48
   222.774999999998        1670812499.99998     
         179
   223.124999999998        1673437499.99998     
         347
   223.474999999998        1676062499.99998     
         166
   223.824999999998        1678687499.99998     
          66
   224.174999999998        1681312499.99998     
         375
   224.524999999998        1683937499.99998     
         295
   224.874999999998        1686562499.99998     
         524
   225.224999999998        1689187499.99998     
         390
   225.574999999998        1691812499.99998     
           8
   225.924999999998        1694437499.99998     
         230
   226.274999999998        1697062499.99998     
         239
   226.624999999998        1699687499.99998     
           4
   226.974999999998        1702312499.99998     
         523
   227.324999999998        1704937499.99998     
         168
   227.674999999998        1707562499.99998     
          58
   228.024999999998        1710187499.99998     
         263
   228.374999999997        1712812499.99998     
         112
   228.724999999997        1715437499.99998     
         245
   229.074999999997        1718062499.99998     
         247
   229.424999999997        1720687499.99998     
         461
   229.774999999997        1723312499.99998     
         324
   230.124999999997        1725937499.99998     
         255
   230.474999999997        1728562499.99998     
         347
   230.824999999997        1731187499.99998     
         334
   231.174999999997        1733812499.99998     
         174
   231.524999999997        1736437499.99998     
         528
   231.874999999997        1739062499.99998     
         270
   232.224999999997        1741687499.99998     
         387
   232.574999999997        1744312499.99998     
         135
   232.924999999997        1746937499.99998     
         251
   233.274999999997        1749562499.99998     
         385
   233.624999999997        1752187499.99998     
         215
   233.974999999997        1754812499.99998     
          98
   234.324999999997        1757437499.99998     
         167
   234.674999999997        1760062499.99998     
         141
   235.024999999997        1762687499.99998     
         423
   235.374999999997        1765312499.99998     
         352
   235.724999999997        1767937499.99998     
         219
   236.074999999997        1770562499.99998     
           5
   236.424999999997        1773187499.99998     
         117
   236.774999999997        1775812499.99998     
         371
   237.124999999997        1778437499.99998     
         465
   237.474999999997        1781062499.99998     
         118
   237.824999999997        1783687499.99998     
         156
   238.174999999997        1786312499.99998     
         254
   238.524999999997        1788937499.99998     
         467
   238.874999999997        1791562499.99998     
         532
   239.224999999997        1794187499.99998     
         383
   239.574999999997        1796812499.99998     
         294
   239.924999999997        1799437499.99998     
         169
   240.274999999997        1802062499.99998     
         498
   240.624999999997        1804687499.99998     
          54
   240.974999999997        1807312499.99998     
         365
   241.324999999997        1809937499.99998     
         293
   241.674999999997        1812562499.99998     
         177
   242.024999999997        1815187499.99998     
         238
   242.374999999997        1817812499.99998     
         181
   242.724999999997        1820437499.99998     
          40
   243.074999999997        1823062499.99998     
         274
   243.424999999997        1825687499.99998     
         358
   243.774999999997        1828312499.99998     
         302
   244.124999999997        1830937499.99998     
         267
   244.474999999997        1833562499.99998     
         213
   244.824999999997        1836187499.99998     
         157
   245.174999999997        1838812499.99998     
         509
   245.524999999997        1841437499.99998     
         154
   245.874999999997        1844062499.99998     
         119
   246.224999999997        1846687499.99998     
         207
   246.574999999997        1849312499.99998     
         332
   246.924999999997        1851937499.99998     
         300
   247.274999999997        1854562499.99998     
         300
   247.624999999997        1857187499.99998     
          78
   247.974999999997        1859812499.99998     
         444
   248.324999999997        1862437499.99998     
          98
   248.674999999997        1865062499.99998     
         269
   249.024999999997        1867687499.99998     
         453
   249.374999999997        1870312499.99998     
           5
   249.724999999997        1872937499.99998     
         144
   250.074999999997        1875562499.99998     
         257
   250.424999999997        1878187499.99998     
         404
   250.774999999997        1880812499.99998     
          37
   251.124999999997        1883437499.99998     
         111
   251.474999999997        1886062499.99998     
         211
   251.824999999997        1888687499.99998     
         427
   252.174999999997        1891312499.99998     
         516
   252.524999999997        1893937499.99998     
         235
   252.874999999997        1896562499.99998     
         426
   253.224999999997        1899187499.99998     
         373
   253.574999999997        1901812499.99998     
          69
   253.924999999997        1904437499.99998     
          39
   254.274999999997        1907062499.99998     
         498
   254.624999999997        1909687499.99998     
         306
   254.974999999997        1912312499.99998     
         418
   255.324999999997        1914937499.99998     
         135
   255.674999999997        1917562499.99998     
         145
   256.024999999997        1920187499.99998     
          75
   256.374999999997        1922812499.99998     
         414
   256.724999999997        1925437499.99998     
         236
   257.074999999997        1928062499.99998     
         338
   257.424999999997        1930687499.99998     
         363
   257.774999999997        1933312499.99998     
         117
   258.124999999997        1935937499.99998     
         382
   258.474999999997        1938562499.99998     
         119
   258.824999999997        1941187499.99998     
         404
   259.174999999997        1943812499.99998     
          66
   259.524999999997        1946437499.99998     
         288
   259.874999999997        1949062499.99998     
         270
   260.224999999997        1951687499.99998     
         491
   260.574999999997        1954312499.99998     
         464
   260.924999999997        1956937499.99998     
          65
   261.274999999997        1959562499.99998     
         131
   261.624999999997        1962187499.99998     
         282
   261.974999999997        1964812499.99998     
         365
   262.324999999997        1967437499.99998     
         177
   262.674999999998        1970062499.99998     
          17
   263.024999999998        1972687499.99998     
         186
   263.374999999998        1975312499.99998     
         319
   263.724999999998        1977937499.99998     
         482
   264.074999999998        1980562499.99998     
         437
   264.424999999998        1983187499.99998     
         314
   264.774999999998        1985812499.99998     
         388
   265.124999999998        1988437499.99998     
         281
   265.474999999998        1991062499.99998     
         354
   265.824999999998        1993687499.99998     
         490
   266.174999999998        1996312499.99998     
         366
   266.524999999998        1998937499.99998     
         426
   266.874999999998        2001562499.99998     
          46
   267.224999999998        2004187499.99998     
         323
   267.574999999998        2006812499.99998     
         473
   267.924999999998        2009437499.99998     
         510
   268.274999999998        2012062499.99998     
          96
   268.624999999998        2014687499.99998     
         307
   268.974999999998        2017312499.99998     
          63
   269.324999999998        2019937499.99998     
         449
   269.674999999998        2022562499.99998     
         150
   270.024999999998        2025187499.99998     
         100
   270.374999999998        2027812499.99998     
         113
   270.724999999998        2030437499.99999     
         275
   271.074999999998        2033062499.99999     
          69
   271.424999999998        2035687499.99999     
         186
   271.774999999998        2038312499.99999     
         331
   272.124999999998        2040937499.99999     
         216
   272.474999999998        2043562499.99999     
         310
   272.824999999998        2046187499.99999     
         145
   273.174999999998        2048812499.99999     
         181
   273.524999999998        2051437499.99999     
         499
   273.874999999998        2054062499.99999     
         121
   274.224999999998        2056687499.99999     
         278
   274.574999999998        2059312499.99999     
         500
   274.924999999998        2061937499.99999     
         480
   275.274999999998        2064562499.99999     
         385
   275.624999999998        2067187499.99999     
         469
   275.974999999998        2069812499.99999     
         335
   276.324999999998        2072437499.99999     
         482
   276.674999999998        2075062499.99999     
          20
   277.024999999998        2077687499.99999     
         407
   277.374999999998        2080312499.99999     
         294
   277.724999999998        2082937499.99999     
         520
   278.074999999999        2085562499.99999     
         259
   278.424999999999        2088187499.99999     
          65
   278.774999999999        2090812499.99999     
         442
   279.124999999999        2093437499.99999     
         533
   279.474999999999        2096062499.99999     
         537
   279.824999999999        2098687499.99999     
         311
   280.174999999999        2101312499.99999     
         501
   280.524999999999        2103937499.99999     
          70
   280.874999999999        2106562499.99999     
         246
   281.224999999999        2109187499.99999     
         454
   281.574999999999        2111812499.99999     
         305
   281.924999999999        2114437499.99999     
         118
   282.274999999999        2117062499.99999     
         127
   282.624999999999        2119687499.99999     
         193
   282.974999999999        2122312499.99999     
          67
   283.324999999999        2124937499.99999     
         238
   283.674999999999        2127562499.99999     
         185
   284.024999999999        2130187499.99999     
         115
   284.374999999999        2132812499.99999     
         508
   284.724999999999        2135437499.99999     
          96
   285.074999999999        2138062499.99999     
         150
   285.424999999999        2140687499.99999     
         249
   285.774999999999        2143312499.99999     
          57
   286.124999999999        2145937499.99999     
         150
   286.474999999999        2148562499.99999     
         409
   286.824999999999        2151187499.99999     
         194
   287.174999999999        2153812499.99999     
          23
   287.524999999999        2156437499.99999     
         533
   287.874999999999        2159062499.99999     
         404
   288.224999999999        2161687499.99999     
         369
   288.574999999999        2164312499.99999     
         211
   288.924999999999        2166937499.99999     
         257
   289.274999999999        2169562499.99999     
         456
   289.624999999999        2172187499.99999     
         307
   289.974999999999        2174812499.99999     
         191
   290.324999999999        2177437499.99999     
         398
   290.674999999999        2180062499.99999     
          40
   291.024999999999        2182687500.00000     
         200
   291.374999999999        2185312500.00000     
         482
   291.724999999999        2187937500.00000     
         316
   292.074999999999        2190562500.00000     
          80
   292.424999999999        2193187500.00000     
         406
   292.774999999999        2195812500.00000     
         453
   293.124999999999        2198437500.00000     
         443
   293.475000000000        2201062500.00000     
         320
   293.825000000000        2203687500.00000     
         479
   294.175000000000        2206312500.00000     
         496
   294.525000000000        2208937500.00000     
         448
   294.875000000000        2211562500.00000     
         168
   295.225000000000        2214187500.00000     
         499
   295.575000000000        2216812500.00000     
         379
   295.925000000000        2219437500.00000     
         195
   296.275000000000        2222062500.00000     
         241
   296.625000000000        2224687500.00000     
         519
   296.975000000000        2227312500.00000     
         246
   297.325000000000        2229937500.00000     
         464
   297.675000000000        2232562500.00000     
         128
   298.025000000000        2235187500.00000     
         255
   298.375000000000        2237812500.00000     
         334
   298.725000000000        2240437500.00000     
          52
   299.075000000000        2243062500.00000     
         107
   299.425000000000        2245687500.00000     
         371
   299.775000000000        2248312500.00000     
          55
   300.125000000000        2250937500.00000     
         148
   300.475000000000        2253562500.00000     
         509
   300.825000000000        2256187500.00000     
          77
   301.175000000000        2258812500.00000     
         429
   301.525000000000        2261437500.00000     
         439
   301.875000000000        2264062500.00000     
         104
   302.225000000000        2266687500.00000     
         528
   302.575000000000        2269312500.00000     
         395
   302.925000000000        2271937500.00000     
         274
   303.275000000000        2274562500.00000     
         169
   303.625000000000        2277187500.00000     
         516
   303.975000000000        2279812500.00000     
         396
   304.325000000000        2282437500.00000     
         267
   304.675000000000        2285062500.00000     
         102
   305.025000000000        2287687500.00000     
         517
   305.375000000000        2290312500.00000     
         167
   305.725000000000        2292937500.00000     
         476
   306.075000000000        2295562500.00000     
         114
   306.425000000000        2298187500.00000     
         360
   306.775000000000        2300812500.00000     
         405
   307.125000000000        2303437500.00000     
         491
   307.475000000000        2306062500.00000     
         305
   307.825000000000        2308687500.00000     
          86
   308.175000000000        2311312500.00000     
         412
   308.525000000000        2313937500.00000     
         440
   308.875000000001        2316562500.00000     
         466
   309.225000000001        2319187500.00000     
         319
   309.575000000001        2321812500.00000     
         339
   309.925000000001        2324437500.00000     
         290
   310.275000000001        2327062500.00000     
         196
   310.625000000001        2329687500.00000     
         335
   310.975000000001        2332312500.00000     
         303
   311.325000000001        2334937500.00001     
         318
   311.675000000001        2337562500.00001     
         514
   312.025000000001        2340187500.00001     
          10
   312.375000000001        2342812500.00001     
          80
   312.725000000001        2345437500.00001     
         257
   313.075000000001        2348062500.00001     
         425
   313.425000000001        2350687500.00001     
           2
   313.775000000001        2353312500.00001     
         326
   314.125000000001        2355937500.00001     
         364
   314.475000000001        2358562500.00001     
         472
   314.825000000001        2361187500.00001     
         344
   315.175000000001        2363812500.00001     
         137
   315.525000000001        2366437500.00001     
         480
   315.875000000001        2369062500.00001     
         130
   316.225000000001        2371687500.00001     
         314
   316.575000000001        2374312500.00001     
         106
   316.925000000001        2376937500.00001     
         304
   317.275000000001        2379562500.00001     
         329
   317.625000000001        2382187500.00001     
         100
   317.975000000001        2384812500.00001     
          63
   318.325000000001        2387437500.00001     
         172
   318.675000000001        2390062500.00001     
         164
   319.025000000001        2392687500.00001     
         254
   319.375000000001        2395312500.00001     
         169
   319.725000000001        2397937500.00001     
         362
   320.075000000001        2400562500.00001     
         315
   320.425000000001        2403187500.00001     
         135
   320.775000000001        2405812500.00001     
         213
   321.125000000001        2408437500.00001     
          36
   321.475000000001        2411062500.00001     
         375
   321.825000000001        2413687500.00001     
         386
   322.175000000001        2416312500.00001     
         229
   322.525000000001        2418937500.00001     
         523
   322.875000000001        2421562500.00001     
         157
   323.225000000001        2424187500.00001     
          83
   323.575000000001        2426812500.00001     
          88
   323.925000000001        2429437500.00001     
         519
   324.275000000002        2432062500.00001     
         119
   324.625000000002        2434687500.00001     
         325
   324.975000000002        2437312500.00001     
         428
   325.325000000002        2439937500.00001     
         353
   325.675000000002        2442562500.00001     
          90
   326.025000000002        2445187500.00001     
          55
   326.375000000002        2447812500.00001     
         424
   326.725000000002        2450437500.00001     
         131
   327.075000000002        2453062500.00001     
         442
   327.425000000002        2455687500.00001     
         462
   327.775000000002        2458312500.00001     
         511
   328.125000000002        2460937500.00001     
         431
   328.475000000002        2463562500.00001     
         100
   328.825000000002        2466187500.00001     
         245
   329.175000000002        2468812500.00001     
         525
   329.525000000002        2471437500.00001     
         442
   329.875000000002        2474062500.00001     
         350
   330.225000000002        2476687500.00001     
         139
   330.575000000002        2479312500.00001     
          34
   330.925000000002        2481937500.00001     
         530
   331.275000000002        2484562500.00001     
         369
   331.625000000002        2487187500.00001     
         109
   331.975000000002        2489812500.00002     
          32
   332.325000000002        2492437500.00002     
          17
   332.675000000002        2495062500.00002     
         190
   333.025000000002        2497687500.00002     
         506
   333.375000000002        2500312500.00002     
         514
   333.725000000002        2502937500.00002     
         462
   334.075000000002        2505562500.00002     
         112
   334.425000000002        2508187500.00002     
         488
   334.775000000002        2510812500.00002     
         469
   335.125000000002        2513437500.00002     
         256
   335.475000000002        2516062500.00002     
         152
   335.825000000002        2518687500.00002     
         470
   336.175000000002        2521312500.00002     
         208
   336.525000000002        2523937500.00002     
          96
   336.875000000002        2526562500.00002     
         287
   337.225000000002        2529187500.00002     
         392
   337.575000000002        2531812500.00002     
          24
   337.925000000002        2534437500.00002     
         261
   338.275000000002        2537062500.00002     
         368
   338.625000000002        2539687500.00002     
           8
   338.975000000002        2542312500.00002     
         325
   339.325000000002        2544937500.00002     
         114
   339.675000000003        2547562500.00002     
         406
   340.025000000003        2550187500.00002     
          40
   340.375000000003        2552812500.00002     
         307
   340.725000000003        2555437500.00002     
         465
   341.075000000003        2558062500.00002     
         436
   341.425000000003        2560687500.00002     
         107
   341.775000000003        2563312500.00002     
           9
   342.125000000003        2565937500.00002     
          47
   342.475000000003        2568562500.00002     
         292
   342.825000000003        2571187500.00002     
         293
   343.175000000003        2573812500.00002     
         347
   343.525000000003        2576437500.00002     
          14
   343.875000000003        2579062500.00002     
         374
   344.225000000003        2581687500.00002     
           6
   344.575000000003        2584312500.00002     
         410
   344.925000000003        2586937500.00002     
         178
   345.275000000003        2589562500.00002     
         364
   345.625000000003        2592187500.00002     
          90
   345.975000000003        2594812500.00002     
         512
   346.325000000003        2597437500.00002     
         291
   346.675000000003        2600062500.00002     
         253
   347.025000000003        2602687500.00002     
         330
   347.375000000003        2605312500.00002     
         414
   347.725000000003        2607937500.00002     
         236
   348.075000000003        2610562500.00002     
         420
   348.425000000003        2613187500.00002     
          70
   348.775000000003        2615812500.00002     
         332
   349.125000000003        2618437500.00002     
         396
   349.475000000003        2621062500.00002     
         277
   349.825000000003        2623687500.00002     
         228
   350.175000000003        2626312500.00002     
          66
   350.525000000003        2628937500.00002     
         294
   350.875000000003        2631562500.00002     
         458
   351.225000000003        2634187500.00002     
          78
   351.575000000003        2636812500.00002     
         538
   351.925000000003        2639437500.00002     
         395
   352.275000000003        2642062500.00002     
         225
   352.625000000003        2644687500.00003     
         102
   352.975000000003        2647312500.00003     
         255
   353.325000000003        2649937500.00003     
         251
   353.675000000003        2652562500.00003     
          82
   354.025000000003        2655187500.00003     
         166
   354.375000000003        2657812500.00003     
         462
   354.725000000003        2660437500.00003     
          74
   355.075000000004        2663062500.00003     
         247
   355.425000000004        2665687500.00003     
          51
   355.775000000004        2668312500.00003     
          79
   356.125000000004        2670937500.00003     
         411
   356.475000000004        2673562500.00003     
         448
   356.825000000004        2676187500.00003     
         506
   357.175000000004        2678812500.00003     
         437
   357.525000000004        2681437500.00003     
         220
   357.875000000004        2684062500.00003     
         132
   358.225000000004        2686687500.00003     
         234
   358.575000000004        2689312500.00003     
         238
   358.925000000004        2691937500.00003     
         191
   359.275000000004        2694562500.00003     
         490
   359.625000000004        2697187500.00003     
           7
   359.975000000004        2699812500.00003     
         184
   360.325000000004        2702437500.00003     
         428
   360.675000000004        2705062500.00003     
         199
   361.025000000004        2707687500.00003     
         244
   361.375000000004        2710312500.00003     
          37
   361.725000000004        2712937500.00003     
          24
   362.075000000004        2715562500.00003     
         269
   362.425000000004        2718187500.00003     
         264
   362.775000000004        2720812500.00003     
         251
   363.125000000004        2723437500.00003     
         286
   363.475000000004        2726062500.00003     
         290
   363.825000000004        2728687500.00003     
         488
   364.175000000004        2731312500.00003     
         238
   364.525000000004        2733937500.00003     
         126
   364.875000000004        2736562500.00003     
          35
   365.225000000004        2739187500.00003     
         489
   365.575000000004        2741812500.00003     
         451
   365.925000000004        2744437500.00003     
         456
   366.275000000004        2747062500.00003     
         457
   366.625000000004        2749687500.00003     
          95
   366.975000000004        2752312500.00003     
          82
   367.325000000004        2754937500.00003     
         159
   367.675000000004        2757562500.00003     
         442
   368.025000000004        2760187500.00003     
         127
   368.375000000004        2762812500.00003     
         490
   368.725000000004        2765437500.00003     
         274
   369.075000000004        2768062500.00003     
          15
   369.425000000004        2770687500.00003     
         174
   369.775000000004        2773312500.00003     
         149
   370.125000000004        2775937500.00003     
          10
   370.475000000005        2778562500.00003     
          55
   370.825000000005        2781187500.00003     
          68
   371.175000000005        2783812500.00003     
         304
   371.525000000005        2786437500.00003     
         151
   371.875000000005        2789062500.00003     
         434
   372.225000000005        2791687500.00003     
         256
   372.575000000005        2794312500.00003     
         407
   372.925000000005        2796937500.00003     
         151
   373.275000000005        2799562500.00004     
         120
   373.625000000005        2802187500.00004     
         176
   373.975000000005        2804812500.00004     
         248
   374.325000000005        2807437500.00004     
          31
   374.675000000005        2810062500.00004     
         269
   375.025000000005        2812687500.00004     
         110
   375.375000000005        2815312500.00004     
          79
   375.725000000005        2817937500.00004     
         311
   376.075000000005        2820562500.00004     
          28
   376.425000000005        2823187500.00004     
          25
   376.775000000005        2825812500.00004     
         278
   377.125000000005        2828437500.00004     
         453
   377.475000000005        2831062500.00004     
         107
   377.825000000005        2833687500.00004     
         255
   378.175000000005        2836312500.00004     
         106
   378.525000000005        2838937500.00004     
          83
   378.875000000005        2841562500.00004     
         243
   379.225000000005        2844187500.00004     
         303
   379.575000000005        2846812500.00004     
         259
   379.925000000005        2849437500.00004     
         487
   380.275000000005        2852062500.00004     
         188
   380.625000000005        2854687500.00004     
         510
   380.975000000005        2857312500.00004     
         493
   381.325000000005        2859937500.00004     
         306
   381.675000000005        2862562500.00004     
         305
   382.025000000005        2865187500.00004     
          30
   382.375000000005        2867812500.00004     
         398
   382.725000000005        2870437500.00004     
         130
   383.075000000005        2873062500.00004     
         387
   383.425000000005        2875687500.00004     
         124
   383.775000000005        2878312500.00004     
         260
   384.125000000005        2880937500.00004     
         528
   384.475000000005        2883562500.00004     
          69
   384.825000000005        2886187500.00004     
         299
   385.175000000005        2888812500.00004     
         395
   385.525000000005        2891437500.00004     
          89
   385.875000000006        2894062500.00004     
         201
   386.225000000006        2896687500.00004     
         374
   386.575000000006        2899312500.00004     
         102
   386.925000000006        2901937500.00004     
         495
   387.275000000006        2904562500.00004     
         235
   387.625000000006        2907187500.00004     
         449
   387.975000000006        2909812500.00004     
          13
   388.325000000006        2912437500.00004     
          82
   388.675000000006        2915062500.00004     
         379
   389.025000000006        2917687500.00004     
          62
   389.375000000006        2920312500.00004     
         409
   389.725000000006        2922937500.00004     
         496
   390.075000000006        2925562500.00004     
         426
   390.425000000006        2928187500.00004     
          41
   390.775000000006        2930812500.00004     
         243
   391.125000000006        2933437500.00004     
         515
   391.475000000006        2936062500.00004     
         107
   391.825000000006        2938687500.00004     
          34
   392.175000000006        2941312500.00004     
         373
   392.525000000006        2943937500.00004     
         488
   392.875000000006        2946562500.00004     
         250
   393.225000000006        2949187500.00004     
         311
   393.575000000006        2951812500.00005     
         331
   393.925000000006        2954437500.00005     
          79
   394.275000000006        2957062500.00005     
         353
   394.625000000006        2959687500.00005     
         526
   394.975000000006        2962312500.00005     
          94
   395.325000000006        2964937500.00005     
         293
   395.675000000006        2967562500.00005     
         238
   396.025000000006        2970187500.00005     
         502
   396.375000000006        2972812500.00005     
         401
   396.725000000006        2975437500.00005     
         149
   397.075000000006        2978062500.00005     
         206
   397.425000000006        2980687500.00005     
         466
   397.775000000006        2983312500.00005     
         268
   398.125000000006        2985937500.00005     
         465
   398.475000000006        2988562500.00005     
         338
   398.825000000006        2991187500.00005     
         453
   399.175000000006        2993812500.00005     
          68
   399.525000000006        2996437500.00005     
          35
   399.875000000006        2999062500.00005     
          55
   400.225000000006        3001687500.00005     
         351
   400.575000000006        3004312500.00005     
          75
   400.925000000006        3006937500.00005     
           7
   401.275000000007        3009562500.00005     
         216
   401.625000000007        3012187500.00005     
         487
   401.975000000007        3014812500.00005     
         511
   402.325000000007        3017437500.00005     
         234
   402.675000000007        3020062500.00005     
         144
   403.025000000007        3022687500.00005     
         316
   403.375000000007        3025312500.00005     
          57
   403.725000000007        3027937500.00005     
         464
   404.075000000007        3030562500.00005     
         468
   404.425000000007        3033187500.00005     
         256
   404.775000000007        3035812500.00005     
         441
   405.125000000007        3038437500.00005     
         197
   405.475000000007        3041062500.00005     
         459
   405.825000000007        3043687500.00005     
         510
   406.175000000007        3046312500.00005     
         127
   406.525000000007        3048937500.00005     
          72
   406.875000000007        3051562500.00005     
         279
   407.225000000007        3054187500.00005     
         325
   407.575000000007        3056812500.00005     
         402
   407.925000000007        3059437500.00005     
         519
   408.275000000007        3062062500.00005     
         138
   408.625000000007        3064687500.00005     
         227
   408.975000000007        3067312500.00005     
         486
   409.325000000007        3069937500.00005     
         519
   409.675000000007        3072562500.00005     
          38
   410.025000000007        3075187500.00005     
         102
   410.375000000007        3077812500.00005     
         151
   410.725000000007        3080437500.00005     
         225
   411.075000000007        3083062500.00005     
          36
   411.425000000007        3085687500.00005     
         488
   411.775000000007        3088312500.00005     
          44
   412.125000000007        3090937500.00005     
         454
   412.475000000007        3093562500.00005     
         297
   412.825000000007        3096187500.00005     
           2
   413.175000000007        3098812500.00005     
         228
   413.525000000007        3101437500.00005     
         284
   413.875000000007        3104062500.00005     
         168
   414.225000000007        3106687500.00006     
         439
   414.575000000007        3109312500.00006     
         190
   414.925000000007        3111937500.00006     
         219
   415.275000000007        3114562500.00006     
          78
   415.625000000007        3117187500.00006     
         471
   415.975000000007        3119812500.00006     
         129
   416.325000000007        3122437500.00006     
         147
   416.675000000008        3125062500.00006     
         529
   417.025000000008        3127687500.00006     
         450
   417.375000000008        3130312500.00006     
         108
   417.725000000008        3132937500.00006     
         112
   418.075000000008        3135562500.00006     
         540
   418.425000000008        3138187500.00006     
         281
   418.775000000008        3140812500.00006     
         201
   419.125000000008        3143437500.00006     
         252
   419.475000000008        3146062500.00006     
          65
   419.825000000008        3148687500.00006     
