       time        TW        TE         hW        hE
   0.17500E+00   0.29460E+02   0.29339E+02   0.35339E-02  -0.25636E-01
   0.52500E+00   0.28728E+02   0.27863E+02   0.28603E-01  -0.91881E-01
   0.87500E+00   0.28521E+02   0.26294E+02   0.69343E-01  -0.17725E+00
   0.12250E+01   0.28644E+02   0.24975E+02   0.12176E+00  -0.27229E+00
   0.15750E+01   0.28970E+02   0.23761E+02   0.18910E+00  -0.37419E+00
   0.19250E+01   0.29310E+02   0.22751E+02   0.26064E+00  -0.47574E+00
   0.22750E+01   0.29576E+02   0.22376E+02   0.33951E+00  -0.57812E+00
   0.26250E+01   0.29758E+02   0.22288E+02   0.42860E+00  -0.68216E+00
   0.29750E+01   0.29865E+02   0.22430E+02   0.52390E+00  -0.76746E+00
   0.33250E+01   0.29930E+02   0.22923E+02   0.62205E+00  -0.82458E+00
   0.36750E+01   0.29965E+02   0.23766E+02   0.72204E+00  -0.85151E+00
   0.40250E+01   0.29982E+02   0.24812E+02   0.81450E+00  -0.82378E+00
   0.43750E+01   0.29989E+02   0.25705E+02   0.89875E+00  -0.75513E+00
   0.47250E+01   0.29991E+02   0.26467E+02   0.96598E+00  -0.67354E+00
   0.50750E+01   0.29993E+02   0.27087E+02   0.10017E+01  -0.56274E+00
   0.54250E+01   0.29996E+02   0.27614E+02   0.99857E+00  -0.44026E+00
   0.57750E+01   0.29999E+02   0.28072E+02   0.95470E+00  -0.32928E+00
   0.61250E+01   0.30000E+02   0.28454E+02   0.88764E+00  -0.22234E+00
   0.64750E+01   0.29999E+02   0.28772E+02   0.80933E+00  -0.13232E+00
   0.68250E+01   0.29998E+02   0.29032E+02   0.72343E+00  -0.62263E-01
   0.71750E+01   0.29996E+02   0.29242E+02   0.63835E+00   0.41615E-02
   0.75250E+01   0.29993E+02   0.29332E+02   0.56338E+00   0.54128E-01
   0.78750E+01   0.29988E+02   0.29338E+02   0.50100E+00   0.83990E-01
   0.82250E+01   0.29980E+02   0.29309E+02   0.44872E+00   0.99438E-01
   0.85750E+01   0.29968E+02   0.29243E+02   0.40551E+00   0.96147E-01
   0.89250E+01   0.29953E+02   0.29156E+02   0.37799E+00   0.89670E-01
   0.92750E+01   0.29939E+02   0.29072E+02   0.36294E+00   0.83747E-01
   0.96250E+01   0.29925E+02   0.28984E+02   0.35085E+00   0.69664E-01
   0.99750E+01   0.29912E+02   0.28787E+02   0.34157E+00   0.48365E-01
   0.10325E+02   0.29901E+02   0.28612E+02   0.33478E+00   0.34539E-01
   0.10675E+02   0.29894E+02   0.28482E+02   0.33161E+00   0.27849E-01
   0.11025E+02   0.29887E+02   0.28251E+02   0.32662E+00   0.93178E-02
   0.11375E+02   0.29878E+02   0.28039E+02   0.31675E+00  -0.12696E-01
   0.11725E+02   0.29865E+02   0.27920E+02   0.30333E+00  -0.21566E-01
   0.12075E+02   0.29847E+02   0.27719E+02   0.29172E+00  -0.34107E-01
   0.12425E+02   0.29829E+02   0.27404E+02   0.28288E+00  -0.58166E-01
   0.12775E+02   0.29814E+02   0.27021E+02   0.27477E+00  -0.82399E-01
   0.13125E+02   0.29796E+02   0.26738E+02   0.27140E+00  -0.96939E-01
   0.13475E+02   0.29786E+02   0.26365E+02   0.27044E+00  -0.11753E+00
   0.13825E+02   0.29783E+02   0.25839E+02   0.26816E+00  -0.14819E+00
   0.14175E+02   0.29779E+02   0.25540E+02   0.27298E+00  -0.16957E+00
   0.14525E+02   0.29785E+02   0.25406E+02   0.28462E+00  -0.18770E+00
   0.14875E+02   0.29801E+02   0.25280E+02   0.29418E+00  -0.20841E+00
   0.15225E+02   0.29817E+02   0.24961E+02   0.30939E+00  -0.23835E+00
   0.15575E+02   0.29839E+02   0.24636E+02   0.33309E+00  -0.27634E+00
   0.15925E+02   0.29866E+02   0.24637E+02   0.35611E+00  -0.30362E+00
   0.16275E+02   0.29890E+02   0.24773E+02   0.38062E+00  -0.32983E+00
   0.16625E+02   0.29912E+02   0.24795E+02   0.40642E+00  -0.36556E+00
   0.16975E+02   0.29931E+02   0.24773E+02   0.43514E+00  -0.39339E+00
   0.17325E+02   0.29947E+02   0.24784E+02   0.46991E+00  -0.41663E+00
   0.17675E+02   0.29960E+02   0.24753E+02   0.50022E+00  -0.44632E+00
   0.18025E+02   0.29971E+02   0.25209E+02   0.53427E+00  -0.46155E+00
   0.18375E+02   0.29979E+02   0.25626E+02   0.57681E+00  -0.46559E+00
   0.18725E+02   0.29985E+02   0.25967E+02   0.61078E+00  -0.47006E+00
   0.19075E+02   0.29990E+02   0.26728E+02   0.63113E+00  -0.45237E+00
   0.19425E+02   0.29993E+02   0.27379E+02   0.65613E+00  -0.41853E+00
   0.19775E+02   0.29995E+02   0.27917E+02   0.68289E+00  -0.37658E+00
   0.20125E+02   0.29996E+02   0.28337E+02   0.69236E+00  -0.32727E+00
   0.20475E+02   0.29997E+02   0.28671E+02   0.68839E+00  -0.28420E+00
   0.20825E+02   0.29997E+02   0.28951E+02   0.67390E+00  -0.23229E+00
   0.21175E+02   0.29996E+02   0.29173E+02   0.65033E+00  -0.17015E+00
   0.21525E+02   0.29995E+02   0.29152E+02   0.62102E+00  -0.12044E+00
   0.21875E+02   0.29993E+02   0.29025E+02   0.57905E+00  -0.79760E-01
   0.22225E+02   0.29990E+02   0.28925E+02   0.53527E+00  -0.41073E-01
   0.22575E+02   0.29986E+02   0.28860E+02   0.49685E+00  -0.49732E-02
   0.22925E+02   0.29979E+02   0.28766E+02   0.45542E+00   0.17880E-01
   0.23275E+02   0.29968E+02   0.28581E+02   0.41761E+00   0.21985E-01
   0.23625E+02   0.29955E+02   0.28493E+02   0.38452E+00   0.27430E-01
   0.23975E+02   0.29943E+02   0.28439E+02   0.35619E+00   0.33549E-01
   0.24325E+02   0.29924E+02   0.28414E+02   0.33443E+00   0.28643E-01
   0.24675E+02   0.29902E+02   0.28335E+02   0.32595E+00   0.17736E-01
   0.25025E+02   0.29889E+02   0.28163E+02   0.32250E+00   0.35678E-02
   0.25375E+02   0.29879E+02   0.27929E+02   0.31475E+00  -0.15820E-01
   0.25725E+02   0.29866E+02   0.27685E+02   0.30725E+00  -0.37107E-01
   0.26075E+02   0.29859E+02   0.27428E+02   0.30626E+00  -0.47184E-01
   0.26425E+02   0.29856E+02   0.27198E+02   0.30312E+00  -0.56759E-01
   0.26775E+02   0.29848E+02   0.26968E+02   0.29671E+00  -0.80216E-01
   0.27125E+02   0.29838E+02   0.26675E+02   0.29242E+00  -0.96112E-01
   0.27475E+02   0.29831E+02   0.26504E+02   0.29171E+00  -0.10649E+00
   0.27825E+02   0.29829E+02   0.26324E+02   0.29709E+00  -0.12894E+00
   0.28175E+02   0.29831E+02   0.26019E+02   0.29816E+00  -0.15233E+00
   0.28525E+02   0.29828E+02   0.25619E+02   0.29728E+00  -0.17282E+00
   0.28875E+02   0.29828E+02   0.25216E+02   0.30069E+00  -0.19769E+00
   0.29225E+02   0.29836E+02   0.25024E+02   0.31201E+00  -0.22115E+00
   0.29575E+02   0.29848E+02   0.24813E+02   0.32754E+00  -0.24872E+00
   0.29925E+02   0.29864E+02   0.24473E+02   0.34311E+00  -0.28647E+00
   0.30275E+02   0.29882E+02   0.24361E+02   0.36193E+00  -0.32072E+00
   0.30625E+02   0.29901E+02   0.24288E+02   0.38666E+00  -0.35236E+00
   0.30975E+02   0.29919E+02   0.24324E+02   0.41188E+00  -0.38475E+00
   0.31325E+02   0.29936E+02   0.24528E+02   0.44476E+00  -0.41338E+00
   0.31675E+02   0.29951E+02   0.24522E+02   0.48242E+00  -0.44192E+00
   0.32025E+02   0.29964E+02   0.24429E+02   0.51503E+00  -0.47426E+00
   0.32375E+02   0.29974E+02   0.24875E+02   0.55111E+00  -0.48890E+00
   0.32725E+02   0.29982E+02   0.25725E+02   0.59362E+00  -0.48507E+00
   0.33075E+02   0.29988E+02   0.26443E+02   0.62970E+00  -0.47605E+00
   0.33425E+02   0.29992E+02   0.27119E+02   0.65603E+00  -0.45401E+00
   0.33775E+02   0.29994E+02   0.27661E+02   0.67937E+00  -0.41405E+00
   0.34125E+02   0.29996E+02   0.28080E+02   0.69975E+00  -0.35758E+00
   0.34475E+02   0.29997E+02   0.28445E+02   0.70938E+00  -0.30252E+00
   0.34825E+02   0.29998E+02   0.28743E+02   0.70198E+00  -0.25436E+00
   0.35175E+02   0.29998E+02   0.28970E+02   0.68143E+00  -0.20252E+00
   0.35525E+02   0.29996E+02   0.29151E+02   0.64700E+00  -0.14033E+00
   0.35875E+02   0.29995E+02   0.29325E+02   0.60778E+00  -0.81648E-01
   0.36225E+02   0.29992E+02   0.29256E+02   0.56677E+00  -0.41343E-01
   0.36575E+02   0.29989E+02   0.28987E+02   0.52058E+00  -0.99664E-02
   0.36925E+02   0.29982E+02   0.28934E+02   0.47116E+00   0.19278E-01
   0.37275E+02   0.29971E+02   0.28984E+02   0.43015E+00   0.45202E-01
   0.37625E+02   0.29957E+02   0.28906E+02   0.40051E+00   0.51895E-01
   0.37975E+02   0.29941E+02   0.28793E+02   0.37211E+00   0.39284E-01
   0.38325E+02   0.29926E+02   0.28636E+02   0.34615E+00   0.29485E-01
   0.38675E+02   0.29906E+02   0.28427E+02   0.32213E+00   0.20352E-01
   0.39025E+02   0.29884E+02   0.28322E+02   0.31292E+00   0.15355E-01
   0.39375E+02   0.29873E+02   0.28232E+02   0.31518E+00   0.83745E-02
   0.39725E+02   0.29868E+02   0.28145E+02   0.31289E+00  -0.65288E-02
   0.40075E+02   0.29861E+02   0.28132E+02   0.30478E+00  -0.15960E-01
   0.40425E+02   0.29850E+02   0.28078E+02   0.29821E+00  -0.21566E-01
   0.40775E+02   0.29841E+02   0.27802E+02   0.29899E+00  -0.37237E-01
   0.41125E+02   0.29835E+02   0.27409E+02   0.29365E+00  -0.61868E-01
   0.41475E+02   0.29825E+02   0.27014E+02   0.27976E+00  -0.84403E-01
   0.41825E+02   0.29811E+02   0.26676E+02   0.26715E+00  -0.10121E+00
   0.42175E+02   0.29794E+02   0.26472E+02   0.26652E+00  -0.11360E+00
   0.42525E+02   0.29787E+02   0.26174E+02   0.27655E+00  -0.13551E+00
   0.42875E+02   0.29793E+02   0.25750E+02   0.28532E+00  -0.16977E+00
   0.43225E+02   0.29803E+02   0.25241E+02   0.29201E+00  -0.20801E+00
   0.43575E+02   0.29817E+02   0.24834E+02   0.30677E+00  -0.24262E+00
   0.43925E+02   0.29838E+02   0.24668E+02   0.32693E+00  -0.26771E+00
   0.44275E+02   0.29860E+02   0.24320E+02   0.34435E+00  -0.30386E+00
   0.44625E+02   0.29880E+02   0.23833E+02   0.36387E+00  -0.35458E+00
   0.44975E+02   0.29901E+02   0.23730E+02   0.39084E+00  -0.39549E+00
   0.45325E+02   0.29921E+02   0.23653E+02   0.42720E+00  -0.43833E+00
   0.45675E+02   0.29941E+02   0.23362E+02   0.46804E+00  -0.49110E+00
   0.46025E+02   0.29958E+02   0.22978E+02   0.50894E+00  -0.54606E+00
   0.46375E+02   0.29970E+02   0.23192E+02   0.54732E+00  -0.57945E+00
   0.46725E+02   0.29980E+02   0.23965E+02   0.59370E+00  -0.58264E+00
   0.47075E+02   0.29988E+02   0.24801E+02   0.65059E+00  -0.57225E+00
   0.47425E+02   0.29993E+02   0.25782E+02   0.70430E+00  -0.54606E+00
   0.47775E+02   0.29996E+02   0.26619E+02   0.74740E+00  -0.50345E+00
   0.48125E+02   0.29997E+02   0.27296E+02   0.77564E+00  -0.44187E+00
   0.48475E+02   0.29999E+02   0.27837E+02   0.78876E+00  -0.36505E+00
   0.48825E+02   0.30000E+02   0.28277E+02   0.78474E+00  -0.28846E+00
   0.49175E+02   0.29999E+02   0.28633E+02   0.76276E+00  -0.21523E+00
   0.49525E+02   0.29998E+02   0.28925E+02   0.71955E+00  -0.14952E+00
   0.49875E+02   0.29997E+02   0.29158E+02   0.66204E+00  -0.85874E-01
   0.50225E+02   0.29996E+02   0.29164E+02   0.60531E+00  -0.29516E-01
   0.50575E+02   0.29993E+02   0.29064E+02   0.55042E+00   0.11499E-01
   0.50925E+02   0.29987E+02   0.29028E+02   0.49267E+00   0.44932E-01
   0.51275E+02   0.29977E+02   0.29008E+02   0.43811E+00   0.64501E-01
   0.51625E+02   0.29962E+02   0.29067E+02   0.39799E+00   0.79880E-01
   0.51975E+02   0.29947E+02   0.29052E+02   0.37576E+00   0.78517E-01
   0.52325E+02   0.29931E+02   0.28950E+02   0.35631E+00   0.57199E-01
   0.52675E+02   0.29914E+02   0.28787E+02   0.33874E+00   0.41160E-01
   0.53025E+02   0.29901E+02   0.28604E+02   0.32614E+00   0.30449E-01
   0.53375E+02   0.29889E+02   0.28542E+02   0.31761E+00   0.30132E-01
   0.53725E+02   0.29877E+02   0.28480E+02   0.31527E+00   0.25079E-01
   0.54075E+02   0.29870E+02   0.28232E+02   0.31026E+00  -0.13416E-02
   0.54425E+02   0.29863E+02   0.27938E+02   0.30188E+00  -0.21841E-01
   0.54775E+02   0.29851E+02   0.27771E+02   0.29340E+00  -0.32326E-01
   0.55125E+02   0.29837E+02   0.27726E+02   0.28884E+00  -0.37513E-01
   0.55475E+02   0.29825E+02   0.27604E+02   0.28394E+00  -0.49730E-01
   0.55825E+02   0.29812E+02   0.27224E+02   0.27603E+00  -0.79829E-01
   0.56175E+02   0.29797E+02   0.26690E+02   0.26794E+00  -0.10718E+00
   0.56525E+02   0.29786E+02   0.26108E+02   0.27014E+00  -0.13141E+00
   0.56875E+02   0.29789E+02   0.25517E+02   0.27824E+00  -0.16056E+00
   0.57225E+02   0.29795E+02   0.25132E+02   0.28429E+00  -0.19180E+00
   0.57575E+02   0.29802E+02   0.24979E+02   0.29196E+00  -0.21820E+00
   0.57925E+02   0.29814E+02   0.24743E+02   0.30090E+00  -0.24511E+00
   0.58275E+02   0.29833E+02   0.24197E+02   0.32250E+00  -0.28668E+00
   0.58625E+02   0.29860E+02   0.23554E+02   0.35294E+00  -0.34008E+00
   0.58975E+02   0.29887E+02   0.23051E+02   0.38233E+00  -0.39995E+00
   0.59325E+02   0.29911E+02   0.22963E+02   0.41048E+00  -0.45262E+00
   0.59675E+02   0.29932E+02   0.23269E+02   0.44437E+00  -0.49207E+00
   0.60025E+02   0.29950E+02   0.23742E+02   0.48889E+00  -0.52560E+00
   0.60375E+02   0.29965E+02   0.24191E+02   0.53967E+00  -0.55101E+00
   0.60725E+02   0.29977E+02   0.24865E+02   0.59375E+00  -0.56571E+00
   0.61075E+02   0.29985E+02   0.25658E+02   0.64818E+00  -0.56405E+00
   0.61425E+02   0.29991E+02   0.26303E+02   0.69894E+00  -0.54573E+00
   0.61775E+02   0.29995E+02   0.27015E+02   0.73684E+00  -0.50967E+00
   0.62125E+02   0.29997E+02   0.27584E+02   0.75817E+00  -0.45201E+00
   0.62475E+02   0.29998E+02   0.28038E+02   0.76380E+00  -0.38389E+00
   0.62825E+02   0.29999E+02   0.28415E+02   0.76292E+00  -0.32039E+00
   0.63175E+02   0.29999E+02   0.28731E+02   0.75271E+00  -0.25756E+00
   0.63525E+02   0.29999E+02   0.28989E+02   0.72629E+00  -0.19242E+00
   0.63875E+02   0.29998E+02   0.29172E+02   0.68487E+00  -0.13686E+00
   0.64225E+02   0.29997E+02   0.29327E+02   0.63218E+00  -0.82292E-01
   0.64575E+02   0.29994E+02   0.29328E+02   0.57678E+00  -0.25010E-01
   0.64925E+02   0.29991E+02   0.29202E+02   0.52492E+00   0.19195E-01
   0.65275E+02   0.29984E+02   0.29137E+02   0.47878E+00   0.48960E-01
   0.65625E+02   0.29975E+02   0.29063E+02   0.43993E+00   0.62435E-01
   0.65975E+02   0.29963E+02   0.29017E+02   0.40704E+00   0.67967E-01
   0.66325E+02   0.29948E+02   0.28963E+02   0.37542E+00   0.68138E-01
   0.66675E+02   0.29929E+02   0.28876E+02   0.34954E+00   0.58811E-01
   0.67025E+02   0.29910E+02   0.28775E+02   0.33175E+00   0.48610E-01
   0.67375E+02   0.29894E+02   0.28581E+02   0.31997E+00   0.30604E-01
   0.67725E+02   0.29882E+02   0.28310E+02   0.31448E+00   0.78431E-02
   0.68075E+02   0.29872E+02   0.28060E+02   0.30941E+00  -0.62435E-02
   0.68425E+02   0.29865E+02   0.27805E+02   0.30574E+00  -0.20670E-01
   0.68775E+02   0.29861E+02   0.27521E+02   0.30012E+00  -0.38315E-01
   0.69125E+02   0.29849E+02   0.27281E+02   0.29116E+00  -0.54909E-01
   0.69475E+02   0.29836E+02   0.27157E+02   0.28563E+00  -0.62105E-01
   0.69825E+02   0.29826E+02   0.26954E+02   0.28470E+00  -0.76183E-01
   0.70175E+02   0.29820E+02   0.26689E+02   0.28654E+00  -0.10300E+00
   0.70525E+02   0.29816E+02   0.26389E+02   0.28472E+00  -0.12699E+00
   0.70875E+02   0.29810E+02   0.26065E+02   0.28577E+00  -0.14759E+00
   0.71225E+02   0.29811E+02   0.25823E+02   0.29098E+00  -0.16707E+00
   0.71575E+02   0.29819E+02   0.25493E+02   0.29675E+00  -0.19422E+00
   0.71925E+02   0.29826E+02   0.25225E+02   0.30528E+00  -0.21987E+00
   0.72275E+02   0.29837E+02   0.24766E+02   0.31881E+00  -0.25021E+00
   0.72625E+02   0.29855E+02   0.24281E+02   0.33670E+00  -0.29004E+00
   0.72975E+02   0.29876E+02   0.24219E+02   0.35783E+00  -0.32490E+00
   0.73325E+02   0.29897E+02   0.24159E+02   0.38343E+00  -0.36281E+00
   0.73675E+02   0.29917E+02   0.23898E+02   0.41246E+00  -0.40571E+00
   0.74025E+02   0.29935E+02   0.23841E+02   0.44351E+00  -0.44306E+00
   0.74375E+02   0.29951E+02   0.24054E+02   0.48162E+00  -0.47741E+00
   0.74725E+02   0.29965E+02   0.24520E+02   0.52874E+00  -0.49912E+00
   0.75075E+02   0.29976E+02   0.25237E+02   0.57309E+00  -0.50664E+00
   0.75425E+02   0.29985E+02   0.25943E+02   0.61331E+00  -0.50878E+00
   0.75775E+02   0.29990E+02   0.26655E+02   0.65109E+00  -0.48935E+00
   0.76125E+02   0.29993E+02   0.27281E+02   0.68435E+00  -0.44666E+00
   0.76475E+02   0.29995E+02   0.27777E+02   0.70864E+00  -0.40269E+00
   0.76825E+02   0.29997E+02   0.28208E+02   0.72389E+00  -0.35457E+00
   0.77175E+02   0.29997E+02   0.28553E+02   0.72412E+00  -0.29694E+00
   0.77525E+02   0.29998E+02   0.28841E+02   0.70661E+00  -0.23891E+00
   0.77875E+02   0.29998E+02   0.29080E+02   0.67785E+00  -0.17725E+00
   0.78225E+02   0.29997E+02   0.29273E+02   0.64351E+00  -0.11717E+00
   0.78575E+02   0.29995E+02   0.29435E+02   0.60493E+00  -0.66161E-01
   0.78925E+02   0.29993E+02   0.29488E+02   0.55615E+00  -0.24515E-01
   0.79275E+02   0.29988E+02   0.29366E+02   0.50633E+00   0.94970E-02
   0.79625E+02   0.29981E+02   0.29200E+02   0.46138E+00   0.39329E-01
   0.79975E+02   0.29970E+02   0.29074E+02   0.42186E+00   0.55141E-01
   0.80325E+02   0.29956E+02   0.28959E+02   0.38420E+00   0.55234E-01
   0.80675E+02   0.29937E+02   0.28845E+02   0.35183E+00   0.50640E-01
   0.81025E+02   0.29917E+02   0.28652E+02   0.33111E+00   0.36927E-01
   0.81375E+02   0.29899E+02   0.28348E+02   0.31870E+00   0.15781E-01
   0.81725E+02   0.29885E+02   0.28041E+02   0.31098E+00  -0.27288E-02
   0.82075E+02   0.29874E+02   0.27917E+02   0.30591E+00  -0.10591E-01
   0.82425E+02   0.29867E+02   0.27949E+02   0.30474E+00  -0.10551E-01
   0.82775E+02   0.29859E+02   0.27884E+02   0.30655E+00  -0.22390E-01
   0.83125E+02   0.29857E+02   0.27566E+02   0.30748E+00  -0.49803E-01
   0.83475E+02   0.29853E+02   0.27220E+02   0.30091E+00  -0.71322E-01
   0.83825E+02   0.29842E+02   0.26872E+02   0.29379E+00  -0.86886E-01
   0.84175E+02   0.29832E+02   0.26604E+02   0.28860E+00  -0.10336E+00
   0.84525E+02   0.29822E+02   0.26618E+02   0.28305E+00  -0.11189E+00
   0.84875E+02   0.29818E+02   0.26664E+02   0.28116E+00  -0.12309E+00
   0.85225E+02   0.29818E+02   0.26597E+02   0.28441E+00  -0.14251E+00
   0.85575E+02   0.29822E+02   0.26512E+02   0.29451E+00  -0.16039E+00
   0.85925E+02   0.29834E+02   0.26496E+02   0.30735E+00  -0.17797E+00
   0.86275E+02   0.29850E+02   0.26510E+02   0.32071E+00  -0.19737E+00
   0.86625E+02   0.29866E+02   0.26544E+02   0.33002E+00  -0.21463E+00
   0.86975E+02   0.29879E+02   0.26550E+02   0.33363E+00  -0.23298E+00
   0.87325E+02   0.29887E+02   0.26400E+02   0.34775E+00  -0.25817E+00
   0.87675E+02   0.29898E+02   0.26097E+02   0.37299E+00  -0.28495E+00
   0.88025E+02   0.29912E+02   0.25603E+02   0.39342E+00  -0.32098E+00
   0.88375E+02   0.29925E+02   0.25125E+02   0.41268E+00  -0.36447E+00
   0.88725E+02   0.29936E+02   0.24965E+02   0.43874E+00  -0.39537E+00
   0.89075E+02   0.29949E+02   0.24883E+02   0.46981E+00  -0.41811E+00
   0.89425E+02   0.29962E+02   0.24737E+02   0.50153E+00  -0.44493E+00
   0.89775E+02   0.29972E+02   0.24606E+02   0.53778E+00  -0.47885E+00
   0.90125E+02   0.29980E+02   0.24965E+02   0.57461E+00  -0.49019E+00
   0.90475E+02   0.29986E+02   0.25849E+02   0.61453E+00  -0.47028E+00
   0.90825E+02   0.29990E+02   0.26650E+02   0.64901E+00  -0.44949E+00
   0.91175E+02   0.29993E+02   0.27246E+02   0.67454E+00  -0.41077E+00
   0.91525E+02   0.29995E+02   0.27768E+02   0.69352E+00  -0.36014E+00
   0.91875E+02   0.29996E+02   0.28231E+02   0.69686E+00  -0.32013E+00
   0.92225E+02   0.29996E+02   0.28595E+02   0.69148E+00  -0.26496E+00
   0.92575E+02   0.29996E+02   0.28887E+02   0.67762E+00  -0.20747E+00
   0.92925E+02   0.29996E+02   0.29137E+02   0.64804E+00  -0.15949E+00
   0.93275E+02   0.29994E+02   0.29161E+02   0.60307E+00  -0.11071E+00
   0.93625E+02   0.29992E+02   0.28956E+02   0.55673E+00  -0.71331E-01
   0.93975E+02   0.29988E+02   0.28837E+02   0.51760E+00  -0.31242E-01
   0.94325E+02   0.29983E+02   0.28800E+02   0.48178E+00   0.49182E-02
   0.94675E+02   0.29974E+02   0.28653E+02   0.44689E+00   0.12817E-01
   0.95025E+02   0.29963E+02   0.28508E+02   0.41276E+00   0.17393E-01
   0.95375E+02   0.29950E+02   0.28532E+02   0.37881E+00   0.34924E-01
   0.95725E+02   0.29936E+02   0.28525E+02   0.35489E+00   0.35001E-01
   0.96075E+02   0.29920E+02   0.28299E+02   0.34022E+00   0.12874E-01
   0.96425E+02   0.29906E+02   0.28046E+02   0.32589E+00  -0.25547E-02
   0.96775E+02   0.29891E+02   0.27970E+02   0.31523E+00  -0.55401E-02
   0.97125E+02   0.29877E+02   0.27880E+02   0.31318E+00  -0.14383E-01
   0.97475E+02   0.29868E+02   0.27667E+02   0.30972E+00  -0.32258E-01
   0.97825E+02   0.29864E+02   0.27429E+02   0.30633E+00  -0.52579E-01
   0.98175E+02   0.29861E+02   0.27068E+02   0.30337E+00  -0.72521E-01
   0.98525E+02   0.29853E+02   0.26807E+02   0.29374E+00  -0.83866E-01
   0.98875E+02   0.29839E+02   0.26720E+02   0.29178E+00  -0.89050E-01
   0.99225E+02   0.29830E+02   0.26516E+02   0.29755E+00  -0.10765E+00
   0.99575E+02   0.29829E+02   0.26139E+02   0.29793E+00  -0.13431E+00
   0.99925E+02   0.29827E+02   0.25448E+02   0.28992E+00  -0.16889E+00
   0.10027E+03   0.29824E+02   0.24809E+02   0.29191E+00  -0.20458E+00
   0.10062E+03   0.29830E+02   0.24586E+02   0.30893E+00  -0.22453E+00
   0.10097E+03   0.29844E+02   0.24383E+02   0.32391E+00  -0.25195E+00
   0.10132E+03   0.29859E+02   0.24167E+02   0.33454E+00  -0.29665E+00
   0.10167E+03   0.29875E+02   0.23939E+02   0.35293E+00  -0.33948E+00
   0.10202E+03   0.29895E+02   0.23956E+02   0.38514E+00  -0.36988E+00
   0.10237E+03   0.29917E+02   0.24216E+02   0.42383E+00  -0.40112E+00
   0.10272E+03   0.29938E+02   0.24520E+02   0.45893E+00  -0.43627E+00
   0.10307E+03   0.29954E+02   0.24832E+02   0.48996E+00  -0.46291E+00
   0.10342E+03   0.29966E+02   0.25117E+02   0.52429E+00  -0.47660E+00
   0.10377E+03   0.29976E+02   0.25549E+02   0.56204E+00  -0.48034E+00
   0.10412E+03   0.29984E+02   0.26177E+02   0.60160E+00  -0.47269E+00
   0.10447E+03   0.29989E+02   0.26913E+02   0.64000E+00  -0.45775E+00
   0.10482E+03   0.29993E+02   0.27513E+02   0.66699E+00  -0.43211E+00
   0.10517E+03   0.29995E+02   0.28005E+02   0.68169E+00  -0.39067E+00
   0.10552E+03   0.29996E+02   0.28416E+02   0.69297E+00  -0.34604E+00
   0.10587E+03   0.29996E+02   0.28745E+02   0.69358E+00  -0.29668E+00
   0.10622E+03   0.29997E+02   0.28993E+02   0.68368E+00  -0.23685E+00
   0.10657E+03   0.29997E+02   0.29200E+02   0.66477E+00  -0.17473E+00
   0.10692E+03   0.29996E+02   0.29376E+02   0.63379E+00  -0.12389E+00
   0.10727E+03   0.29995E+02   0.29517E+02   0.59753E+00  -0.76067E-01
   0.10762E+03   0.29992E+02   0.29361E+02   0.55859E+00  -0.34720E-01
   0.10797E+03   0.29988E+02   0.29086E+02   0.51016E+00  -0.16029E-02
   0.10832E+03   0.29980E+02   0.28986E+02   0.46007E+00   0.26822E-01
   0.10867E+03   0.29970E+02   0.28870E+02   0.42017E+00   0.42668E-01
   0.10902E+03   0.29957E+02   0.28726E+02   0.38388E+00   0.45941E-01
   0.10937E+03   0.29940E+02   0.28587E+02   0.35266E+00   0.35746E-01
   0.10972E+03   0.29921E+02   0.28464E+02   0.33381E+00   0.24181E-01
   0.11007E+03   0.29903E+02   0.28370E+02   0.32678E+00   0.18891E-01
   0.11042E+03   0.29891E+02   0.28218E+02   0.32071E+00   0.31798E-02
   0.11077E+03   0.29881E+02   0.27935E+02   0.31414E+00  -0.21450E-01
   0.11112E+03   0.29873E+02   0.27711E+02   0.30857E+00  -0.31647E-01
   0.11147E+03   0.29864E+02   0.27596E+02   0.30602E+00  -0.33780E-01
   0.11182E+03   0.29860E+02   0.27459E+02   0.30359E+00  -0.43391E-01
   0.11217E+03   0.29854E+02   0.27262E+02   0.29588E+00  -0.61103E-01
   0.11252E+03   0.29840E+02   0.27103E+02   0.28976E+00  -0.75890E-01
   0.11287E+03   0.29829E+02   0.26953E+02   0.28583E+00  -0.86927E-01
   0.11322E+03   0.29820E+02   0.26823E+02   0.28329E+00  -0.10301E+00
   0.11357E+03   0.29812E+02   0.26765E+02   0.28613E+00  -0.12177E+00
   0.11392E+03   0.29814E+02   0.26638E+02   0.29073E+00  -0.13776E+00
   0.11427E+03   0.29821E+02   0.26452E+02   0.29244E+00  -0.15518E+00
   0.11462E+03   0.29824E+02   0.26326E+02   0.29629E+00  -0.17407E+00
   0.11497E+03   0.29832E+02   0.26394E+02   0.30966E+00  -0.18604E+00
   0.11532E+03   0.29850E+02   0.26462E+02   0.32600E+00  -0.19965E+00
   0.11567E+03   0.29867E+02   0.26091E+02   0.33494E+00  -0.23271E+00
   0.11602E+03   0.29880E+02   0.25434E+02   0.34256E+00  -0.27615E+00
   0.11637E+03   0.29892E+02   0.25060E+02   0.35871E+00  -0.30468E+00
   0.11672E+03   0.29907E+02   0.24709E+02   0.38358E+00  -0.33828E+00
   0.11707E+03   0.29921E+02   0.24293E+02   0.40958E+00  -0.39019E+00
   0.11742E+03   0.29934E+02   0.23870E+02   0.43866E+00  -0.44296E+00
   0.11777E+03   0.29949E+02   0.23719E+02   0.47478E+00  -0.48863E+00
   0.11812E+03   0.29963E+02   0.24025E+02   0.52000E+00  -0.51965E+00
   0.11847E+03   0.29975E+02   0.24352E+02   0.56746E+00  -0.54100E+00
   0.11882E+03   0.29983E+02   0.24807E+02   0.61363E+00  -0.55213E+00
   0.11917E+03   0.29990E+02   0.25553E+02   0.65991E+00  -0.53649E+00
   0.11952E+03   0.29994E+02   0.26160E+02   0.69863E+00  -0.50925E+00
   0.11987E+03   0.29996E+02   0.26638E+02   0.72656E+00  -0.46744E+00
   0.12022E+03   0.29998E+02   0.27253E+02   0.75078E+00  -0.40285E+00
   0.12057E+03   0.29999E+02   0.27780E+02   0.76369E+00  -0.33472E+00
   0.12092E+03   0.29999E+02   0.28219E+02   0.74825E+00  -0.26692E+00
   0.12127E+03   0.29999E+02   0.28586E+02   0.71784E+00  -0.20698E+00
   0.12162E+03   0.29998E+02   0.28891E+02   0.68446E+00  -0.14662E+00
   0.12197E+03   0.29997E+02   0.29141E+02   0.64310E+00  -0.80149E-01
   0.12232E+03   0.29994E+02   0.28976E+02   0.58616E+00  -0.41881E-01
   0.12267E+03   0.29990E+02   0.28709E+02   0.52738E+00  -0.12013E-01
   0.12302E+03   0.29984E+02   0.28731E+02   0.47789E+00   0.32283E-01
   0.12337E+03   0.29975E+02   0.28714E+02   0.43473E+00   0.49769E-01
   0.12372E+03   0.29963E+02   0.28664E+02   0.40021E+00   0.47223E-01
   0.12407E+03   0.29946E+02   0.28611E+02   0.37265E+00   0.43244E-01
   0.12442E+03   0.29927E+02   0.28546E+02   0.35633E+00   0.38628E-01
   0.12477E+03   0.29914E+02   0.28448E+02   0.34364E+00   0.28638E-01
   0.12512E+03   0.29903E+02   0.28231E+02   0.32895E+00   0.54146E-02
   0.12547E+03   0.29891E+02   0.28002E+02   0.32332E+00  -0.58714E-02
   0.12582E+03   0.29883E+02   0.27912E+02   0.31980E+00  -0.55496E-02
   0.12617E+03   0.29875E+02   0.27829E+02   0.31348E+00  -0.17106E-01
   0.12652E+03   0.29869E+02   0.27595E+02   0.30695E+00  -0.37040E-01
   0.12687E+03   0.29861E+02   0.27298E+02   0.30005E+00  -0.57597E-01
   0.12722E+03   0.29852E+02   0.26917E+02   0.29261E+00  -0.74454E-01
   0.12757E+03   0.29839E+02   0.26408E+02   0.28022E+00  -0.96875E-01
   0.12792E+03   0.29820E+02   0.26104E+02   0.27219E+00  -0.12102E+00
   0.12827E+03   0.29809E+02   0.25957E+02   0.27934E+00  -0.13662E+00
   0.12862E+03   0.29811E+02   0.25851E+02   0.28932E+00  -0.15648E+00
   0.12897E+03   0.29819E+02   0.25474E+02   0.29454E+00  -0.19589E+00
   0.12932E+03   0.29832E+02   0.24946E+02   0.30360E+00  -0.23515E+00
   0.12967E+03   0.29847E+02   0.24817E+02   0.32308E+00  -0.25671E+00
   0.13002E+03   0.29864E+02   0.24780E+02   0.34187E+00  -0.28260E+00
   0.13037E+03   0.29881E+02   0.24768E+02   0.35779E+00  -0.31718E+00
   0.13072E+03   0.29898E+02   0.24673E+02   0.38230E+00  -0.35641E+00
   0.13107E+03   0.29916E+02   0.24597E+02   0.41545E+00  -0.39383E+00
   0.13142E+03   0.29935E+02   0.24434E+02   0.44530E+00  -0.42923E+00
   0.13177E+03   0.29950E+02   0.24085E+02   0.47719E+00  -0.47075E+00
   0.13212E+03   0.29963E+02   0.24115E+02   0.51732E+00  -0.49752E+00
   0.13247E+03   0.29974E+02   0.24280E+02   0.55707E+00  -0.51314E+00
   0.13282E+03   0.29982E+02   0.24392E+02   0.59347E+00  -0.53189E+00
   0.13317E+03   0.29988E+02   0.24870E+02   0.63017E+00  -0.53451E+00
   0.13352E+03   0.29992E+02   0.25669E+02   0.67514E+00  -0.50398E+00
   0.13387E+03   0.29995E+02   0.26480E+02   0.71221E+00  -0.45642E+00
   0.13422E+03   0.29997E+02   0.27195E+02   0.73238E+00  -0.41792E+00
   0.13457E+03   0.29998E+02   0.27764E+02   0.74044E+00  -0.36528E+00
   0.13492E+03   0.29998E+02   0.28216E+02   0.73922E+00  -0.29258E+00
   0.13527E+03   0.29998E+02   0.28588E+02   0.72634E+00  -0.22638E+00
   0.13562E+03   0.29998E+02   0.28889E+02   0.69360E+00  -0.16370E+00
   0.13597E+03   0.29997E+02   0.28960E+02   0.64793E+00  -0.10932E+00
   0.13632E+03   0.29995E+02   0.28929E+02   0.60046E+00  -0.57059E-01
   0.13667E+03   0.29992E+02   0.28893E+02   0.55065E+00  -0.69641E-02
   0.13702E+03   0.29987E+02   0.28801E+02   0.49955E+00   0.22735E-01
   0.13737E+03   0.29979E+02   0.28768E+02   0.45518E+00   0.42586E-01
   0.13772E+03   0.29970E+02   0.28754E+02   0.41566E+00   0.53084E-01
   0.13807E+03   0.29953E+02   0.28741E+02   0.37733E+00   0.54825E-01
   0.13842E+03   0.29932E+02   0.28688E+02   0.35552E+00   0.49993E-01
   0.13877E+03   0.29916E+02   0.28567E+02   0.34496E+00   0.31762E-01
   0.13912E+03   0.29905E+02   0.28320E+02   0.33621E+00   0.11149E-01
   0.13947E+03   0.29892E+02   0.28123E+02   0.32395E+00  -0.18467E-02
   0.13982E+03   0.29880E+02   0.27977E+02   0.31399E+00  -0.85688E-02
   0.14017E+03   0.29873E+02   0.27872E+02   0.31453E+00  -0.11587E-01
   0.14052E+03   0.29871E+02   0.27797E+02   0.31332E+00  -0.22617E-01
   0.14087E+03   0.29863E+02   0.27578E+02   0.30252E+00  -0.44391E-01
   0.14122E+03   0.29848E+02   0.27245E+02   0.29370E+00  -0.62687E-01
   0.14157E+03   0.29839E+02   0.26907E+02   0.29073E+00  -0.80131E-01
   0.14192E+03   0.29831E+02   0.26776E+02   0.28452E+00  -0.94662E-01
   0.14227E+03   0.29817E+02   0.26772E+02   0.27892E+00  -0.10116E+00
   0.14262E+03   0.29804E+02   0.26525E+02   0.27821E+00  -0.12310E+00
   0.14297E+03   0.29805E+02   0.26097E+02   0.28495E+00  -0.15160E+00
   0.14332E+03   0.29814E+02   0.25843E+02   0.29185E+00  -0.17239E+00
   0.14367E+03   0.29823E+02   0.25743E+02   0.30254E+00  -0.19545E+00
   0.14402E+03   0.29838E+02   0.25491E+02   0.31482E+00  -0.21798E+00
   0.14437E+03   0.29854E+02   0.25361E+02   0.32242E+00  -0.24116E+00
   0.14472E+03   0.29868E+02   0.25213E+02   0.33572E+00  -0.27279E+00
   0.14507E+03   0.29882E+02   0.24947E+02   0.35608E+00  -0.30353E+00
   0.14542E+03   0.29898E+02   0.24550E+02   0.38227E+00  -0.33852E+00
   0.14577E+03   0.29916E+02   0.23874E+02   0.41387E+00  -0.39417E+00
   0.14612E+03   0.29934E+02   0.23562E+02   0.44209E+00  -0.44623E+00
   0.14647E+03   0.29950E+02   0.23797E+02   0.47074E+00  -0.47927E+00
   0.14682E+03   0.29963E+02   0.24186E+02   0.50898E+00  -0.50097E+00
   0.14717E+03   0.29974E+02   0.24686E+02   0.55648E+00  -0.51505E+00
   0.14752E+03   0.29983E+02   0.25495E+02   0.60658E+00  -0.52146E+00
   0.14787E+03   0.29989E+02   0.26367E+02   0.65129E+00  -0.51170E+00
   0.14822E+03   0.29993E+02   0.27083E+02   0.68755E+00  -0.48569E+00
   0.14857E+03   0.29996E+02   0.27652E+02   0.71837E+00  -0.44373E+00
   0.14892E+03   0.29997E+02   0.28108E+02   0.73465E+00  -0.38457E+00
   0.14927E+03   0.29998E+02   0.28468E+02   0.73053E+00  -0.32297E+00
   0.14962E+03   0.29998E+02   0.28772E+02   0.71929E+00  -0.26079E+00
   0.14997E+03   0.29998E+02   0.29025E+02   0.70241E+00  -0.20076E+00
   0.15032E+03   0.29997E+02   0.29239E+02   0.67280E+00  -0.14825E+00
   0.15067E+03   0.29996E+02   0.29415E+02   0.62816E+00  -0.98221E-01
   0.15102E+03   0.29994E+02   0.29553E+02   0.57554E+00  -0.40554E-01
   0.15137E+03   0.29990E+02   0.29598E+02   0.52432E+00   0.15593E-01
   0.15172E+03   0.29984E+02   0.29415E+02   0.48061E+00   0.41325E-01
   0.15207E+03   0.29974E+02   0.29140E+02   0.44017E+00   0.43111E-01
   0.15242E+03   0.29961E+02   0.28957E+02   0.40576E+00   0.47276E-01
   0.15277E+03   0.29947E+02   0.28853E+02   0.37503E+00   0.52920E-01
   0.15312E+03   0.29930E+02   0.28765E+02   0.34880E+00   0.49045E-01
   0.15347E+03   0.29912E+02   0.28597E+02   0.32965E+00   0.34649E-01
   0.15382E+03   0.29895E+02   0.28403E+02   0.31493E+00   0.18104E-01
   0.15417E+03   0.29879E+02   0.28276E+02   0.30966E+00   0.96585E-02
   0.15452E+03   0.29872E+02   0.28030E+02   0.31346E+00  -0.86104E-02
   0.15487E+03   0.29869E+02   0.27655E+02   0.31202E+00  -0.35753E-01
   0.15522E+03   0.29860E+02   0.27522E+02   0.30468E+00  -0.43362E-01
   0.15557E+03   0.29850E+02   0.27435E+02   0.29770E+00  -0.48132E-01
   0.15592E+03   0.29841E+02   0.27102E+02   0.28904E+00  -0.69702E-01
   0.15627E+03   0.29833E+02   0.26860E+02   0.28559E+00  -0.88408E-01
   0.15662E+03   0.29830E+02   0.26727E+02   0.28888E+00  -0.10156E+00
   0.15697E+03   0.29824E+02   0.26525E+02   0.28707E+00  -0.11517E+00
   0.15732E+03   0.29816E+02   0.26140E+02   0.28326E+00  -0.13886E+00
   0.15767E+03   0.29814E+02   0.25750E+02   0.28756E+00  -0.16866E+00
   0.15802E+03   0.29817E+02   0.25536E+02   0.29486E+00  -0.18557E+00
   0.15837E+03   0.29824E+02   0.25180E+02   0.30247E+00  -0.21096E+00
   0.15872E+03   0.29834E+02   0.24643E+02   0.31355E+00  -0.25142E+00
   0.15907E+03   0.29850E+02   0.24126E+02   0.33374E+00  -0.29174E+00
   0.15942E+03   0.29872E+02   0.23814E+02   0.35704E+00  -0.33284E+00
   0.15977E+03   0.29894E+02   0.23754E+02   0.37766E+00  -0.37268E+00
   0.16012E+03   0.29913E+02   0.23780E+02   0.40336E+00  -0.40897E+00
   0.16047E+03   0.29932E+02   0.23767E+02   0.44461E+00  -0.44739E+00
   0.16082E+03   0.29950E+02   0.23866E+02   0.48685E+00  -0.48266E+00
   0.16117E+03   0.29964E+02   0.24083E+02   0.52716E+00  -0.51654E+00
   0.16152E+03   0.29976E+02   0.24438E+02   0.57067E+00  -0.53872E+00
   0.16187E+03   0.29984E+02   0.25098E+02   0.61965E+00  -0.53506E+00
   0.16222E+03   0.29990E+02   0.25779E+02   0.66178E+00  -0.52257E+00
   0.16257E+03   0.29994E+02   0.26385E+02   0.69130E+00  -0.49397E+00
   0.16292E+03   0.29996E+02   0.27025E+02   0.71783E+00  -0.44374E+00
   0.16327E+03   0.29997E+02   0.27577E+02   0.74358E+00  -0.38438E+00
   0.16362E+03   0.29998E+02   0.28055E+02   0.75465E+00  -0.32866E+00
   0.16397E+03   0.29998E+02   0.28460E+02   0.73783E+00  -0.27862E+00
   0.16432E+03   0.29998E+02   0.28773E+02   0.70907E+00  -0.21746E+00
   0.16467E+03   0.29997E+02   0.28855E+02   0.67451E+00  -0.15316E+00
   0.16502E+03   0.29996E+02   0.28807E+02   0.63077E+00  -0.10331E+00
   0.16537E+03   0.29994E+02   0.28835E+02   0.58314E+00  -0.58548E-01
   0.16572E+03   0.29991E+02   0.28831E+02   0.53630E+00  -0.17215E-01
   0.16607E+03   0.29985E+02   0.28808E+02   0.49186E+00   0.18402E-01
   0.16642E+03   0.29977E+02   0.28842E+02   0.45510E+00   0.45678E-01
   0.16677E+03   0.29966E+02   0.28923E+02   0.42061E+00   0.61597E-01
   0.16712E+03   0.29954E+02   0.28937E+02   0.38747E+00   0.66414E-01
   0.16747E+03   0.29940E+02   0.28850E+02   0.35732E+00   0.55888E-01
   0.16782E+03   0.29918E+02   0.28726E+02   0.33624E+00   0.45266E-01
   0.16817E+03   0.29900E+02   0.28611E+02   0.32545E+00   0.38160E-01
   0.16852E+03   0.29887E+02   0.28468E+02   0.31642E+00   0.22634E-01
   0.16887E+03   0.29873E+02   0.28169E+02   0.30632E+00  -0.45667E-02
   0.16922E+03   0.29860E+02   0.27765E+02   0.29800E+00  -0.28946E-01
   0.16957E+03   0.29849E+02   0.27404E+02   0.29741E+00  -0.45286E-01
   0.16992E+03   0.29843E+02   0.27164E+02   0.29922E+00  -0.61451E-01
   0.17027E+03   0.29839E+02   0.27038E+02   0.29725E+00  -0.75670E-01
   0.17062E+03   0.29838E+02   0.26856E+02   0.29394E+00  -0.90149E-01
   0.17097E+03   0.29834E+02   0.26609E+02   0.28974E+00  -0.10553E+00
   0.17132E+03   0.29825E+02   0.26261E+02   0.28965E+00  -0.12430E+00
   0.17167E+03   0.29822E+02   0.26111E+02   0.29363E+00  -0.13940E+00
   0.17202E+03   0.29824E+02   0.25986E+02   0.29673E+00  -0.15622E+00
   0.17237E+03   0.29825E+02   0.25673E+02   0.30194E+00  -0.18443E+00
   0.17272E+03   0.29831E+02   0.25607E+02   0.30698E+00  -0.20374E+00
   0.17307E+03   0.29841E+02   0.25274E+02   0.31490E+00  -0.22681E+00
   0.17342E+03   0.29856E+02   0.24861E+02   0.33156E+00  -0.26218E+00
   0.17377E+03   0.29873E+02   0.24938E+02   0.35027E+00  -0.28559E+00
   0.17412E+03   0.29891E+02   0.24787E+02   0.37078E+00  -0.31122E+00
   0.17447E+03   0.29908E+02   0.24073E+02   0.39349E+00  -0.35620E+00
   0.17482E+03   0.29925E+02   0.23652E+02   0.41680E+00  -0.40495E+00
   0.17517E+03   0.29940E+02   0.23733E+02   0.44810E+00  -0.43912E+00
   0.17552E+03   0.29954E+02   0.23986E+02   0.48355E+00  -0.46139E+00
   0.17587E+03   0.29966E+02   0.24134E+02   0.52158E+00  -0.49276E+00
   0.17622E+03   0.29976E+02   0.24291E+02   0.56155E+00  -0.51856E+00
   0.17657E+03   0.29983E+02   0.24692E+02   0.60307E+00  -0.52181E+00
   0.17692E+03   0.29989E+02   0.25405E+02   0.64105E+00  -0.51017E+00
   0.17727E+03   0.29993E+02   0.26295E+02   0.67918E+00  -0.47667E+00
   0.17762E+03   0.29995E+02   0.27006E+02   0.71104E+00  -0.43090E+00
   0.17797E+03   0.29996E+02   0.27599E+02   0.72845E+00  -0.38537E+00
   0.17832E+03   0.29996E+02   0.28085E+02   0.73202E+00  -0.33761E+00
   0.17867E+03   0.29997E+02   0.28469E+02   0.72026E+00  -0.28139E+00
   0.17902E+03   0.29997E+02   0.28774E+02   0.70432E+00  -0.20965E+00
   0.17937E+03   0.29997E+02   0.28875E+02   0.67577E+00  -0.15061E+00
   0.17972E+03   0.29996E+02   0.28962E+02   0.63003E+00  -0.10448E+00
   0.18007E+03   0.29994E+02   0.29189E+02   0.57902E+00  -0.45378E-01
   0.18042E+03   0.29990E+02   0.29208E+02   0.53509E+00   0.32904E-02
   0.18077E+03   0.29985E+02   0.29099E+02   0.49721E+00   0.30937E-01
   0.18112E+03   0.29977E+02   0.29044E+02   0.45362E+00   0.46927E-01
   0.18147E+03   0.29966E+02   0.28952E+02   0.40665E+00   0.53095E-01
   0.18182E+03   0.29950E+02   0.28912E+02   0.37119E+00   0.62689E-01
   0.18217E+03   0.29931E+02   0.28909E+02   0.34701E+00   0.65687E-01
   0.18252E+03   0.29911E+02   0.28824E+02   0.33175E+00   0.51130E-01
   0.18287E+03   0.29895E+02   0.28697E+02   0.32266E+00   0.33000E-01
   0.18322E+03   0.29881E+02   0.28604E+02   0.31528E+00   0.19860E-01
   0.18357E+03   0.29869E+02   0.28475E+02   0.30843E+00   0.10007E-01
   0.18392E+03   0.29858E+02   0.28226E+02   0.30646E+00  -0.54405E-02
   0.18427E+03   0.29851E+02   0.27843E+02   0.30448E+00  -0.31275E-01
   0.18462E+03   0.29843E+02   0.27458E+02   0.29198E+00  -0.51778E-01
   0.18497E+03   0.29829E+02   0.27209E+02   0.27918E+00  -0.62073E-01
   0.18532E+03   0.29816E+02   0.27024E+02   0.27972E+00  -0.76755E-01
   0.18567E+03   0.29812E+02   0.26762E+02   0.28459E+00  -0.96177E-01
   0.18602E+03   0.29809E+02   0.26497E+02   0.28218E+00  -0.12041E+00
   0.18637E+03   0.29808E+02   0.26204E+02   0.28148E+00  -0.14693E+00
   0.18672E+03   0.29808E+02   0.25930E+02   0.28745E+00  -0.16476E+00
   0.18707E+03   0.29813E+02   0.25780E+02   0.30024E+00  -0.18066E+00
   0.18742E+03   0.29826E+02   0.25565E+02   0.31204E+00  -0.20668E+00
   0.18777E+03   0.29841E+02   0.25077E+02   0.31981E+00  -0.24217E+00
   0.18812E+03   0.29855E+02   0.24695E+02   0.33109E+00  -0.27651E+00
   0.18847E+03   0.29872E+02   0.24509E+02   0.35048E+00  -0.30671E+00
   0.18882E+03   0.29891E+02   0.24211E+02   0.37821E+00  -0.34357E+00
   0.18917E+03   0.29912E+02   0.23972E+02   0.40475E+00  -0.38823E+00
   0.18952E+03   0.29930E+02   0.23877E+02   0.42927E+00  -0.43168E+00
   0.18987E+03   0.29945E+02   0.23840E+02   0.46277E+00  -0.46669E+00
   0.19022E+03   0.29959E+02   0.24100E+02   0.50644E+00  -0.48962E+00
   0.19057E+03   0.29972E+02   0.24632E+02   0.55277E+00  -0.50787E+00
   0.19092E+03   0.29981E+02   0.25349E+02   0.59696E+00  -0.51241E+00
   0.19127E+03   0.29987E+02   0.26259E+02   0.63884E+00  -0.49888E+00
   0.19162E+03   0.29992E+02   0.27000E+02   0.67439E+00  -0.47456E+00
   0.19197E+03   0.29995E+02   0.27586E+02   0.70381E+00  -0.43307E+00
   0.19232E+03   0.29997E+02   0.28049E+02   0.72465E+00  -0.37829E+00
   0.19267E+03   0.29998E+02   0.28410E+02   0.73014E+00  -0.31499E+00
   0.19302E+03   0.29998E+02   0.28727E+02   0.71783E+00  -0.25638E+00
   0.19337E+03   0.29998E+02   0.29001E+02   0.69259E+00  -0.20294E+00
   0.19372E+03   0.29996E+02   0.29218E+02   0.66204E+00  -0.14453E+00
   0.19407E+03   0.29995E+02   0.29396E+02   0.62153E+00  -0.87137E-01
   0.19442E+03   0.29993E+02   0.29504E+02   0.57142E+00  -0.37356E-01
   0.19477E+03   0.29989E+02   0.29359E+02   0.52191E+00  -0.30557E-02
   0.19512E+03   0.29982E+02   0.29150E+02   0.47732E+00   0.23691E-01
   0.19547E+03   0.29973E+02   0.29107E+02   0.43683E+00   0.49098E-01
   0.19582E+03   0.29961E+02   0.28926E+02   0.40163E+00   0.45313E-01
   0.19617E+03   0.29949E+02   0.28699E+02   0.37127E+00   0.34852E-01
   0.19652E+03   0.29937E+02   0.28625E+02   0.34530E+00   0.42174E-01
   0.19687E+03   0.29918E+02   0.28527E+02   0.32341E+00   0.37093E-01
   0.19722E+03   0.29896E+02   0.28356E+02   0.31245E+00   0.19424E-01
   0.19757E+03   0.29881E+02   0.28273E+02   0.31077E+00   0.97306E-02
   0.19792E+03   0.29869E+02   0.28187E+02   0.31246E+00  -0.21522E-02
   0.19827E+03   0.29863E+02   0.27992E+02   0.31191E+00  -0.21507E-01
   0.19862E+03   0.29857E+02   0.27860E+02   0.30408E+00  -0.34721E-01
   0.19897E+03   0.29850E+02   0.27643E+02   0.29848E+00  -0.47298E-01
   0.19932E+03   0.29841E+02   0.27218E+02   0.29293E+00  -0.66339E-01
   0.19967E+03   0.29826E+02   0.26839E+02   0.28352E+00  -0.86658E-01
   0.20002E+03   0.29812E+02   0.26378E+02   0.27747E+00  -0.11056E+00
   0.20037E+03   0.29806E+02   0.25898E+02   0.27924E+00  -0.13628E+00
   0.20072E+03   0.29808E+02   0.25606E+02   0.28332E+00  -0.15970E+00
   0.20107E+03   0.29814E+02   0.25220E+02   0.28649E+00  -0.18970E+00
   0.20142E+03   0.29820E+02   0.24762E+02   0.29200E+00  -0.22063E+00
   0.20177E+03   0.29827E+02   0.24386E+02   0.30979E+00  -0.25138E+00
   0.20212E+03   0.29846E+02   0.23866E+02   0.33276E+00  -0.29235E+00
   0.20247E+03   0.29869E+02   0.23335E+02   0.35033E+00  -0.34255E+00
   0.20282E+03   0.29890E+02   0.23009E+02   0.37329E+00  -0.39895E+00
   0.20317E+03   0.29910E+02   0.23056E+02   0.40710E+00  -0.44248E+00
   0.20352E+03   0.29931E+02   0.23267E+02   0.44310E+00  -0.47704E+00
   0.20387E+03   0.29949E+02   0.23122E+02   0.48085E+00  -0.52780E+00
   0.20422E+03   0.29964E+02   0.23090E+02   0.53050E+00  -0.57264E+00
   0.20457E+03   0.29976E+02   0.23592E+02   0.58747E+00  -0.58995E+00
   0.20492E+03   0.29985E+02   0.24118E+02   0.63759E+00  -0.59904E+00
   0.20527E+03   0.29991E+02   0.24830E+02   0.68635E+00  -0.59766E+00
   0.20562E+03   0.29995E+02   0.25833E+02   0.73562E+00  -0.56015E+00
   0.20597E+03   0.29997E+02   0.26621E+02   0.76847E+00  -0.49794E+00
   0.20632E+03   0.29999E+02   0.27252E+02   0.79095E+00  -0.43440E+00
   0.20667E+03   0.30000E+02   0.27777E+02   0.80322E+00  -0.36585E+00
   0.20702E+03   0.30000E+02   0.28210E+02   0.79587E+00  -0.28581E+00
   0.20737E+03   0.29999E+02   0.28586E+02   0.76793E+00  -0.21679E+00
   0.20772E+03   0.29998E+02   0.28900E+02   0.72136E+00  -0.15807E+00
   0.20807E+03   0.29997E+02   0.29132E+02   0.66571E+00  -0.81497E-01
   0.20842E+03   0.29996E+02   0.29268E+02   0.61004E+00  -0.14474E-01
   0.20877E+03   0.29993E+02   0.29264E+02   0.55635E+00   0.21826E-01
   0.20912E+03   0.29987E+02   0.29193E+02   0.50052E+00   0.49169E-01
   0.20947E+03   0.29979E+02   0.29077E+02   0.45015E+00   0.62981E-01
   0.20982E+03   0.29967E+02   0.28984E+02   0.41445E+00   0.70506E-01
   0.21017E+03   0.29952E+02   0.28944E+02   0.38511E+00   0.72591E-01
   0.21052E+03   0.29934E+02   0.28875E+02   0.35460E+00   0.59789E-01
   0.21087E+03   0.29915E+02   0.28772E+02   0.33594E+00   0.49579E-01
   0.21122E+03   0.29900E+02   0.28597E+02   0.32874E+00   0.34676E-01
   0.21157E+03   0.29888E+02   0.28367E+02   0.32489E+00   0.16172E-01
   0.21192E+03   0.29881E+02   0.28114E+02   0.32173E+00   0.16947E-02
   0.21227E+03   0.29872E+02   0.27930E+02   0.31696E+00  -0.13095E-01
   0.21262E+03   0.29865E+02   0.27817E+02   0.31111E+00  -0.20783E-01
   0.21297E+03   0.29856E+02   0.27664E+02   0.29700E+00  -0.31781E-01
   0.21332E+03   0.29840E+02   0.27538E+02   0.28843E+00  -0.47894E-01
   0.21367E+03   0.29828E+02   0.27420E+02   0.29264E+00  -0.58668E-01
   0.21402E+03   0.29825E+02   0.27138E+02   0.28891E+00  -0.76878E-01
   0.21437E+03   0.29815E+02   0.26632E+02   0.27607E+00  -0.11044E+00
   0.21472E+03   0.29804E+02   0.26173E+02   0.27562E+00  -0.13591E+00
   0.21507E+03   0.29802E+02   0.26044E+02   0.28028E+00  -0.14200E+00
   0.21542E+03   0.29801E+02   0.25894E+02   0.28088E+00  -0.15938E+00
   0.21577E+03   0.29802E+02   0.25666E+02   0.29046E+00  -0.19287E+00
   0.21612E+03   0.29815E+02   0.25544E+02   0.30934E+00  -0.21573E+00
   0.21647E+03   0.29837E+02   0.25209E+02   0.32427E+00  -0.23692E+00
   0.21682E+03   0.29857E+02   0.24729E+02   0.34007E+00  -0.27728E+00
   0.21717E+03   0.29878E+02   0.24312E+02   0.36185E+00  -0.31937E+00
   0.21752E+03   0.29898E+02   0.24081E+02   0.38136E+00  -0.34906E+00
   0.21787E+03   0.29916E+02   0.23990E+02   0.40533E+00  -0.38562E+00
   0.21822E+03   0.29932E+02   0.23644E+02   0.43459E+00  -0.43524E+00
   0.21857E+03   0.29948E+02   0.23530E+02   0.47259E+00  -0.47589E+00
   0.21892E+03   0.29962E+02   0.23486E+02   0.51563E+00  -0.51419E+00
   0.21927E+03   0.29974E+02   0.23638E+02   0.55978E+00  -0.55078E+00
   0.21962E+03   0.29983E+02   0.24249E+02   0.60499E+00  -0.56185E+00
   0.21997E+03   0.29989E+02   0.25033E+02   0.64623E+00  -0.55185E+00
   0.22032E+03   0.29993E+02   0.26001E+02   0.69270E+00  -0.52479E+00
   0.22067E+03   0.29996E+02   0.26771E+02   0.73100E+00  -0.47644E+00
   0.22102E+03   0.29998E+02   0.27396E+02   0.75196E+00  -0.41807E+00
   0.22137E+03   0.29998E+02   0.27910E+02   0.76440E+00  -0.35584E+00
   0.22172E+03   0.29999E+02   0.28328E+02   0.76269E+00  -0.28801E+00
   0.22207E+03   0.29999E+02   0.28670E+02   0.73841E+00  -0.21566E+00
   0.22242E+03   0.29998E+02   0.28658E+02   0.69472E+00  -0.15650E+00
   0.22277E+03   0.29997E+02   0.28584E+02   0.64498E+00  -0.10896E+00
   0.22312E+03   0.29995E+02   0.28821E+02   0.59438E+00  -0.48480E-01
   0.22347E+03   0.29991E+02   0.29042E+02   0.54405E+00   0.71129E-02
   0.22382E+03   0.29986E+02   0.29111E+02   0.49699E+00   0.35015E-01
   0.22417E+03   0.29979E+02   0.29148E+02   0.45759E+00   0.51631E-01
   0.22452E+03   0.29968E+02   0.29152E+02   0.42155E+00   0.65699E-01
   0.22487E+03   0.29954E+02   0.29001E+02   0.38394E+00   0.62244E-01
   0.22522E+03   0.29939E+02   0.28829E+02   0.35762E+00   0.51720E-01
   0.22557E+03   0.29924E+02   0.28742E+02   0.33982E+00   0.48737E-01
   0.22592E+03   0.29906E+02   0.28642E+02   0.32171E+00   0.41794E-01
   0.22627E+03   0.29886E+02   0.28538E+02   0.31118E+00   0.29227E-01
   0.22662E+03   0.29870E+02   0.28372E+02   0.31053E+00   0.88128E-02
   0.22697E+03   0.29861E+02   0.28226E+02   0.31121E+00  -0.59865E-02
   0.22732E+03   0.29859E+02   0.28025E+02   0.31031E+00  -0.19839E-01
   0.22767E+03   0.29860E+02   0.27651E+02   0.30042E+00  -0.45747E-01
   0.22802E+03   0.29845E+02   0.27409E+02   0.28412E+00  -0.53978E-01
   0.22837E+03   0.29824E+02   0.27259E+02   0.28029E+00  -0.58258E-01
   0.22872E+03   0.29810E+02   0.27073E+02   0.27965E+00  -0.75566E-01
   0.22907E+03   0.29800E+02   0.26792E+02   0.27692E+00  -0.98796E-01
   0.22942E+03   0.29797E+02   0.26278E+02   0.27510E+00  -0.12923E+00
   0.22977E+03   0.29797E+02   0.25944E+02   0.27779E+00  -0.14947E+00
   0.23012E+03   0.29800E+02   0.25885E+02   0.28536E+00  -0.15996E+00
   0.23047E+03   0.29805E+02   0.25683E+02   0.28909E+00  -0.18136E+00
   0.23082E+03   0.29813E+02   0.25516E+02   0.30072E+00  -0.20790E+00
   0.23117E+03   0.29830E+02   0.25216E+02   0.32165E+00  -0.23598E+00
   0.23152E+03   0.29851E+02   0.24946E+02   0.33738E+00  -0.26641E+00
   0.23187E+03   0.29872E+02   0.24574E+02   0.35519E+00  -0.30433E+00
   0.23222E+03   0.29893E+02   0.24048E+02   0.38002E+00  -0.34618E+00
   0.23257E+03   0.29913E+02   0.23920E+02   0.40260E+00  -0.38227E+00
   0.23292E+03   0.29930E+02   0.23953E+02   0.42466E+00  -0.41552E+00
   0.23327E+03   0.29944E+02   0.23698E+02   0.45797E+00  -0.45774E+00
   0.23362E+03   0.29958E+02   0.23352E+02   0.50498E+00  -0.50813E+00
   0.23397E+03   0.29971E+02   0.23955E+02   0.55140E+00  -0.53409E+00
   0.23432E+03   0.29981E+02   0.25143E+02   0.59554E+00  -0.53445E+00
   0.23467E+03   0.29987E+02   0.26107E+02   0.63957E+00  -0.52601E+00
   0.23502E+03   0.29992E+02   0.26894E+02   0.68067E+00  -0.50212E+00
   0.23537E+03   0.29995E+02   0.27510E+02   0.71572E+00  -0.46203E+00
   0.23572E+03   0.29997E+02   0.27995E+02   0.73650E+00  -0.40557E+00
   0.23607E+03   0.29998E+02   0.28365E+02   0.74466E+00  -0.33558E+00
   0.23642E+03   0.29999E+02   0.28676E+02   0.74311E+00  -0.26727E+00
   0.23677E+03   0.29999E+02   0.28944E+02   0.72099E+00  -0.20159E+00
   0.23712E+03   0.29998E+02   0.29167E+02   0.67946E+00  -0.14515E+00
   0.23747E+03   0.29996E+02   0.29222E+02   0.63178E+00  -0.98749E-01
   0.23782E+03   0.29994E+02   0.29245E+02   0.58568E+00  -0.45503E-01
   0.23817E+03   0.29991E+02   0.29280E+02   0.53928E+00   0.12348E-02
   0.23852E+03   0.29985E+02   0.29240E+02   0.48653E+00   0.30693E-01
   0.23887E+03   0.29975E+02   0.29218E+02   0.43509E+00   0.53896E-01
   0.23922E+03   0.29962E+02   0.29104E+02   0.40026E+00   0.61236E-01
   0.23957E+03   0.29949E+02   0.28889E+02   0.37927E+00   0.49276E-01
   0.23992E+03   0.29936E+02   0.28632E+02   0.35380E+00   0.32962E-01
   0.24027E+03   0.29916E+02   0.28427E+02   0.32906E+00   0.24760E-01
   0.24062E+03   0.29893E+02   0.28326E+02   0.31779E+00   0.22403E-01
   0.24097E+03   0.29880E+02   0.28243E+02   0.31352E+00   0.13758E-01
   0.24132E+03   0.29870E+02   0.28119E+02   0.30973E+00  -0.33551E-02
   0.24167E+03   0.29862E+02   0.27897E+02   0.31255E+00  -0.25933E-01
   0.24202E+03   0.29860E+02   0.27546E+02   0.31294E+00  -0.44505E-01
   0.24237E+03   0.29859E+02   0.27150E+02   0.30596E+00  -0.62869E-01
   0.24272E+03   0.29851E+02   0.26712E+02   0.29412E+00  -0.87519E-01
   0.24307E+03   0.29838E+02   0.26392E+02   0.28460E+00  -0.10280E+00
   0.24342E+03   0.29825E+02   0.26241E+02   0.28213E+00  -0.11112E+00
   0.24377E+03   0.29816E+02   0.25853E+02   0.28260E+00  -0.13940E+00
   0.24412E+03   0.29815E+02   0.25303E+02   0.29049E+00  -0.17862E+00
   0.24447E+03   0.29821E+02   0.24695E+02   0.30307E+00  -0.21071E+00
   0.24482E+03   0.29833E+02   0.24404E+02   0.31124E+00  -0.24275E+00
   0.24517E+03   0.29845E+02   0.24308E+02   0.32065E+00  -0.27337E+00
   0.24552E+03   0.29860E+02   0.23846E+02   0.33946E+00  -0.31021E+00
   0.24587E+03   0.29879E+02   0.23564E+02   0.36141E+00  -0.35499E+00
   0.24622E+03   0.29900E+02   0.23417E+02   0.39038E+00  -0.40010E+00
   0.24657E+03   0.29921E+02   0.23203E+02   0.42361E+00  -0.44917E+00
   0.24692E+03   0.29940E+02   0.23328E+02   0.46204E+00  -0.49139E+00
   0.24727E+03   0.29956E+02   0.23479E+02   0.50586E+00  -0.52548E+00
   0.24762E+03   0.29970E+02   0.23527E+02   0.54838E+00  -0.55613E+00
   0.24797E+03   0.29981E+02   0.23940E+02   0.59215E+00  -0.57513E+00
   0.24832E+03   0.29988E+02   0.24819E+02   0.64619E+00  -0.56762E+00
   0.24867E+03   0.29993E+02   0.25799E+02   0.69915E+00  -0.53237E+00
   0.24902E+03   0.29995E+02   0.26610E+02   0.73930E+00  -0.49570E+00
   0.24937E+03   0.29997E+02   0.27270E+02   0.76267E+00  -0.44739E+00
   0.24972E+03   0.29999E+02   0.27793E+02   0.77222E+00  -0.37421E+00
   0.25007E+03   0.29999E+02   0.28246E+02   0.77117E+00  -0.30359E+00
   0.25042E+03   0.29999E+02   0.28615E+02   0.74936E+00  -0.24137E+00
   0.25077E+03   0.29998E+02   0.28910E+02   0.71113E+00  -0.17896E+00
   0.25112E+03   0.29997E+02   0.29160E+02   0.66544E+00  -0.11433E+00
   0.25147E+03   0.29995E+02   0.29347E+02   0.61561E+00  -0.51688E-01
   0.25182E+03   0.29993E+02   0.29275E+02   0.56174E+00  -0.12356E-01
   0.25217E+03   0.29988E+02   0.29055E+02   0.51501E+00   0.16115E-01
   0.25252E+03   0.29982E+02   0.28998E+02   0.47385E+00   0.46134E-01
   0.25287E+03   0.29973E+02   0.29010E+02   0.43139E+00   0.61706E-01
   0.25322E+03   0.29960E+02   0.28951E+02   0.39419E+00   0.62789E-01
   0.25357E+03   0.29944E+02   0.28848E+02   0.36799E+00   0.57041E-01
   0.25392E+03   0.29926E+02   0.28763E+02   0.34789E+00   0.53656E-01
   0.25427E+03   0.29908E+02   0.28682E+02   0.33173E+00   0.44470E-01
   0.25462E+03   0.29892E+02   0.28538E+02   0.32097E+00   0.26035E-01
   0.25497E+03   0.29883E+02   0.28327E+02   0.31778E+00   0.96523E-02
   0.25532E+03   0.29877E+02   0.28101E+02   0.31159E+00  -0.28707E-02
   0.25567E+03   0.29865E+02   0.27875E+02   0.30092E+00  -0.17007E-01
   0.25602E+03   0.29852E+02   0.27769E+02   0.29289E+00  -0.25723E-01
   0.25637E+03   0.29839E+02   0.27600E+02   0.29282E+00  -0.38848E-01
   0.25672E+03   0.29831E+02   0.27319E+02   0.29331E+00  -0.63976E-01
   0.25707E+03   0.29827E+02   0.26938E+02   0.28288E+00  -0.87262E-01
   0.25742E+03   0.29818E+02   0.26537E+02   0.27421E+00  -0.10492E+00
   0.25777E+03   0.29804E+02   0.26351E+02   0.27700E+00  -0.11405E+00
   0.25812E+03   0.29801E+02   0.26222E+02   0.28257E+00  -0.12659E+00
   0.25847E+03   0.29803E+02   0.26064E+02   0.28421E+00  -0.15082E+00
   0.25882E+03   0.29808E+02   0.25610E+02   0.29134E+00  -0.18412E+00
   0.25917E+03   0.29817E+02   0.24952E+02   0.30136E+00  -0.21818E+00
   0.25952E+03   0.29831E+02   0.24905E+02   0.31637E+00  -0.23412E+00
   0.25987E+03   0.29849E+02   0.24855E+02   0.33273E+00  -0.25813E+00
   0.26022E+03   0.29868E+02   0.24311E+02   0.34779E+00  -0.30416E+00
   0.26057E+03   0.29888E+02   0.23869E+02   0.36672E+00  -0.34608E+00
   0.26092E+03   0.29906E+02   0.23593E+02   0.39282E+00  -0.38853E+00
   0.26127E+03   0.29925E+02   0.23470E+02   0.42716E+00  -0.43066E+00
   0.26162E+03   0.29943E+02   0.23727E+02   0.46749E+00  -0.46502E+00
   0.26197E+03   0.29959E+02   0.23954E+02   0.50817E+00  -0.50323E+00
   0.26232E+03   0.29971E+02   0.24223E+02   0.54424E+00  -0.52807E+00
   0.26267E+03   0.29980E+02   0.24687E+02   0.58707E+00  -0.53453E+00
   0.26302E+03   0.29987E+02   0.25157E+02   0.63605E+00  -0.53395E+00
   0.26337E+03   0.29992E+02   0.25939E+02   0.68074E+00  -0.51710E+00
   0.26372E+03   0.29995E+02   0.26707E+02   0.71169E+00  -0.48538E+00
   0.26407E+03   0.29996E+02   0.27331E+02   0.72945E+00  -0.43568E+00
   0.26442E+03   0.29997E+02   0.27850E+02   0.74160E+00  -0.37436E+00
   0.26477E+03   0.29997E+02   0.28275E+02   0.74409E+00  -0.31727E+00
   0.26512E+03   0.29997E+02   0.28622E+02   0.73247E+00  -0.26327E+00
   0.26547E+03   0.29997E+02   0.28897E+02   0.70490E+00  -0.19914E+00
   0.26582E+03   0.29996E+02   0.29131E+02   0.66789E+00  -0.13208E+00
   0.26617E+03   0.29995E+02   0.29327E+02   0.62597E+00  -0.76386E-01
   0.26652E+03   0.29993E+02   0.29280E+02   0.57703E+00  -0.31265E-01
   0.26687E+03   0.29990E+02   0.29074E+02   0.52673E+00   0.68171E-02
   0.26722E+03   0.29983E+02   0.29024E+02   0.47953E+00   0.40042E-01
   0.26757E+03   0.29976E+02   0.29021E+02   0.44080E+00   0.60245E-01
   0.26792E+03   0.29966E+02   0.28900E+02   0.40348E+00   0.56779E-01
   0.26827E+03   0.29947E+02   0.28757E+02   0.36754E+00   0.49225E-01
   0.26862E+03   0.29926E+02   0.28643E+02   0.34439E+00   0.44499E-01
   0.26897E+03   0.29910E+02   0.28568E+02   0.32916E+00   0.37861E-01
   0.26932E+03   0.29894E+02   0.28498E+02   0.32330E+00   0.27017E-01
   0.26967E+03   0.29884E+02   0.28328E+02   0.32355E+00   0.50021E-02
   0.27002E+03   0.29876E+02   0.28137E+02   0.31751E+00  -0.77514E-02
   0.27037E+03   0.29866E+02   0.27909E+02   0.31008E+00  -0.19258E-01
   0.27072E+03   0.29860E+02   0.27593E+02   0.30618E+00  -0.39956E-01
   0.27107E+03   0.29851E+02   0.27296E+02   0.29916E+00  -0.52687E-01
   0.27142E+03   0.29836E+02   0.27039E+02   0.28957E+00  -0.66942E-01
   0.27177E+03   0.29825E+02   0.26674E+02   0.28118E+00  -0.90357E-01
   0.27212E+03   0.29814E+02   0.26309E+02   0.27639E+00  -0.11126E+00
   0.27247E+03   0.29807E+02   0.26187E+02   0.28159E+00  -0.12697E+00
   0.27282E+03   0.29808E+02   0.26048E+02   0.28899E+00  -0.14391E+00
   0.27317E+03   0.29812E+02   0.25922E+02   0.29483E+00  -0.16479E+00
   0.27352E+03   0.29821E+02   0.25514E+02   0.30225E+00  -0.19540E+00
   0.27387E+03   0.29833E+02   0.24927E+02   0.31296E+00  -0.22989E+00
   0.27422E+03   0.29848E+02   0.24716E+02   0.32731E+00  -0.25338E+00
   0.27457E+03   0.29863E+02   0.24560E+02   0.34049E+00  -0.27896E+00
   0.27492E+03   0.29880E+02   0.24280E+02   0.36014E+00  -0.31541E+00
   0.27527E+03   0.29899E+02   0.24140E+02   0.38233E+00  -0.34990E+00
   0.27562E+03   0.29917E+02   0.23874E+02   0.40778E+00  -0.39376E+00
   0.27597E+03   0.29934E+02   0.23880E+02   0.44242E+00  -0.43400E+00
   0.27632E+03   0.29950E+02   0.24199E+02   0.48207E+00  -0.46352E+00
   0.27667E+03   0.29964E+02   0.24219E+02   0.52332E+00  -0.49879E+00
   0.27702E+03   0.29975E+02   0.24503E+02   0.56309E+00  -0.52129E+00
   0.27737E+03   0.29984E+02   0.25280E+02   0.59998E+00  -0.51710E+00
   0.27772E+03   0.29989E+02   0.25929E+02   0.64114E+00  -0.50112E+00
   0.27807E+03   0.29993E+02   0.26424E+02   0.68080E+00  -0.48420E+00
   0.27842E+03   0.29995E+02   0.27029E+02   0.70961E+00  -0.44931E+00
   0.27877E+03   0.29997E+02   0.27554E+02   0.72723E+00  -0.39243E+00
   0.27912E+03   0.29997E+02   0.28005E+02   0.73370E+00  -0.33169E+00
   0.27947E+03   0.29998E+02   0.28372E+02   0.72910E+00  -0.27337E+00
   0.27982E+03   0.29999E+02   0.28700E+02   0.70950E+00  -0.21253E+00
   0.28017E+03   0.29998E+02   0.28985E+02   0.67437E+00  -0.15694E+00
   0.28052E+03   0.29996E+02   0.29216E+02   0.63172E+00  -0.98640E-01
   0.28087E+03   0.29994E+02   0.29272E+02   0.58843E+00  -0.39565E-01
   0.28122E+03   0.29991E+02   0.29175E+02   0.54007E+00   0.17990E-02
   0.28157E+03   0.29985E+02   0.29105E+02   0.48973E+00   0.27961E-01
   0.28192E+03   0.29977E+02   0.28926E+02   0.43996E+00   0.40666E-01
   0.28227E+03   0.29965E+02   0.28775E+02   0.39799E+00   0.49304E-01
   0.28262E+03   0.29948E+02   0.28767E+02   0.37252E+00   0.58088E-01
   0.28297E+03   0.29930E+02   0.28749E+02   0.35166E+00   0.54657E-01
   0.28332E+03   0.29914E+02   0.28663E+02   0.33123E+00   0.37614E-01
   0.28367E+03   0.29899E+02   0.28437E+02   0.31960E+00   0.15893E-01
   0.28402E+03   0.29886E+02   0.28175E+02   0.31463E+00  -0.14126E-02
   0.28437E+03   0.29876E+02   0.28047E+02   0.31579E+00  -0.56302E-02
   0.28472E+03   0.29870E+02   0.27946E+02   0.31425E+00  -0.16645E-01
   0.28507E+03   0.29865E+02   0.27668E+02   0.30432E+00  -0.40551E-01
   0.28542E+03   0.29852E+02   0.27430E+02   0.29695E+00  -0.54206E-01
   0.28577E+03   0.29841E+02   0.27230E+02   0.29349E+00  -0.63130E-01
   0.28612E+03   0.29827E+02   0.27025E+02   0.28823E+00  -0.79836E-01
   0.28647E+03   0.29818E+02   0.26885E+02   0.29120E+00  -0.99241E-01
   0.28682E+03   0.29819E+02   0.26625E+02   0.29005E+00  -0.12005E+00
   0.28717E+03   0.29815E+02   0.26151E+02   0.28025E+00  -0.14699E+00
   0.28752E+03   0.29809E+02   0.25800E+02   0.28430E+00  -0.16962E+00
   0.28787E+03   0.29814E+02   0.25760E+02   0.29671E+00  -0.18625E+00
   0.28822E+03   0.29828E+02   0.25676E+02   0.30925E+00  -0.20701E+00
   0.28857E+03   0.29847E+02   0.25427E+02   0.32143E+00  -0.24407E+00
   0.28892E+03   0.29865E+02   0.25115E+02   0.33468E+00  -0.28912E+00
   0.28927E+03   0.29882E+02   0.24929E+02   0.35512E+00  -0.31765E+00
   0.28962E+03   0.29899E+02   0.24790E+02   0.38399E+00  -0.34911E+00
   0.28997E+03   0.29916E+02   0.24621E+02   0.41505E+00  -0.39501E+00
   0.29032E+03   0.29933E+02   0.24505E+02   0.44325E+00  -0.43061E+00
   0.29067E+03   0.29949E+02   0.24546E+02   0.47634E+00  -0.46099E+00
   0.29102E+03   0.29963E+02   0.24772E+02   0.51914E+00  -0.48643E+00
   0.29137E+03   0.29974E+02   0.24925E+02   0.56122E+00  -0.49922E+00
   0.29172E+03   0.29983E+02   0.25110E+02   0.60135E+00  -0.51140E+00
   0.29207E+03   0.29988E+02   0.25646E+02   0.64045E+00  -0.50936E+00
   0.29242E+03   0.29993E+02   0.26370E+02   0.67278E+00  -0.48769E+00
   0.29277E+03   0.29995E+02   0.26994E+02   0.69745E+00  -0.44835E+00
   0.29312E+03   0.29997E+02   0.27512E+02   0.71854E+00  -0.39320E+00
   0.29347E+03   0.29998E+02   0.27954E+02   0.73107E+00  -0.32776E+00
   0.29382E+03   0.29999E+02   0.28347E+02   0.72589E+00  -0.26385E+00
   0.29417E+03   0.29999E+02   0.28684E+02   0.70515E+00  -0.21357E+00
   0.29452E+03   0.29998E+02   0.28958E+02   0.67675E+00  -0.15112E+00
   0.29487E+03   0.29997E+02   0.29179E+02   0.63816E+00  -0.81954E-01
   0.29522E+03   0.29995E+02   0.29213E+02   0.58294E+00  -0.35536E-01
   0.29557E+03   0.29991E+02   0.29113E+02   0.52224E+00   0.20338E-02
   0.29592E+03   0.29983E+02   0.28976E+02   0.47530E+00   0.33280E-01
   0.29627E+03   0.29974E+02   0.28841E+02   0.43621E+00   0.44620E-01
   0.29662E+03   0.29963E+02   0.28864E+02   0.39961E+00   0.54250E-01
   0.29697E+03   0.29949E+02   0.28884E+02   0.37177E+00   0.55199E-01
   0.29732E+03   0.29930E+02   0.28792E+02   0.34699E+00   0.45227E-01
   0.29767E+03   0.29909E+02   0.28663E+02   0.33032E+00   0.37563E-01
   0.29802E+03   0.29894E+02   0.28489E+02   0.32164E+00   0.18670E-01
   0.29837E+03   0.29883E+02   0.28298E+02   0.31809E+00   0.20199E-02
   0.29872E+03   0.29874E+02   0.28084E+02   0.31630E+00  -0.65234E-02
   0.29907E+03   0.29864E+02   0.27841E+02   0.30874E+00  -0.22913E-01
   0.29942E+03   0.29853E+02   0.27653E+02   0.29843E+00  -0.36280E-01
   0.29977E+03   0.29843E+02   0.27478E+02   0.29355E+00  -0.47233E-01
   0.30012E+03   0.29832E+02   0.27296E+02   0.29238E+00  -0.63114E-01
   0.30047E+03   0.29827E+02   0.27155E+02   0.29154E+00  -0.80799E-01
   0.30082E+03   0.29824E+02   0.26767E+02   0.28650E+00  -0.10570E+00
   0.30118E+03   0.29813E+02   0.26189E+02   0.28153E+00  -0.13422E+00
   0.30153E+03   0.29806E+02   0.25870E+02   0.28455E+00  -0.15232E+00
   0.30188E+03   0.29809E+02   0.25523E+02   0.28872E+00  -0.17246E+00
   0.30223E+03   0.29814E+02   0.25114E+02   0.29329E+00  -0.20753E+00
   0.30258E+03   0.29823E+02   0.24672E+02   0.30643E+00  -0.24272E+00
   0.30293E+03   0.29841E+02   0.24209E+02   0.32298E+00  -0.27758E+00
   0.30328E+03   0.29860E+02   0.23978E+02   0.34018E+00  -0.31621E+00
   0.30363E+03   0.29881E+02   0.23703E+02   0.36731E+00  -0.36206E+00
   0.30398E+03   0.29904E+02   0.23690E+02   0.40009E+00  -0.40352E+00
   0.30433E+03   0.29925E+02   0.23904E+02   0.43223E+00  -0.43668E+00
   0.30468E+03   0.29944E+02   0.23615E+02   0.46768E+00  -0.48851E+00
   0.30503E+03   0.29959E+02   0.23293E+02   0.51095E+00  -0.53607E+00
   0.30538E+03   0.29972E+02   0.23666E+02   0.55634E+00  -0.55519E+00
   0.30573E+03   0.29982E+02   0.24388E+02   0.60719E+00  -0.56482E+00
   0.30608E+03   0.29989E+02   0.25226E+02   0.65345E+00  -0.55526E+00
   0.30643E+03   0.29993E+02   0.26143E+02   0.69441E+00  -0.52599E+00
   0.30678E+03   0.29996E+02   0.26912E+02   0.73364E+00  -0.47784E+00
   0.30713E+03   0.29998E+02   0.27532E+02   0.76269E+00  -0.41485E+00
   0.30748E+03   0.29999E+02   0.28042E+02   0.77323E+00  -0.35573E+00
   0.30783E+03   0.29999E+02   0.28454E+02   0.76258E+00  -0.29987E+00
   0.30818E+03   0.29998E+02   0.28792E+02   0.73635E+00  -0.24285E+00
   0.30853E+03   0.29996E+02   0.29052E+02   0.69620E+00  -0.17026E+00
   0.30888E+03   0.29996E+02   0.29212E+02   0.64920E+00  -0.10115E+00
   0.30923E+03   0.29995E+02   0.29296E+02   0.60120E+00  -0.57292E-01
   0.30958E+03   0.29992E+02   0.29246E+02   0.55721E+00  -0.16207E-01
   0.30993E+03   0.29988E+02   0.29104E+02   0.51064E+00   0.20164E-01
   0.31028E+03   0.29982E+02   0.28965E+02   0.46452E+00   0.41656E-01
   0.31063E+03   0.29972E+02   0.28904E+02   0.42782E+00   0.58493E-01
   0.31098E+03   0.29959E+02   0.28896E+02   0.39751E+00   0.65126E-01
   0.31133E+03   0.29943E+02   0.28854E+02   0.36408E+00   0.61608E-01
   0.31168E+03   0.29921E+02   0.28711E+02   0.33704E+00   0.43508E-01
   0.31203E+03   0.29903E+02   0.28537E+02   0.33019E+00   0.28701E-01
   0.31238E+03   0.29890E+02   0.28389E+02   0.32694E+00   0.23194E-01
   0.31273E+03   0.29882E+02   0.28098E+02   0.31868E+00  -0.24055E-02
   0.31308E+03   0.29876E+02   0.27778E+02   0.30718E+00  -0.27034E-01
   0.31343E+03   0.29869E+02   0.27495E+02   0.29826E+00  -0.35308E-01
   0.31378E+03   0.29858E+02   0.27287E+02   0.29709E+00  -0.45667E-01
   0.31413E+03   0.29848E+02   0.26993E+02   0.29789E+00  -0.65160E-01
   0.31448E+03   0.29842E+02   0.26595E+02   0.29233E+00  -0.93359E-01
   0.31483E+03   0.29833E+02   0.26076E+02   0.28665E+00  -0.12026E+00
   0.31518E+03   0.29826E+02   0.25597E+02   0.28707E+00  -0.14058E+00
   0.31553E+03   0.29825E+02   0.25284E+02   0.28804E+00  -0.16313E+00
   0.31588E+03   0.29825E+02   0.25016E+02   0.29285E+00  -0.18714E+00
   0.31623E+03   0.29828E+02   0.24856E+02   0.30236E+00  -0.21403E+00
   0.31658E+03   0.29838E+02   0.24525E+02   0.31705E+00  -0.24224E+00
   0.31693E+03   0.29853E+02   0.24196E+02   0.33139E+00  -0.27529E+00
   0.31728E+03   0.29871E+02   0.23839E+02   0.35017E+00  -0.31647E+00
   0.31763E+03   0.29892E+02   0.23474E+02   0.37320E+00  -0.35768E+00
   0.31798E+03   0.29910E+02   0.23344E+02   0.39622E+00  -0.39506E+00
   0.31833E+03   0.29927E+02   0.23423E+02   0.42264E+00  -0.43285E+00
   0.31868E+03   0.29943E+02   0.23705E+02   0.46178E+00  -0.46813E+00
   0.31903E+03   0.29959E+02   0.23897E+02   0.50987E+00  -0.50163E+00
   0.31938E+03   0.29971E+02   0.24407E+02   0.55193E+00  -0.52699E+00
   0.31973E+03   0.29981E+02   0.25140E+02   0.59500E+00  -0.53009E+00
   0.32008E+03   0.29988E+02   0.25732E+02   0.64042E+00  -0.52319E+00
   0.32043E+03   0.29992E+02   0.26442E+02   0.68205E+00  -0.50053E+00
   0.32078E+03   0.29995E+02   0.27114E+02   0.71109E+00  -0.45590E+00
   0.32113E+03   0.29997E+02   0.27643E+02   0.73009E+00  -0.39681E+00
   0.32148E+03   0.29998E+02   0.28086E+02   0.74030E+00  -0.33233E+00
   0.32183E+03   0.29999E+02   0.28471E+02   0.73512E+00  -0.26659E+00
   0.32218E+03   0.29998E+02   0.28783E+02   0.71585E+00  -0.20602E+00
   0.32253E+03   0.29998E+02   0.29041E+02   0.68343E+00  -0.15016E+00
   0.32288E+03   0.29997E+02   0.29170E+02   0.63816E+00  -0.92299E-01
   0.32323E+03   0.29994E+02   0.29125E+02   0.58407E+00  -0.45307E-01
   0.32358E+03   0.29990E+02   0.28964E+02   0.53154E+00  -0.74915E-02
   0.32393E+03   0.29984E+02   0.28938E+02   0.48148E+00   0.33862E-01
   0.32428E+03   0.29975E+02   0.29000E+02   0.43889E+00   0.58762E-01
   0.32463E+03   0.29964E+02   0.28926E+02   0.40686E+00   0.57298E-01
   0.32498E+03   0.29950E+02   0.28839E+02   0.37798E+00   0.51512E-01
   0.32533E+03   0.29933E+02   0.28824E+02   0.35257E+00   0.54293E-01
   0.32568E+03   0.29914E+02   0.28735E+02   0.33179E+00   0.49034E-01
   0.32603E+03   0.29896E+02   0.28588E+02   0.31969E+00   0.32237E-01
   0.32638E+03   0.29879E+02   0.28487E+02   0.31331E+00   0.21676E-01
   0.32673E+03   0.29869E+02   0.28260E+02   0.31112E+00   0.30881E-02
   0.32708E+03   0.29861E+02   0.28029E+02   0.30507E+00  -0.18406E-01
   0.32743E+03   0.29850E+02   0.27933E+02   0.30165E+00  -0.27016E-01
   0.32778E+03   0.29842E+02   0.27849E+02   0.30215E+00  -0.32363E-01
   0.32813E+03   0.29834E+02   0.27643E+02   0.29459E+00  -0.47955E-01
   0.32848E+03   0.29821E+02   0.27265E+02   0.28494E+00  -0.77295E-01
   0.32883E+03   0.29809E+02   0.26836E+02   0.28152E+00  -0.10002E+00
   0.32918E+03   0.29804E+02   0.26538E+02   0.28205E+00  -0.10912E+00
   0.32953E+03   0.29806E+02   0.26312E+02   0.28160E+00  -0.12993E+00
   0.32988E+03   0.29804E+02   0.26192E+02   0.28090E+00  -0.15139E+00
   0.33023E+03   0.29801E+02   0.25947E+02   0.28576E+00  -0.16925E+00
   0.33058E+03   0.29810E+02   0.25594E+02   0.29904E+00  -0.19699E+00
   0.33093E+03   0.29826E+02   0.25248E+02   0.31389E+00  -0.22978E+00
   0.33128E+03   0.29846E+02   0.24826E+02   0.32919E+00  -0.26471E+00
   0.33163E+03   0.29866E+02   0.24517E+02   0.34453E+00  -0.29575E+00
   0.33198E+03   0.29884E+02   0.24388E+02   0.36529E+00  -0.32756E+00
   0.33233E+03   0.29903E+02   0.24554E+02   0.39109E+00  -0.35897E+00
   0.33268E+03   0.29922E+02   0.24522E+02   0.42215E+00  -0.39361E+00
   0.33303E+03   0.29940E+02   0.24135E+02   0.45866E+00  -0.43908E+00
   0.33338E+03   0.29955E+02   0.24112E+02   0.49550E+00  -0.47679E+00
   0.33373E+03   0.29968E+02   0.24572E+02   0.52979E+00  -0.49037E+00
   0.33408E+03   0.29978E+02   0.25355E+02   0.56982E+00  -0.48906E+00
   0.33443E+03   0.29985E+02   0.26271E+02   0.61411E+00  -0.48162E+00
   0.33478E+03   0.29990E+02   0.27021E+02   0.64877E+00  -0.46501E+00
   0.33513E+03   0.29993E+02   0.27601E+02   0.67565E+00  -0.42838E+00
   0.33548E+03   0.29995E+02   0.28053E+02   0.70124E+00  -0.38371E+00
   0.33583E+03   0.29996E+02   0.28421E+02   0.71326E+00  -0.33045E+00
   0.33618E+03   0.29997E+02   0.28714E+02   0.70578E+00  -0.26311E+00
   0.33653E+03   0.29998E+02   0.28974E+02   0.68490E+00  -0.20624E+00
   0.33688E+03   0.29997E+02   0.29201E+02   0.65425E+00  -0.15454E+00
   0.33723E+03   0.29995E+02   0.29188E+02   0.61650E+00  -0.10587E+00
   0.33758E+03   0.29993E+02   0.28843E+02   0.57295E+00  -0.71885E-01
   0.33793E+03   0.29989E+02   0.28546E+02   0.52726E+00  -0.36613E-01
   0.33828E+03   0.29984E+02   0.28575E+02   0.47830E+00   0.67608E-02
   0.33863E+03   0.29974E+02   0.28702E+02   0.43455E+00   0.34307E-01
   0.33898E+03   0.29963E+02   0.28674E+02   0.40477E+00   0.34337E-01
   0.33933E+03   0.29950E+02   0.28607E+02   0.38295E+00   0.30674E-01
   0.33968E+03   0.29936E+02   0.28541E+02   0.36241E+00   0.29201E-01
   0.34003E+03   0.29920E+02   0.28461E+02   0.34417E+00   0.23399E-01
   0.34038E+03   0.29906E+02   0.28406E+02   0.32969E+00   0.22568E-01
   0.34073E+03   0.29892E+02   0.28344E+02   0.31707E+00   0.16816E-01
   0.34108E+03   0.29874E+02   0.28170E+02   0.30651E+00  -0.19581E-02
   0.34143E+03   0.29862E+02   0.27911E+02   0.30470E+00  -0.22706E-01
   0.34178E+03   0.29855E+02   0.27694E+02   0.30284E+00  -0.38235E-01
   0.34213E+03   0.29848E+02   0.27355E+02   0.29874E+00  -0.56886E-01
   0.34248E+03   0.29840E+02   0.26845E+02   0.29098E+00  -0.85705E-01
   0.34283E+03   0.29828E+02   0.26658E+02   0.28187E+00  -0.97570E-01
   0.34318E+03   0.29815E+02   0.26610E+02   0.28114E+00  -0.10370E+00
   0.34353E+03   0.29810E+02   0.26424E+02   0.29053E+00  -0.12625E+00
   0.34388E+03   0.29817E+02   0.26131E+02   0.30273E+00  -0.15352E+00
   0.34423E+03   0.29827E+02   0.25482E+02   0.30703E+00  -0.19094E+00
   0.34458E+03   0.29836E+02   0.24936E+02   0.30769E+00  -0.22066E+00
   0.34493E+03   0.29844E+02   0.24748E+02   0.31507E+00  -0.23821E+00
   0.34528E+03   0.29855E+02   0.24615E+02   0.33082E+00  -0.26335E+00
   0.34563E+03   0.29871E+02   0.24487E+02   0.34683E+00  -0.29547E+00
   0.34598E+03   0.29888E+02   0.24407E+02   0.36712E+00  -0.33502E+00
   0.34633E+03   0.29907E+02   0.24558E+02   0.39746E+00  -0.36695E+00
   0.34668E+03   0.29926E+02   0.24520E+02   0.42992E+00  -0.39667E+00
   0.34703E+03   0.29944E+02   0.24354E+02   0.46455E+00  -0.43588E+00
   0.34738E+03   0.29958E+02   0.24449E+02   0.50133E+00  -0.46669E+00
   0.34773E+03   0.29970E+02   0.24916E+02   0.53185E+00  -0.48292E+00
   0.34808E+03   0.29978E+02   0.25471E+02   0.56554E+00  -0.48643E+00
   0.34843E+03   0.29985E+02   0.25792E+02   0.60568E+00  -0.48631E+00
   0.34878E+03   0.29990E+02   0.26377E+02   0.64474E+00  -0.46984E+00
   0.34913E+03   0.29993E+02   0.27072E+02   0.67243E+00  -0.43095E+00
   0.34948E+03   0.29995E+02   0.27624E+02   0.69222E+00  -0.38825E+00
   0.34983E+03   0.29996E+02   0.28076E+02   0.70555E+00  -0.33718E+00
   0.35018E+03   0.29998E+02   0.28447E+02   0.70685E+00  -0.27444E+00
   0.35053E+03   0.29998E+02   0.28751E+02   0.69297E+00  -0.20808E+00
   0.35088E+03   0.29997E+02   0.28762E+02   0.66552E+00  -0.15853E+00
   0.35123E+03   0.29995E+02   0.28787E+02   0.62608E+00  -0.11761E+00
   0.35158E+03   0.29993E+02   0.28953E+02   0.58421E+00  -0.61752E-01
   0.35193E+03   0.29990E+02   0.28931E+02   0.53907E+00  -0.15169E-01
   0.35228E+03   0.29985E+02   0.28821E+02   0.48374E+00   0.92544E-02
   0.35263E+03   0.29975E+02   0.28723E+02   0.43602E+00   0.27827E-01
   0.35298E+03   0.29964E+02   0.28640E+02   0.40273E+00   0.37736E-01
   0.35333E+03   0.29950E+02   0.28594E+02   0.37583E+00   0.40250E-01
   0.35368E+03   0.29933E+02   0.28474E+02   0.35356E+00   0.27841E-01
   0.35403E+03   0.29915E+02   0.28259E+02   0.33857E+00   0.80461E-02
   0.35438E+03   0.29900E+02   0.28180E+02   0.32949E+00   0.67655E-02
   0.35473E+03   0.29886E+02   0.28184E+02   0.32088E+00   0.56131E-02
   0.35508E+03   0.29877E+02   0.27989E+02   0.31559E+00  -0.14774E-01
   0.35543E+03   0.29874E+02   0.27625E+02   0.31389E+00  -0.36687E-01
   0.35578E+03   0.29868E+02   0.27447E+02   0.30956E+00  -0.42173E-01
   0.35613E+03   0.29861E+02   0.27329E+02   0.30157E+00  -0.48668E-01
   0.35648E+03   0.29850E+02   0.27018E+02   0.28852E+00  -0.68435E-01
   0.35683E+03   0.29835E+02   0.26662E+02   0.28554E+00  -0.94814E-01
   0.35718E+03   0.29823E+02   0.26431E+02   0.28679E+00  -0.11122E+00
   0.35753E+03   0.29815E+02   0.26095E+02   0.28397E+00  -0.12875E+00
   0.35788E+03   0.29812E+02   0.25692E+02   0.28585E+00  -0.16010E+00
   0.35823E+03   0.29817E+02   0.25455E+02   0.29867E+00  -0.18557E+00
   0.35858E+03   0.29830E+02   0.25270E+02   0.31021E+00  -0.20070E+00
   0.35893E+03   0.29843E+02   0.24894E+02   0.31428E+00  -0.22868E+00
   0.35928E+03   0.29854E+02   0.24437E+02   0.32531E+00  -0.26879E+00
   0.35963E+03   0.29869E+02   0.24245E+02   0.34777E+00  -0.29818E+00
   0.35998E+03   0.29889E+02   0.24042E+02   0.37146E+00  -0.32862E+00
   0.36033E+03   0.29907E+02   0.23716E+02   0.39036E+00  -0.37623E+00
   0.36068E+03   0.29924E+02   0.23808E+02   0.41450E+00  -0.41764E+00
   0.36103E+03   0.29939E+02   0.24135E+02   0.45162E+00  -0.44134E+00
   0.36138E+03   0.29954E+02   0.24354E+02   0.49309E+00  -0.46691E+00
   0.36173E+03   0.29967E+02   0.24512E+02   0.53046E+00  -0.49503E+00
   0.36208E+03   0.29977E+02   0.24602E+02   0.56969E+00  -0.51609E+00
   0.36243E+03   0.29984E+02   0.24692E+02   0.61310E+00  -0.52291E+00
   0.36278E+03   0.29990E+02   0.25219E+02   0.65194E+00  -0.51643E+00
   0.36313E+03   0.29994E+02   0.25956E+02   0.68080E+00  -0.49870E+00
   0.36348E+03   0.29996E+02   0.26398E+02   0.70490E+00  -0.47050E+00
   0.36383E+03   0.29997E+02   0.26933E+02   0.72412E+00  -0.43102E+00
   0.36418E+03   0.29998E+02   0.27528E+02   0.73361E+00  -0.37386E+00
   0.36453E+03   0.29997E+02   0.28013E+02   0.73197E+00  -0.31254E+00
   0.36488E+03   0.29997E+02   0.28411E+02   0.72521E+00  -0.25688E+00
   0.36523E+03   0.29997E+02   0.28738E+02   0.70542E+00  -0.19961E+00
   0.36558E+03   0.29996E+02   0.29002E+02   0.66738E+00  -0.13211E+00
   0.36593E+03   0.29996E+02   0.29147E+02   0.62193E+00  -0.68877E-01
   0.36628E+03   0.29994E+02   0.29134E+02   0.57967E+00  -0.23678E-01
   0.36663E+03   0.29990E+02   0.29080E+02   0.53638E+00   0.15168E-01
   0.36698E+03   0.29984E+02   0.29019E+02   0.48432E+00   0.44139E-01
   0.36733E+03   0.29973E+02   0.28925E+02   0.43474E+00   0.54448E-01
   0.36768E+03   0.29959E+02   0.28888E+02   0.39875E+00   0.62299E-01
   0.36803E+03   0.29942E+02   0.28918E+02   0.37161E+00   0.70295E-01
   0.36838E+03   0.29924E+02   0.28848E+02   0.34623E+00   0.54618E-01
   0.36873E+03   0.29907E+02   0.28669E+02   0.32794E+00   0.31574E-01
   0.36908E+03   0.29893E+02   0.28504E+02   0.31919E+00   0.22963E-01
   0.36943E+03   0.29878E+02   0.28375E+02   0.31605E+00   0.18285E-01
   0.36978E+03   0.29866E+02   0.28278E+02   0.31486E+00   0.70047E-02
   0.37013E+03   0.29859E+02   0.28071E+02   0.30817E+00  -0.13454E-01
   0.37048E+03   0.29848E+02   0.27682E+02   0.29868E+00  -0.38593E-01
   0.37083E+03   0.29836E+02   0.27366E+02   0.29561E+00  -0.55561E-01
   0.37118E+03   0.29831E+02   0.27033E+02   0.29247E+00  -0.72779E-01
   0.37153E+03   0.29832E+02   0.26525E+02   0.28348E+00  -0.10070E+00
   0.37188E+03   0.29819E+02   0.26243E+02   0.27607E+00  -0.12041E+00
   0.37223E+03   0.29807E+02   0.26039E+02   0.28075E+00  -0.13273E+00
   0.37258E+03   0.29809E+02   0.25668E+02   0.28418E+00  -0.15335E+00
   0.37293E+03   0.29812E+02   0.25441E+02   0.29107E+00  -0.18418E+00
   0.37328E+03   0.29822E+02   0.25359E+02   0.30918E+00  -0.21209E+00
   0.37363E+03   0.29839E+02   0.25389E+02   0.32334E+00  -0.22270E+00
   0.37398E+03   0.29856E+02   0.24974E+02   0.32899E+00  -0.25126E+00
   0.37433E+03   0.29868E+02   0.24340E+02   0.34403E+00  -0.30292E+00
   0.37468E+03   0.29886E+02   0.24431E+02   0.37211E+00  -0.32557E+00
   0.37503E+03   0.29906E+02   0.24221E+02   0.39325E+00  -0.35457E+00
   0.37538E+03   0.29924E+02   0.23835E+02   0.41441E+00  -0.41075E+00
   0.37573E+03   0.29939E+02   0.23852E+02   0.44744E+00  -0.45038E+00
   0.37608E+03   0.29953E+02   0.23853E+02   0.48580E+00  -0.47676E+00
   0.37643E+03   0.29966E+02   0.23754E+02   0.52188E+00  -0.51176E+00
   0.37678E+03   0.29976E+02   0.23643E+02   0.56276E+00  -0.55012E+00
   0.37713E+03   0.29984E+02   0.24175E+02   0.61248E+00  -0.55693E+00
   0.37748E+03   0.29990E+02   0.25183E+02   0.66051E+00  -0.53655E+00
   0.37783E+03   0.29994E+02   0.26120E+02   0.69790E+00  -0.51236E+00
   0.37818E+03   0.29997E+02   0.26891E+02   0.72904E+00  -0.46626E+00
   0.37853E+03   0.29998E+02   0.27510E+02   0.75274E+00  -0.40024E+00
   0.37888E+03   0.29998E+02   0.28013E+02   0.76481E+00  -0.33776E+00
   0.37923E+03   0.29998E+02   0.28418E+02   0.75683E+00  -0.27427E+00
   0.37958E+03   0.29999E+02   0.28742E+02   0.72970E+00  -0.20666E+00
   0.37993E+03   0.29998E+02   0.29007E+02   0.69178E+00  -0.13749E+00
   0.38028E+03   0.29997E+02   0.29136E+02   0.64440E+00  -0.75832E-01
   0.38063E+03   0.29995E+02   0.29032E+02   0.58422E+00  -0.33304E-01
   0.38098E+03   0.29990E+02   0.28860E+02   0.52686E+00   0.32528E-02
   0.38133E+03   0.29984E+02   0.28804E+02   0.48682E+00   0.35415E-01
   0.38168E+03   0.29977E+02   0.28800E+02   0.44406E+00   0.51705E-01
   0.38203E+03   0.29967E+02   0.28693E+02   0.39461E+00   0.48460E-01
   0.38238E+03   0.29948E+02   0.28557E+02   0.35879E+00   0.41982E-01
   0.38273E+03   0.29928E+02   0.28575E+02   0.34416E+00   0.53914E-01
   0.38308E+03   0.29910E+02   0.28649E+02   0.33524E+00   0.57969E-01
   0.38343E+03   0.29897E+02   0.28575E+02   0.32754E+00   0.29587E-01
   0.38378E+03   0.29892E+02   0.28310E+02   0.32587E+00  -0.76418E-03
   0.38413E+03   0.29889E+02   0.28085E+02   0.32053E+00  -0.48062E-02
   0.38448E+03   0.29878E+02   0.27905E+02   0.30599E+00  -0.10992E-01
   0.38483E+03   0.29860E+02   0.27705E+02   0.29691E+00  -0.28382E-01
   0.38518E+03   0.29851E+02   0.27564E+02   0.29730E+00  -0.38346E-01
   0.38553E+03   0.29844E+02   0.27348E+02   0.28669E+00  -0.57722E-01
   0.38588E+03   0.29826E+02   0.27030E+02   0.27558E+00  -0.82874E-01
   0.38623E+03   0.29814E+02   0.26530E+02   0.27836E+00  -0.10721E+00
   0.38658E+03   0.29810E+02   0.26008E+02   0.28224E+00  -0.13277E+00
   0.38693E+03   0.29811E+02   0.25599E+02   0.28245E+00  -0.16046E+00
   0.38728E+03   0.29809E+02   0.25417E+02   0.27995E+00  -0.18691E+00
   0.38763E+03   0.29809E+02   0.25485E+02   0.28838E+00  -0.19941E+00
   0.38798E+03   0.29823E+02   0.25446E+02   0.31033E+00  -0.21662E+00
   0.38833E+03   0.29845E+02   0.25164E+02   0.33392E+00  -0.25485E+00
   0.38868E+03   0.29867E+02   0.24734E+02   0.34814E+00  -0.29694E+00
   0.38903E+03   0.29885E+02   0.24211E+02   0.36470E+00  -0.33680E+00
   0.38938E+03   0.29904E+02   0.23737E+02   0.39333E+00  -0.38274E+00
   0.38973E+03   0.29923E+02   0.23517E+02   0.42137E+00  -0.43105E+00
   0.39008E+03   0.29939E+02   0.23663E+02   0.44762E+00  -0.47116E+00
   0.39043E+03   0.29954E+02   0.23870E+02   0.48298E+00  -0.50278E+00
   0.39078E+03   0.29966E+02   0.24198E+02   0.53507E+00  -0.52600E+00
   0.39113E+03   0.29978E+02   0.24996E+02   0.58799E+00  -0.53573E+00
   0.39148E+03   0.29986E+02   0.25580E+02   0.63586E+00  -0.53962E+00
   0.39183E+03   0.29991E+02   0.26081E+02   0.68026E+00  -0.52517E+00
   0.39218E+03   0.29995E+02   0.26833E+02   0.71503E+00  -0.48360E+00
   0.39253E+03   0.29997E+02   0.27458E+02   0.73443E+00  -0.43154E+00
   0.39288E+03   0.29998E+02   0.27960E+02   0.74647E+00  -0.37271E+00
   0.39323E+03   0.29998E+02   0.28369E+02   0.75117E+00  -0.31072E+00
   0.39358E+03   0.29998E+02   0.28705E+02   0.73515E+00  -0.25205E+00
   0.39393E+03   0.29998E+02   0.28976E+02   0.70342E+00  -0.18985E+00
   0.39428E+03   0.29997E+02   0.29202E+02   0.66661E+00  -0.12842E+00
   0.39463E+03   0.29996E+02   0.29149E+02   0.61984E+00  -0.77006E-01
   0.39498E+03   0.29993E+02   0.28954E+02   0.56504E+00  -0.31869E-01
   0.39533E+03   0.29988E+02   0.28865E+02   0.51520E+00   0.63929E-02
   0.39568E+03   0.29981E+02   0.28816E+02   0.47602E+00   0.36258E-01
   0.39603E+03   0.29974E+02   0.28779E+02   0.43916E+00   0.46840E-01
   0.39638E+03   0.29963E+02   0.28690E+02   0.40225E+00   0.38883E-01
   0.39673E+03   0.29947E+02   0.28542E+02   0.37258E+00   0.34908E-01
   0.39708E+03   0.29927E+02   0.28439E+02   0.34786E+00   0.38426E-01
   0.39743E+03   0.29908E+02   0.28451E+02   0.33554E+00   0.34420E-01
   0.39778E+03   0.29896E+02   0.28418E+02   0.33142E+00   0.21617E-01
   0.39813E+03   0.29886E+02   0.28191E+02   0.32560E+00  -0.35117E-03
   0.39848E+03   0.29877E+02   0.27844E+02   0.31862E+00  -0.24197E-01
   0.39883E+03   0.29869E+02   0.27628E+02   0.31337E+00  -0.33996E-01
   0.39918E+03   0.29862E+02   0.27565E+02   0.30823E+00  -0.36322E-01
   0.39953E+03   0.29855E+02   0.27359E+02   0.30065E+00  -0.51152E-01
   0.39988E+03   0.29843E+02   0.26993E+02   0.28906E+00  -0.76856E-01
   0.40023E+03   0.29824E+02   0.26747E+02   0.28482E+00  -0.94300E-01
   0.40058E+03   0.29817E+02   0.26546E+02   0.28852E+00  -0.10608E+00
   0.40093E+03   0.29817E+02   0.26165E+02   0.29097E+00  -0.13373E+00
   0.40128E+03   0.29820E+02   0.25602E+02   0.29469E+00  -0.17149E+00
   0.40163E+03   0.29824E+02   0.25374E+02   0.29408E+00  -0.19121E+00
   0.40198E+03   0.29827E+02   0.25263E+02   0.29814E+00  -0.20624E+00
   0.40233E+03   0.29836E+02   0.24917E+02   0.31604E+00  -0.23652E+00
   0.40268E+03   0.29853E+02   0.24655E+02   0.33921E+00  -0.27388E+00
   0.40303E+03   0.29875E+02   0.24129E+02   0.35735E+00  -0.31779E+00
   0.40338E+03   0.29894E+02   0.23577E+02   0.37211E+00  -0.36578E+00
   0.40373E+03   0.29910E+02   0.23557E+02   0.39811E+00  -0.40493E+00
   0.40408E+03   0.29928E+02   0.23697E+02   0.43701E+00  -0.43733E+00
   0.40443E+03   0.29947E+02   0.23793E+02   0.47737E+00  -0.47543E+00
   0.40478E+03   0.29962E+02   0.23835E+02   0.51557E+00  -0.52442E+00
   0.40513E+03   0.29974E+02   0.24163E+02   0.55537E+00  -0.54826E+00
   0.40548E+03   0.29982E+02   0.24748E+02   0.60655E+00  -0.54250E+00
   0.40583E+03   0.29989E+02   0.25246E+02   0.65632E+00  -0.54009E+00
   0.40618E+03   0.29993E+02   0.25952E+02   0.69467E+00  -0.52203E+00
   0.40653E+03   0.29996E+02   0.26737E+02   0.72251E+00  -0.48058E+00
   0.40688E+03   0.29997E+02   0.27365E+02   0.74346E+00  -0.42608E+00
   0.40723E+03   0.29998E+02   0.27869E+02   0.75909E+00  -0.36157E+00
   0.40758E+03   0.29999E+02   0.28280E+02   0.75782E+00  -0.29414E+00
   0.40793E+03   0.29999E+02   0.28636E+02   0.73577E+00  -0.23148E+00
   0.40828E+03   0.29998E+02   0.28931E+02   0.70138E+00  -0.17331E+00
   0.40863E+03   0.29997E+02   0.29158E+02   0.66008E+00  -0.10674E+00
   0.40898E+03   0.29996E+02   0.29177E+02   0.61128E+00  -0.47440E-01
   0.40933E+03   0.29993E+02   0.29105E+02   0.56169E+00  -0.64100E-02
   0.40968E+03   0.29989E+02   0.29092E+02   0.50857E+00   0.27937E-01
   0.41003E+03   0.29980E+02   0.29041E+02   0.45626E+00   0.54683E-01
   0.41038E+03   0.29969E+02   0.28958E+02   0.41701E+00   0.64888E-01
   0.41073E+03   0.29955E+02   0.28914E+02   0.38750E+00   0.63156E-01
   0.41108E+03   0.29938E+02   0.28883E+02   0.36265E+00   0.61576E-01
   0.41143E+03   0.29922E+02   0.28757E+02   0.33776E+00   0.48601E-01
   0.41178E+03   0.29903E+02   0.28562E+02   0.32114E+00   0.26494E-01
   0.41213E+03   0.29889E+02   0.28442E+02   0.32044E+00   0.20753E-01
   0.41248E+03   0.29881E+02   0.28402E+02   0.31766E+00   0.19229E-01
   0.41283E+03   0.29873E+02   0.28263E+02   0.31161E+00   0.13911E-02
   0.41318E+03   0.29865E+02   0.28055E+02   0.30502E+00  -0.16119E-01
   0.41353E+03   0.29853E+02   0.27903E+02   0.29840E+00  -0.24752E-01
   0.41388E+03   0.29841E+02   0.27705E+02   0.29207E+00  -0.37941E-01
   0.41423E+03   0.29836E+02   0.27383E+02   0.28503E+00  -0.62602E-01
   0.41458E+03   0.29825E+02   0.26917E+02   0.27314E+00  -0.88587E-01
   0.41493E+03   0.29805E+02   0.26451E+02   0.26471E+00  -0.10511E+00
   0.41528E+03   0.29787E+02   0.26331E+02   0.26628E+00  -0.11698E+00
   0.41563E+03   0.29778E+02   0.26208E+02   0.27467E+00  -0.13595E+00
   0.41598E+03   0.29785E+02   0.25586E+02   0.28568E+00  -0.17492E+00
   0.41633E+03   0.29802E+02   0.24814E+02   0.29545E+00  -0.22507E+00
   0.41668E+03   0.29820E+02   0.24526E+02   0.30733E+00  -0.25611E+00
   0.41703E+03   0.29840E+02   0.24845E+02   0.32077E+00  -0.26860E+00
   0.41738E+03   0.29861E+02   0.24935E+02   0.34206E+00  -0.29253E+00
   0.41773E+03   0.29883E+02   0.24841E+02   0.37164E+00  -0.32831E+00
   0.41808E+03   0.29905E+02   0.24898E+02   0.39757E+00  -0.36069E+00
   0.41843E+03   0.29924E+02   0.24733E+02   0.42353E+00  -0.39559E+00
   0.41878E+03   0.29942E+02   0.24786E+02   0.46353E+00  -0.42698E+00
   0.41913E+03   0.29957E+02   0.24542E+02   0.50278E+00  -0.46197E+00
   0.41948E+03   0.29969E+02   0.24504E+02   0.52772E+00  -0.49234E+00
   0.41983E+03   0.29978E+02   0.25049E+02   0.55623E+00  -0.49980E+00
