         329
  0.175000000000000        1312500.00000000     
         280
  0.525000000000000        3937500.00000000     
          16
  0.875000000000000        6562500.00000000     
         514
   1.22500000000000        9187500.00000000     
         226
   1.57500000000000        11812500.0000000     
         274
   1.92500000000000        14437500.0000000     
           6
   2.27500000000000        17062500.0000000     
         467
   2.62500000000000        19687500.0000000     
         491
   2.97500000000000        22312500.0000000     
          58
   3.32500000000000        24937500.0000000     
         323
   3.67500000000000        27562500.0000000     
         372
   4.02500000000000        30187500.0000000     
         292
   4.37500000000000        32812500.0000000     
         145
   4.72500000000000        35437500.0000000     
         460
   5.07500000000000        38062500.0000000     
         412
   5.42500000000000        40687500.0000000     
         164
   5.77500000000000        43312500.0000000     
         242
   6.12500000000000        45937500.0000000     
           6
   6.47500000000000        48562500.0000000     
         253
   6.82500000000000        51187500.0000000     
         253
   7.17500000000000        53812500.0000000     
         437
   7.52500000000000        56437500.0000000     
         276
   7.87500000000000        59062500.0000000     
         516
   8.22500000000000        61687500.0000000     
         137
   8.57500000000000        64312500.0000000     
         109
   8.92500000000000        66937500.0000000     
         376
   9.27500000000000        69562500.0000000     
         393
   9.62499999999999        72187500.0000000     
         200
   9.97499999999999        74812500.0000000     
          42
   10.3250000000000        77437500.0000000     
         392
   10.6750000000000        80062500.0000000     
         450
   11.0250000000000        82687500.0000000     
         322
   11.3750000000000        85312499.9999999     
           2
   11.7250000000000        87937499.9999999     
         403
   12.0750000000000        90562499.9999999     
          82
   12.4250000000000        93187499.9999999     
         182
   12.7750000000000        95812499.9999999     
         143
   13.1250000000000        98437499.9999999     
          79
   13.4750000000000        101062500.000000     
         328
   13.8250000000000        103687500.000000     
         340
   14.1750000000000        106312500.000000     
         212
   14.5250000000000        108937500.000000     
         312
   14.8750000000000        111562500.000000     
         413
   15.2250000000000        114187500.000000     
         120
   15.5750000000000        116812500.000000     
         488
   15.9250000000000        119437500.000000     
         333
   16.2750000000000        122062500.000000     
         471
   16.6250000000000        124687500.000000     
         337
   16.9750000000000        127312500.000000     
          14
   17.3250000000000        129937500.000000     
          90
   17.6750000000000        132562500.000000     
         406
   18.0250000000000        135187500.000000     
          31
   18.3750000000000        137812500.000000     
         421
   18.7250000000000        140437500.000000     
         347
   19.0750000000000        143062500.000000     
         331
   19.4250000000000        145687500.000000     
         538
   19.7750000000000        148312500.000000     
         373
   20.1250000000000        150937500.000000     
          62
   20.4750000000000        153562500.000000     
         494
   20.8250000000000        156187500.000000     
         104
   21.1750000000000        158812500.000000     
         510
   21.5250000000000        161437500.000000     
         521
   21.8750000000000        164062500.000000     
           5
   22.2250000000000        166687500.000000     
         414
   22.5750000000000        169312500.000000     
         534
   22.9250000000000        171937500.000000     
         416
   23.2750000000000        174562500.000000     
         478
   23.6250000000000        177187500.000000     
         334
   23.9750000000000        179812500.000000     
         376
   24.3250000000000        182437500.000000     
          74
   24.6750000000000        185062500.000000     
         215
   25.0250000000000        187687500.000000     
         300
   25.3750000000000        190312500.000000     
         378
   25.7250000000000        192937500.000000     
         154
   26.0750000000000        195562500.000000     
         185
   26.4250000000000        198187500.000000     
         442
   26.7750000000000        200812500.000000     
         111
   27.1250000000000        203437500.000000     
          39
   27.4750000000000        206062500.000000     
         124
   27.8250000000000        208687500.000000     
         295
   28.1750000000000        211312500.000000     
          56
   28.5250000000000        213937500.000000     
         206
   28.8750000000000        216562500.000000     
          64
   29.2250000000000        219187500.000000     
         129
   29.5750000000000        221812500.000000     
         194
   29.9250000000000        224437500.000000     
         217
   30.2750000000000        227062500.000000     
         102
   30.6250000000000        229687500.000000     
          55
   30.9750000000001        232312500.000000     
         401
   31.3250000000001        234937500.000000     
           9
   31.6750000000001        237562500.000000     
          25
   32.0250000000001        240187500.000000     
          24
   32.3750000000001        242812500.000000     
         476
   32.7250000000001        245437500.000000     
         244
   33.0750000000001        248062500.000000     
         421
   33.4250000000001        250687500.000000     
         126
   33.7750000000001        253312500.000000     
         101
   34.1250000000001        255937500.000000     
         409
   34.4750000000001        258562500.000000     
         133
   34.8250000000001        261187500.000001     
         296
   35.1750000000001        263812500.000001     
         237
   35.5250000000001        266437500.000001     
         181
   35.8750000000001        269062500.000001     
         418
   36.2250000000001        271687500.000001     
         245
   36.5750000000001        274312500.000001     
         328
   36.9250000000001        276937500.000001     
         389
   37.2750000000001        279562500.000001     
         249
   37.6250000000001        282187500.000001     
         383
   37.9750000000001        284812500.000001     
         120
   38.3250000000001        287437500.000001     
         251
   38.6750000000001        290062500.000001     
         264
   39.0250000000001        292687500.000001     
         240
   39.3750000000001        295312500.000001     
         538
   39.7250000000001        297937500.000001     
         312
   40.0750000000001        300562500.000001     
         216
   40.4250000000001        303187500.000001     
         505
   40.7750000000001        305812500.000001     
         401
   41.1250000000001        308437500.000001     
         405
   41.4750000000001        311062500.000001     
         322
   41.8250000000001        313687500.000001     
         307
   42.1750000000001        316312500.000001     
         422
   42.5250000000001        318937500.000001     
         174
   42.8750000000001        321562500.000001     
         291
   43.2250000000001        324187500.000001     
          20
   43.5750000000001        326812500.000001     
         454
   43.9250000000001        329437500.000001     
          18
   44.2750000000001        332062500.000001     
         191
   44.6250000000001        334687500.000001     
         430
   44.9750000000001        337312500.000001     
         195
   45.3250000000001        339937500.000001     
         381
   45.6750000000001        342562500.000001     
         215
   46.0250000000001        345187500.000001     
         377
   46.3750000000001        347812500.000001     
          82
   46.7250000000001        350437500.000001     
         157
   47.0750000000001        353062500.000001     
          23
   47.4250000000001        355687500.000001     
         177
   47.7750000000001        358312500.000001     
         276
   48.1250000000001        360937500.000001     
         417
   48.4750000000001        363562500.000001     
         282
   48.8250000000001        366187500.000001     
         498
   49.1750000000001        368812500.000001     
         317
   49.5250000000001        371437500.000001     
          21
   49.8750000000001        374062500.000001     
         449
   50.2250000000001        376687500.000001     
         110
   50.5750000000001        379312500.000001     
         270
   50.9250000000001        381937500.000001     
         490
   51.2750000000001        384562500.000001     
         286
   51.6250000000001        387187500.000001     
          40
   51.9750000000001        389812500.000001     
         259
   52.3250000000001        392437500.000001     
         427
   52.6750000000001        395062500.000001     
         162
   53.0250000000001        397687500.000001     
          75
   53.3750000000001        400312500.000001     
         148
   53.7250000000001        402937500.000001     
         517
   54.0750000000001        405562500.000001     
         538
   54.4250000000001        408187500.000001     
           8
   54.7750000000001        410812500.000001     
         375
   55.1250000000001        413437500.000001     
         248
   55.4750000000002        416062500.000001     
         414
   55.8250000000002        418687500.000001     
         425
   56.1750000000002        421312500.000001     
         352
   56.5250000000002        423937500.000001     
         349
   56.8750000000002        426562500.000001     
         296
   57.2250000000002        429187500.000001     
          65
   57.5750000000002        431812500.000001     
         125
   57.9250000000002        434437500.000001     
         157
   58.2750000000002        437062500.000001     
          50
   58.6250000000002        439687500.000001     
         263
   58.9750000000002        442312500.000001     
          82
   59.3250000000002        444937500.000001     
         131
   59.6750000000002        447562500.000001     
         102
   60.0250000000002        450187500.000001     
         296
   60.3750000000002        452812500.000001     
         199
   60.7250000000002        455437500.000001     
         162
   61.0750000000002        458062500.000001     
         410
   61.4250000000002        460687500.000001     
         178
   61.7750000000002        463312500.000001     
         407
   62.1250000000002        465937500.000001     
         481
   62.4750000000002        468562500.000001     
         131
   62.8250000000002        471187500.000001     
         264
   63.1750000000002        473812500.000001     
         442
   63.5250000000002        476437500.000001     
         215
   63.8750000000002        479062500.000001     
         524
   64.2250000000002        481687500.000001     
         158
   64.5750000000002        484312500.000001     
          27
   64.9250000000002        486937500.000001     
         494
   65.2750000000002        489562500.000001     
         426
   65.6250000000002        492187500.000001     
         371
   65.9750000000002        494812500.000001     
         454
   66.3250000000001        497437500.000001     
         419
   66.6750000000001        500062500.000001     
          42
   67.0250000000001        502687500.000001     
         151
   67.3750000000001        505312500.000001     
         458
   67.7250000000001        507937500.000001     
         196
   68.0750000000001        510562500.000001     
         226
   68.4250000000001        513187500.000001     
         304
   68.7750000000001        515812500.000001     
          96
   69.1250000000001        518437500.000001     
         375
   69.4750000000001        521062500.000001     
         271
   69.8250000000001        523687500.000001     
         257
   70.1750000000001        526312500.000001     
         527
   70.5250000000001        528937500.000001     
          31
   70.8750000000001        531562500.000001     
         305
   71.2250000000001        534187500.000000     
         300
   71.5750000000001        536812500.000000     
         425
   71.9250000000001        539437500.000000     
         161
   72.2750000000000        542062500.000000     
         473
   72.6250000000000        544687500.000000     
         418
   72.9750000000000        547312500.000000     
         401
   73.3250000000000        549937500.000000     
          68
   73.6750000000000        552562500.000000     
         215
   74.0250000000000        555187500.000000     
          28
   74.3750000000000        557812500.000000     
         366
   74.7250000000000        560437500.000000     
         223
   75.0750000000000        563062500.000000     
         516
   75.4250000000000        565687500.000000     
         205
   75.7750000000000        568312500.000000     
         183
   76.1250000000000        570937500.000000     
         326
   76.4750000000000        573562500.000000     
         177
   76.8250000000000        576187500.000000     
         327
   77.1750000000000        578812500.000000     
          23
   77.5250000000000        581437500.000000     
         180
   77.8750000000000        584062500.000000     
         342
   78.2250000000000        586687500.000000     
         407
   78.5749999999999        589312500.000000     
         471
   78.9249999999999        591937500.000000     
         448
   79.2749999999999        594562500.000000     
         293
   79.6249999999999        597187500.000000     
          65
   79.9749999999999        599812499.999999     
         490
   80.3249999999999        602437499.999999     
         381
   80.6749999999999        605062499.999999     
         276
   81.0249999999999        607687499.999999     
         470
   81.3749999999999        610312499.999999     
         461
   81.7249999999999        612937499.999999     
         301
   82.0749999999999        615562499.999999     
         304
   82.4249999999999        618187499.999999     
         462
   82.7749999999999        620812499.999999     
         462
   83.1249999999999        623437499.999999     
         143
   83.4749999999999        626062499.999999     
         119
   83.8249999999999        628687499.999999     
         198
   84.1749999999999        631312499.999999     
         176
   84.5249999999998        633937499.999999     
         304
   84.8749999999998        636562499.999999     
         190
   85.2249999999998        639187499.999999     
         190
   85.5749999999998        641812499.999999     
          74
   85.9249999999998        644437499.999999     
         186
   86.2749999999998        647062499.999999     
          69
   86.6249999999998        649687499.999999     
         382
   86.9749999999998        652312499.999999     
         329
   87.3249999999998        654937499.999999     
         377
   87.6749999999998        657562499.999998     
          22
   88.0249999999998        660187499.999998     
         354
   88.3749999999998        662812499.999998     
          94
   88.7249999999998        665437499.999998     
          25
   89.0749999999998        668062499.999998     
         479
   89.4249999999998        670687499.999998     
         497
   89.7749999999998        673312499.999998     
         446
   90.1249999999998        675937499.999998     
         392
   90.4749999999998        678562499.999998     
         462
   90.8249999999997        681187499.999998     
         196
   91.1749999999997        683812499.999998     
         209
   91.5249999999997        686437499.999998     
         502
   91.8749999999997        689062499.999998     
         232
   92.2249999999997        691687499.999998     
         277
   92.5749999999997        694312499.999998     
         472
   92.9249999999997        696937499.999998     
         192
   93.2749999999997        699562499.999998     
         268
   93.6249999999997        702187499.999998     
          13
   93.9749999999997        704812499.999998     
          79
   94.3249999999997        707437499.999998     
         294
   94.6749999999997        710062499.999998     
         435
   95.0249999999997        712687499.999998     
         202
   95.3749999999997        715312499.999997     
         383
   95.7249999999997        717937499.999997     
         536
   96.0749999999997        720562499.999997     
         511
   96.4249999999997        723187499.999997     
         368
   96.7749999999997        725812499.999997     
         199
   97.1249999999996        728437499.999997     
         124
   97.4749999999996        731062499.999997     
         449
   97.8249999999996        733687499.999997     
           4
   98.1749999999996        736312499.999997     
         262
   98.5249999999996        738937499.999997     
         148
   98.8749999999996        741562499.999997     
          45
   99.2249999999996        744187499.999997     
         156
   99.5749999999996        746812499.999997     
         309
   99.9249999999996        749437499.999997     
          75
   100.275000000000        752062499.999997     
         312
   100.625000000000        754687499.999997     
          15
   100.975000000000        757312499.999997     
          81
   101.325000000000        759937499.999997     
         534
   101.675000000000        762562499.999997     
         127
   102.025000000000        765187499.999997     
         311
   102.375000000000        767812499.999997     
          89
   102.725000000000        770437499.999997     
         308
   103.075000000000        773062499.999997     
         160
   103.425000000000        775687499.999997     
         256
   103.775000000000        778312499.999997     
         513
   104.125000000000        780937499.999996     
         470
   104.475000000000        783562499.999996     
         539
   104.825000000000        786187499.999996     
         412
   105.175000000000        788812499.999996     
         523
   105.525000000000        791437499.999996     
         212
   105.875000000000        794062499.999996     
          70
   106.224999999999        796687499.999996     
         157
   106.574999999999        799312499.999996     
         233
   106.924999999999        801937499.999996     
          24
   107.274999999999        804562499.999996     
         419
   107.624999999999        807187499.999996     
         468
   107.974999999999        809812499.999996     
          72
   108.324999999999        812437499.999996     
         443
   108.674999999999        815062499.999996     
         368
   109.024999999999        817687499.999996     
         182
   109.374999999999        820312499.999996     
          24
   109.724999999999        822937499.999996     
         372
   110.074999999999        825562499.999996     
          33
   110.424999999999        828187499.999996     
         202
   110.774999999999        830812499.999996     
         488
   111.124999999999        833437499.999996     
         155
   111.474999999999        836062499.999996     
          51
   111.824999999999        838687499.999996     
         339
   112.174999999999        841312499.999995     
         274
   112.524999999999        843937499.999995     
         527
   112.874999999999        846562499.999995     
         385
   113.224999999999        849187499.999995     
         234
   113.574999999999        851812499.999995     
         200
   113.924999999999        854437499.999995     
         454
   114.274999999999        857062499.999995     
         326
   114.624999999999        859687499.999995     
         299
   114.974999999999        862312499.999995     
         108
   115.324999999999        864937499.999995     
         155
   115.674999999999        867562499.999995     
         317
   116.024999999999        870187499.999995     
         418
   116.374999999999        872812499.999995     
         216
   116.724999999999        875437499.999995     
         453
   117.074999999999        878062499.999995     
         335
   117.424999999999        880687499.999995     
         376
   117.774999999999        883312499.999995     
          52
   118.124999999999        885937499.999995     
         321
   118.474999999999        888562499.999995     
         297
   118.824999999999        891187499.999995     
         536
   119.174999999999        893812499.999995     
          21
   119.524999999999        896437499.999995     
           1
   119.874999999999        899062499.999995     
         129
   120.224999999999        901687499.999995     
          31
   120.574999999999        904312499.999995     
          16
   120.924999999999        906937499.999994     
         115
   121.274999999999        909562499.999994     
          14
   121.624999999999        912187499.999994     
          98
   121.974999999999        914812499.999994     
         283
   122.324999999999        917437499.999994     
         357
   122.674999999999        920062499.999994     
         525
   123.024999999999        922687499.999994     
         176
   123.374999999999        925312499.999994     
          94
   123.724999999999        927937499.999994     
         251
   124.074999999999        930562499.999994     
         108
   124.424999999999        933187499.999994     
         523
   124.774999999999        935812499.999994     
          33
   125.124999999999        938437499.999994     
         400
   125.474999999999        941062499.999994     
          81
   125.824999999999        943687499.999994     
         446
   126.174999999999        946312499.999994     
          62
   126.524999999999        948937499.999994     
         175
   126.874999999999        951562499.999994     
         130
   127.224999999999        954187499.999994     
         205
   127.574999999999        956812499.999994     
         414
   127.924999999999        959437499.999994     
         231
   128.274999999999        962062499.999993     
         530
   128.624999999999        964687499.999993     
         272
   128.974999999999        967312499.999993     
          76
   129.324999999999        969937499.999993     
          26
   129.674999999999        972562499.999993     
         245
   130.024999999999        975187499.999993     
         407
   130.374999999999        977812499.999993     
         491
   130.724999999999        980437499.999993     
         481
   131.074999999999        983062499.999993     
         310
   131.424999999999        985687499.999993     
         128
   131.774999999999        988312499.999993     
         288
   132.124999999999        990937499.999993     
          89
   132.474999999999        993562499.999993     
         140
   132.824999999999        996187499.999993     
         331
   133.174999999999        998812499.999993     
         244
   133.524999999999        1001437499.99999     
         532
   133.874999999999        1004062499.99999     
         348
   134.224999999999        1006687499.99999     
         431
   134.574999999999        1009312499.99999     
         437
   134.924999999999        1011937499.99999     
         176
   135.274999999999        1014562499.99999     
         413
   135.624999999999        1017187499.99999     
         211
   135.974999999999        1019812499.99999     
         399
   136.324999999999        1022437499.99999     
           2
   136.674999999999        1025062499.99999     
          63
   137.024999999999        1027687499.99999     
         191
   137.374999999999        1030312499.99999     
         386
   137.724999999999        1032937499.99999     
         417
   138.074999999999        1035562499.99999     
         277
   138.424999999999        1038187499.99999     
         434
   138.774999999999        1040812499.99999     
          94
   139.124999999999        1043437499.99999     
         163
   139.474999999999        1046062499.99999     
         354
   139.824999999999        1048687499.99999     
         351
   140.174999999999        1051312499.99999     
          58
   140.524999999999        1053937499.99999     
         408
   140.874999999999        1056562499.99999     
         316
   141.224999999999        1059187499.99999     
         431
   141.574999999999        1061812499.99999     
         385
   141.924999999999        1064437499.99999     
         384
   142.274999999999        1067062499.99999     
         493
   142.624999999999        1069687499.99999     
         184
   142.974999999999        1072312499.99999     
         496
   143.324999999999        1074937499.99999     
         420
   143.674999999999        1077562499.99999     
         207
   144.024999999999        1080187499.99999     
         236
   144.374999999999        1082812499.99999     
         116
   144.724999999999        1085437499.99999     
         210
   145.074999999999        1088062499.99999     
         376
   145.424999999999        1090687499.99999     
         446
   145.774999999999        1093312499.99999     
         333
   146.124999999999        1095937499.99999     
         165
   146.474999999999        1098562499.99999     
         277
   146.824999999999        1101187499.99999     
         505
   147.174999999999        1103812499.99999     
          54
   147.524999999999        1106437499.99999     
         331
   147.874999999999        1109062499.99999     
         344
   148.224999999999        1111687499.99999     
         420
   148.574999999999        1114312499.99999     
         512
   148.924999999999        1116937499.99999     
         238
   149.274999999999        1119562499.99999     
         449
   149.624999999999        1122187499.99999     
         377
   149.974999999999        1124812499.99999     
           2
   150.324999999999        1127437499.99999     
         365
   150.674999999999        1130062499.99999     
         367
   151.024999999999        1132687499.99999     
         473
   151.374999999999        1135312499.99999     
         540
   151.724999999999        1137937499.99999     
         117
   152.074999999999        1140562499.99999     
         341
   152.424999999999        1143187499.99999     
         534
   152.774999999999        1145812499.99999     
         375
   153.124999999999        1148437499.99999     
         118
   153.474999999999        1151062499.99999     
         388
   153.824999999999        1153687499.99999     
         440
   154.174999999999        1156312499.99999     
         448
   154.524999999999        1158937499.99999     
         422
   154.874999999999        1161562499.99999     
         293
   155.224999999999        1164187499.99999     
         486
   155.574999999999        1166812499.99999     
         504
   155.924999999999        1169437499.99999     
         243
   156.274999999999        1172062499.99999     
         489
   156.624999999999        1174687499.99999     
         470
   156.974999999999        1177312499.99999     
          36
   157.324999999999        1179937499.99999     
          27
   157.674999999999        1182562499.99999     
         204
   158.024999999999        1185187499.99999     
         245
   158.374999999999        1187812499.99999     
         100
   158.724999999999        1190437499.99999     
         497
   159.074999999999        1193062499.99999     
         121
   159.424999999999        1195687499.99999     
          86
   159.774999999999        1198312499.99999     
         428
   160.124999999999        1200937499.99999     
         416
   160.474999999999        1203562499.99999     
         411
   160.824999999999        1206187499.99999     
          48
   161.174999999999        1208812499.99999     
         117
   161.524999999999        1211437499.99999     
         219
   161.874999999999        1214062499.99999     
         170
   162.224999999999        1216687499.99999     
         448
   162.574999999999        1219312499.99999     
         215
   162.924999999999        1221937499.99999     
         312
   163.274999999999        1224562499.99999     
          43
   163.624999999999        1227187499.99999     
         122
   163.974999999999        1229812499.99999     
         180
   164.324999999999        1232437499.99999     
         520
   164.674999999999        1235062499.99999     
         331
   165.024999999999        1237687499.99999     
         374
   165.374999999999        1240312499.99999     
         142
   165.724999999999        1242937499.99999     
         130
   166.074999999999        1245562499.99999     
         254
   166.424999999999        1248187499.99999     
         383
   166.774999999998        1250812499.99999     
          71
   167.124999999998        1253437499.99999     
         204
   167.474999999998        1256062499.99999     
         328
   167.824999999998        1258687499.99999     
         106
   168.174999999998        1261312499.99999     
         211
   168.524999999998        1263937499.99999     
          22
   168.874999999998        1266562499.99999     
          71
   169.224999999998        1269187499.99999     
         138
   169.574999999998        1271812499.99999     
          90
   169.924999999998        1274437499.99999     
          41
   170.274999999998        1277062499.99999     
         317
   170.624999999998        1279687499.99999     
          35
   170.974999999998        1282312499.99999     
         314
   171.324999999998        1284937499.99999     
         503
   171.674999999998        1287562499.99999     
          62
   172.024999999998        1290187499.99999     
         308
   172.374999999998        1292812499.99999     
         313
   172.724999999998        1295437499.99999     
         539
   173.074999999998        1298062499.99999     
          11
   173.424999999998        1300687499.99999     
         231
   173.774999999998        1303312499.99999     
         110
   174.124999999998        1305937499.99999     
         190
   174.474999999998        1308562499.99999     
         223
   174.824999999998        1311187499.99999     
          11
   175.174999999998        1313812499.99999     
          38
   175.524999999998        1316437499.99999     
         217
   175.874999999998        1319062499.99999     
         390
   176.224999999998        1321687499.99999     
          27
   176.574999999998        1324312499.99999     
         432
   176.924999999998        1326937499.99999     
         451
   177.274999999998        1329562499.99999     
         211
   177.624999999998        1332187499.99999     
          19
   177.974999999998        1334812499.99999     
         498
   178.324999999998        1337437499.99999     
          25
   178.674999999998        1340062499.99999     
         512
   179.024999999998        1342687499.99999     
         177
   179.374999999998        1345312499.99999     
         143
   179.724999999998        1347937499.99999     
         438
   180.074999999998        1350562499.99999     
          74
   180.424999999998        1353187499.99999     
          72
   180.774999999998        1355812499.99999     
         112
   181.124999999998        1358437499.99999     
           3
   181.474999999998        1361062499.99999     
         237
   181.824999999998        1363687499.99999     
         265
   182.174999999998        1366312499.99999     
         114
   182.524999999998        1368937499.99999     
         523
   182.874999999998        1371562499.99999     
         500
   183.224999999998        1374187499.99999     
          85
   183.574999999998        1376812499.99999     
         527
   183.924999999998        1379437499.99999     
         519
   184.274999999998        1382062499.99999     
         229
   184.624999999998        1384687499.99999     
         515
   184.974999999998        1387312499.99999     
         487
   185.324999999998        1389937499.99999     
          55
   185.674999999998        1392562499.99999     
         442
   186.024999999998        1395187499.99999     
         356
   186.374999999998        1397812499.99999     
         376
   186.724999999998        1400437499.99999     
         268
   187.074999999998        1403062499.99999     
          79
   187.424999999998        1405687499.99999     
         384
   187.774999999998        1408312499.99999     
         139
   188.124999999998        1410937499.99999     
         189
   188.474999999998        1413562499.99999     
         467
   188.824999999998        1416187499.99999     
         411
   189.174999999998        1418812499.99999     
         150
   189.524999999998        1421437499.99999     
          50
   189.874999999998        1424062499.99999     
         404
   190.224999999998        1426687499.99999     
          48
   190.574999999998        1429312499.99999     
         114
   190.924999999998        1431937499.99999     
         196
   191.274999999998        1434562499.99999     
         230
   191.624999999998        1437187499.99999     
         157
   191.974999999998        1439812499.99999     
         496
   192.324999999998        1442437499.99999     
         469
   192.674999999998        1445062499.99999     
          37
   193.024999999998        1447687499.99999     
         467
   193.374999999998        1450312499.99999     
          31
   193.724999999998        1452937499.99999     
          22
   194.074999999998        1455562499.99999     
         246
   194.424999999998        1458187499.99999     
         484
   194.774999999998        1460812499.99999     
          67
   195.124999999998        1463437499.99999     
          55
   195.474999999998        1466062499.99999     
          31
   195.824999999998        1468687499.99999     
          24
   196.174999999998        1471312499.99999     
         260
   196.524999999998        1473937499.99999     
         154
   196.874999999998        1476562499.99998     
          46
   197.224999999998        1479187499.99998     
         245
   197.574999999998        1481812499.99998     
         283
   197.924999999998        1484437499.99998     
         509
   198.274999999998        1487062499.99998     
         191
   198.624999999998        1489687499.99998     
         145
   198.974999999998        1492312499.99998     
          48
   199.324999999998        1494937499.99998     
         475
   199.674999999998        1497562499.99998     
         411
   200.024999999998        1500187499.99998     
         459
   200.374999999998        1502812499.99998     
         158
   200.724999999998        1505437499.99998     
         518
   201.074999999998        1508062499.99998     
         464
   201.424999999998        1510687499.99998     
         129
   201.774999999998        1513312499.99998     
         171
   202.124999999998        1515937499.99998     
         240
   202.474999999998        1518562499.99998     
         481
   202.824999999998        1521187499.99998     
         235
   203.174999999998        1523812499.99998     
          29
   203.524999999998        1526437499.99998     
         304
   203.874999999998        1529062499.99998     
         296
   204.224999999998        1531687499.99998     
         540
   204.574999999998        1534312499.99998     
         265
   204.924999999998        1536937499.99998     
         304
   205.274999999998        1539562499.99998     
         257
   205.624999999998        1542187499.99998     
         485
   205.974999999998        1544812499.99998     
          69
   206.324999999998        1547437499.99998     
         524
   206.674999999998        1550062499.99998     
         429
   207.024999999998        1552687499.99998     
         200
   207.374999999998        1555312499.99998     
          88
   207.724999999998        1557937499.99998     
         108
   208.074999999998        1560562499.99998     
         285
   208.424999999998        1563187499.99998     
          91
   208.774999999998        1565812499.99998     
         301
   209.124999999998        1568437499.99998     
         512
   209.474999999998        1571062499.99998     
         242
   209.824999999998        1573687499.99998     
          45
   210.174999999998        1576312499.99998     
          15
   210.524999999998        1578937499.99998     
         391
   210.874999999998        1581562499.99998     
         383
   211.224999999998        1584187499.99998     
         202
   211.574999999998        1586812499.99998     
         219
   211.924999999998        1589437499.99998     
         220
   212.274999999998        1592062499.99998     
         506
   212.624999999998        1594687499.99998     
         138
   212.974999999998        1597312499.99998     
          30
   213.324999999998        1599937499.99998     
         432
   213.674999999998        1602562499.99998     
         212
   214.024999999998        1605187499.99998     
         512
   214.374999999998        1607812499.99998     
         130
   214.724999999998        1610437499.99998     
         221
   215.074999999998        1613062499.99998     
         315
   215.424999999998        1615687499.99998     
         253
   215.774999999998        1618312499.99998     
          23
   216.124999999998        1620937499.99998     
         299
   216.474999999998        1623562499.99998     
         131
   216.824999999998        1626187499.99998     
          59
   217.174999999998        1628812499.99998     
         220
   217.524999999998        1631437499.99998     
         121
   217.874999999998        1634062499.99998     
           6
   218.224999999998        1636687499.99998     
         171
   218.574999999998        1639312499.99998     
         156
   218.924999999998        1641937499.99998     
         299
   219.274999999998        1644562499.99998     
         439
   219.624999999998        1647187499.99998     
         167
   219.974999999998        1649812499.99998     
         539
   220.324999999998        1652437499.99998     
          20
   220.674999999998        1655062499.99998     
         209
   221.024999999998        1657687499.99998     
         303
   221.374999999998        1660312499.99998     
         311
   221.724999999998        1662937499.99998     
         388
   222.074999999998        1665562499.99998     
         252
   222.424999999998        1668187499.99998     
         152
   222.774999999998        1670812499.99998     
         397
   223.124999999998        1673437499.99998     
         352
   223.474999999998        1676062499.99998     
         416
   223.824999999998        1678687499.99998     
         255
   224.174999999998        1681312499.99998     
          61
   224.524999999998        1683937499.99998     
         174
   224.874999999998        1686562499.99998     
         451
   225.224999999998        1689187499.99998     
         354
   225.574999999998        1691812499.99998     
         330
   225.924999999998        1694437499.99998     
         437
   226.274999999998        1697062499.99998     
          73
   226.624999999998        1699687499.99998     
         277
   226.974999999998        1702312499.99998     
         222
   227.324999999998        1704937499.99998     
         133
   227.674999999998        1707562499.99998     
         359
   228.024999999998        1710187499.99998     
         420
   228.374999999997        1712812499.99998     
         395
   228.724999999997        1715437499.99998     
         236
   229.074999999997        1718062499.99998     
         342
   229.424999999997        1720687499.99998     
         422
   229.774999999997        1723312499.99998     
         438
   230.124999999997        1725937499.99998     
         429
   230.474999999997        1728562499.99998     
         414
   230.824999999997        1731187499.99998     
         354
   231.174999999997        1733812499.99998     
         289
   231.524999999997        1736437499.99998     
         505
   231.874999999997        1739062499.99998     
         176
   232.224999999997        1741687499.99998     
         341
   232.574999999997        1744312499.99998     
          38
   232.924999999997        1746937499.99998     
         141
   233.274999999997        1749562499.99998     
         438
   233.624999999997        1752187499.99998     
         365
   233.974999999997        1754812499.99998     
         399
   234.324999999997        1757437499.99998     
         440
   234.674999999997        1760062499.99998     
         202
   235.024999999997        1762687499.99998     
         217
   235.374999999997        1765312499.99998     
          95
   235.724999999997        1767937499.99998     
         280
   236.074999999997        1770562499.99998     
         141
   236.424999999997        1773187499.99998     
         195
   236.774999999997        1775812499.99998     
         229
   237.124999999997        1778437499.99998     
         169
   237.474999999997        1781062499.99998     
          40
   237.824999999997        1783687499.99998     
         124
   238.174999999997        1786312499.99998     
         298
   238.524999999997        1788937499.99998     
         290
   238.874999999997        1791562499.99998     
         181
   239.224999999997        1794187499.99998     
          73
   239.574999999997        1796812499.99998     
          62
   239.924999999997        1799437499.99998     
         185
   240.274999999997        1802062499.99998     
         190
   240.624999999997        1804687499.99998     
         352
   240.974999999997        1807312499.99998     
         519
   241.324999999997        1809937499.99998     
         526
   241.674999999997        1812562499.99998     
         194
   242.024999999997        1815187499.99998     
           4
   242.374999999997        1817812499.99998     
          29
   242.724999999997        1820437499.99998     
         161
   243.074999999997        1823062499.99998     
         228
   243.424999999997        1825687499.99998     
         532
   243.774999999997        1828312499.99998     
         110
   244.124999999997        1830937499.99998     
         537
   244.474999999997        1833562499.99998     
         345
   244.824999999997        1836187499.99998     
         530
   245.174999999997        1838812499.99998     
         322
   245.524999999997        1841437499.99998     
          84
   245.874999999997        1844062499.99998     
         102
   246.224999999997        1846687499.99998     
         384
   246.574999999997        1849312499.99998     
         488
   246.924999999997        1851937499.99998     
         208
   247.274999999997        1854562499.99998     
         146
   247.624999999997        1857187499.99998     
         509
   247.974999999997        1859812499.99998     
         415
   248.324999999997        1862437499.99998     
          61
   248.674999999997        1865062499.99998     
         130
   249.024999999997        1867687499.99998     
         211
   249.374999999997        1870312499.99998     
         182
   249.724999999997        1872937499.99998     
         282
   250.074999999997        1875562499.99998     
          94
   250.424999999997        1878187499.99998     
         300
   250.774999999997        1880812499.99998     
         305
   251.124999999997        1883437499.99998     
         145
   251.474999999997        1886062499.99998     
         235
   251.824999999997        1888687499.99998     
         151
   252.174999999997        1891312499.99998     
         425
   252.524999999997        1893937499.99998     
         307
   252.874999999997        1896562499.99998     
          64
   253.224999999997        1899187499.99998     
         384
   253.574999999997        1901812499.99998     
         231
   253.924999999997        1904437499.99998     
         354
   254.274999999997        1907062499.99998     
         282
   254.624999999997        1909687499.99998     
         114
   254.974999999997        1912312499.99998     
         496
   255.324999999997        1914937499.99998     
         360
   255.674999999997        1917562499.99998     
          70
   256.024999999997        1920187499.99998     
           0
   256.374999999997        1922812499.99998     
         441
   256.724999999997        1925437499.99998     
          20
   257.074999999997        1928062499.99998     
         473
   257.424999999997        1930687499.99998     
         482
   257.774999999997        1933312499.99998     
         140
   258.124999999997        1935937499.99998     
         219
   258.474999999997        1938562499.99998     
          34
   258.824999999997        1941187499.99998     
         196
   259.174999999997        1943812499.99998     
         356
   259.524999999997        1946437499.99998     
         346
   259.874999999997        1949062499.99998     
         222
   260.224999999997        1951687499.99998     
         472
   260.574999999997        1954312499.99998     
         149
   260.924999999997        1956937499.99998     
           7
   261.274999999997        1959562499.99998     
         313
   261.624999999997        1962187499.99998     
         491
   261.974999999997        1964812499.99998     
         366
   262.324999999997        1967437499.99998     
          29
   262.674999999998        1970062499.99998     
         351
   263.024999999998        1972687499.99998     
         433
   263.374999999998        1975312499.99998     
         224
   263.724999999998        1977937499.99998     
         137
   264.074999999998        1980562499.99998     
         242
   264.424999999998        1983187499.99998     
         106
   264.774999999998        1985812499.99998     
         146
   265.124999999998        1988437499.99998     
         261
   265.474999999998        1991062499.99998     
         174
   265.824999999998        1993687499.99998     
         370
   266.174999999998        1996312499.99998     
         470
   266.524999999998        1998937499.99998     
         225
   266.874999999998        2001562499.99998     
         492
   267.224999999998        2004187499.99998     
         257
   267.574999999998        2006812499.99998     
         351
   267.924999999998        2009437499.99998     
         148
   268.274999999998        2012062499.99998     
         151
   268.624999999998        2014687499.99998     
         211
   268.974999999998        2017312499.99998     
         356
   269.324999999998        2019937499.99998     
          10
   269.674999999998        2022562499.99998     
         352
   270.024999999998        2025187499.99998     
         389
   270.374999999998        2027812499.99998     
         508
   270.724999999998        2030437499.99999     
         302
   271.074999999998        2033062499.99999     
         439
   271.424999999998        2035687499.99999     
         177
   271.774999999998        2038312499.99999     
         528
   272.124999999998        2040937499.99999     
         266
   272.474999999998        2043562499.99999     
          73
   272.824999999998        2046187499.99999     
         347
   273.174999999998        2048812499.99999     
         181
   273.524999999998        2051437499.99999     
         214
   273.874999999998        2054062499.99999     
         523
   274.224999999998        2056687499.99999     
         467
   274.574999999998        2059312499.99999     
         511
   274.924999999998        2061937499.99999     
         155
   275.274999999998        2064562499.99999     
         196
   275.624999999998        2067187499.99999     
         220
   275.974999999998        2069812499.99999     
         323
   276.324999999998        2072437499.99999     
          44
   276.674999999998        2075062499.99999     
         368
   277.024999999998        2077687499.99999     
         308
   277.374999999998        2080312499.99999     
         334
   277.724999999998        2082937499.99999     
         105
   278.074999999999        2085562499.99999     
         169
   278.424999999999        2088187499.99999     
         229
   278.774999999999        2090812499.99999     
          58
   279.124999999999        2093437499.99999     
          70
   279.474999999999        2096062499.99999     
         181
   279.824999999999        2098687499.99999     
         245
   280.174999999999        2101312499.99999     
         215
   280.524999999999        2103937499.99999     
         270
   280.874999999999        2106562499.99999     
         439
   281.224999999999        2109187499.99999     
         478
   281.574999999999        2111812499.99999     
         259
   281.924999999999        2114437499.99999     
          27
   282.274999999999        2117062499.99999     
         508
   282.624999999999        2119687499.99999     
         165
   282.974999999999        2122312499.99999     
          94
   283.324999999999        2124937499.99999     
         349
   283.674999999999        2127562499.99999     
         531
   284.024999999999        2130187499.99999     
         318
   284.374999999999        2132812499.99999     
         407
   284.724999999999        2135437499.99999     
         119
   285.074999999999        2138062499.99999     
         457
   285.424999999999        2140687499.99999     
         471
   285.774999999999        2143312499.99999     
          44
   286.124999999999        2145937499.99999     
         428
   286.474999999999        2148562499.99999     
         197
   286.824999999999        2151187499.99999     
         282
   287.174999999999        2153812499.99999     
         267
   287.524999999999        2156437499.99999     
         231
   287.874999999999        2159062499.99999     
         482
   288.224999999999        2161687499.99999     
          20
   288.574999999999        2164312499.99999     
         504
   288.924999999999        2166937499.99999     
         451
   289.274999999999        2169562499.99999     
         507
   289.624999999999        2172187499.99999     
          51
   289.974999999999        2174812499.99999     
         232
   290.324999999999        2177437499.99999     
         457
   290.674999999999        2180062499.99999     
         377
   291.024999999999        2182687500.00000     
         380
   291.374999999999        2185312500.00000     
          19
   291.724999999999        2187937500.00000     
         462
   292.074999999999        2190562500.00000     
         298
   292.424999999999        2193187500.00000     
          58
   292.774999999999        2195812500.00000     
         194
   293.124999999999        2198437500.00000     
         521
   293.475000000000        2201062500.00000     
         287
   293.825000000000        2203687500.00000     
         385
   294.175000000000        2206312500.00000     
         102
   294.525000000000        2208937500.00000     
         119
   294.875000000000        2211562500.00000     
          79
   295.225000000000        2214187500.00000     
         114
   295.575000000000        2216812500.00000     
         189
   295.925000000000        2219437500.00000     
         127
   296.275000000000        2222062500.00000     
         527
   296.625000000000        2224687500.00000     
         278
   296.975000000000        2227312500.00000     
         373
   297.325000000000        2229937500.00000     
         441
   297.675000000000        2232562500.00000     
         108
   298.025000000000        2235187500.00000     
          67
   298.375000000000        2237812500.00000     
           1
   298.725000000000        2240437500.00000     
         479
   299.075000000000        2243062500.00000     
         480
   299.425000000000        2245687500.00000     
         174
   299.775000000000        2248312500.00000     
         376
   300.125000000000        2250937500.00000     
         425
   300.475000000000        2253562500.00000     
         462
   300.825000000000        2256187500.00000     
          47
   301.175000000000        2258812500.00000     
         531
   301.525000000000        2261437500.00000     
         105
   301.875000000000        2264062500.00000     
          61
   302.225000000000        2266687500.00000     
         535
   302.575000000000        2269312500.00000     
         249
   302.925000000000        2271937500.00000     
         511
   303.275000000000        2274562500.00000     
         494
   303.625000000000        2277187500.00000     
         229
   303.975000000000        2279812500.00000     
         432
   304.325000000000        2282437500.00000     
         517
   304.675000000000        2285062500.00000     
         407
   305.025000000000        2287687500.00000     
          35
   305.375000000000        2290312500.00000     
         495
   305.725000000000        2292937500.00000     
         302
   306.075000000000        2295562500.00000     
         120
   306.425000000000        2298187500.00000     
         327
   306.775000000000        2300812500.00000     
         533
   307.125000000000        2303437500.00000     
         285
   307.475000000000        2306062500.00000     
         301
   307.825000000000        2308687500.00000     
           1
   308.175000000000        2311312500.00000     
         335
   308.525000000000        2313937500.00000     
         390
   308.875000000001        2316562500.00000     
         258
   309.225000000001        2319187500.00000     
         276
   309.575000000001        2321812500.00000     
         312
   309.925000000001        2324437500.00000     
         138
   310.275000000001        2327062500.00000     
         224
   310.625000000001        2329687500.00000     
         520
   310.975000000001        2332312500.00000     
           2
   311.325000000001        2334937500.00001     
         108
   311.675000000001        2337562500.00001     
         477
   312.025000000001        2340187500.00001     
         391
   312.375000000001        2342812500.00001     
         411
   312.725000000001        2345437500.00001     
         116
   313.075000000001        2348062500.00001     
         344
   313.425000000001        2350687500.00001     
         399
   313.775000000001        2353312500.00001     
         306
   314.125000000001        2355937500.00001     
         352
   314.475000000001        2358562500.00001     
          91
   314.825000000001        2361187500.00001     
         245
   315.175000000001        2363812500.00001     
         404
   315.525000000001        2366437500.00001     
         248
   315.875000000001        2369062500.00001     
         362
   316.225000000001        2371687500.00001     
         370
   316.575000000001        2374312500.00001     
         254
   316.925000000001        2376937500.00001     
         437
   317.275000000001        2379562500.00001     
         492
   317.625000000001        2382187500.00001     
         103
   317.975000000001        2384812500.00001     
         142
   318.325000000001        2387437500.00001     
         335
   318.675000000001        2390062500.00001     
         131
   319.025000000001        2392687500.00001     
         532
   319.375000000001        2395312500.00001     
         114
   319.725000000001        2397937500.00001     
           5
   320.075000000001        2400562500.00001     
          97
   320.425000000001        2403187500.00001     
         265
   320.775000000001        2405812500.00001     
         297
   321.125000000001        2408437500.00001     
         124
   321.475000000001        2411062500.00001     
         205
   321.825000000001        2413687500.00001     
          62
   322.175000000001        2416312500.00001     
         103
   322.525000000001        2418937500.00001     
         367
   322.875000000001        2421562500.00001     
         303
   323.225000000001        2424187500.00001     
         236
   323.575000000001        2426812500.00001     
         370
   323.925000000001        2429437500.00001     
         468
   324.275000000002        2432062500.00001     
         476
   324.625000000002        2434687500.00001     
         333
   324.975000000002        2437312500.00001     
         273
   325.325000000002        2439937500.00001     
         315
   325.675000000002        2442562500.00001     
         234
   326.025000000002        2445187500.00001     
         373
   326.375000000002        2447812500.00001     
          76
   326.725000000002        2450437500.00001     
         450
   327.075000000002        2453062500.00001     
         159
   327.425000000002        2455687500.00001     
         280
   327.775000000002        2458312500.00001     
         441
   328.125000000002        2460937500.00001     
         239
   328.475000000002        2463562500.00001     
          42
   328.825000000002        2466187500.00001     
         349
   329.175000000002        2468812500.00001     
         366
   329.525000000002        2471437500.00001     
          37
   329.875000000002        2474062500.00001     
          25
   330.225000000002        2476687500.00001     
         439
   330.575000000002        2479312500.00001     
          54
   330.925000000002        2481937500.00001     
         219
   331.275000000002        2484562500.00001     
         126
   331.625000000002        2487187500.00001     
         349
   331.975000000002        2489812500.00002     
         126
   332.325000000002        2492437500.00002     
          14
   332.675000000002        2495062500.00002     
         373
   333.025000000002        2497687500.00002     
         273
   333.375000000002        2500312500.00002     
         351
   333.725000000002        2502937500.00002     
         329
   334.075000000002        2505562500.00002     
         266
   334.425000000002        2508187500.00002     
         303
   334.775000000002        2510812500.00002     
          51
   335.125000000002        2513437500.00002     
         539
   335.475000000002        2516062500.00002     
         367
   335.825000000002        2518687500.00002     
         522
   336.175000000002        2521312500.00002     
         380
   336.525000000002        2523937500.00002     
         198
   336.875000000002        2526562500.00002     
          10
   337.225000000002        2529187500.00002     
          65
   337.575000000002        2531812500.00002     
           6
   337.925000000002        2534437500.00002     
         431
   338.275000000002        2537062500.00002     
         318
   338.625000000002        2539687500.00002     
           1
   338.975000000002        2542312500.00002     
         411
   339.325000000002        2544937500.00002     
         162
   339.675000000003        2547562500.00002     
          61
   340.025000000003        2550187500.00002     
         156
   340.375000000003        2552812500.00002     
         313
   340.725000000003        2555437500.00002     
         172
   341.075000000003        2558062500.00002     
         337
   341.425000000003        2560687500.00002     
         228
   341.775000000003        2563312500.00002     
         539
   342.125000000003        2565937500.00002     
         307
   342.475000000003        2568562500.00002     
         250
   342.825000000003        2571187500.00002     
         345
   343.175000000003        2573812500.00002     
         189
   343.525000000003        2576437500.00002     
         286
   343.875000000003        2579062500.00002     
          20
   344.225000000003        2581687500.00002     
          94
   344.575000000003        2584312500.00002     
         221
   344.925000000003        2586937500.00002     
         346
   345.275000000003        2589562500.00002     
         489
   345.625000000003        2592187500.00002     
         273
   345.975000000003        2594812500.00002     
         510
   346.325000000003        2597437500.00002     
         348
   346.675000000003        2600062500.00002     
         339
   347.025000000003        2602687500.00002     
          48
   347.375000000003        2605312500.00002     
         465
   347.725000000003        2607937500.00002     
         155
   348.075000000003        2610562500.00002     
         456
   348.425000000003        2613187500.00002     
         296
   348.775000000003        2615812500.00002     
         378
   349.125000000003        2618437500.00002     
         421
   349.475000000003        2621062500.00002     
         489
   349.825000000003        2623687500.00002     
         497
   350.175000000003        2626312500.00002     
         487
   350.525000000003        2628937500.00002     
          28
   350.875000000003        2631562500.00002     
         230
   351.225000000003        2634187500.00002     
         388
   351.575000000003        2636812500.00002     
         534
   351.925000000003        2639437500.00002     
          47
   352.275000000003        2642062500.00002     
         251
   352.625000000003        2644687500.00003     
         386
   352.975000000003        2647312500.00003     
         140
   353.325000000003        2649937500.00003     
         244
   353.675000000003        2652562500.00003     
         178
   354.025000000003        2655187500.00003     
         431
   354.375000000003        2657812500.00003     
         336
   354.725000000003        2660437500.00003     
         490
   355.075000000004        2663062500.00003     
          89
   355.425000000004        2665687500.00003     
         457
   355.775000000004        2668312500.00003     
         323
   356.125000000004        2670937500.00003     
         273
   356.475000000004        2673562500.00003     
         211
   356.825000000004        2676187500.00003     
         519
   357.175000000004        2678812500.00003     
         152
   357.525000000004        2681437500.00003     
         149
   357.875000000004        2684062500.00003     
          48
   358.225000000004        2686687500.00003     
          59
   358.575000000004        2689312500.00003     
         186
   358.925000000004        2691937500.00003     
         296
   359.275000000004        2694562500.00003     
         212
   359.625000000004        2697187500.00003     
         346
   359.975000000004        2699812500.00003     
         314
   360.325000000004        2702437500.00003     
         248
   360.675000000004        2705062500.00003     
         276
   361.025000000004        2707687500.00003     
         461
   361.375000000004        2710312500.00003     
          84
   361.725000000004        2712937500.00003     
         301
   362.075000000004        2715562500.00003     
         103
   362.425000000004        2718187500.00003     
          68
   362.775000000004        2720812500.00003     
         248
   363.125000000004        2723437500.00003     
         154
   363.475000000004        2726062500.00003     
         358
   363.825000000004        2728687500.00003     
         509
   364.175000000004        2731312500.00003     
         128
   364.525000000004        2733937500.00003     
         540
   364.875000000004        2736562500.00003     
          15
   365.225000000004        2739187500.00003     
         449
   365.575000000004        2741812500.00003     
         288
   365.925000000004        2744437500.00003     
         181
   366.275000000004        2747062500.00003     
         184
   366.625000000004        2749687500.00003     
         160
   366.975000000004        2752312500.00003     
           1
   367.325000000004        2754937500.00003     
         508
   367.675000000004        2757562500.00003     
         489
   368.025000000004        2760187500.00003     
         195
   368.375000000004        2762812500.00003     
         443
   368.725000000004        2765437500.00003     
         135
   369.075000000004        2768062500.00003     
         222
   369.425000000004        2770687500.00003     
         370
   369.775000000004        2773312500.00003     
         266
   370.125000000004        2775937500.00003     
         100
   370.475000000005        2778562500.00003     
         472
   370.825000000005        2781187500.00003     
         223
   371.175000000005        2783812500.00003     
         461
   371.525000000005        2786437500.00003     
         255
   371.875000000005        2789062500.00003     
         520
   372.225000000005        2791687500.00003     
         273
   372.575000000005        2794312500.00003     
         378
   372.925000000005        2796937500.00003     
         126
   373.275000000005        2799562500.00004     
         219
   373.625000000005        2802187500.00004     
         217
   373.975000000005        2804812500.00004     
         157
   374.325000000005        2807437500.00004     
         537
   374.675000000005        2810062500.00004     
          11
   375.025000000005        2812687500.00004     
         150
   375.375000000005        2815312500.00004     
         236
   375.725000000005        2817937500.00004     
         210
   376.075000000005        2820562500.00004     
         331
   376.425000000005        2823187500.00004     
          57
   376.775000000005        2825812500.00004     
         155
   377.125000000005        2828437500.00004     
          14
   377.475000000005        2831062500.00004     
         448
   377.825000000005        2833687500.00004     
         446
   378.175000000005        2836312500.00004     
          56
   378.525000000005        2838937500.00004     
         109
   378.875000000005        2841562500.00004     
         115
   379.225000000005        2844187500.00004     
         276
   379.575000000005        2846812500.00004     
         219
   379.925000000005        2849437500.00004     
         203
   380.275000000005        2852062500.00004     
          95
   380.625000000005        2854687500.00004     
         321
   380.975000000005        2857312500.00004     
         240
   381.325000000005        2859937500.00004     
          87
   381.675000000005        2862562500.00004     
         136
   382.025000000005        2865187500.00004     
         192
   382.375000000005        2867812500.00004     
           1
   382.725000000005        2870437500.00004     
         397
   383.075000000005        2873062500.00004     
          96
   383.425000000005        2875687500.00004     
         388
   383.775000000005        2878312500.00004     
         108
   384.125000000005        2880937500.00004     
         112
   384.475000000005        2883562500.00004     
         311
   384.825000000005        2886187500.00004     
         348
   385.175000000005        2888812500.00004     
         286
   385.525000000005        2891437500.00004     
         393
   385.875000000006        2894062500.00004     
         245
   386.225000000006        2896687500.00004     
         154
   386.575000000006        2899312500.00004     
         388
   386.925000000006        2901937500.00004     
         431
   387.275000000006        2904562500.00004     
         511
   387.625000000006        2907187500.00004     
         344
   387.975000000006        2909812500.00004     
         128
   388.325000000006        2912437500.00004     
         239
   388.675000000006        2915062500.00004     
         181
   389.025000000006        2917687500.00004     
         240
   389.375000000006        2920312500.00004     
          16
   389.725000000006        2922937500.00004     
          98
   390.075000000006        2925562500.00004     
          89
   390.425000000006        2928187500.00004     
         457
   390.775000000006        2930812500.00004     
         237
   391.125000000006        2933437500.00004     
          45
   391.475000000006        2936062500.00004     
         261
   391.825000000006        2938687500.00004     
         387
   392.175000000006        2941312500.00004     
         156
   392.525000000006        2943937500.00004     
         480
   392.875000000006        2946562500.00004     
          53
   393.225000000006        2949187500.00004     
         100
   393.575000000006        2951812500.00005     
         411
   393.925000000006        2954437500.00005     
         347
   394.275000000006        2957062500.00005     
         128
   394.625000000006        2959687500.00005     
         369
   394.975000000006        2962312500.00005     
         227
   395.325000000006        2964937500.00005     
         312
   395.675000000006        2967562500.00005     
         224
   396.025000000006        2970187500.00005     
         242
   396.375000000006        2972812500.00005     
         171
   396.725000000006        2975437500.00005     
         426
   397.075000000006        2978062500.00005     
         363
   397.425000000006        2980687500.00005     
         391
   397.775000000006        2983312500.00005     
         457
   398.125000000006        2985937500.00005     
          75
   398.475000000006        2988562500.00005     
         214
   398.825000000006        2991187500.00005     
         246
   399.175000000006        2993812500.00005     
          50
   399.525000000006        2996437500.00005     
          72
   399.875000000006        2999062500.00005     
         242
   400.225000000006        3001687500.00005     
          74
   400.575000000006        3004312500.00005     
          51
   400.925000000006        3006937500.00005     
         444
   401.275000000007        3009562500.00005     
         107
   401.625000000007        3012187500.00005     
         255
   401.975000000007        3014812500.00005     
         175
   402.325000000007        3017437500.00005     
         172
   402.675000000007        3020062500.00005     
         186
   403.025000000007        3022687500.00005     
         351
   403.375000000007        3025312500.00005     
         205
   403.725000000007        3027937500.00005     
           1
   404.075000000007        3030562500.00005     
          91
   404.425000000007        3033187500.00005     
         374
   404.775000000007        3035812500.00005     
         236
   405.125000000007        3038437500.00005     
         465
   405.475000000007        3041062500.00005     
          22
   405.825000000007        3043687500.00005     
         244
   406.175000000007        3046312500.00005     
         184
   406.525000000007        3048937500.00005     
         437
   406.875000000007        3051562500.00005     
          36
   407.225000000007        3054187500.00005     
         483
   407.575000000007        3056812500.00005     
         144
   407.925000000007        3059437500.00005     
          87
   408.275000000007        3062062500.00005     
         182
   408.625000000007        3064687500.00005     
         366
   408.975000000007        3067312500.00005     
         462
   409.325000000007        3069937500.00005     
         532
   409.675000000007        3072562500.00005     
         196
   410.025000000007        3075187500.00005     
         401
   410.375000000007        3077812500.00005     
         205
   410.725000000007        3080437500.00005     
         193
   411.075000000007        3083062500.00005     
         166
   411.425000000007        3085687500.00005     
          36
   411.775000000007        3088312500.00005     
         314
   412.125000000007        3090937500.00005     
          75
   412.475000000007        3093562500.00005     
         375
   412.825000000007        3096187500.00005     
         397
   413.175000000007        3098812500.00005     
         121
   413.525000000007        3101437500.00005     
         515
   413.875000000007        3104062500.00005     
         230
   414.225000000007        3106687500.00006     
         418
   414.575000000007        3109312500.00006     
         476
   414.925000000007        3111937500.00006     
         460
   415.275000000007        3114562500.00006     
         478
   415.625000000007        3117187500.00006     
         475
   415.975000000007        3119812500.00006     
         355
   416.325000000007        3122437500.00006     
          93
   416.675000000008        3125062500.00006     
          34
   417.025000000008        3127687500.00006     
         267
   417.375000000008        3130312500.00006     
          56
   417.725000000008        3132937500.00006     
         471
   418.075000000008        3135562500.00006     
         282
   418.425000000008        3138187500.00006     
         425
   418.775000000008        3140812500.00006     
         374
   419.125000000008        3143437500.00006     
          13
   419.475000000008        3146062500.00006     
         532
   419.825000000008        3148687500.00006     
