       time        TW        TE         hW        hE
   0.17500E+00   0.29466E+02   0.29281E+02   0.33867E-02  -0.27738E-01
   0.52500E+00   0.28628E+02   0.27938E+02   0.28263E-01  -0.90561E-01
   0.87500E+00   0.28384E+02   0.26589E+02   0.71635E-01  -0.16597E+00
   0.12250E+01   0.28594E+02   0.25218E+02   0.11874E+00  -0.25359E+00
   0.15750E+01   0.28920E+02   0.24036E+02   0.17350E+00  -0.34046E+00
   0.19250E+01   0.29244E+02   0.23287E+02   0.23353E+00  -0.40732E+00
   0.22750E+01   0.29505E+02   0.23011E+02   0.29834E+00  -0.46478E+00
   0.26250E+01   0.29692E+02   0.23152E+02   0.36711E+00  -0.52371E+00
   0.29750E+01   0.29816E+02   0.23334E+02   0.43850E+00  -0.57705E+00
   0.33250E+01   0.29893E+02   0.23732E+02   0.50606E+00  -0.60744E+00
   0.36750E+01   0.29940E+02   0.24509E+02   0.57052E+00  -0.61627E+00
   0.40250E+01   0.29965E+02   0.25344E+02   0.62647E+00  -0.60566E+00
   0.43750E+01   0.29979E+02   0.26170E+02   0.67618E+00  -0.55879E+00
   0.47250E+01   0.29987E+02   0.26820E+02   0.72212E+00  -0.49255E+00
   0.50750E+01   0.29993E+02   0.27400E+02   0.75094E+00  -0.42455E+00
   0.54250E+01   0.29996E+02   0.27906E+02   0.75400E+00  -0.35153E+00
   0.57750E+01   0.29998E+02   0.28331E+02   0.73242E+00  -0.28300E+00
   0.61250E+01   0.29998E+02   0.28679E+02   0.69499E+00  -0.20704E+00
   0.64750E+01   0.29997E+02   0.28962E+02   0.64250E+00  -0.13293E+00
   0.68250E+01   0.29994E+02   0.29123E+02   0.58258E+00  -0.88614E-01
   0.71750E+01   0.29989E+02   0.29146E+02   0.52645E+00  -0.47102E-01
   0.75250E+01   0.29983E+02   0.28954E+02   0.48047E+00  -0.15054E-01
   0.78750E+01   0.29974E+02   0.28697E+02   0.43997E+00  -0.46245E-02
   0.82250E+01   0.29963E+02   0.28646E+02   0.40448E+00   0.11295E-01
   0.85750E+01   0.29949E+02   0.28585E+02   0.37625E+00   0.20714E-01
   0.89250E+01   0.29931E+02   0.28482E+02   0.35432E+00   0.18086E-01
   0.92750E+01   0.29911E+02   0.28477E+02   0.33937E+00   0.17569E-01
   0.96250E+01   0.29897E+02   0.28361E+02   0.33190E+00   0.73834E-02
   0.99750E+01   0.29891E+02   0.28061E+02   0.32811E+00  -0.12824E-01
   0.10325E+02   0.29885E+02   0.27771E+02   0.31988E+00  -0.29169E-01
   0.10675E+02   0.29873E+02   0.27481E+02   0.30519E+00  -0.38438E-01
   0.11025E+02   0.29860E+02   0.27278E+02   0.29507E+00  -0.43488E-01
   0.11375E+02   0.29845E+02   0.27167E+02   0.29224E+00  -0.55585E-01
   0.11725E+02   0.29833E+02   0.26989E+02   0.29023E+00  -0.75224E-01
   0.12075E+02   0.29828E+02   0.26639E+02   0.28643E+00  -0.97482E-01
   0.12425E+02   0.29819E+02   0.26164E+02   0.28263E+00  -0.12398E+00
   0.12775E+02   0.29811E+02   0.25790E+02   0.28299E+00  -0.14004E+00
   0.13125E+02   0.29810E+02   0.25418E+02   0.28212E+00  -0.15360E+00
   0.13475E+02   0.29811E+02   0.25020E+02   0.28218E+00  -0.18246E+00
   0.13825E+02   0.29812E+02   0.24726E+02   0.28694E+00  -0.20874E+00
   0.14175E+02   0.29817E+02   0.24483E+02   0.29970E+00  -0.22737E+00
   0.14525E+02   0.29833E+02   0.24400E+02   0.31613E+00  -0.24727E+00
   0.14875E+02   0.29851E+02   0.24227E+02   0.33169E+00  -0.27441E+00
   0.15225E+02   0.29869E+02   0.24032E+02   0.34890E+00  -0.30011E+00
   0.15575E+02   0.29887E+02   0.24345E+02   0.36704E+00  -0.30854E+00
   0.15925E+02   0.29905E+02   0.24598E+02   0.38820E+00  -0.31991E+00
   0.16275E+02   0.29922E+02   0.24564E+02   0.41441E+00  -0.33860E+00
   0.16625E+02   0.29937E+02   0.24408E+02   0.43661E+00  -0.35497E+00
   0.16975E+02   0.29949E+02   0.24578E+02   0.45702E+00  -0.36310E+00
   0.17325E+02   0.29959E+02   0.25213E+02   0.48034E+00  -0.35430E+00
   0.17675E+02   0.29967E+02   0.25925E+02   0.49950E+00  -0.34169E+00
   0.18025E+02   0.29973E+02   0.26734E+02   0.51425E+00  -0.32393E+00
   0.18375E+02   0.29977E+02   0.27416E+02   0.52668E+00  -0.28898E+00
   0.18725E+02   0.29980E+02   0.27956E+02   0.53312E+00  -0.24934E+00
   0.19075E+02   0.29982E+02   0.28396E+02   0.53398E+00  -0.21194E+00
   0.19425E+02   0.29982E+02   0.28608E+02   0.53210E+00  -0.18199E+00
   0.19775E+02   0.29982E+02   0.28609E+02   0.51721E+00  -0.15477E+00
   0.20125E+02   0.29980E+02   0.28465E+02   0.48367E+00  -0.12171E+00
   0.20475E+02   0.29974E+02   0.28139E+02   0.44909E+00  -0.95452E-01
   0.20825E+02   0.29967E+02   0.27879E+02   0.42636E+00  -0.73329E-01
   0.21175E+02   0.29957E+02   0.27817E+02   0.40125E+00  -0.55469E-01
   0.21525E+02   0.29943E+02   0.27683E+02   0.37884E+00  -0.54280E-01
   0.21875E+02   0.29930E+02   0.27512E+02   0.36363E+00  -0.54176E-01
   0.22225E+02   0.29920E+02   0.27429E+02   0.34975E+00  -0.50501E-01
   0.22575E+02   0.29908E+02   0.27433E+02   0.33885E+00  -0.50456E-01
   0.22925E+02   0.29897E+02   0.27379E+02   0.32918E+00  -0.50120E-01
   0.23275E+02   0.29887E+02   0.27247E+02   0.31947E+00  -0.55424E-01
   0.23625E+02   0.29878E+02   0.27198E+02   0.31530E+00  -0.59620E-01
   0.23975E+02   0.29869E+02   0.27061E+02   0.31256E+00  -0.67338E-01
   0.24325E+02   0.29859E+02   0.26993E+02   0.30843E+00  -0.74763E-01
   0.24675E+02   0.29855E+02   0.26853E+02   0.30437E+00  -0.82542E-01
   0.25025E+02   0.29847E+02   0.26704E+02   0.29575E+00  -0.98084E-01
   0.25375E+02   0.29834E+02   0.26526E+02   0.29439E+00  -0.10755E+00
   0.25725E+02   0.29830E+02   0.25941E+02   0.29381E+00  -0.12896E+00
   0.26075E+02   0.29827E+02   0.25504E+02   0.29037E+00  -0.15688E+00
   0.26425E+02   0.29826E+02   0.25278E+02   0.29659E+00  -0.16896E+00
   0.26775E+02   0.29830E+02   0.25227E+02   0.30217E+00  -0.17830E+00
   0.27125E+02   0.29836E+02   0.25291E+02   0.30851E+00  -0.19042E+00
   0.27475E+02   0.29847E+02   0.25149E+02   0.32013E+00  -0.21228E+00
   0.27825E+02   0.29861E+02   0.24895E+02   0.33295E+00  -0.23242E+00
   0.28175E+02   0.29875E+02   0.24506E+02   0.34242E+00  -0.24915E+00
   0.28525E+02   0.29885E+02   0.24444E+02   0.35306E+00  -0.26596E+00
   0.28875E+02   0.29896E+02   0.24836E+02   0.36844E+00  -0.26850E+00
   0.29225E+02   0.29909E+02   0.25219E+02   0.38310E+00  -0.26933E+00
   0.29575E+02   0.29921E+02   0.25268E+02   0.39332E+00  -0.28023E+00
   0.29925E+02   0.29930E+02   0.24894E+02   0.40563E+00  -0.30063E+00
   0.30275E+02   0.29938E+02   0.25163E+02   0.42655E+00  -0.30130E+00
   0.30625E+02   0.29948E+02   0.25515E+02   0.44438E+00  -0.29313E+00
   0.30975E+02   0.29955E+02   0.25542E+02   0.45406E+00  -0.29946E+00
   0.31325E+02   0.29960E+02   0.25431E+02   0.46127E+00  -0.30198E+00
   0.31675E+02   0.29964E+02   0.25054E+02   0.46733E+00  -0.30425E+00
   0.32025E+02   0.29966E+02   0.24999E+02   0.47477E+00  -0.30372E+00
   0.32375E+02   0.29969E+02   0.25109E+02   0.48673E+00  -0.29751E+00
   0.32725E+02   0.29972E+02   0.25710E+02   0.49416E+00  -0.27971E+00
   0.33075E+02   0.29974E+02   0.26502E+02   0.49580E+00  -0.24818E+00
   0.33425E+02   0.29974E+02   0.26979E+02   0.49482E+00  -0.22417E+00
   0.33775E+02   0.29975E+02   0.27296E+02   0.49233E+00  -0.19772E+00
   0.34125E+02   0.29975E+02   0.27167E+02   0.48918E+00  -0.17423E+00
   0.34475E+02   0.29974E+02   0.26885E+02   0.48354E+00  -0.16532E+00
   0.34825E+02   0.29973E+02   0.26976E+02   0.46268E+00  -0.14206E+00
   0.35175E+02   0.29967E+02   0.27038E+02   0.43489E+00  -0.11407E+00
   0.35525E+02   0.29960E+02   0.26950E+02   0.41485E+00  -0.10057E+00
   0.35875E+02   0.29953E+02   0.26840E+02   0.39717E+00  -0.94418E-01
   0.36225E+02   0.29943E+02   0.26760E+02   0.38169E+00  -0.90678E-01
   0.36575E+02   0.29933E+02   0.26775E+02   0.37098E+00  -0.88187E-01
   0.36925E+02   0.29925E+02   0.26750E+02   0.36527E+00  -0.87450E-01
   0.37275E+02   0.29920E+02   0.26746E+02   0.35660E+00  -0.85373E-01
   0.37625E+02   0.29913E+02   0.26679E+02   0.34113E+00  -0.88344E-01
   0.37975E+02   0.29901E+02   0.26470E+02   0.32849E+00  -0.94192E-01
   0.38325E+02   0.29892E+02   0.26502E+02   0.32692E+00  -0.86552E-01
   0.38675E+02   0.29887E+02   0.26449E+02   0.32663E+00  -0.91894E-01
   0.39025E+02   0.29880E+02   0.26157E+02   0.32275E+00  -0.11421E+00
   0.39375E+02   0.29873E+02   0.26175E+02   0.31817E+00  -0.11864E+00
   0.39725E+02   0.29868E+02   0.26239E+02   0.31205E+00  -0.11492E+00
   0.40075E+02   0.29862E+02   0.25997E+02   0.30868E+00  -0.12651E+00
   0.40425E+02   0.29860E+02   0.25887E+02   0.31316E+00  -0.14106E+00
   0.40775E+02   0.29859E+02   0.25950E+02   0.31720E+00  -0.14668E+00
   0.41125E+02   0.29858E+02   0.25513E+02   0.31964E+00  -0.16676E+00
   0.41475E+02   0.29862E+02   0.24899E+02   0.32188E+00  -0.19850E+00
   0.41825E+02   0.29865E+02   0.24709E+02   0.32607E+00  -0.21210E+00
   0.42175E+02   0.29870E+02   0.24809E+02   0.33105E+00  -0.21212E+00
   0.42525E+02   0.29875E+02   0.25056E+02   0.33601E+00  -0.21689E+00
   0.42875E+02   0.29881E+02   0.25292E+02   0.34848E+00  -0.22513E+00
   0.43225E+02   0.29892E+02   0.25188E+02   0.36492E+00  -0.23640E+00
   0.43575E+02   0.29905E+02   0.25004E+02   0.37910E+00  -0.24989E+00
   0.43925E+02   0.29917E+02   0.25173E+02   0.38823E+00  -0.25633E+00
   0.44275E+02   0.29925E+02   0.25564E+02   0.39512E+00  -0.25098E+00
   0.44625E+02   0.29932E+02   0.25809E+02   0.40219E+00  -0.24207E+00
   0.44975E+02   0.29937E+02   0.25920E+02   0.40928E+00  -0.23968E+00
   0.45325E+02   0.29941E+02   0.25982E+02   0.41514E+00  -0.24405E+00
   0.45675E+02   0.29945E+02   0.25862E+02   0.42197E+00  -0.24534E+00
   0.46025E+02   0.29949E+02   0.26225E+02   0.43343E+00  -0.23607E+00
   0.46375E+02   0.29953E+02   0.26377E+02   0.44251E+00  -0.23017E+00
   0.46725E+02   0.29955E+02   0.26045E+02   0.43380E+00  -0.22939E+00
   0.47075E+02   0.29954E+02   0.26067E+02   0.42573E+00  -0.22052E+00
   0.47425E+02   0.29954E+02   0.26197E+02   0.43185E+00  -0.20539E+00
   0.47775E+02   0.29955E+02   0.26190E+02   0.43551E+00  -0.19328E+00
   0.48125E+02   0.29956E+02   0.26177E+02   0.43042E+00  -0.18858E+00
   0.48475E+02   0.29956E+02   0.26450E+02   0.42612E+00  -0.17828E+00
   0.48825E+02   0.29954E+02   0.26625E+02   0.41991E+00  -0.15414E+00
   0.49175E+02   0.29950E+02   0.26580E+02   0.40733E+00  -0.14241E+00
   0.49525E+02   0.29945E+02   0.26667E+02   0.40297E+00  -0.13626E+00
   0.49875E+02   0.29942E+02   0.26717E+02   0.40044E+00  -0.12392E+00
   0.50225E+02   0.29939E+02   0.26672E+02   0.38617E+00  -0.11948E+00
   0.50575E+02   0.29933E+02   0.26757E+02   0.37148E+00  -0.11137E+00
   0.50925E+02   0.29927E+02   0.26777E+02   0.36336E+00  -0.10198E+00
   0.51275E+02   0.29920E+02   0.26750E+02   0.35476E+00  -0.95647E-01
   0.51625E+02   0.29913E+02   0.26476E+02   0.34349E+00  -0.10681E+00
   0.51975E+02   0.29904E+02   0.26152E+02   0.33297E+00  -0.12261E+00
   0.52325E+02   0.29895E+02   0.26291E+02   0.32942E+00  -0.11094E+00
   0.52675E+02   0.29888E+02   0.26354E+02   0.33075E+00  -0.10921E+00
   0.53025E+02   0.29884E+02   0.26177E+02   0.33025E+00  -0.12980E+00
   0.53375E+02   0.29880E+02   0.25946E+02   0.32459E+00  -0.14334E+00
   0.53725E+02   0.29877E+02   0.25864E+02   0.32508E+00  -0.14751E+00
   0.54075E+02   0.29878E+02   0.25921E+02   0.33156E+00  -0.14704E+00
   0.54425E+02   0.29879E+02   0.25826E+02   0.33556E+00  -0.15422E+00
   0.54775E+02   0.29883E+02   0.25596E+02   0.33352E+00  -0.16894E+00
   0.55125E+02   0.29882E+02   0.25496E+02   0.32954E+00  -0.17423E+00
   0.55475E+02   0.29879E+02   0.25559E+02   0.33242E+00  -0.17325E+00
   0.55825E+02   0.29881E+02   0.25689E+02   0.33916E+00  -0.17536E+00
   0.56175E+02   0.29888E+02   0.25524E+02   0.34714E+00  -0.19158E+00
   0.56525E+02   0.29897E+02   0.25222E+02   0.34957E+00  -0.21054E+00
   0.56875E+02   0.29900E+02   0.25171E+02   0.34640E+00  -0.21427E+00
   0.57225E+02   0.29899E+02   0.25063E+02   0.34963E+00  -0.21513E+00
   0.57575E+02   0.29902E+02   0.24905E+02   0.36437E+00  -0.22713E+00
   0.57925E+02   0.29910E+02   0.24788E+02   0.37832E+00  -0.24498E+00
   0.58275E+02   0.29917E+02   0.24744E+02   0.38103E+00  -0.25991E+00
   0.58625E+02   0.29922E+02   0.24971E+02   0.38689E+00  -0.26442E+00
   0.58975E+02   0.29928E+02   0.25330E+02   0.40564E+00  -0.25789E+00
   0.59325E+02   0.29937E+02   0.25450E+02   0.42165E+00  -0.25764E+00
   0.59675E+02   0.29944E+02   0.25770E+02   0.42737E+00  -0.25647E+00
   0.60025E+02   0.29949E+02   0.25947E+02   0.43020E+00  -0.25086E+00
   0.60375E+02   0.29953E+02   0.25773E+02   0.43629E+00  -0.24555E+00
   0.60725E+02   0.29956E+02   0.25911E+02   0.44465E+00  -0.23428E+00
   0.61075E+02   0.29959E+02   0.26239E+02   0.44572E+00  -0.22181E+00
   0.61425E+02   0.29960E+02   0.26530E+02   0.43945E+00  -0.20660E+00
   0.61775E+02   0.29958E+02   0.26712E+02   0.43422E+00  -0.19180E+00
   0.62125E+02   0.29957E+02   0.27009E+02   0.43303E+00  -0.17531E+00
   0.62475E+02   0.29957E+02   0.27197E+02   0.43293E+00  -0.15591E+00
   0.62825E+02   0.29956E+02   0.27265E+02   0.42507E+00  -0.14290E+00
   0.63175E+02   0.29951E+02   0.27294E+02   0.41246E+00  -0.13059E+00
   0.63525E+02   0.29946E+02   0.27333E+02   0.40184E+00  -0.11160E+00
   0.63875E+02   0.29940E+02   0.27600E+02   0.39217E+00  -0.94764E-01
   0.64225E+02   0.29935E+02   0.27569E+02   0.37947E+00  -0.91870E-01
   0.64575E+02   0.29926E+02   0.27271E+02   0.36333E+00  -0.93945E-01
   0.64925E+02   0.29918E+02   0.26911E+02   0.35196E+00  -0.97152E-01
   0.65275E+02   0.29911E+02   0.26638E+02   0.33831E+00  -0.98977E-01
   0.65625E+02   0.29899E+02   0.26541E+02   0.32653E+00  -0.98177E-01
   0.65975E+02   0.29888E+02   0.26421E+02   0.32422E+00  -0.10771E+00
   0.66325E+02   0.29880E+02   0.26415E+02   0.32199E+00  -0.11094E+00
   0.66675E+02   0.29875E+02   0.26274E+02   0.31983E+00  -0.11696E+00
   0.67025E+02   0.29873E+02   0.25932E+02   0.31985E+00  -0.13889E+00
   0.67375E+02   0.29871E+02   0.25910E+02   0.32455E+00  -0.13927E+00
   0.67725E+02   0.29872E+02   0.25959E+02   0.33071E+00  -0.13756E+00
   0.68075E+02   0.29874E+02   0.25884E+02   0.33003E+00  -0.15208E+00
   0.68425E+02   0.29875E+02   0.25756E+02   0.32653E+00  -0.16429E+00
   0.68775E+02   0.29879E+02   0.25445E+02   0.32690E+00  -0.17488E+00
   0.69125E+02   0.29881E+02   0.25157E+02   0.32795E+00  -0.18397E+00
   0.69475E+02   0.29881E+02   0.25128E+02   0.33196E+00  -0.19158E+00
   0.69825E+02   0.29880E+02   0.25131E+02   0.33741E+00  -0.19936E+00
   0.70175E+02   0.29885E+02   0.25028E+02   0.34428E+00  -0.21358E+00
   0.70525E+02   0.29894E+02   0.25109E+02   0.35015E+00  -0.22672E+00
   0.70875E+02   0.29900E+02   0.25448E+02   0.35764E+00  -0.22533E+00
   0.71225E+02   0.29908E+02   0.25189E+02   0.36944E+00  -0.23287E+00
   0.71575E+02   0.29916E+02   0.24556E+02   0.37855E+00  -0.25526E+00
   0.71925E+02   0.29922E+02   0.24285E+02   0.38776E+00  -0.27358E+00
   0.72275E+02   0.29929E+02   0.24118E+02   0.39206E+00  -0.28549E+00
   0.72625E+02   0.29934E+02   0.24033E+02   0.39960E+00  -0.29395E+00
   0.72975E+02   0.29939E+02   0.24111E+02   0.41489E+00  -0.30573E+00
   0.73325E+02   0.29945E+02   0.24050E+02   0.43056E+00  -0.31717E+00
   0.73675E+02   0.29952E+02   0.23863E+02   0.44370E+00  -0.33243E+00
   0.74025E+02   0.29958E+02   0.24454E+02   0.46101E+00  -0.33751E+00
   0.74375E+02   0.29964E+02   0.24948E+02   0.48598E+00  -0.32724E+00
   0.74725E+02   0.29969E+02   0.24944E+02   0.49866E+00  -0.32182E+00
   0.75075E+02   0.29974E+02   0.25131E+02   0.50319E+00  -0.31606E+00
   0.75425E+02   0.29976E+02   0.25735E+02   0.50651E+00  -0.29096E+00
   0.75775E+02   0.29978E+02   0.26656E+02   0.51220E+00  -0.24822E+00
   0.76125E+02   0.29979E+02   0.26926E+02   0.51947E+00  -0.22478E+00
   0.76475E+02   0.29980E+02   0.26542E+02   0.51274E+00  -0.22252E+00
   0.76825E+02   0.29979E+02   0.26310E+02   0.49480E+00  -0.20233E+00
   0.77175E+02   0.29977E+02   0.26268E+02   0.47489E+00  -0.17388E+00
   0.77525E+02   0.29973E+02   0.26338E+02   0.46046E+00  -0.14899E+00
   0.77875E+02   0.29969E+02   0.26613E+02   0.44845E+00  -0.12688E+00
   0.78225E+02   0.29965E+02   0.26719E+02   0.42842E+00  -0.11615E+00
   0.78575E+02   0.29958E+02   0.26873E+02   0.40812E+00  -0.95937E-01
   0.78925E+02   0.29950E+02   0.26949E+02   0.39862E+00  -0.81734E-01
   0.79275E+02   0.29943E+02   0.26861E+02   0.39136E+00  -0.80448E-01
   0.79625E+02   0.29937E+02   0.26923E+02   0.38106E+00  -0.74441E-01
   0.79975E+02   0.29927E+02   0.26874E+02   0.36480E+00  -0.78043E-01
   0.80325E+02   0.29915E+02   0.26830E+02   0.34205E+00  -0.76543E-01
   0.80675E+02   0.29902E+02   0.26798E+02   0.33114E+00  -0.71588E-01
   0.81025E+02   0.29894E+02   0.26707E+02   0.33469E+00  -0.80776E-01
   0.81375E+02   0.29891E+02   0.26708E+02   0.32881E+00  -0.85639E-01
   0.81725E+02   0.29883E+02   0.26770E+02   0.31624E+00  -0.86672E-01
   0.82075E+02   0.29874E+02   0.26594E+02   0.31426E+00  -0.96263E-01
   0.82425E+02   0.29872E+02   0.26210E+02   0.31374E+00  -0.11119E+00
   0.82775E+02   0.29864E+02   0.26119E+02   0.30516E+00  -0.11590E+00
   0.83125E+02   0.29848E+02   0.26252E+02   0.30187E+00  -0.11493E+00
   0.83475E+02   0.29844E+02   0.26053E+02   0.30615E+00  -0.12828E+00
   0.83825E+02   0.29848E+02   0.25623E+02   0.30792E+00  -0.15028E+00
   0.84175E+02   0.29851E+02   0.25211E+02   0.30771E+00  -0.17915E+00
   0.84525E+02   0.29852E+02   0.24769E+02   0.30903E+00  -0.19647E+00
   0.84875E+02   0.29856E+02   0.24450E+02   0.31439E+00  -0.20521E+00
   0.85225E+02   0.29864E+02   0.24192E+02   0.31942E+00  -0.23111E+00
   0.85575E+02   0.29870E+02   0.23946E+02   0.32968E+00  -0.25448E+00
   0.85925E+02   0.29881E+02   0.23772E+02   0.34311E+00  -0.26890E+00
   0.86275E+02   0.29893E+02   0.23597E+02   0.35736E+00  -0.29398E+00
   0.86625E+02   0.29906E+02   0.23598E+02   0.37964E+00  -0.31794E+00
   0.86975E+02   0.29920E+02   0.24006E+02   0.40583E+00  -0.32375E+00
   0.87325E+02   0.29934E+02   0.24378E+02   0.42441E+00  -0.33004E+00
   0.87675E+02   0.29944E+02   0.24297E+02   0.43703E+00  -0.34708E+00
   0.88025E+02   0.29952E+02   0.24214E+02   0.45495E+00  -0.35675E+00
   0.88375E+02   0.29960E+02   0.24524E+02   0.47838E+00  -0.34663E+00
   0.88725E+02   0.29967E+02   0.24973E+02   0.49498E+00  -0.33390E+00
   0.89075E+02   0.29972E+02   0.25193E+02   0.50605E+00  -0.33478E+00
   0.89425E+02   0.29976E+02   0.25654E+02   0.51638E+00  -0.32429E+00
   0.89775E+02   0.29979E+02   0.26435E+02   0.52166E+00  -0.29208E+00
   0.90125E+02   0.29980E+02   0.27117E+02   0.52679E+00  -0.26136E+00
   0.90475E+02   0.29982E+02   0.27341E+02   0.52797E+00  -0.23626E+00
   0.90825E+02   0.29982E+02   0.27524E+02   0.52354E+00  -0.20820E+00
   0.91175E+02   0.29981E+02   0.28059E+02   0.51448E+00  -0.17203E+00
   0.91525E+02   0.29980E+02   0.28142E+02   0.49468E+00  -0.13762E+00
   0.91875E+02   0.29977E+02   0.27918E+02   0.47016E+00  -0.11280E+00
   0.92225E+02   0.29972E+02   0.27860E+02   0.44947E+00  -0.86690E-01
   0.92575E+02   0.29964E+02   0.27920E+02   0.42532E+00  -0.58577E-01
   0.92925E+02   0.29954E+02   0.27771E+02   0.40151E+00  -0.47532E-01
   0.93275E+02   0.29942E+02   0.27519E+02   0.37850E+00  -0.55744E-01
   0.93625E+02   0.29928E+02   0.27328E+02   0.36385E+00  -0.59161E-01
   0.93975E+02   0.29918E+02   0.27185E+02   0.35260E+00  -0.55172E-01
   0.94325E+02   0.29908E+02   0.27112E+02   0.33288E+00  -0.59618E-01
   0.94675E+02   0.29899E+02   0.26865E+02   0.31945E+00  -0.73346E-01
   0.95025E+02   0.29888E+02   0.26650E+02   0.31983E+00  -0.77383E-01
   0.95375E+02   0.29882E+02   0.26598E+02   0.31906E+00  -0.76069E-01
   0.95725E+02   0.29875E+02   0.26445E+02   0.30846E+00  -0.88056E-01
   0.96075E+02   0.29863E+02   0.26331E+02   0.30732E+00  -0.96043E-01
   0.96425E+02   0.29856E+02   0.26294E+02   0.31157E+00  -0.10139E+00
   0.96775E+02   0.29854E+02   0.26249E+02   0.30840E+00  -0.10961E+00
   0.97125E+02   0.29850E+02   0.26139E+02   0.30238E+00  -0.12487E+00
   0.97475E+02   0.29849E+02   0.25824E+02   0.30246E+00  -0.14628E+00
   0.97825E+02   0.29850E+02   0.25638E+02   0.30653E+00  -0.14911E+00
   0.98175E+02   0.29848E+02   0.25802E+02   0.30855E+00  -0.14710E+00
   0.98525E+02   0.29848E+02   0.25834E+02   0.30894E+00  -0.16021E+00
   0.98875E+02   0.29853E+02   0.25766E+02   0.31243E+00  -0.16922E+00
   0.99225E+02   0.29861E+02   0.25706E+02   0.32072E+00  -0.17577E+00
   0.99575E+02   0.29866E+02   0.25583E+02   0.32378E+00  -0.18713E+00
   0.99925E+02   0.29869E+02   0.25513E+02   0.32687E+00  -0.19178E+00
   0.10027E+03   0.29875E+02   0.25307E+02   0.33573E+00  -0.20466E+00
   0.10062E+03   0.29882E+02   0.24959E+02   0.34594E+00  -0.22741E+00
   0.10097E+03   0.29888E+02   0.24846E+02   0.35125E+00  -0.24037E+00
   0.10132E+03   0.29895E+02   0.24987E+02   0.35908E+00  -0.24841E+00
   0.10167E+03   0.29905E+02   0.24955E+02   0.37560E+00  -0.25862E+00
   0.10202E+03   0.29917E+02   0.24818E+02   0.39151E+00  -0.26973E+00
   0.10237E+03   0.29927E+02   0.24753E+02   0.40144E+00  -0.28176E+00
   0.10272E+03   0.29935E+02   0.24829E+02   0.40915E+00  -0.28448E+00
   0.10307E+03   0.29942E+02   0.24938E+02   0.42643E+00  -0.28151E+00
   0.10342E+03   0.29950E+02   0.25177E+02   0.44299E+00  -0.28218E+00
   0.10377E+03   0.29956E+02   0.25475E+02   0.44924E+00  -0.27953E+00
   0.10412E+03   0.29960E+02   0.25631E+02   0.45305E+00  -0.27202E+00
   0.10447E+03   0.29962E+02   0.26061E+02   0.46054E+00  -0.25613E+00
   0.10482E+03   0.29965E+02   0.26767E+02   0.46707E+00  -0.22669E+00
   0.10517E+03   0.29967E+02   0.27308E+02   0.46889E+00  -0.20334E+00
   0.10552E+03   0.29968E+02   0.27411E+02   0.46564E+00  -0.18948E+00
   0.10587E+03   0.29968E+02   0.27406E+02   0.45543E+00  -0.17096E+00
   0.10622E+03   0.29965E+02   0.27454E+02   0.44470E+00  -0.15002E+00
   0.10657E+03   0.29961E+02   0.27351E+02   0.43388E+00  -0.13402E+00
   0.10692E+03   0.29957E+02   0.27218E+02   0.41902E+00  -0.12193E+00
   0.10727E+03   0.29950E+02   0.27022E+02   0.39973E+00  -0.11453E+00
   0.10762E+03   0.29943E+02   0.26738E+02   0.38103E+00  -0.11406E+00
   0.10797E+03   0.29933E+02   0.26611E+02   0.36919E+00  -0.10602E+00
   0.10832E+03   0.29924E+02   0.26600E+02   0.36486E+00  -0.99106E-01
   0.10867E+03   0.29918E+02   0.26616E+02   0.35936E+00  -0.10304E+00
   0.10902E+03   0.29913E+02   0.26699E+02   0.35163E+00  -0.10123E+00
   0.10937E+03   0.29907E+02   0.26635E+02   0.34551E+00  -0.10126E+00
   0.10972E+03   0.29901E+02   0.26405E+02   0.34015E+00  -0.11024E+00
   0.11007E+03   0.29896E+02   0.26285E+02   0.33769E+00  -0.11214E+00
   0.11042E+03   0.29891E+02   0.26307E+02   0.33551E+00  -0.11192E+00
   0.11077E+03   0.29887E+02   0.26245E+02   0.32749E+00  -0.11625E+00
   0.11112E+03   0.29882E+02   0.26086E+02   0.31860E+00  -0.12416E+00
   0.11147E+03   0.29874E+02   0.25959E+02   0.32035E+00  -0.13449E+00
   0.11182E+03   0.29871E+02   0.26002E+02   0.32193E+00  -0.13591E+00
   0.11217E+03   0.29871E+02   0.26011E+02   0.32024E+00  -0.14066E+00
   0.11252E+03   0.29871E+02   0.25825E+02   0.32175E+00  -0.15706E+00
   0.11287E+03   0.29871E+02   0.25795E+02   0.32267E+00  -0.16049E+00
   0.11322E+03   0.29872E+02   0.25642E+02   0.32385E+00  -0.16454E+00
   0.11357E+03   0.29873E+02   0.25360E+02   0.32822E+00  -0.18444E+00
   0.11392E+03   0.29877E+02   0.25128E+02   0.33344E+00  -0.20206E+00
   0.11427E+03   0.29882E+02   0.25056E+02   0.33853E+00  -0.21073E+00
   0.11462E+03   0.29887E+02   0.24911E+02   0.34410E+00  -0.22013E+00
   0.11497E+03   0.29894E+02   0.24638E+02   0.34829E+00  -0.23777E+00
   0.11532E+03   0.29901E+02   0.24914E+02   0.35779E+00  -0.23894E+00
   0.11567E+03   0.29908E+02   0.25205E+02   0.37262E+00  -0.23573E+00
   0.11602E+03   0.29916E+02   0.25287E+02   0.38776E+00  -0.24667E+00
   0.11637E+03   0.29925E+02   0.25347E+02   0.40080E+00  -0.25214E+00
   0.11672E+03   0.29933E+02   0.25591E+02   0.40846E+00  -0.25283E+00
   0.11707E+03   0.29940E+02   0.26087E+02   0.41673E+00  -0.24186E+00
   0.11742E+03   0.29945E+02   0.26273E+02   0.42355E+00  -0.22829E+00
   0.11777E+03   0.29948E+02   0.26537E+02   0.42454E+00  -0.22184E+00
   0.11812E+03   0.29950E+02   0.26797E+02   0.42920E+00  -0.21000E+00
   0.11847E+03   0.29952E+02   0.26536E+02   0.43153E+00  -0.20563E+00
   0.11882E+03   0.29953E+02   0.26398E+02   0.42394E+00  -0.20116E+00
   0.11917E+03   0.29951E+02   0.26587E+02   0.41762E+00  -0.18310E+00
   0.11952E+03   0.29950E+02   0.26653E+02   0.41598E+00  -0.16746E+00
   0.11987E+03   0.29948E+02   0.26597E+02   0.40664E+00  -0.15942E+00
   0.12022E+03   0.29945E+02   0.26483E+02   0.39639E+00  -0.15592E+00
   0.12057E+03   0.29942E+02   0.26579E+02   0.39296E+00  -0.14757E+00
   0.12092E+03   0.29939E+02   0.26745E+02   0.39235E+00  -0.13181E+00
   0.12127E+03   0.29936E+02   0.26775E+02   0.38760E+00  -0.12485E+00
   0.12162E+03   0.29931E+02   0.26775E+02   0.37603E+00  -0.12601E+00
   0.12197E+03   0.29925E+02   0.26890E+02   0.36900E+00  -0.11737E+00
   0.12232E+03   0.29922E+02   0.26827E+02   0.36360E+00  -0.11217E+00
   0.12267E+03   0.29918E+02   0.26525E+02   0.35420E+00  -0.12157E+00
   0.12302E+03   0.29913E+02   0.26459E+02   0.34707E+00  -0.12215E+00
   0.12337E+03   0.29906E+02   0.26257E+02   0.34220E+00  -0.12175E+00
   0.12372E+03   0.29895E+02   0.25951E+02   0.33464E+00  -0.13560E+00
   0.12407E+03   0.29887E+02   0.25598E+02   0.33073E+00  -0.15094E+00
   0.12442E+03   0.29885E+02   0.25482E+02   0.33295E+00  -0.16141E+00
   0.12477E+03   0.29887E+02   0.25514E+02   0.33607E+00  -0.16614E+00
   0.12512E+03   0.29887E+02   0.25421E+02   0.33649E+00  -0.17313E+00
   0.12547E+03   0.29887E+02   0.25361E+02   0.34187E+00  -0.18240E+00
   0.12582E+03   0.29892E+02   0.25339E+02   0.34910E+00  -0.18598E+00
   0.12617E+03   0.29896E+02   0.25469E+02   0.35510E+00  -0.19129E+00
   0.12652E+03   0.29902E+02   0.25395E+02   0.36103E+00  -0.19976E+00
   0.12687E+03   0.29906E+02   0.25122E+02   0.36161E+00  -0.21280E+00
   0.12722E+03   0.29908E+02   0.25148E+02   0.36527E+00  -0.21863E+00
   0.12757E+03   0.29911E+02   0.25477E+02   0.37038E+00  -0.21224E+00
   0.12792E+03   0.29915E+02   0.25859E+02   0.37437E+00  -0.20463E+00
   0.12827E+03   0.29919E+02   0.26076E+02   0.38101E+00  -0.20655E+00
   0.12862E+03   0.29924E+02   0.26046E+02   0.38949E+00  -0.21158E+00
   0.12897E+03   0.29929E+02   0.25806E+02   0.39220E+00  -0.21202E+00
   0.12932E+03   0.29931E+02   0.25577E+02   0.39105E+00  -0.21503E+00
   0.12967E+03   0.29933E+02   0.25472E+02   0.39429E+00  -0.21851E+00
   0.13002E+03   0.29934E+02   0.25517E+02   0.39761E+00  -0.21610E+00
   0.13037E+03   0.29935E+02   0.25886E+02   0.39588E+00  -0.20591E+00
   0.13072E+03   0.29937E+02   0.26024E+02   0.39437E+00  -0.20326E+00
   0.13107E+03   0.29939E+02   0.25917E+02   0.39942E+00  -0.20168E+00
   0.13142E+03   0.29940E+02   0.26045E+02   0.40863E+00  -0.19247E+00
   0.13177E+03   0.29943E+02   0.26180E+02   0.41221E+00  -0.18778E+00
   0.13212E+03   0.29944E+02   0.26142E+02   0.40675E+00  -0.18475E+00
   0.13247E+03   0.29942E+02   0.26051E+02   0.40162E+00  -0.18123E+00
   0.13282E+03   0.29940E+02   0.26088E+02   0.39728E+00  -0.17394E+00
   0.13317E+03   0.29938E+02   0.26229E+02   0.39319E+00  -0.15967E+00
   0.13352E+03   0.29935E+02   0.26313E+02   0.39040E+00  -0.15646E+00
   0.13387E+03   0.29933E+02   0.26209E+02   0.38748E+00  -0.15927E+00
   0.13422E+03   0.29933E+02   0.26086E+02   0.38404E+00  -0.15520E+00
   0.13457E+03   0.29929E+02   0.26072E+02   0.37746E+00  -0.15304E+00
   0.13492E+03   0.29924E+02   0.25957E+02   0.37066E+00  -0.15369E+00
   0.13527E+03   0.29920E+02   0.25656E+02   0.36623E+00  -0.15972E+00
   0.13562E+03   0.29916E+02   0.25481E+02   0.36474E+00  -0.16735E+00
   0.13597E+03   0.29913E+02   0.25449E+02   0.36170E+00  -0.17062E+00
   0.13632E+03   0.29911E+02   0.25354E+02   0.35964E+00  -0.17253E+00
   0.13667E+03   0.29911E+02   0.25371E+02   0.36428E+00  -0.17691E+00
   0.13702E+03   0.29914E+02   0.25505E+02   0.36903E+00  -0.18145E+00
   0.13737E+03   0.29916E+02   0.25571E+02   0.36983E+00  -0.18056E+00
   0.13772E+03   0.29916E+02   0.25554E+02   0.36845E+00  -0.18364E+00
   0.13807E+03   0.29918E+02   0.25694E+02   0.37322E+00  -0.18382E+00
   0.13842E+03   0.29919E+02   0.25973E+02   0.37779E+00  -0.17206E+00
   0.13877E+03   0.29921E+02   0.25970E+02   0.37585E+00  -0.17175E+00
   0.13912E+03   0.29920E+02   0.25739E+02   0.37065E+00  -0.18334E+00
   0.13947E+03   0.29917E+02   0.25791E+02   0.37214E+00  -0.18181E+00
   0.13982E+03   0.29918E+02   0.25889E+02   0.37467E+00  -0.17523E+00
   0.14017E+03   0.29919E+02   0.25776E+02   0.37054E+00  -0.18106E+00
   0.14052E+03   0.29918E+02   0.25822E+02   0.36830E+00  -0.18294E+00
   0.14087E+03   0.29917E+02   0.26037E+02   0.36891E+00  -0.17353E+00
   0.14122E+03   0.29918E+02   0.26048E+02   0.37007E+00  -0.17019E+00
   0.14157E+03   0.29917E+02   0.25914E+02   0.37204E+00  -0.17590E+00
   0.14192E+03   0.29918E+02   0.25658E+02   0.37590E+00  -0.18715E+00
   0.14227E+03   0.29920E+02   0.25511E+02   0.37536E+00  -0.18945E+00
   0.14262E+03   0.29921E+02   0.25593E+02   0.37334E+00  -0.18798E+00
   0.14297E+03   0.29922E+02   0.25529E+02   0.37053E+00  -0.19443E+00
   0.14332E+03   0.29921E+02   0.25659E+02   0.37126E+00  -0.18662E+00
   0.14367E+03   0.29922E+02   0.25735E+02   0.37719E+00  -0.18276E+00
   0.14402E+03   0.29924E+02   0.25541E+02   0.37916E+00  -0.19399E+00
   0.14437E+03   0.29927E+02   0.25427E+02   0.37889E+00  -0.19419E+00
   0.14472E+03   0.29929E+02   0.25476E+02   0.38081E+00  -0.19358E+00
   0.14507E+03   0.29929E+02   0.25575E+02   0.38475E+00  -0.19158E+00
   0.14542E+03   0.29928E+02   0.25855E+02   0.38370E+00  -0.18055E+00
   0.14577E+03   0.29926E+02   0.26199E+02   0.38170E+00  -0.17767E+00
   0.14612E+03   0.29928E+02   0.26176E+02   0.38674E+00  -0.17915E+00
   0.14647E+03   0.29930E+02   0.26031E+02   0.38905E+00  -0.18109E+00
   0.14682E+03   0.29928E+02   0.26106E+02   0.38672E+00  -0.17700E+00
   0.14717E+03   0.29926E+02   0.26327E+02   0.38420E+00  -0.16443E+00
   0.14752E+03   0.29927E+02   0.26414E+02   0.38339E+00  -0.15887E+00
   0.14787E+03   0.29927E+02   0.26354E+02   0.37582E+00  -0.16295E+00
   0.14822E+03   0.29924E+02   0.26286E+02   0.36775E+00  -0.16229E+00
   0.14857E+03   0.29922E+02   0.26169E+02   0.36722E+00  -0.15604E+00
   0.14892E+03   0.29921E+02   0.26239E+02   0.36796E+00  -0.15004E+00
   0.14927E+03   0.29920E+02   0.26255E+02   0.36488E+00  -0.15005E+00
   0.14962E+03   0.29917E+02   0.26119E+02   0.35760E+00  -0.15356E+00
   0.14997E+03   0.29912E+02   0.25927E+02   0.35438E+00  -0.15608E+00
   0.15032E+03   0.29908E+02   0.25765E+02   0.35329E+00  -0.16139E+00
   0.15067E+03   0.29906E+02   0.25892E+02   0.35634E+00  -0.15847E+00
   0.15102E+03   0.29907E+02   0.25999E+02   0.35953E+00  -0.15795E+00
   0.15137E+03   0.29909E+02   0.25785E+02   0.35657E+00  -0.16930E+00
   0.15172E+03   0.29909E+02   0.25541E+02   0.35337E+00  -0.17597E+00
   0.15207E+03   0.29908E+02   0.25643E+02   0.35683E+00  -0.17513E+00
   0.15242E+03   0.29909E+02   0.25542E+02   0.36286E+00  -0.18119E+00
   0.15277E+03   0.29911E+02   0.25206E+02   0.36491E+00  -0.19743E+00
   0.15312E+03   0.29911E+02   0.25171E+02   0.36287E+00  -0.20640E+00
   0.15347E+03   0.29912E+02   0.25394E+02   0.36348E+00  -0.19937E+00
   0.15382E+03   0.29914E+02   0.25427E+02   0.36938E+00  -0.19768E+00
   0.15417E+03   0.29918E+02   0.25215E+02   0.37535E+00  -0.21307E+00
   0.15452E+03   0.29921E+02   0.25138E+02   0.38093E+00  -0.22334E+00
   0.15487E+03   0.29924E+02   0.25437E+02   0.38592E+00  -0.21475E+00
   0.15522E+03   0.29927E+02   0.25718E+02   0.38938E+00  -0.20819E+00
   0.15557E+03   0.29930E+02   0.25850E+02   0.39391E+00  -0.20826E+00
   0.15592E+03   0.29934E+02   0.25716E+02   0.39876E+00  -0.21283E+00
   0.15627E+03   0.29935E+02   0.25662E+02   0.39780E+00  -0.21504E+00
   0.15662E+03   0.29936E+02   0.26113E+02   0.39830E+00  -0.19819E+00
   0.15697E+03   0.29939E+02   0.26450E+02   0.40282E+00  -0.18357E+00
   0.15732E+03   0.29941E+02   0.26372E+02   0.40358E+00  -0.18469E+00
   0.15767E+03   0.29942E+02   0.25969E+02   0.39847E+00  -0.18979E+00
   0.15802E+03   0.29940E+02   0.25819E+02   0.38864E+00  -0.18621E+00
   0.15837E+03   0.29935E+02   0.25981E+02   0.38648E+00  -0.17437E+00
   0.15872E+03   0.29934E+02   0.25970E+02   0.39433E+00  -0.17340E+00
   0.15907E+03   0.29934E+02   0.25886E+02   0.39324E+00  -0.17865E+00
   0.15942E+03   0.29933E+02   0.25942E+02   0.38138E+00  -0.17635E+00
   0.15977E+03   0.29929E+02   0.25795E+02   0.37552E+00  -0.17566E+00
   0.16012E+03   0.29928E+02   0.25811E+02   0.38224E+00  -0.16872E+00
   0.16047E+03   0.29930E+02   0.26077E+02   0.38759E+00  -0.15808E+00
   0.16082E+03   0.29931E+02   0.25922E+02   0.38266E+00  -0.16513E+00
   0.16117E+03   0.29929E+02   0.25673E+02   0.37184E+00  -0.17113E+00
   0.16152E+03   0.29926E+02   0.25769E+02   0.36639E+00  -0.16148E+00
   0.16187E+03   0.29921E+02   0.26152E+02   0.37127E+00  -0.14508E+00
   0.16222E+03   0.29920E+02   0.26414E+02   0.37489E+00  -0.14103E+00
   0.16257E+03   0.29920E+02   0.26333E+02   0.36943E+00  -0.15269E+00
   0.16292E+03   0.29916E+02   0.26448E+02   0.36175E+00  -0.14735E+00
   0.16327E+03   0.29912E+02   0.26444E+02   0.36182E+00  -0.14112E+00
   0.16362E+03   0.29911E+02   0.26035E+02   0.36191E+00  -0.15260E+00
   0.16397E+03   0.29909E+02   0.25734E+02   0.35578E+00  -0.16481E+00
   0.16432E+03   0.29907E+02   0.25691E+02   0.34699E+00  -0.16664E+00
   0.16467E+03   0.29903E+02   0.25605E+02   0.34116E+00  -0.16387E+00
   0.16502E+03   0.29898E+02   0.25448E+02   0.34288E+00  -0.17203E+00
   0.16537E+03   0.29897E+02   0.25269E+02   0.35105E+00  -0.18872E+00
   0.16572E+03   0.29902E+02   0.25119E+02   0.35857E+00  -0.19798E+00
   0.16607E+03   0.29906E+02   0.25240E+02   0.36031E+00  -0.20006E+00
   0.16642E+03   0.29908E+02   0.25527E+02   0.36310E+00  -0.19753E+00
   0.16677E+03   0.29912E+02   0.25546E+02   0.37090E+00  -0.19548E+00
   0.16712E+03   0.29916E+02   0.25421E+02   0.37906E+00  -0.20423E+00
   0.16747E+03   0.29920E+02   0.25524E+02   0.38168E+00  -0.20804E+00
   0.16782E+03   0.29923E+02   0.25546E+02   0.38011E+00  -0.20447E+00
   0.16817E+03   0.29925E+02   0.25586E+02   0.38755E+00  -0.20599E+00
   0.16852E+03   0.29928E+02   0.25580E+02   0.39512E+00  -0.21143E+00
   0.16887E+03   0.29930E+02   0.25406E+02   0.38868E+00  -0.21508E+00
   0.16922E+03   0.29927E+02   0.25467E+02   0.38345E+00  -0.21072E+00
   0.16957E+03   0.29928E+02   0.25813E+02   0.39194E+00  -0.20115E+00
   0.16992E+03   0.29933E+02   0.26114E+02   0.40215E+00  -0.19239E+00
   0.17027E+03   0.29937E+02   0.26302E+02   0.40211E+00  -0.18749E+00
   0.17062E+03   0.29938E+02   0.26428E+02   0.39773E+00  -0.18645E+00
   0.17097E+03   0.29937E+02   0.26474E+02   0.39814E+00  -0.17116E+00
   0.17132E+03   0.29937E+02   0.26333E+02   0.39586E+00  -0.15885E+00
   0.17167E+03   0.29935E+02   0.26193E+02   0.38910E+00  -0.16424E+00
   0.17202E+03   0.29933E+02   0.26063E+02   0.38393E+00  -0.16370E+00
   0.17237E+03   0.29930E+02   0.25871E+02   0.37468E+00  -0.15943E+00
   0.17272E+03   0.29927E+02   0.25741E+02   0.36878E+00  -0.16474E+00
   0.17307E+03   0.29924E+02   0.25839E+02   0.36827E+00  -0.16192E+00
   0.17342E+03   0.29922E+02   0.25924E+02   0.36881E+00  -0.15475E+00
   0.17377E+03   0.29920E+02   0.25943E+02   0.36664E+00  -0.15502E+00
   0.17412E+03   0.29919E+02   0.26118E+02   0.36575E+00  -0.15155E+00
   0.17447E+03   0.29919E+02   0.26050E+02   0.36779E+00  -0.15256E+00
   0.17482E+03   0.29919E+02   0.25772E+02   0.36567E+00  -0.15790E+00
   0.17517E+03   0.29918E+02   0.25590E+02   0.36028E+00  -0.16169E+00
   0.17552E+03   0.29912E+02   0.25559E+02   0.35399E+00  -0.16150E+00
   0.17587E+03   0.29907E+02   0.25857E+02   0.35190E+00  -0.14898E+00
   0.17622E+03   0.29906E+02   0.26122E+02   0.35269E+00  -0.14525E+00
   0.17657E+03   0.29909E+02   0.25803E+02   0.35496E+00  -0.16586E+00
   0.17692E+03   0.29907E+02   0.25291E+02   0.35288E+00  -0.18508E+00
   0.17727E+03   0.29904E+02   0.25087E+02   0.35238E+00  -0.19249E+00
   0.17762E+03   0.29904E+02   0.25079E+02   0.35663E+00  -0.19188E+00
   0.17797E+03   0.29905E+02   0.25159E+02   0.35979E+00  -0.19580E+00
   0.17832E+03   0.29906E+02   0.25219E+02   0.36130E+00  -0.20788E+00
   0.17867E+03   0.29908E+02   0.25056E+02   0.36380E+00  -0.21484E+00
   0.17902E+03   0.29912E+02   0.25126E+02   0.37399E+00  -0.21802E+00
   0.17937E+03   0.29920E+02   0.25205E+02   0.38484E+00  -0.22176E+00
   0.17972E+03   0.29926E+02   0.24878E+02   0.39192E+00  -0.23486E+00
   0.18007E+03   0.29931E+02   0.24546E+02   0.39320E+00  -0.24968E+00
   0.18042E+03   0.29934E+02   0.24370E+02   0.39044E+00  -0.25700E+00
   0.18077E+03   0.29934E+02   0.24427E+02   0.39136E+00  -0.25848E+00
   0.18112E+03   0.29936E+02   0.24771E+02   0.40611E+00  -0.25377E+00
   0.18147E+03   0.29941E+02   0.25196E+02   0.42368E+00  -0.24938E+00
   0.18182E+03   0.29947E+02   0.25376E+02   0.42849E+00  -0.24959E+00
   0.18217E+03   0.29952E+02   0.25398E+02   0.43041E+00  -0.25438E+00
   0.18252E+03   0.29955E+02   0.25548E+02   0.43862E+00  -0.24460E+00
   0.18287E+03   0.29958E+02   0.25750E+02   0.44487E+00  -0.22343E+00
   0.18322E+03   0.29960E+02   0.25842E+02   0.44270E+00  -0.21581E+00
   0.18357E+03   0.29960E+02   0.25711E+02   0.43601E+00  -0.21833E+00
   0.18392E+03   0.29959E+02   0.25877E+02   0.43044E+00  -0.20512E+00
   0.18427E+03   0.29958E+02   0.26325E+02   0.43000E+00  -0.18152E+00
   0.18462E+03   0.29956E+02   0.26550E+02   0.42980E+00  -0.16967E+00
   0.18497E+03   0.29954E+02   0.26467E+02   0.42524E+00  -0.16595E+00
   0.18532E+03   0.29952E+02   0.26256E+02   0.41461E+00  -0.16250E+00
   0.18567E+03   0.29948E+02   0.26330E+02   0.40537E+00  -0.15315E+00
   0.18602E+03   0.29943E+02   0.26622E+02   0.40211E+00  -0.13782E+00
   0.18637E+03   0.29941E+02   0.26596E+02   0.39821E+00  -0.13180E+00
   0.18672E+03   0.29937E+02   0.26544E+02   0.38657E+00  -0.13207E+00
   0.18707E+03   0.29930E+02   0.26520E+02   0.37440E+00  -0.12612E+00
   0.18742E+03   0.29925E+02   0.26296E+02   0.36622E+00  -0.12212E+00
   0.18777E+03   0.29920E+02   0.26269E+02   0.36037E+00  -0.12273E+00
   0.18812E+03   0.29915E+02   0.26300E+02   0.35993E+00  -0.12498E+00
   0.18847E+03   0.29910E+02   0.26338E+02   0.35247E+00  -0.12068E+00
   0.18882E+03   0.29902E+02   0.26463E+02   0.33940E+00  -0.11197E+00
   0.18917E+03   0.29896E+02   0.26356E+02   0.33535E+00  -0.12088E+00
   0.18952E+03   0.29893E+02   0.26170E+02   0.34055E+00  -0.13014E+00
   0.18987E+03   0.29890E+02   0.26245E+02   0.34143E+00  -0.12634E+00
   0.19022E+03   0.29887E+02   0.26093E+02   0.33509E+00  -0.13789E+00
   0.19057E+03   0.29886E+02   0.25741E+02   0.33050E+00  -0.15492E+00
   0.19092E+03   0.29884E+02   0.25543E+02   0.32706E+00  -0.15938E+00
   0.19127E+03   0.29880E+02   0.25576E+02   0.32710E+00  -0.15974E+00
   0.19162E+03   0.29878E+02   0.25759E+02   0.33061E+00  -0.15871E+00
   0.19197E+03   0.29879E+02   0.25726E+02   0.33800E+00  -0.16974E+00
   0.19232E+03   0.29885E+02   0.25607E+02   0.34601E+00  -0.18739E+00
   0.19267E+03   0.29891E+02   0.25749E+02   0.34915E+00  -0.18619E+00
   0.19302E+03   0.29895E+02   0.25725E+02   0.35135E+00  -0.18706E+00
   0.19337E+03   0.29899E+02   0.25712E+02   0.35441E+00  -0.19030E+00
   0.19372E+03   0.29902E+02   0.26011E+02   0.35826E+00  -0.18383E+00
   0.19407E+03   0.29905E+02   0.25934E+02   0.36130E+00  -0.18760E+00
   0.19442E+03   0.29907E+02   0.25680E+02   0.36239E+00  -0.19488E+00
   0.19477E+03   0.29910E+02   0.25563E+02   0.36535E+00  -0.20096E+00
   0.19512E+03   0.29915E+02   0.25396E+02   0.37260E+00  -0.20938E+00
   0.19547E+03   0.29917E+02   0.25450E+02   0.37516E+00  -0.21126E+00
   0.19582E+03   0.29919E+02   0.25792E+02   0.37481E+00  -0.20830E+00
   0.19617E+03   0.29921E+02   0.25862E+02   0.37923E+00  -0.20721E+00
   0.19652E+03   0.29925E+02   0.25717E+02   0.38805E+00  -0.21066E+00
   0.19687E+03   0.29930E+02   0.25812E+02   0.39394E+00  -0.21063E+00
   0.19722E+03   0.29933E+02   0.26147E+02   0.39678E+00  -0.19560E+00
   0.19757E+03   0.29935E+02   0.26364E+02   0.40030E+00  -0.18527E+00
   0.19792E+03   0.29938E+02   0.26055E+02   0.40108E+00  -0.19343E+00
   0.19827E+03   0.29939E+02   0.25636E+02   0.39376E+00  -0.19824E+00
   0.19862E+03   0.29936E+02   0.25540E+02   0.38599E+00  -0.19442E+00
   0.19897E+03   0.29934E+02   0.25913E+02   0.38910E+00  -0.17968E+00
   0.19932E+03   0.29935E+02   0.26148E+02   0.39367E+00  -0.16962E+00
   0.19967E+03   0.29935E+02   0.26068E+02   0.38987E+00  -0.17891E+00
   0.20002E+03   0.29933E+02   0.25914E+02   0.38588E+00  -0.18322E+00
   0.20037E+03   0.29932E+02   0.25629E+02   0.38514E+00  -0.18040E+00
   0.20072E+03   0.29930E+02   0.25528E+02   0.38546E+00  -0.17998E+00
   0.20107E+03   0.29929E+02   0.25543E+02   0.38967E+00  -0.18305E+00
   0.20142E+03   0.29929E+02   0.25524E+02   0.38770E+00  -0.18863E+00
   0.20177E+03   0.29929E+02   0.25444E+02   0.37947E+00  -0.19250E+00
   0.20212E+03   0.29928E+02   0.25417E+02   0.37650E+00  -0.19536E+00
   0.20247E+03   0.29927E+02   0.25787E+02   0.38445E+00  -0.18106E+00
   0.20282E+03   0.29930E+02   0.26088E+02   0.39053E+00  -0.16657E+00
   0.20317E+03   0.29932E+02   0.26105E+02   0.38759E+00  -0.17130E+00
   0.20352E+03   0.29930E+02   0.26172E+02   0.38100E+00  -0.17102E+00
   0.20387E+03   0.29930E+02   0.26055E+02   0.38032E+00  -0.16435E+00
   0.20422E+03   0.29929E+02   0.25822E+02   0.37761E+00  -0.16475E+00
   0.20457E+03   0.29926E+02   0.25727E+02   0.37144E+00  -0.16957E+00
   0.20492E+03   0.29922E+02   0.25727E+02   0.36694E+00  -0.16877E+00
   0.20527E+03   0.29921E+02   0.25618E+02   0.36079E+00  -0.16937E+00
   0.20562E+03   0.29920E+02   0.25524E+02   0.35656E+00  -0.17515E+00
   0.20597E+03   0.29917E+02   0.25511E+02   0.36053E+00  -0.17470E+00
   0.20632E+03   0.29915E+02   0.25523E+02   0.36845E+00  -0.17258E+00
   0.20667E+03   0.29916E+02   0.25518E+02   0.36853E+00  -0.18113E+00
   0.20702E+03   0.29918E+02   0.25507E+02   0.36849E+00  -0.19028E+00
   0.20737E+03   0.29919E+02   0.25461E+02   0.36983E+00  -0.18793E+00
   0.20772E+03   0.29919E+02   0.25635E+02   0.37151E+00  -0.17839E+00
   0.20807E+03   0.29920E+02   0.26066E+02   0.37557E+00  -0.16879E+00
   0.20842E+03   0.29922E+02   0.25931E+02   0.37472E+00  -0.17409E+00
   0.20877E+03   0.29921E+02   0.25555E+02   0.37277E+00  -0.18858E+00
   0.20912E+03   0.29922E+02   0.25315E+02   0.37587E+00  -0.19509E+00
   0.20947E+03   0.29923E+02   0.25336E+02   0.37349E+00  -0.19488E+00
   0.20982E+03   0.29922E+02   0.25753E+02   0.37085E+00  -0.18393E+00
   0.21017E+03   0.29922E+02   0.25942E+02   0.37101E+00  -0.17643E+00
   0.21052E+03   0.29921E+02   0.25935E+02   0.37159E+00  -0.18022E+00
   0.21087E+03   0.29920E+02   0.26185E+02   0.37778E+00  -0.17342E+00
   0.21122E+03   0.29924E+02   0.26138E+02   0.38108E+00  -0.17391E+00
   0.21157E+03   0.29927E+02   0.25786E+02   0.38151E+00  -0.18256E+00
   0.21192E+03   0.29927E+02   0.25960E+02   0.37702E+00  -0.16997E+00
   0.21227E+03   0.29922E+02   0.26273E+02   0.36672E+00  -0.15214E+00
   0.21262E+03   0.29917E+02   0.26368E+02   0.36156E+00  -0.14630E+00
   0.21297E+03   0.29915E+02   0.26437E+02   0.36557E+00  -0.14897E+00
   0.21332E+03   0.29916E+02   0.26229E+02   0.36871E+00  -0.15892E+00
   0.21367E+03   0.29915E+02   0.25808E+02   0.36436E+00  -0.16512E+00
   0.21402E+03   0.29913E+02   0.25669E+02   0.35937E+00  -0.16609E+00
   0.21437E+03   0.29912E+02   0.25881E+02   0.35360E+00  -0.16078E+00
   0.21472E+03   0.29908E+02   0.26140E+02   0.35258E+00  -0.14677E+00
   0.21507E+03   0.29906E+02   0.26335E+02   0.35495E+00  -0.14750E+00
   0.21542E+03   0.29906E+02   0.26342E+02   0.35620E+00  -0.15408E+00
   0.21577E+03   0.29906E+02   0.26215E+02   0.35989E+00  -0.15221E+00
   0.21612E+03   0.29908E+02   0.26068E+02   0.36405E+00  -0.15954E+00
   0.21647E+03   0.29911E+02   0.25930E+02   0.35931E+00  -0.16184E+00
   0.21682E+03   0.29907E+02   0.26065E+02   0.34540E+00  -0.14978E+00
   0.21717E+03   0.29899E+02   0.26133E+02   0.34179E+00  -0.14906E+00
   0.21752E+03   0.29896E+02   0.26078E+02   0.34631E+00  -0.15315E+00
   0.21787E+03   0.29898E+02   0.26079E+02   0.34976E+00  -0.15697E+00
   0.21822E+03   0.29901E+02   0.25918E+02   0.35160E+00  -0.17249E+00
   0.21857E+03   0.29902E+02   0.25772E+02   0.35232E+00  -0.17542E+00
   0.21892E+03   0.29902E+02   0.25819E+02   0.35179E+00  -0.16702E+00
   0.21927E+03   0.29903E+02   0.25825E+02   0.34914E+00  -0.17174E+00
   0.21962E+03   0.29903E+02   0.25552E+02   0.34662E+00  -0.18272E+00
   0.21997E+03   0.29903E+02   0.25330E+02   0.35273E+00  -0.19065E+00
   0.22032E+03   0.29906E+02   0.25461E+02   0.35952E+00  -0.19091E+00
   0.22067E+03   0.29908E+02   0.25603E+02   0.36215E+00  -0.18998E+00
   0.22102E+03   0.29912E+02   0.25476E+02   0.36693E+00  -0.19833E+00
   0.22137E+03   0.29915E+02   0.25399E+02   0.36751E+00  -0.20593E+00
   0.22172E+03   0.29916E+02   0.25435E+02   0.36757E+00  -0.20285E+00
   0.22207E+03   0.29918E+02   0.25308E+02   0.37308E+00  -0.20770E+00
   0.22242E+03   0.29921E+02   0.25421E+02   0.38490E+00  -0.21320E+00
   0.22277E+03   0.29927E+02   0.25863E+02   0.39225E+00  -0.20635E+00
   0.22312E+03   0.29931E+02   0.25946E+02   0.39094E+00  -0.20756E+00
   0.22347E+03   0.29934E+02   0.25850E+02   0.39015E+00  -0.20998E+00
   0.22382E+03   0.29935E+02   0.25984E+02   0.39046E+00  -0.19818E+00
   0.22417E+03   0.29935E+02   0.26160E+02   0.39531E+00  -0.18351E+00
   0.22452E+03   0.29938E+02   0.25959E+02   0.39943E+00  -0.18885E+00
   0.22487E+03   0.29937E+02   0.25837E+02   0.39183E+00  -0.19623E+00
   0.22522E+03   0.29934E+02   0.26012E+02   0.38889E+00  -0.18607E+00
   0.22557E+03   0.29933E+02   0.25984E+02   0.38944E+00  -0.17726E+00
   0.22592E+03   0.29932E+02   0.25902E+02   0.38801E+00  -0.17852E+00
   0.22627E+03   0.29930E+02   0.25719E+02   0.38570E+00  -0.18462E+00
   0.22662E+03   0.29931E+02   0.25269E+02   0.38203E+00  -0.19479E+00
   0.22697E+03   0.29929E+02   0.25150E+02   0.38216E+00  -0.19581E+00
   0.22732E+03   0.29928E+02   0.25433E+02   0.38645E+00  -0.18685E+00
   0.22767E+03   0.29930E+02   0.25608E+02   0.38663E+00  -0.18324E+00
   0.22802E+03   0.29931E+02   0.25573E+02   0.38683E+00  -0.18876E+00
   0.22837E+03   0.29932E+02   0.25373E+02   0.38660E+00  -0.19750E+00
   0.22872E+03   0.29932E+02   0.25344E+02   0.38273E+00  -0.19189E+00
   0.22907E+03   0.29933E+02   0.25396E+02   0.38785E+00  -0.18242E+00
   0.22942E+03   0.29936E+02   0.25338E+02   0.38961E+00  -0.18817E+00
   0.22977E+03   0.29934E+02   0.25538E+02   0.38113E+00  -0.18394E+00
   0.23012E+03   0.29929E+02   0.25651E+02   0.37556E+00  -0.17243E+00
   0.23047E+03   0.29927E+02   0.25536E+02   0.37797E+00  -0.18016E+00
   0.23082E+03   0.29927E+02   0.25747E+02   0.38468E+00  -0.17915E+00
   0.23117E+03   0.29928E+02   0.25835E+02   0.38614E+00  -0.17413E+00
   0.23152E+03   0.29927E+02   0.25659E+02   0.37887E+00  -0.18037E+00
   0.23187E+03   0.29924E+02   0.25723E+02   0.37723E+00  -0.17435E+00
   0.23222E+03   0.29923E+02   0.25628E+02   0.37791E+00  -0.17569E+00
   0.23257E+03   0.29922E+02   0.25200E+02   0.37404E+00  -0.19201E+00
   0.23292E+03   0.29921E+02   0.25038E+02   0.37462E+00  -0.19880E+00
   0.23327E+03   0.29920E+02   0.25080E+02   0.37604E+00  -0.19834E+00
   0.23362E+03   0.29921E+02   0.24965E+02   0.37424E+00  -0.20164E+00
   0.23397E+03   0.29922E+02   0.24939E+02   0.37838E+00  -0.21150E+00
   0.23432E+03   0.29924E+02   0.24967E+02   0.38502E+00  -0.21930E+00
   0.23467E+03   0.29927E+02   0.24909E+02   0.38609E+00  -0.21704E+00
   0.23502E+03   0.29931E+02   0.24947E+02   0.39045E+00  -0.21706E+00
   0.23537E+03   0.29935E+02   0.25304E+02   0.39630E+00  -0.21454E+00
   0.23572E+03   0.29936E+02   0.25647E+02   0.39979E+00  -0.19855E+00
   0.23607E+03   0.29937E+02   0.25680E+02   0.40231E+00  -0.19425E+00
   0.23642E+03   0.29938E+02   0.25631E+02   0.40574E+00  -0.20619E+00
   0.23677E+03   0.29940E+02   0.25550E+02   0.40697E+00  -0.20962E+00
   0.23712E+03   0.29941E+02   0.25682E+02   0.40389E+00  -0.20174E+00
   0.23747E+03   0.29940E+02   0.25760E+02   0.40297E+00  -0.19811E+00
   0.23782E+03   0.29940E+02   0.25802E+02   0.39996E+00  -0.19232E+00
   0.23817E+03   0.29940E+02   0.25860E+02   0.39334E+00  -0.18525E+00
   0.23852E+03   0.29938E+02   0.25671E+02   0.39041E+00  -0.18984E+00
   0.23887E+03   0.29937E+02   0.25484E+02   0.39471E+00  -0.18980E+00
   0.23922E+03   0.29938E+02   0.25359E+02   0.39553E+00  -0.18758E+00
   0.23957E+03   0.29938E+02   0.24983E+02   0.38978E+00  -0.20221E+00
   0.23992E+03   0.29936E+02   0.24669E+02   0.38480E+00  -0.21241E+00
   0.24027E+03   0.29933E+02   0.24711E+02   0.38275E+00  -0.20633E+00
   0.24062E+03   0.29932E+02   0.24766E+02   0.38495E+00  -0.20495E+00
   0.24097E+03   0.29935E+02   0.24864E+02   0.39234E+00  -0.21071E+00
   0.24132E+03   0.29938E+02   0.25106E+02   0.40023E+00  -0.20965E+00
   0.24167E+03   0.29940E+02   0.25307E+02   0.40104E+00  -0.20118E+00
   0.24202E+03   0.29940E+02   0.25221E+02   0.40227E+00  -0.20146E+00
   0.24237E+03   0.29941E+02   0.25408E+02   0.40819E+00  -0.19987E+00
   0.24272E+03   0.29941E+02   0.25837E+02   0.40872E+00  -0.18470E+00
   0.24307E+03   0.29942E+02   0.25747E+02   0.40208E+00  -0.18310E+00
   0.24342E+03   0.29941E+02   0.25721E+02   0.39648E+00  -0.18624E+00
   0.24377E+03   0.29939E+02   0.25818E+02   0.39431E+00  -0.17679E+00
   0.24412E+03   0.29938E+02   0.25913E+02   0.39088E+00  -0.16561E+00
   0.24447E+03   0.29935E+02   0.26073E+02   0.38744E+00  -0.16107E+00
   0.24482E+03   0.29933E+02   0.26089E+02   0.38261E+00  -0.16259E+00
   0.24517E+03   0.29930E+02   0.26115E+02   0.37622E+00  -0.15457E+00
   0.24552E+03   0.29926E+02   0.26157E+02   0.37233E+00  -0.14608E+00
   0.24587E+03   0.29924E+02   0.25984E+02   0.37110E+00  -0.15346E+00
   0.24622E+03   0.29924E+02   0.25682E+02   0.36564E+00  -0.15937E+00
   0.24657E+03   0.29918E+02   0.25635E+02   0.35776E+00  -0.15781E+00
   0.24692E+03   0.29913E+02   0.25694E+02   0.35773E+00  -0.15476E+00
   0.24727E+03   0.29910E+02   0.25702E+02   0.35907E+00  -0.15452E+00
   0.24762E+03   0.29908E+02   0.25931E+02   0.35905E+00  -0.15772E+00
   0.24797E+03   0.29910E+02   0.25875E+02   0.36271E+00  -0.16892E+00
   0.24832E+03   0.29912E+02   0.25745E+02   0.36530E+00  -0.16980E+00
   0.24867E+03   0.29915E+02   0.25656E+02   0.35917E+00  -0.16674E+00
   0.24902E+03   0.29912E+02   0.25494E+02   0.35591E+00  -0.17434E+00
   0.24937E+03   0.29910E+02   0.25542E+02   0.36266E+00  -0.16994E+00
   0.24972E+03   0.29910E+02   0.25428E+02   0.35985E+00  -0.17538E+00
   0.25007E+03   0.29909E+02   0.25213E+02   0.35395E+00  -0.19280E+00
   0.25042E+03   0.29908E+02   0.25039E+02   0.35950E+00  -0.20105E+00
   0.25077E+03   0.29908E+02   0.24862E+02   0.36825E+00  -0.20947E+00
   0.25112E+03   0.29914E+02   0.24426E+02   0.36789E+00  -0.22621E+00
   0.25147E+03   0.29916E+02   0.24410E+02   0.36596E+00  -0.24075E+00
   0.25182E+03   0.29919E+02   0.24877E+02   0.37828E+00  -0.23683E+00
   0.25217E+03   0.29924E+02   0.25303E+02   0.39067E+00  -0.22165E+00
   0.25252E+03   0.29930E+02   0.25296E+02   0.40036E+00  -0.23242E+00
   0.25287E+03   0.29937E+02   0.25128E+02   0.40761E+00  -0.25265E+00
   0.25322E+03   0.29942E+02   0.25476E+02   0.41308E+00  -0.23733E+00
   0.25357E+03   0.29945E+02   0.25799E+02   0.41651E+00  -0.21738E+00
   0.25392E+03   0.29946E+02   0.25972E+02   0.41890E+00  -0.21505E+00
   0.25427E+03   0.29948E+02   0.26054E+02   0.41989E+00  -0.20828E+00
   0.25462E+03   0.29949E+02   0.25922E+02   0.41460E+00  -0.20455E+00
   0.25497E+03   0.29948E+02   0.25849E+02   0.41126E+00  -0.20050E+00
   0.25532E+03   0.29947E+02   0.26069E+02   0.41021E+00  -0.18601E+00
   0.25567E+03   0.29947E+02   0.26488E+02   0.41205E+00  -0.16837E+00
   0.25602E+03   0.29945E+02   0.26670E+02   0.40867E+00  -0.15688E+00
   0.25637E+03   0.29943E+02   0.26551E+02   0.39880E+00  -0.15804E+00
   0.25672E+03   0.29939E+02   0.26515E+02   0.38901E+00  -0.15210E+00
   0.25707E+03   0.29935E+02   0.26557E+02   0.38883E+00  -0.13888E+00
   0.25742E+03   0.29935E+02   0.26384E+02   0.39002E+00  -0.13738E+00
   0.25777E+03   0.29931E+02   0.26108E+02   0.37544E+00  -0.14364E+00
   0.25812E+03   0.29922E+02   0.26029E+02   0.35916E+00  -0.14474E+00
   0.25847E+03   0.29913E+02   0.26267E+02   0.35596E+00  -0.13044E+00
   0.25882E+03   0.29911E+02   0.26405E+02   0.36249E+00  -0.12277E+00
   0.25917E+03   0.29911E+02   0.26316E+02   0.35984E+00  -0.13573E+00
   0.25952E+03   0.29909E+02   0.26055E+02   0.35179E+00  -0.14843E+00
   0.25987E+03   0.29907E+02   0.25846E+02   0.34974E+00  -0.14697E+00
   0.26022E+03   0.29903E+02   0.25931E+02   0.34679E+00  -0.13961E+00
   0.26057E+03   0.29900E+02   0.25695E+02   0.34436E+00  -0.15055E+00
   0.26092E+03   0.29896E+02   0.25336E+02   0.34397E+00  -0.17126E+00
   0.26127E+03   0.29895E+02   0.25143E+02   0.34285E+00  -0.18292E+00
   0.26162E+03   0.29896E+02   0.24989E+02   0.33949E+00  -0.19104E+00
   0.26197E+03   0.29898E+02   0.24879E+02   0.34420E+00  -0.20017E+00
   0.26232E+03   0.29901E+02   0.24739E+02   0.35572E+00  -0.21298E+00
   0.26267E+03   0.29903E+02   0.24777E+02   0.36268E+00  -0.21931E+00
   0.26302E+03   0.29908E+02   0.24917E+02   0.36482E+00  -0.22188E+00
   0.26337E+03   0.29913E+02   0.24788E+02   0.37211E+00  -0.24059E+00
   0.26372E+03   0.29921E+02   0.24753E+02   0.38957E+00  -0.24914E+00
   0.26407E+03   0.29929E+02   0.24856E+02   0.39820E+00  -0.24792E+00
   0.26442E+03   0.29933E+02   0.25158E+02   0.39778E+00  -0.24770E+00
   0.26477E+03   0.29936E+02   0.25614E+02   0.40288E+00  -0.23744E+00
   0.26512E+03   0.29939E+02   0.26146E+02   0.41474E+00  -0.22386E+00
   0.26547E+03   0.29945E+02   0.26731E+02   0.42637E+00  -0.21042E+00
   0.26582E+03   0.29949E+02   0.26990E+02   0.42785E+00  -0.20413E+00
   0.26617E+03   0.29950E+02   0.26908E+02   0.42440E+00  -0.19755E+00
   0.26652E+03   0.29951E+02   0.26889E+02   0.42382E+00  -0.17825E+00
   0.26687E+03   0.29951E+02   0.26932E+02   0.41748E+00  -0.16232E+00
   0.26722E+03   0.29949E+02   0.26838E+02   0.40336E+00  -0.15879E+00
   0.26757E+03   0.29945E+02   0.26836E+02   0.39054E+00  -0.14638E+00
   0.26792E+03   0.29940E+02   0.26809E+02   0.38425E+00  -0.13151E+00
   0.26827E+03   0.29936E+02   0.26871E+02   0.38077E+00  -0.12571E+00
   0.26862E+03   0.29930E+02   0.27051E+02   0.37496E+00  -0.11581E+00
   0.26897E+03   0.29923E+02   0.26974E+02   0.36894E+00  -0.11404E+00
   0.26932E+03   0.29920E+02   0.26548E+02   0.36333E+00  -0.12651E+00
   0.26967E+03   0.29913E+02   0.26143E+02   0.35326E+00  -0.13406E+00
   0.27002E+03   0.29908E+02   0.26033E+02   0.34441E+00  -0.13107E+00
   0.27037E+03   0.29906E+02   0.26124E+02   0.33996E+00  -0.12487E+00
   0.27072E+03   0.29902E+02   0.26164E+02   0.33860E+00  -0.12509E+00
   0.27107E+03   0.29896E+02   0.26074E+02   0.33569E+00  -0.13243E+00
   0.27142E+03   0.29890E+02   0.25809E+02   0.33339E+00  -0.14353E+00
   0.27177E+03   0.29889E+02   0.25489E+02   0.33757E+00  -0.15603E+00
   0.27212E+03   0.29890E+02   0.25174E+02   0.33963E+00  -0.17309E+00
   0.27247E+03   0.29890E+02   0.24971E+02   0.33718E+00  -0.18542E+00
   0.27282E+03   0.29889E+02   0.24680E+02   0.33366E+00  -0.19646E+00
   0.27317E+03   0.29888E+02   0.24596E+02   0.33633E+00  -0.20985E+00
   0.27352E+03   0.29890E+02   0.24652E+02   0.34775E+00  -0.21778E+00
   0.27387E+03   0.29898E+02   0.24698E+02   0.36118E+00  -0.22857E+00
   0.27422E+03   0.29907E+02   0.24756E+02   0.37425E+00  -0.24468E+00
   0.27457E+03   0.29916E+02   0.24850E+02   0.38292E+00  -0.25144E+00
   0.27492E+03   0.29922E+02   0.25109E+02   0.38802E+00  -0.24554E+00
   0.27527E+03   0.29928E+02   0.25206E+02   0.39750E+00  -0.24595E+00
   0.27562E+03   0.29934E+02   0.25460E+02   0.40662E+00  -0.24642E+00
   0.27597E+03   0.29939E+02   0.25815E+02   0.41436E+00  -0.23880E+00
   0.27632E+03   0.29945E+02   0.25969E+02   0.41878E+00  -0.23497E+00
   0.27667E+03   0.29949E+02   0.26273E+02   0.42174E+00  -0.22363E+00
   0.27702E+03   0.29950E+02   0.26700E+02   0.42451E+00  -0.20679E+00
   0.27737E+03   0.29951E+02   0.26706E+02   0.42452E+00  -0.19613E+00
   0.27772E+03   0.29951E+02   0.26463E+02   0.42143E+00  -0.19535E+00
   0.27807E+03   0.29950E+02   0.26548E+02   0.41948E+00  -0.19107E+00
   0.27842E+03   0.29949E+02   0.26681E+02   0.41625E+00  -0.17573E+00
   0.27877E+03   0.29947E+02   0.26665E+02   0.41226E+00  -0.16693E+00
   0.27912E+03   0.29945E+02   0.26803E+02   0.40852E+00  -0.15688E+00
   0.27947E+03   0.29942E+02   0.26814E+02   0.39945E+00  -0.14744E+00
   0.27982E+03   0.29939E+02   0.26564E+02   0.39297E+00  -0.14518E+00
   0.28017E+03   0.29937E+02   0.26364E+02   0.38892E+00  -0.14591E+00
   0.28052E+03   0.29932E+02   0.26603E+02   0.38460E+00  -0.13513E+00
   0.28087E+03   0.29930E+02   0.26772E+02   0.37824E+00  -0.11978E+00
   0.28122E+03   0.29926E+02   0.26446E+02   0.36649E+00  -0.12750E+00
   0.28157E+03   0.29919E+02   0.26240E+02   0.35532E+00  -0.13458E+00
   0.28192E+03   0.29913E+02   0.26449E+02   0.35154E+00  -0.11590E+00
   0.28227E+03   0.29911E+02   0.26395E+02   0.35145E+00  -0.11555E+00
   0.28262E+03   0.29909E+02   0.26082E+02   0.34675E+00  -0.13742E+00
   0.28297E+03   0.29901E+02   0.25934E+02   0.33988E+00  -0.14500E+00
   0.28332E+03   0.29891E+02   0.25803E+02   0.33567E+00  -0.14428E+00
   0.28367E+03   0.29887E+02   0.25691E+02   0.33611E+00  -0.14877E+00
   0.28402E+03   0.29888E+02   0.25621E+02   0.33894E+00  -0.16415E+00
   0.28437E+03   0.29888E+02   0.25362E+02   0.33963E+00  -0.17880E+00
   0.28472E+03   0.29889E+02   0.25299E+02   0.34327E+00  -0.17969E+00
   0.28507E+03   0.29893E+02   0.25327E+02   0.34615E+00  -0.18451E+00
   0.28542E+03   0.29895E+02   0.25234E+02   0.34808E+00  -0.19454E+00
   0.28577E+03   0.29897E+02   0.25040E+02   0.35587E+00  -0.20453E+00
   0.28612E+03   0.29903E+02   0.24975E+02   0.36282E+00  -0.21322E+00
   0.28647E+03   0.29908E+02   0.25337E+02   0.36111E+00  -0.21042E+00
   0.28682E+03   0.29912E+02   0.25325E+02   0.36432E+00  -0.21516E+00
   0.28717E+03   0.29918E+02   0.25037E+02   0.37623E+00  -0.22641E+00
   0.28752E+03   0.29922E+02   0.24741E+02   0.38385E+00  -0.23633E+00
   0.28787E+03   0.29925E+02   0.24702E+02   0.38351E+00  -0.24690E+00
   0.28822E+03   0.29927E+02   0.24841E+02   0.38899E+00  -0.25100E+00
   0.28857E+03   0.29931E+02   0.24899E+02   0.40585E+00  -0.25513E+00
   0.28892E+03   0.29938E+02   0.24847E+02   0.41392E+00  -0.26231E+00
   0.28927E+03   0.29942E+02   0.24812E+02   0.41276E+00  -0.26767E+00
   0.28962E+03   0.29946E+02   0.25024E+02   0.42054E+00  -0.26448E+00
   0.28997E+03   0.29950E+02   0.25501E+02   0.43578E+00  -0.24613E+00
   0.29032E+03   0.29955E+02   0.26009E+02   0.44502E+00  -0.23009E+00
   0.29067E+03   0.29958E+02   0.26300E+02   0.44517E+00  -0.22235E+00
   0.29102E+03   0.29959E+02   0.26255E+02   0.44302E+00  -0.21342E+00
   0.29137E+03   0.29960E+02   0.26039E+02   0.43973E+00  -0.20233E+00
   0.29172E+03   0.29959E+02   0.26205E+02   0.43531E+00  -0.18694E+00
   0.29207E+03   0.29957E+02   0.26619E+02   0.43431E+00  -0.16818E+00
   0.29242E+03   0.29955E+02   0.26671E+02   0.42472E+00  -0.15619E+00
   0.29277E+03   0.29951E+02   0.26580E+02   0.40975E+00  -0.15051E+00
   0.29312E+03   0.29946E+02   0.26442E+02   0.40288E+00  -0.14751E+00
   0.29347E+03   0.29943E+02   0.26238E+02   0.39726E+00  -0.14182E+00
   0.29382E+03   0.29940E+02   0.26167E+02   0.38839E+00  -0.13561E+00
   0.29417E+03   0.29936E+02   0.25933E+02   0.37885E+00  -0.14107E+00
   0.29452E+03   0.29930E+02   0.25727E+02   0.36786E+00  -0.14240E+00
   0.29487E+03   0.29923E+02   0.25667E+02   0.35613E+00  -0.13691E+00
   0.29522E+03   0.29918E+02   0.25661E+02   0.35507E+00  -0.13961E+00
   0.29557E+03   0.29916E+02   0.25651E+02   0.35946E+00  -0.14469E+00
   0.29592E+03   0.29913E+02   0.25703E+02   0.35832E+00  -0.14520E+00
   0.29627E+03   0.29909E+02   0.25681E+02   0.35556E+00  -0.14899E+00
   0.29662E+03   0.29908E+02   0.25727E+02   0.35364E+00  -0.15036E+00
   0.29697E+03   0.29907E+02   0.25865E+02   0.35379E+00  -0.14423E+00
   0.29732E+03   0.29904E+02   0.25798E+02   0.35387E+00  -0.14937E+00
   0.29767E+03   0.29903E+02   0.25716E+02   0.35097E+00  -0.15838E+00
   0.29802E+03   0.29902E+02   0.25893E+02   0.34838E+00  -0.15199E+00
   0.29837E+03   0.29902E+02   0.25959E+02   0.34683E+00  -0.15128E+00
   0.29872E+03   0.29900E+02   0.25806E+02   0.34456E+00  -0.15920E+00
   0.29907E+03   0.29899E+02   0.25780E+02   0.34423E+00  -0.16265E+00
   0.29942E+03   0.29897E+02   0.25824E+02   0.34179E+00  -0.16318E+00
   0.29977E+03   0.29893E+02   0.25943E+02   0.34116E+00  -0.16170E+00
   0.30012E+03   0.29892E+02   0.26203E+02   0.34864E+00  -0.15707E+00
   0.30047E+03   0.29897E+02   0.26094E+02   0.35272E+00  -0.16370E+00
   0.30082E+03   0.29899E+02   0.25915E+02   0.34876E+00  -0.17390E+00
   0.30118E+03   0.29898E+02   0.25781E+02   0.34990E+00  -0.17910E+00
   0.30153E+03   0.29900E+02   0.25620E+02   0.35249E+00  -0.18107E+00
   0.30188E+03   0.29902E+02   0.25824E+02   0.35607E+00  -0.17583E+00
   0.30223E+03   0.29906E+02   0.25621E+02   0.35913E+00  -0.18979E+00
   0.30258E+03   0.29908E+02   0.25235E+02   0.35602E+00  -0.20789E+00
   0.30293E+03   0.29907E+02   0.25128E+02   0.35952E+00  -0.20720E+00
   0.30328E+03   0.29910E+02   0.25054E+02   0.36825E+00  -0.21351E+00
   0.30363E+03   0.29916E+02   0.25052E+02   0.37840E+00  -0.22218E+00
   0.30398E+03   0.29921E+02   0.25183E+02   0.38209E+00  -0.22296E+00
   0.30433E+03   0.29923E+02   0.25105E+02   0.38449E+00  -0.23276E+00
   0.30468E+03   0.29926E+02   0.25078E+02   0.39258E+00  -0.23287E+00
   0.30503E+03   0.29932E+02   0.25484E+02   0.40399E+00  -0.22536E+00
   0.30538E+03   0.29937E+02   0.25660E+02   0.41085E+00  -0.22829E+00
   0.30573E+03   0.29941E+02   0.25820E+02   0.41249E+00  -0.22183E+00
   0.30608E+03   0.29943E+02   0.26017E+02   0.41359E+00  -0.20873E+00
   0.30643E+03   0.29945E+02   0.26213E+02   0.41182E+00  -0.19819E+00
   0.30678E+03   0.29946E+02   0.26231E+02   0.41139E+00  -0.19048E+00
   0.30713E+03   0.29946E+02   0.26071E+02   0.41304E+00  -0.19127E+00
   0.30748E+03   0.29945E+02   0.25876E+02   0.41025E+00  -0.19271E+00
   0.30783E+03   0.29944E+02   0.25470E+02   0.39916E+00  -0.19643E+00
   0.30818E+03   0.29941E+02   0.25355E+02   0.39462E+00  -0.19957E+00
   0.30853E+03   0.29939E+02   0.25472E+02   0.39460E+00  -0.19062E+00
   0.30888E+03   0.29938E+02   0.25661E+02   0.39301E+00  -0.18100E+00
   0.30923E+03   0.29939E+02   0.25757E+02   0.39351E+00  -0.18200E+00
   0.30958E+03   0.29939E+02   0.25769E+02   0.39510E+00  -0.18438E+00
   0.30993E+03   0.29939E+02   0.25739E+02   0.39779E+00  -0.17760E+00
   0.31028E+03   0.29939E+02   0.25826E+02   0.39941E+00  -0.17046E+00
   0.31063E+03   0.29939E+02   0.26011E+02   0.39539E+00  -0.16646E+00
   0.31098E+03   0.29937E+02   0.25860E+02   0.38689E+00  -0.16620E+00
   0.31133E+03   0.29934E+02   0.25782E+02   0.38022E+00  -0.16466E+00
   0.31168E+03   0.29930E+02   0.26095E+02   0.37821E+00  -0.15376E+00
   0.31203E+03   0.29927E+02   0.26423E+02   0.37824E+00  -0.14361E+00
   0.31238E+03   0.29926E+02   0.26676E+02   0.37844E+00  -0.13750E+00
   0.31273E+03   0.29925E+02   0.26545E+02   0.37169E+00  -0.14253E+00
   0.31308E+03   0.29922E+02   0.26308E+02   0.36327E+00  -0.14424E+00
   0.31343E+03   0.29917E+02   0.26310E+02   0.35655E+00  -0.13620E+00
   0.31378E+03   0.29911E+02   0.26154E+02   0.35038E+00  -0.13828E+00
   0.31413E+03   0.29908E+02   0.25984E+02   0.34907E+00  -0.14330E+00
   0.31448E+03   0.29907E+02   0.25954E+02   0.34004E+00  -0.14459E+00
   0.31483E+03   0.29898E+02   0.25941E+02   0.33094E+00  -0.14484E+00
   0.31518E+03   0.29890E+02   0.25930E+02   0.33669E+00  -0.14361E+00
   0.31553E+03   0.29890E+02   0.25780E+02   0.34560E+00  -0.15531E+00
   0.31588E+03   0.29892E+02   0.25595E+02   0.34685E+00  -0.17198E+00
   0.31623E+03   0.29893E+02   0.25433E+02   0.34758E+00  -0.18196E+00
   0.31658E+03   0.29893E+02   0.25202E+02   0.34882E+00  -0.19367E+00
   0.31693E+03   0.29896E+02   0.25332E+02   0.35311E+00  -0.19253E+00
   0.31728E+03   0.29901E+02   0.25359E+02   0.36129E+00  -0.19682E+00
   0.31763E+03   0.29908E+02   0.25184E+02   0.36435E+00  -0.21371E+00
   0.31798E+03   0.29911E+02   0.25122E+02   0.36591E+00  -0.21711E+00
   0.31833E+03   0.29914E+02   0.25065E+02   0.37480E+00  -0.22137E+00
   0.31868E+03   0.29920E+02   0.25105E+02   0.38320E+00  -0.22670E+00
   0.31903E+03   0.29924E+02   0.25366E+02   0.38759E+00  -0.22301E+00
   0.31938E+03   0.29928E+02   0.25471E+02   0.39124E+00  -0.22911E+00
   0.31973E+03   0.29931E+02   0.25356E+02   0.39279E+00  -0.23367E+00
   0.32008E+03   0.29935E+02   0.25438E+02   0.40126E+00  -0.23063E+00
   0.32043E+03   0.29939E+02   0.25730E+02   0.40933E+00  -0.22504E+00
   0.32078E+03   0.29943E+02   0.25978E+02   0.41044E+00  -0.21484E+00
   0.32113E+03   0.29945E+02   0.26079E+02   0.41241E+00  -0.20797E+00
   0.32148E+03   0.29947E+02   0.26119E+02   0.41057E+00  -0.20279E+00
   0.32183E+03   0.29946E+02   0.26319E+02   0.40886E+00  -0.18950E+00
   0.32218E+03   0.29946E+02   0.26416E+02   0.41362E+00  -0.18015E+00
   0.32253E+03   0.29946E+02   0.26124E+02   0.41165E+00  -0.18578E+00
   0.32288E+03   0.29945E+02   0.26118E+02   0.40500E+00  -0.18104E+00
   0.32323E+03   0.29943E+02   0.26333E+02   0.39699E+00  -0.16322E+00
   0.32358E+03   0.29942E+02   0.26328E+02   0.39085E+00  -0.15371E+00
   0.32393E+03   0.29938E+02   0.26192E+02   0.38621E+00  -0.15235E+00
   0.32428E+03   0.29933E+02   0.26135E+02   0.38471E+00  -0.15189E+00
   0.32463E+03   0.29931E+02   0.26278E+02   0.38439E+00  -0.14846E+00
   0.32498E+03   0.29931E+02   0.26350E+02   0.37904E+00  -0.14418E+00
   0.32533E+03   0.29927E+02   0.26206E+02   0.37094E+00  -0.14845E+00
   0.32568E+03   0.29922E+02   0.26171E+02   0.36499E+00  -0.14212E+00
   0.32603E+03   0.29918E+02   0.26282E+02   0.36143E+00  -0.12376E+00
   0.32638E+03   0.29913E+02   0.26254E+02   0.35378E+00  -0.12974E+00
   0.32673E+03   0.29909E+02   0.26020E+02   0.35287E+00  -0.14668E+00
   0.32708E+03   0.29907E+02   0.25890E+02   0.35528E+00  -0.14802E+00
   0.32743E+03   0.29905E+02   0.25905E+02   0.35074E+00  -0.14875E+00
   0.32778E+03   0.29897E+02   0.25918E+02   0.34328E+00  -0.15200E+00
   0.32813E+03   0.29892E+02   0.25886E+02   0.34340E+00  -0.15610E+00
   0.32848E+03   0.29893E+02   0.25808E+02   0.34825E+00  -0.16134E+00
   0.32883E+03   0.29896E+02   0.25673E+02   0.34960E+00  -0.17009E+00
   0.32918E+03   0.29899E+02   0.25533E+02   0.34778E+00  -0.17993E+00
   0.32953E+03   0.29899E+02   0.25410E+02   0.34987E+00  -0.18137E+00
   0.32988E+03   0.29900E+02   0.25312E+02   0.35421E+00  -0.18349E+00
   0.33023E+03   0.29901E+02   0.25114E+02   0.35319E+00  -0.19682E+00
   0.33058E+03   0.29902E+02   0.24784E+02   0.35212E+00  -0.21441E+00
   0.33093E+03   0.29905E+02   0.24697E+02   0.35776E+00  -0.22448E+00
   0.33128E+03   0.29910E+02   0.25075E+02   0.37094E+00  -0.22208E+00
   0.33163E+03   0.29916E+02   0.25369E+02   0.38211E+00  -0.21946E+00
   0.33198E+03   0.29922E+02   0.25304E+02   0.38427E+00  -0.23033E+00
   0.33233E+03   0.29927E+02   0.25271E+02   0.39097E+00  -0.23841E+00
   0.33268E+03   0.29932E+02   0.25393E+02   0.40241E+00  -0.23301E+00
   0.33303E+03   0.29936E+02   0.25490E+02   0.40847E+00  -0.23006E+00
   0.33338E+03   0.29941E+02   0.25548E+02   0.41224E+00  -0.23155E+00
   0.33373E+03   0.29943E+02   0.25668E+02   0.41298E+00  -0.22816E+00
   0.33408E+03   0.29945E+02   0.25811E+02   0.41178E+00  -0.21688E+00
   0.33443E+03   0.29946E+02   0.25936E+02   0.41110E+00  -0.20549E+00
   0.33478E+03   0.29946E+02   0.26072E+02   0.41463E+00  -0.20307E+00
   0.33513E+03   0.29948E+02   0.26390E+02   0.42190E+00  -0.19292E+00
   0.33548E+03   0.29949E+02   0.26770E+02   0.42026E+00  -0.17215E+00
   0.33583E+03   0.29948E+02   0.26948E+02   0.40790E+00  -0.16043E+00
   0.33618E+03   0.29946E+02   0.26987E+02   0.40166E+00  -0.14653E+00
   0.33653E+03   0.29944E+02   0.26871E+02   0.39913E+00  -0.13151E+00
   0.33688E+03   0.29942E+02   0.26610E+02   0.38868E+00  -0.13408E+00
   0.33723E+03   0.29934E+02   0.26353E+02   0.37647E+00  -0.13703E+00
   0.33758E+03   0.29925E+02   0.26159E+02   0.36839E+00  -0.13581E+00
   0.33793E+03   0.29920E+02   0.26104E+02   0.36190E+00  -0.13476E+00
   0.33828E+03   0.29913E+02   0.26119E+02   0.35558E+00  -0.13330E+00
   0.33863E+03   0.29906E+02   0.25895E+02   0.35012E+00  -0.14519E+00
   0.33898E+03   0.29903E+02   0.25667E+02   0.34917E+00  -0.15397E+00
   0.33933E+03   0.29904E+02   0.25537E+02   0.35517E+00  -0.15659E+00
   0.33968E+03   0.29907E+02   0.25439E+02   0.35670E+00  -0.16623E+00
   0.34003E+03   0.29909E+02   0.25286E+02   0.35184E+00  -0.17279E+00
   0.34038E+03   0.29907E+02   0.25230E+02   0.34934E+00  -0.17249E+00
   0.34073E+03   0.29906E+02   0.25315E+02   0.35231E+00  -0.17498E+00
   0.34108E+03   0.29905E+02   0.25351E+02   0.35401E+00  -0.17867E+00
   0.34143E+03   0.29904E+02   0.25493E+02   0.35997E+00  -0.18209E+00
   0.34178E+03   0.29908E+02   0.25654E+02   0.36866E+00  -0.18798E+00
   0.34213E+03   0.29912E+02   0.25835E+02   0.37001E+00  -0.18669E+00
   0.34248E+03   0.29914E+02   0.25972E+02   0.36701E+00  -0.18174E+00
   0.34283E+03   0.29914E+02   0.25856E+02   0.36525E+00  -0.18537E+00
   0.34318E+03   0.29915E+02   0.25763E+02   0.36997E+00  -0.18333E+00
   0.34353E+03   0.29917E+02   0.25850E+02   0.37015E+00  -0.18044E+00
   0.34388E+03   0.29917E+02   0.25461E+02   0.36683E+00  -0.19682E+00
   0.34423E+03   0.29917E+02   0.25136E+02   0.36498E+00  -0.20371E+00
   0.34458E+03   0.29915E+02   0.25181E+02   0.36774E+00  -0.20190E+00
   0.34493E+03   0.29916E+02   0.25432E+02   0.37316E+00  -0.20055E+00
   0.34528E+03   0.29919E+02   0.25734E+02   0.37598E+00  -0.19742E+00
   0.34563E+03   0.29923E+02   0.25886E+02   0.38355E+00  -0.20078E+00
   0.34598E+03   0.29927E+02   0.25984E+02   0.39147E+00  -0.19701E+00
   0.34633E+03   0.29930E+02   0.25849E+02   0.39452E+00  -0.19071E+00
   0.34668E+03   0.29932E+02   0.25701E+02   0.39457E+00  -0.19411E+00
   0.34703E+03   0.29935E+02   0.25725E+02   0.39218E+00  -0.19013E+00
   0.34738E+03   0.29936E+02   0.25755E+02   0.38758E+00  -0.18181E+00
   0.34773E+03   0.29933E+02   0.25660E+02   0.38167E+00  -0.18231E+00
   0.34808E+03   0.29929E+02   0.25664E+02   0.38037E+00  -0.18246E+00
   0.34843E+03   0.29928E+02   0.25757E+02   0.38411E+00  -0.18022E+00
   0.34878E+03   0.29928E+02   0.25653E+02   0.38893E+00  -0.18732E+00
   0.34913E+03   0.29930E+02   0.25211E+02   0.38668E+00  -0.20482E+00
   0.34948E+03   0.29928E+02   0.25070E+02   0.37944E+00  -0.20628E+00
   0.34983E+03   0.29927E+02   0.25493E+02   0.38279E+00  -0.18877E+00
   0.35018E+03   0.29929E+02   0.25763E+02   0.38734E+00  -0.17870E+00
   0.35053E+03   0.29931E+02   0.25676E+02   0.38816E+00  -0.18832E+00
   0.35088E+03   0.29932E+02   0.25321E+02   0.38844E+00  -0.20566E+00
   0.35123E+03   0.29932E+02   0.25279E+02   0.39010E+00  -0.20388E+00
   0.35158E+03   0.29933E+02   0.25452E+02   0.39446E+00  -0.19212E+00
   0.35193E+03   0.29934E+02   0.25294E+02   0.39097E+00  -0.20119E+00
   0.35228E+03   0.29934E+02   0.25070E+02   0.38635E+00  -0.21409E+00
   0.35263E+03   0.29933E+02   0.24777E+02   0.38611E+00  -0.21946E+00
   0.35298E+03   0.29932E+02   0.24684E+02   0.38751E+00  -0.22495E+00
   0.35333E+03   0.29932E+02   0.24896E+02   0.39566E+00  -0.22428E+00
   0.35368E+03   0.29936E+02   0.25122E+02   0.40833E+00  -0.22431E+00
   0.35403E+03   0.29940E+02   0.25322E+02   0.41089E+00  -0.22187E+00
   0.35438E+03   0.29941E+02   0.25500E+02   0.40443E+00  -0.21439E+00
   0.35473E+03   0.29940E+02   0.25622E+02   0.40886E+00  -0.20888E+00
   0.35508E+03   0.29944E+02   0.25781E+02   0.42099E+00  -0.20261E+00
   0.35543E+03   0.29948E+02   0.25890E+02   0.42355E+00  -0.19928E+00
   0.35578E+03   0.29948E+02   0.26017E+02   0.41338E+00  -0.19264E+00
   0.35613E+03   0.29947E+02   0.26191E+02   0.40179E+00  -0.17750E+00
   0.35648E+03   0.29944E+02   0.26298E+02   0.39841E+00  -0.15937E+00
   0.35683E+03   0.29941E+02   0.26289E+02   0.39844E+00  -0.15499E+00
   0.35718E+03   0.29939E+02   0.26261E+02   0.39329E+00  -0.15851E+00
   0.35753E+03   0.29938E+02   0.26502E+02   0.38625E+00  -0.14609E+00
   0.35788E+03   0.29934E+02   0.26593E+02   0.38245E+00  -0.13927E+00
   0.35823E+03   0.29931E+02   0.26373E+02   0.37714E+00  -0.14363E+00
   0.35858E+03   0.29926E+02   0.26246E+02   0.36813E+00  -0.13905E+00
   0.35893E+03   0.29921E+02   0.26101E+02   0.36035E+00  -0.13925E+00
   0.35928E+03   0.29915E+02   0.25873E+02   0.35505E+00  -0.14586E+00
   0.35963E+03   0.29911E+02   0.25863E+02   0.35464E+00  -0.14255E+00
   0.35998E+03   0.29909E+02   0.25966E+02   0.35374E+00  -0.14168E+00
   0.36033E+03   0.29906E+02   0.25859E+02   0.34983E+00  -0.14890E+00
   0.36068E+03   0.29902E+02   0.25763E+02   0.34756E+00  -0.15125E+00
   0.36103E+03   0.29900E+02   0.25801E+02   0.34783E+00  -0.15181E+00
   0.36138E+03   0.29902E+02   0.25922E+02   0.35214E+00  -0.15407E+00
   0.36173E+03   0.29905E+02   0.25814E+02   0.35542E+00  -0.16135E+00
   0.36208E+03   0.29906E+02   0.25329E+02   0.35043E+00  -0.18204E+00
   0.36243E+03   0.29901E+02   0.25017E+02   0.34437E+00  -0.19015E+00
   0.36278E+03   0.29899E+02   0.24863E+02   0.34792E+00  -0.19071E+00
   0.36313E+03   0.29900E+02   0.24802E+02   0.35181E+00  -0.20589E+00
   0.36348E+03   0.29901E+02   0.24938E+02   0.35899E+00  -0.21449E+00
   0.36383E+03   0.29906E+02   0.24801E+02   0.36618E+00  -0.23022E+00
   0.36418E+03   0.29912E+02   0.24458E+02   0.37198E+00  -0.24794E+00
   0.36453E+03   0.29918E+02   0.24452E+02   0.38130E+00  -0.25218E+00
   0.36488E+03   0.29925E+02   0.24646E+02   0.39115E+00  -0.25550E+00
   0.36523E+03   0.29930E+02   0.24921E+02   0.40334E+00  -0.25393E+00
   0.36558E+03   0.29936E+02   0.25232E+02   0.41352E+00  -0.25304E+00
   0.36593E+03   0.29942E+02   0.25316E+02   0.41769E+00  -0.25831E+00
   0.36628E+03   0.29946E+02   0.25209E+02   0.42562E+00  -0.26040E+00
   0.36663E+03   0.29951E+02   0.25204E+02   0.43701E+00  -0.25873E+00
   0.36698E+03   0.29955E+02   0.25498E+02   0.43926E+00  -0.25315E+00
   0.36733E+03   0.29957E+02   0.25890E+02   0.43843E+00  -0.23749E+00
   0.36768E+03   0.29958E+02   0.26166E+02   0.44078E+00  -0.22437E+00
   0.36803E+03   0.29959E+02   0.26642E+02   0.44275E+00  -0.20646E+00
   0.36838E+03   0.29960E+02   0.26974E+02   0.44254E+00  -0.18696E+00
   0.36873E+03   0.29961E+02   0.27073E+02   0.44371E+00  -0.17846E+00
   0.36908E+03   0.29961E+02   0.27172E+02   0.43965E+00  -0.16458E+00
   0.36943E+03   0.29959E+02   0.27160E+02   0.42678E+00  -0.14701E+00
   0.36978E+03   0.29953E+02   0.27074E+02   0.41296E+00  -0.13539E+00
   0.37013E+03   0.29947E+02   0.26930E+02   0.40049E+00  -0.12421E+00
   0.37048E+03   0.29941E+02   0.26804E+02   0.38696E+00  -0.11827E+00
   0.37083E+03   0.29934E+02   0.26462E+02   0.37732E+00  -0.12439E+00
   0.37118E+03   0.29929E+02   0.26094E+02   0.36798E+00  -0.13151E+00
   0.37153E+03   0.29923E+02   0.26159E+02   0.35827E+00  -0.12363E+00
   0.37188E+03   0.29915E+02   0.26369E+02   0.35433E+00  -0.11310E+00
   0.37223E+03   0.29911E+02   0.26202E+02   0.35141E+00  -0.12263E+00
   0.37258E+03   0.29906E+02   0.25953E+02   0.34682E+00  -0.13601E+00
   0.37293E+03   0.29902E+02   0.25660E+02   0.34489E+00  -0.14472E+00
   0.37328E+03   0.29900E+02   0.25442E+02   0.34291E+00  -0.14908E+00
   0.37363E+03   0.29896E+02   0.25685E+02   0.34302E+00  -0.14106E+00
   0.37398E+03   0.29895E+02   0.26074E+02   0.34423E+00  -0.13285E+00
   0.37433E+03   0.29893E+02   0.26114E+02   0.33901E+00  -0.14082E+00
   0.37468E+03   0.29891E+02   0.25926E+02   0.33925E+00  -0.15154E+00
   0.37503E+03   0.29892E+02   0.25714E+02   0.34279E+00  -0.16141E+00
   0.37538E+03   0.29893E+02   0.25617E+02   0.34299E+00  -0.16674E+00
   0.37573E+03   0.29895E+02   0.25564E+02   0.34343E+00  -0.16881E+00
   0.37608E+03   0.29894E+02   0.25379E+02   0.33730E+00  -0.18004E+00
   0.37643E+03   0.29887E+02   0.25344E+02   0.33102E+00  -0.18470E+00
   0.37678E+03   0.29883E+02   0.25460E+02   0.33958E+00  -0.18369E+00
   0.37713E+03   0.29888E+02   0.25484E+02   0.35613E+00  -0.19431E+00
   0.37748E+03   0.29899E+02   0.25380E+02   0.36470E+00  -0.20992E+00
   0.37783E+03   0.29906E+02   0.25299E+02   0.36746E+00  -0.22078E+00
   0.37818E+03   0.29911E+02   0.25457E+02   0.37123E+00  -0.21862E+00
   0.37853E+03   0.29915E+02   0.25830E+02   0.37628E+00  -0.20490E+00
   0.37888E+03   0.29919E+02   0.26034E+02   0.38460E+00  -0.20490E+00
   0.37923E+03   0.29924E+02   0.26197E+02   0.39295E+00  -0.20833E+00
   0.37958E+03   0.29931E+02   0.26324E+02   0.39932E+00  -0.20476E+00
   0.37993E+03   0.29934E+02   0.26558E+02   0.39906E+00  -0.19804E+00
   0.38028E+03   0.29936E+02   0.26627E+02   0.39876E+00  -0.18993E+00
   0.38063E+03   0.29937E+02   0.26372E+02   0.39853E+00  -0.18503E+00
   0.38098E+03   0.29936E+02   0.26143E+02   0.39316E+00  -0.18354E+00
   0.38133E+03   0.29934E+02   0.26262E+02   0.38379E+00  -0.17730E+00
   0.38168E+03   0.29932E+02   0.26606E+02   0.38433E+00  -0.16435E+00
   0.38203E+03   0.29933E+02   0.26570E+02   0.39094E+00  -0.15742E+00
   0.38238E+03   0.29933E+02   0.26402E+02   0.38443E+00  -0.16156E+00
   0.38273E+03   0.29929E+02   0.26318E+02   0.37907E+00  -0.16132E+00
   0.38308E+03   0.29927E+02   0.26217E+02   0.37353E+00  -0.15485E+00
   0.38343E+03   0.29925E+02   0.26035E+02   0.37072E+00  -0.15757E+00
   0.38378E+03   0.29923E+02   0.25831E+02   0.37198E+00  -0.16373E+00
   0.38413E+03   0.29921E+02   0.25932E+02   0.36718E+00  -0.16171E+00
   0.38448E+03   0.29917E+02   0.26210E+02   0.36070E+00  -0.15016E+00
   0.38483E+03   0.29913E+02   0.26182E+02   0.36176E+00  -0.14785E+00
   0.38518E+03   0.29914E+02   0.25998E+02   0.36525E+00  -0.15636E+00
   0.38553E+03   0.29916E+02   0.25608E+02   0.36250E+00  -0.16539E+00
   0.38588E+03   0.29914E+02   0.25227E+02   0.35511E+00  -0.17564E+00
   0.38623E+03   0.29909E+02   0.25214E+02   0.35188E+00  -0.17908E+00
   0.38658E+03   0.29906E+02   0.25399E+02   0.35546E+00  -0.17066E+00
   0.38693E+03   0.29906E+02   0.25376E+02   0.35881E+00  -0.18018E+00
   0.38728E+03   0.29906E+02   0.25187E+02   0.35962E+00  -0.20174E+00
   0.38763E+03   0.29907E+02   0.25164E+02   0.36371E+00  -0.20410E+00
   0.38798E+03   0.29912E+02   0.25174E+02   0.37392E+00  -0.20573E+00
   0.38833E+03   0.29919E+02   0.25211E+02   0.38054E+00  -0.21168E+00
   0.38868E+03   0.29923E+02   0.25262E+02   0.38124E+00  -0.21307E+00
   0.38903E+03   0.29924E+02   0.25141E+02   0.37898E+00  -0.21782E+00
   0.38938E+03   0.29926E+02   0.25358E+02   0.38064E+00  -0.21256E+00
   0.38973E+03   0.29928E+02   0.25650E+02   0.38917E+00  -0.20799E+00
   0.39008E+03   0.29932E+02   0.25893E+02   0.39828E+00  -0.20782E+00
   0.39043E+03   0.29936E+02   0.26114E+02   0.40003E+00  -0.19947E+00
   0.39078E+03   0.29936E+02   0.26043E+02   0.39747E+00  -0.20008E+00
   0.39113E+03   0.29937E+02   0.25995E+02   0.39607E+00  -0.19649E+00
   0.39148E+03   0.29939E+02   0.25966E+02   0.39469E+00  -0.18622E+00
   0.39183E+03   0.29940E+02   0.26195E+02   0.39421E+00  -0.17792E+00
   0.39218E+03   0.29939E+02   0.26404E+02   0.39211E+00  -0.16782E+00
   0.39253E+03   0.29936E+02   0.26468E+02   0.38627E+00  -0.16038E+00
   0.39288E+03   0.29933E+02   0.26552E+02   0.38461E+00  -0.15211E+00
   0.39323E+03   0.29932E+02   0.26383E+02   0.38370E+00  -0.15294E+00
   0.39358E+03   0.29930E+02   0.26112E+02   0.37829E+00  -0.15818E+00
   0.39393E+03   0.29926E+02   0.25921E+02   0.37040E+00  -0.15681E+00
   0.39428E+03   0.29921E+02   0.25965E+02   0.36390E+00  -0.15463E+00
   0.39463E+03   0.29917E+02   0.26158E+02   0.36399E+00  -0.14645E+00
   0.39498E+03   0.29917E+02   0.26098E+02   0.36142E+00  -0.14801E+00
   0.39533E+03   0.29914E+02   0.25879E+02   0.35764E+00  -0.16005E+00
   0.39568E+03   0.29912E+02   0.25622E+02   0.36099E+00  -0.16604E+00
   0.39603E+03   0.29912E+02   0.25526E+02   0.36173E+00  -0.16839E+00
   0.39638E+03   0.29911E+02   0.25745E+02   0.35884E+00  -0.16490E+00
   0.39673E+03   0.29910E+02   0.25884E+02   0.35979E+00  -0.16425E+00
   0.39708E+03   0.29910E+02   0.25770E+02   0.35832E+00  -0.16815E+00
   0.39743E+03   0.29908E+02   0.25775E+02   0.35593E+00  -0.16897E+00
   0.39778E+03   0.29908E+02   0.26033E+02   0.36155E+00  -0.16663E+00
   0.39813E+03   0.29911E+02   0.26221E+02   0.36659E+00  -0.16231E+00
   0.39848E+03   0.29912E+02   0.26081E+02   0.36719E+00  -0.16565E+00
   0.39883E+03   0.29912E+02   0.26060E+02   0.36200E+00  -0.16934E+00
   0.39918E+03   0.29909E+02   0.26142E+02   0.35593E+00  -0.16700E+00
   0.39953E+03   0.29906E+02   0.26192E+02   0.35717E+00  -0.16205E+00
   0.39988E+03   0.29906E+02   0.26125E+02   0.36212E+00  -0.16639E+00
   0.40023E+03   0.29908E+02   0.26094E+02   0.36180E+00  -0.17246E+00
   0.40058E+03   0.29910E+02   0.26019E+02   0.35648E+00  -0.16922E+00
   0.40093E+03   0.29909E+02   0.25921E+02   0.35307E+00  -0.16824E+00
   0.40128E+03   0.29907E+02   0.26151E+02   0.35506E+00  -0.15994E+00
   0.40163E+03   0.29907E+02   0.26268E+02   0.36141E+00  -0.15485E+00
   0.40198E+03   0.29909E+02   0.26182E+02   0.36276E+00  -0.16537E+00
   0.40233E+03   0.29909E+02   0.25964E+02   0.35869E+00  -0.17313E+00
   0.40268E+03   0.29907E+02   0.25829E+02   0.35784E+00  -0.17422E+00
   0.40303E+03   0.29908E+02   0.25720E+02   0.36256E+00  -0.17312E+00
   0.40338E+03   0.29911E+02   0.25569E+02   0.35957E+00  -0.17880E+00
   0.40373E+03   0.29909E+02   0.25692E+02   0.35701E+00  -0.18255E+00
   0.40408E+03   0.29909E+02   0.25823E+02   0.36152E+00  -0.17909E+00
   0.40443E+03   0.29911E+02   0.25753E+02   0.36629E+00  -0.18332E+00
   0.40478E+03   0.29914E+02   0.25508E+02   0.37281E+00  -0.19686E+00
   0.40513E+03   0.29919E+02   0.25217E+02   0.37415E+00  -0.20922E+00
   0.40548E+03   0.29920E+02   0.25102E+02   0.36975E+00  -0.20937E+00
   0.40583E+03   0.29918E+02   0.25020E+02   0.37174E+00  -0.20945E+00
   0.40618E+03   0.29918E+02   0.25070E+02   0.37745E+00  -0.21284E+00
   0.40653E+03   0.29922E+02   0.25164E+02   0.38236E+00  -0.21467E+00
   0.40688E+03   0.29927E+02   0.25018E+02   0.38840E+00  -0.22551E+00
   0.40723E+03   0.29931E+02   0.24860E+02   0.39220E+00  -0.23724E+00
   0.40758E+03   0.29934E+02   0.25085E+02   0.39752E+00  -0.23077E+00
   0.40793E+03   0.29938E+02   0.25125E+02   0.40653E+00  -0.22904E+00
   0.40828E+03   0.29942E+02   0.25112E+02   0.40824E+00  -0.23646E+00
   0.40863E+03   0.29943E+02   0.25339E+02   0.40769E+00  -0.23082E+00
   0.40898E+03   0.29944E+02   0.25346E+02   0.41247E+00  -0.22551E+00
   0.40933E+03   0.29945E+02   0.25605E+02   0.42056E+00  -0.21978E+00
   0.40968E+03   0.29948E+02   0.25816E+02   0.42856E+00  -0.21302E+00
   0.41003E+03   0.29951E+02   0.25908E+02   0.42393E+00  -0.21162E+00
   0.41038E+03   0.29951E+02   0.25768E+02   0.41949E+00  -0.20915E+00
   0.41073E+03   0.29949E+02   0.25710E+02   0.41815E+00  -0.20200E+00
   0.41108E+03   0.29949E+02   0.26154E+02   0.41860E+00  -0.18608E+00
   0.41143E+03   0.29950E+02   0.26498E+02   0.41728E+00  -0.17190E+00
   0.41178E+03   0.29949E+02   0.26493E+02   0.41242E+00  -0.17061E+00
   0.41213E+03   0.29947E+02   0.26250E+02   0.40390E+00  -0.16664E+00
   0.41248E+03   0.29943E+02   0.26137E+02   0.39521E+00  -0.15465E+00
   0.41283E+03   0.29939E+02   0.26224E+02   0.39277E+00  -0.14411E+00
   0.41318E+03   0.29936E+02   0.26262E+02   0.38742E+00  -0.14041E+00
   0.41353E+03   0.29933E+02   0.26249E+02   0.37617E+00  -0.13845E+00
   0.41388E+03   0.29927E+02   0.26155E+02   0.36588E+00  -0.13821E+00
   0.41423E+03   0.29920E+02   0.26149E+02   0.36303E+00  -0.13374E+00
   0.41458E+03   0.29916E+02   0.26248E+02   0.36295E+00  -0.12871E+00
   0.41493E+03   0.29914E+02   0.26286E+02   0.36209E+00  -0.13480E+00
   0.41528E+03   0.29914E+02   0.26386E+02   0.35728E+00  -0.13430E+00
   0.41563E+03   0.29910E+02   0.26422E+02   0.35040E+00  -0.12848E+00
   0.41598E+03   0.29904E+02   0.26456E+02   0.34495E+00  -0.12527E+00
   0.41633E+03   0.29897E+02   0.26366E+02   0.34530E+00  -0.12628E+00
   0.41668E+03   0.29896E+02   0.25976E+02   0.34509E+00  -0.14187E+00
   0.41703E+03   0.29894E+02   0.25606E+02   0.33529E+00  -0.15739E+00
   0.41738E+03   0.29887E+02   0.25296E+02   0.32761E+00  -0.16695E+00
   0.41773E+03   0.29882E+02   0.25219E+02   0.33148E+00  -0.17139E+00
   0.41808E+03   0.29882E+02   0.25138E+02   0.33595E+00  -0.17950E+00
   0.41843E+03   0.29885E+02   0.24746E+02   0.33832E+00  -0.20709E+00
   0.41878E+03   0.29891E+02   0.24422E+02   0.34398E+00  -0.22909E+00
   0.41913E+03   0.29897E+02   0.24166E+02   0.35419E+00  -0.24216E+00
   0.41948E+03   0.29904E+02   0.24138E+02   0.36675E+00  -0.25402E+00
   0.41983E+03   0.29913E+02   0.24196E+02   0.37987E+00  -0.26389E+00
