         439
  0.175000000000000        1312500.00000000     
         382
  0.525000000000000        3937500.00000000     
         283
  0.875000000000000        6562500.00000000     
         370
   1.22500000000000        9187500.00000000     
         504
   1.57500000000000        11812500.0000000     
          19
   1.92500000000000        14437500.0000000     
         185
   2.27500000000000        17062500.0000000     
          49
   2.62500000000000        19687500.0000000     
          89
   2.97500000000000        22312500.0000000     
         513
   3.32500000000000        24937500.0000000     
         334
   3.67500000000000        27562500.0000000     
         431
   4.02500000000000        30187500.0000000     
         305
   4.37500000000000        32812500.0000000     
         423
   4.72500000000000        35437500.0000000     
         526
   5.07500000000000        38062500.0000000     
          43
   5.42500000000000        40687500.0000000     
          99
   5.77500000000000        43312500.0000000     
         530
   6.12500000000000        45937500.0000000     
         233
   6.47500000000000        48562500.0000000     
         296
   6.82500000000000        51187500.0000000     
         196
   7.17500000000000        53812500.0000000     
          80
   7.52500000000000        56437500.0000000     
          73
   7.87500000000000        59062500.0000000     
          74
   8.22500000000000        61687500.0000000     
         338
   8.57500000000000        64312500.0000000     
         105
   8.92500000000000        66937500.0000000     
         428
   9.27500000000000        69562500.0000000     
         116
   9.62499999999999        72187500.0000000     
         435
   9.97499999999999        74812500.0000000     
         398
   10.3250000000000        77437500.0000000     
          74
   10.6750000000000        80062500.0000000     
          65
   11.0250000000000        82687500.0000000     
         433
   11.3750000000000        85312499.9999999     
         344
   11.7250000000000        87937499.9999999     
         381
   12.0750000000000        90562499.9999999     
         481
   12.4250000000000        93187499.9999999     
         259
   12.7750000000000        95812499.9999999     
         294
   13.1250000000000        98437499.9999999     
          92
   13.4750000000000        101062500.000000     
         531
   13.8250000000000        103687500.000000     
         397
   14.1750000000000        106312500.000000     
          70
   14.5250000000000        108937500.000000     
         162
   14.8750000000000        111562500.000000     
         449
   15.2250000000000        114187500.000000     
         458
   15.5750000000000        116812500.000000     
         531
   15.9250000000000        119437500.000000     
         120
   16.2750000000000        122062500.000000     
         174
   16.6250000000000        124687500.000000     
         288
   16.9750000000000        127312500.000000     
          63
   17.3250000000000        129937500.000000     
         271
   17.6750000000000        132562500.000000     
          12
   18.0250000000000        135187500.000000     
         391
   18.3750000000000        137812500.000000     
         265
   18.7250000000000        140437500.000000     
          56
   19.0750000000000        143062500.000000     
         307
   19.4250000000000        145687500.000000     
         307
   19.7750000000000        148312500.000000     
          56
   20.1250000000000        150937500.000000     
         502
   20.4750000000000        153562500.000000     
          40
   20.8250000000000        156187500.000000     
         222
   21.1750000000000        158812500.000000     
         491
   21.5250000000000        161437500.000000     
         513
   21.8750000000000        164062500.000000     
         237
   22.2250000000000        166687500.000000     
         234
   22.5750000000000        169312500.000000     
         494
   22.9250000000000        171937500.000000     
         227
   23.2750000000000        174562500.000000     
         497
   23.6250000000000        177187500.000000     
          99
   23.9750000000000        179812500.000000     
          79
   24.3250000000000        182437500.000000     
         372
   24.6750000000000        185062500.000000     
         111
   25.0250000000000        187687500.000000     
         436
   25.3750000000000        190312500.000000     
         289
   25.7250000000000        192937500.000000     
          98
   26.0750000000000        195562500.000000     
         323
   26.4250000000000        198187500.000000     
         191
   26.7750000000000        200812500.000000     
         477
   27.1250000000000        203437500.000000     
         450
   27.4750000000000        206062500.000000     
          53
   27.8250000000000        208687500.000000     
         481
   28.1750000000000        211312500.000000     
         219
   28.5250000000000        213937500.000000     
         508
   28.8750000000000        216562500.000000     
         502
   29.2250000000000        219187500.000000     
         451
   29.5750000000000        221812500.000000     
         334
   29.9250000000000        224437500.000000     
         156
   30.2750000000000        227062500.000000     
          17
   30.6250000000000        229687500.000000     
         358
   30.9750000000001        232312500.000000     
         209
   31.3250000000001        234937500.000000     
         187
   31.6750000000001        237562500.000000     
         252
   32.0250000000001        240187500.000000     
         340
   32.3750000000001        242812500.000000     
         454
   32.7250000000001        245437500.000000     
         499
   33.0750000000001        248062500.000000     
         404
   33.4250000000001        250687500.000000     
         417
   33.7750000000001        253312500.000000     
         320
   34.1250000000001        255937500.000000     
         371
   34.4750000000001        258562500.000000     
         499
   34.8250000000001        261187500.000001     
         356
   35.1750000000001        263812500.000001     
         388
   35.5250000000001        266437500.000001     
         250
   35.8750000000001        269062500.000001     
         184
   36.2250000000001        271687500.000001     
         344
   36.5750000000001        274312500.000001     
         119
   36.9250000000001        276937500.000001     
         376
   37.2750000000001        279562500.000001     
         382
   37.6250000000001        282187500.000001     
         483
   37.9750000000001        284812500.000001     
           5
   38.3250000000001        287437500.000001     
         312
   38.6750000000001        290062500.000001     
         518
   39.0250000000001        292687500.000001     
         253
   39.3750000000001        295312500.000001     
         437
   39.7250000000001        297937500.000001     
           8
   40.0750000000001        300562500.000001     
         506
   40.4250000000001        303187500.000001     
           1
   40.7750000000001        305812500.000001     
          74
   41.1250000000001        308437500.000001     
          52
   41.4750000000001        311062500.000001     
         537
   41.8250000000001        313687500.000001     
          61
   42.1750000000001        316312500.000001     
         110
   42.5250000000001        318937500.000001     
         326
   42.8750000000001        321562500.000001     
           5
   43.2250000000001        324187500.000001     
         478
   43.5750000000001        326812500.000001     
         304
   43.9250000000001        329437500.000001     
         217
   44.2750000000001        332062500.000001     
          94
   44.6250000000001        334687500.000001     
         126
   44.9750000000001        337312500.000001     
          64
   45.3250000000001        339937500.000001     
         527
   45.6750000000001        342562500.000001     
         446
   46.0250000000001        345187500.000001     
         157
   46.3750000000001        347812500.000001     
         160
   46.7250000000001        350437500.000001     
         397
   47.0750000000001        353062500.000001     
          86
   47.4250000000001        355687500.000001     
         412
   47.7750000000001        358312500.000001     
         424
   48.1250000000001        360937500.000001     
         387
   48.4750000000001        363562500.000001     
         280
   48.8250000000001        366187500.000001     
         385
   49.1750000000001        368812500.000001     
         126
   49.5250000000001        371437500.000001     
          37
   49.8750000000001        374062500.000001     
         247
   50.2250000000001        376687500.000001     
         104
   50.5750000000001        379312500.000001     
         300
   50.9250000000001        381937500.000001     
         228
   51.2750000000001        384562500.000001     
         370
   51.6250000000001        387187500.000001     
         501
   51.9750000000001        389812500.000001     
         263
   52.3250000000001        392437500.000001     
         173
   52.6750000000001        395062500.000001     
           4
   53.0250000000001        397687500.000001     
          25
   53.3750000000001        400312500.000001     
         515
   53.7250000000001        402937500.000001     
         458
   54.0750000000001        405562500.000001     
         217
   54.4250000000001        408187500.000001     
          14
   54.7750000000001        410812500.000001     
         310
   55.1250000000001        413437500.000001     
         510
   55.4750000000002        416062500.000001     
         201
   55.8250000000002        418687500.000001     
         328
   56.1750000000002        421312500.000001     
         492
   56.5250000000002        423937500.000001     
         441
   56.8750000000002        426562500.000001     
         334
   57.2250000000002        429187500.000001     
         397
   57.5750000000002        431812500.000001     
         257
   57.9250000000002        434437500.000001     
         458
   58.2750000000002        437062500.000001     
         220
   58.6250000000002        439687500.000001     
         438
   58.9750000000002        442312500.000001     
         136
   59.3250000000002        444937500.000001     
         415
   59.6750000000002        447562500.000001     
         249
   60.0250000000002        450187500.000001     
         414
   60.3750000000002        452812500.000001     
         393
   60.7250000000002        455437500.000001     
         113
   61.0750000000002        458062500.000001     
          77
   61.4250000000002        460687500.000001     
         313
   61.7750000000002        463312500.000001     
         106
   62.1250000000002        465937500.000001     
          68
   62.4750000000002        468562500.000001     
          78
   62.8250000000002        471187500.000001     
         367
   63.1750000000002        473812500.000001     
         527
   63.5250000000002        476437500.000001     
         131
   63.8750000000002        479062500.000001     
         294
   64.2250000000002        481687500.000001     
         516
   64.5750000000002        484312500.000001     
         493
   64.9250000000002        486937500.000001     
         453
   65.2750000000002        489562500.000001     
         100
   65.6250000000002        492187500.000001     
         381
   65.9750000000002        494812500.000001     
          98
   66.3250000000001        497437500.000001     
         316
   66.6750000000001        500062500.000001     
         120
   67.0250000000001        502687500.000001     
         198
   67.3750000000001        505312500.000001     
         189
   67.7250000000001        507937500.000001     
         127
   68.0750000000001        510562500.000001     
         449
   68.4250000000001        513187500.000001     
         428
   68.7750000000001        515812500.000001     
         488
   69.1250000000001        518437500.000001     
         124
   69.4750000000001        521062500.000001     
         118
   69.8250000000001        523687500.000001     
         302
   70.1750000000001        526312500.000001     
         322
   70.5250000000001        528937500.000001     
          39
   70.8750000000001        531562500.000001     
         393
   71.2250000000001        534187500.000000     
         225
   71.5750000000001        536812500.000000     
          46
   71.9250000000001        539437500.000000     
         378
   72.2750000000000        542062500.000000     
         428
   72.6250000000000        544687500.000000     
         362
   72.9750000000000        547312500.000000     
          71
   73.3250000000000        549937500.000000     
         137
   73.6750000000000        552562500.000000     
         429
   74.0250000000000        555187500.000000     
         167
   74.3750000000000        557812500.000000     
         265
   74.7250000000000        560437500.000000     
         503
   75.0750000000000        563062500.000000     
         458
   75.4250000000000        565687500.000000     
         270
   75.7750000000000        568312500.000000     
         239
   76.1250000000000        570937500.000000     
         116
   76.4750000000000        573562500.000000     
         459
   76.8250000000000        576187500.000000     
         271
   77.1750000000000        578812500.000000     
         122
   77.5250000000000        581437500.000000     
         408
   77.8750000000000        584062500.000000     
         124
   78.2250000000000        586687500.000000     
           3
   78.5749999999999        589312500.000000     
         313
   78.9249999999999        591937500.000000     
         224
   79.2749999999999        594562500.000000     
         308
   79.6249999999999        597187500.000000     
         495
   79.9749999999999        599812499.999999     
         454
   80.3249999999999        602437499.999999     
         344
   80.6749999999999        605062499.999999     
         297
   81.0249999999999        607687499.999999     
         382
   81.3749999999999        610312499.999999     
          61
   81.7249999999999        612937499.999999     
         125
   82.0749999999999        615562499.999999     
         180
   82.4249999999999        618187499.999999     
         532
   82.7749999999999        620812499.999999     
         476
   83.1249999999999        623437499.999999     
         148
   83.4749999999999        626062499.999999     
         194
   83.8249999999999        628687499.999999     
          75
   84.1749999999999        631312499.999999     
         333
   84.5249999999998        633937499.999999     
         169
   84.8749999999998        636562499.999999     
         125
   85.2249999999998        639187499.999999     
         402
   85.5749999999998        641812499.999999     
         260
   85.9249999999998        644437499.999999     
         166
   86.2749999999998        647062499.999999     
         189
   86.6249999999998        649687499.999999     
         297
   86.9749999999998        652312499.999999     
         374
   87.3249999999998        654937499.999999     
         423
   87.6749999999998        657562499.999998     
         251
   88.0249999999998        660187499.999998     
         391
   88.3749999999998        662812499.999998     
          70
   88.7249999999998        665437499.999998     
         257
   89.0749999999998        668062499.999998     
         128
   89.4249999999998        670687499.999998     
         503
   89.7749999999998        673312499.999998     
         459
   90.1249999999998        675937499.999998     
         420
   90.4749999999998        678562499.999998     
         530
   90.8249999999997        681187499.999998     
         200
   91.1749999999997        683812499.999998     
          40
   91.5249999999997        686437499.999998     
         122
   91.8749999999997        689062499.999998     
         173
   92.2249999999997        691687499.999998     
         332
   92.5749999999997        694312499.999998     
         142
   92.9249999999997        696937499.999998     
         150
   93.2749999999997        699562499.999998     
         529
   93.6249999999997        702187499.999998     
         236
   93.9749999999997        704812499.999998     
         166
   94.3249999999997        707437499.999998     
         118
   94.6749999999997        710062499.999998     
         257
   95.0249999999997        712687499.999998     
         326
   95.3749999999997        715312499.999997     
         391
   95.7249999999997        717937499.999997     
         499
   96.0749999999997        720562499.999997     
         146
   96.4249999999997        723187499.999997     
         248
   96.7749999999997        725812499.999997     
         118
   97.1249999999996        728437499.999997     
         329
   97.4749999999996        731062499.999997     
         323
   97.8249999999996        733687499.999997     
         101
   98.1749999999996        736312499.999997     
          28
   98.5249999999996        738937499.999997     
         242
   98.8749999999996        741562499.999997     
         253
   99.2249999999996        744187499.999997     
         285
   99.5749999999996        746812499.999997     
         337
   99.9249999999996        749437499.999997     
         165
   100.275000000000        752062499.999997     
         263
   100.625000000000        754687499.999997     
         216
   100.975000000000        757312499.999997     
         299
   101.325000000000        759937499.999997     
         332
   101.675000000000        762562499.999997     
         152
   102.025000000000        765187499.999997     
           7
   102.375000000000        767812499.999997     
         470
   102.725000000000        770437499.999997     
         517
   103.075000000000        773062499.999997     
         230
   103.425000000000        775687499.999997     
         121
   103.775000000000        778312499.999997     
         505
   104.125000000000        780937499.999996     
         332
   104.475000000000        783562499.999996     
         257
   104.825000000000        786187499.999996     
         202
   105.175000000000        788812499.999996     
         496
   105.525000000000        791437499.999996     
         328
   105.875000000000        794062499.999996     
         361
   106.224999999999        796687499.999996     
          12
   106.574999999999        799312499.999996     
          44
   106.924999999999        801937499.999996     
          46
   107.274999999999        804562499.999996     
         446
   107.624999999999        807187499.999996     
         165
   107.974999999999        809812499.999996     
         372
   108.324999999999        812437499.999996     
         297
   108.674999999999        815062499.999996     
         511
   109.024999999999        817687499.999996     
         159
   109.374999999999        820312499.999996     
          46
   109.724999999999        822937499.999996     
         165
   110.074999999999        825562499.999996     
         278
   110.424999999999        828187499.999996     
           9
   110.774999999999        830812499.999996     
         471
   111.124999999999        833437499.999996     
         240
   111.474999999999        836062499.999996     
         225
   111.824999999999        838687499.999996     
         454
   112.174999999999        841312499.999995     
         245
   112.524999999999        843937499.999995     
         126
   112.874999999999        846562499.999995     
         523
   113.224999999999        849187499.999995     
         265
   113.574999999999        851812499.999995     
         536
   113.924999999999        854437499.999995     
         333
   114.274999999999        857062499.999995     
          29
   114.624999999999        859687499.999995     
          98
   114.974999999999        862312499.999995     
         272
   115.324999999999        864937499.999995     
         195
   115.674999999999        867562499.999995     
         486
   116.024999999999        870187499.999995     
         181
   116.374999999999        872812499.999995     
         476
   116.724999999999        875437499.999995     
         305
   117.074999999999        878062499.999995     
         496
   117.424999999999        880687499.999995     
         528
   117.774999999999        883312499.999995     
         307
   118.124999999999        885937499.999995     
         496
   118.474999999999        888562499.999995     
         211
   118.824999999999        891187499.999995     
         413
   119.174999999999        893812499.999995     
         473
   119.524999999999        896437499.999995     
         287
   119.874999999999        899062499.999995     
         391
   120.224999999999        901687499.999995     
         105
   120.574999999999        904312499.999995     
         482
   120.924999999999        906937499.999994     
         158
   121.274999999999        909562499.999994     
         436
   121.624999999999        912187499.999994     
         404
   121.974999999999        914812499.999994     
          18
   122.324999999999        917437499.999994     
         107
   122.674999999999        920062499.999994     
         515
   123.024999999999        922687499.999994     
         392
   123.374999999999        925312499.999994     
         531
   123.724999999999        927937499.999994     
         252
   124.074999999999        930562499.999994     
          45
   124.424999999999        933187499.999994     
         299
   124.774999999999        935812499.999994     
         143
   125.124999999999        938437499.999994     
         396
   125.474999999999        941062499.999994     
         103
   125.824999999999        943687499.999994     
          56
   126.174999999999        946312499.999994     
         215
   126.524999999999        948937499.999994     
         195
   126.874999999999        951562499.999994     
         538
   127.224999999999        954187499.999994     
         187
   127.574999999999        956812499.999994     
         268
   127.924999999999        959437499.999994     
         398
   128.274999999999        962062499.999993     
         256
   128.624999999999        964687499.999993     
         231
   128.974999999999        967312499.999993     
         282
   129.324999999999        969937499.999993     
         343
   129.674999999999        972562499.999993     
         112
   130.024999999999        975187499.999993     
         384
   130.374999999999        977812499.999993     
         287
   130.724999999999        980437499.999993     
           7
   131.074999999999        983062499.999993     
         484
   131.424999999999        985687499.999993     
         402
   131.774999999999        988312499.999993     
         208
   132.124999999999        990937499.999993     
         337
   132.474999999999        993562499.999993     
         310
   132.824999999999        996187499.999993     
           1
   133.174999999999        998812499.999993     
         423
   133.524999999999        1001437499.99999     
         526
   133.874999999999        1004062499.99999     
         235
   134.224999999999        1006687499.99999     
          65
   134.574999999999        1009312499.99999     
         475
   134.924999999999        1011937499.99999     
         165
   135.274999999999        1014562499.99999     
         493
   135.624999999999        1017187499.99999     
          31
   135.974999999999        1019812499.99999     
         235
   136.324999999999        1022437499.99999     
         225
   136.674999999999        1025062499.99999     
         301
   137.024999999999        1027687499.99999     
         424
   137.374999999999        1030312499.99999     
         148
   137.724999999999        1032937499.99999     
          52
   138.074999999999        1035562499.99999     
         406
   138.424999999999        1038187499.99999     
         266
   138.774999999999        1040812499.99999     
          83
   139.124999999999        1043437499.99999     
          15
   139.474999999999        1046062499.99999     
         149
   139.824999999999        1048687499.99999     
         284
   140.174999999999        1051312499.99999     
         250
   140.524999999999        1053937499.99999     
         251
   140.874999999999        1056562499.99999     
         341
   141.224999999999        1059187499.99999     
         409
   141.574999999999        1061812499.99999     
         507
   141.924999999999        1064437499.99999     
          43
   142.274999999999        1067062499.99999     
         355
   142.624999999999        1069687499.99999     
          37
   142.974999999999        1072312499.99999     
         133
   143.324999999999        1074937499.99999     
         100
   143.674999999999        1077562499.99999     
         426
   144.024999999999        1080187499.99999     
          44
   144.374999999999        1082812499.99999     
         306
   144.724999999999        1085437499.99999     
         399
   145.074999999999        1088062499.99999     
         376
   145.424999999999        1090687499.99999     
         455
   145.774999999999        1093312499.99999     
         423
   146.124999999999        1095937499.99999     
         118
   146.474999999999        1098562499.99999     
         396
   146.824999999999        1101187499.99999     
          45
   147.174999999999        1103812499.99999     
         296
   147.524999999999        1106437499.99999     
          73
   147.874999999999        1109062499.99999     
         297
   148.224999999999        1111687499.99999     
           3
   148.574999999999        1114312499.99999     
         148
   148.924999999999        1116937499.99999     
         302
   149.274999999999        1119562499.99999     
         218
   149.624999999999        1122187499.99999     
          90
   149.974999999999        1124812499.99999     
         114
   150.324999999999        1127437499.99999     
         292
   150.674999999999        1130062499.99999     
         354
   151.024999999999        1132687499.99999     
         443
   151.374999999999        1135312499.99999     
         308
   151.724999999999        1137937499.99999     
           4
   152.074999999999        1140562499.99999     
         303
   152.424999999999        1143187499.99999     
         529
   152.774999999999        1145812499.99999     
         282
   153.124999999999        1148437499.99999     
          63
   153.474999999999        1151062499.99999     
         397
   153.824999999999        1153687499.99999     
          53
   154.174999999999        1156312499.99999     
         382
   154.524999999999        1158937499.99999     
         478
   154.874999999999        1161562499.99999     
         342
   155.224999999999        1164187499.99999     
         349
   155.574999999999        1166812499.99999     
         462
   155.924999999999        1169437499.99999     
         475
   156.274999999999        1172062499.99999     
         100
   156.624999999999        1174687499.99999     
          23
   156.974999999999        1177312499.99999     
         435
   157.324999999999        1179937499.99999     
         362
   157.674999999999        1182562499.99999     
         401
   158.024999999999        1185187499.99999     
         267
   158.374999999999        1187812499.99999     
         193
   158.724999999999        1190437499.99999     
         122
   159.074999999999        1193062499.99999     
         114
   159.424999999999        1195687499.99999     
         280
   159.774999999999        1198312499.99999     
         124
   160.124999999999        1200937499.99999     
          21
   160.474999999999        1203562499.99999     
         297
   160.824999999999        1206187499.99999     
         291
   161.174999999999        1208812499.99999     
         402
   161.524999999999        1211437499.99999     
         270
   161.874999999999        1214062499.99999     
         238
   162.224999999999        1216687499.99999     
          93
   162.574999999999        1219312499.99999     
         367
   162.924999999999        1221937499.99999     
         267
   163.274999999999        1224562499.99999     
         105
   163.624999999999        1227187499.99999     
         456
   163.974999999999        1229812499.99999     
         301
   164.324999999999        1232437499.99999     
         191
   164.674999999999        1235062499.99999     
         326
   165.024999999999        1237687499.99999     
         456
   165.374999999999        1240312499.99999     
         387
   165.724999999999        1242937499.99999     
         447
   166.074999999999        1245562499.99999     
         275
   166.424999999999        1248187499.99999     
          82
   166.774999999998        1250812499.99999     
         505
   167.124999999998        1253437499.99999     
          83
   167.474999999998        1256062499.99999     
         210
   167.824999999998        1258687499.99999     
         525
   168.174999999998        1261312499.99999     
         238
   168.524999999998        1263937499.99999     
          93
   168.874999999998        1266562499.99999     
         299
   169.224999999998        1269187499.99999     
          58
   169.574999999998        1271812499.99999     
         398
   169.924999999998        1274437499.99999     
         476
   170.274999999998        1277062499.99999     
         301
   170.624999999998        1279687499.99999     
         334
   170.974999999998        1282312499.99999     
          11
   171.324999999998        1284937499.99999     
         347
   171.674999999998        1287562499.99999     
         199
   172.024999999998        1290187499.99999     
         344
   172.374999999998        1292812499.99999     
         209
   172.724999999998        1295437499.99999     
         488
   173.074999999998        1298062499.99999     
         471
   173.424999999998        1300687499.99999     
         260
   173.774999999998        1303312499.99999     
         442
   174.124999999998        1305937499.99999     
         104
   174.474999999998        1308562499.99999     
         396
   174.824999999998        1311187499.99999     
         499
   175.174999999998        1313812499.99999     
         322
   175.524999999998        1316437499.99999     
         506
   175.874999999998        1319062499.99999     
          60
   176.224999999998        1321687499.99999     
         179
   176.574999999998        1324312499.99999     
         215
   176.924999999998        1326937499.99999     
          53
   177.274999999998        1329562499.99999     
         454
   177.624999999998        1332187499.99999     
          94
   177.974999999998        1334812499.99999     
         121
   178.324999999998        1337437499.99999     
         208
   178.674999999998        1340062499.99999     
         110
   179.024999999998        1342687499.99999     
         237
   179.374999999998        1345312499.99999     
         330
   179.724999999998        1347937499.99999     
          66
   180.074999999998        1350562499.99999     
          44
   180.424999999998        1353187499.99999     
         319
   180.774999999998        1355812499.99999     
         193
   181.124999999998        1358437499.99999     
         104
   181.474999999998        1361062499.99999     
           2
   181.824999999998        1363687499.99999     
         319
   182.174999999998        1366312499.99999     
         379
   182.524999999998        1368937499.99999     
         135
   182.874999999998        1371562499.99999     
         215
   183.224999999998        1374187499.99999     
         193
   183.574999999998        1376812499.99999     
         516
   183.924999999998        1379437499.99999     
         208
   184.274999999998        1382062499.99999     
          96
   184.624999999998        1384687499.99999     
         149
   184.974999999998        1387312499.99999     
         409
   185.324999999998        1389937499.99999     
          99
   185.674999999998        1392562499.99999     
         540
   186.024999999998        1395187499.99999     
         495
   186.374999999998        1397812499.99999     
         314
   186.724999999998        1400437499.99999     
          30
   187.074999999998        1403062499.99999     
         267
   187.424999999998        1405687499.99999     
         475
   187.774999999998        1408312499.99999     
          46
   188.124999999998        1410937499.99999     
         429
   188.474999999998        1413562499.99999     
         133
   188.824999999998        1416187499.99999     
         196
   189.174999999998        1418812499.99999     
         242
   189.524999999998        1421437499.99999     
         200
   189.874999999998        1424062499.99999     
         148
   190.224999999998        1426687499.99999     
         266
   190.574999999998        1429312499.99999     
         496
   190.924999999998        1431937499.99999     
         263
   191.274999999998        1434562499.99999     
          15
   191.624999999998        1437187499.99999     
         514
   191.974999999998        1439812499.99999     
         187
   192.324999999998        1442437499.99999     
         389
   192.674999999998        1445062499.99999     
           9
   193.024999999998        1447687499.99999     
         124
   193.374999999998        1450312499.99999     
         195
   193.724999999998        1452937499.99999     
         254
   194.074999999998        1455562499.99999     
         326
   194.424999999998        1458187499.99999     
         282
   194.774999999998        1460812499.99999     
         451
   195.124999999998        1463437499.99999     
         418
   195.474999999998        1466062499.99999     
           2
   195.824999999998        1468687499.99999     
          20
   196.174999999998        1471312499.99999     
         204
   196.524999999998        1473937499.99999     
         262
   196.874999999998        1476562499.99998     
         220
   197.224999999998        1479187499.99998     
         185
   197.574999999998        1481812499.99998     
          21
   197.924999999998        1484437499.99998     
         288
   198.274999999998        1487062499.99998     
           6
   198.624999999998        1489687499.99998     
         193
   198.974999999998        1492312499.99998     
         328
   199.324999999998        1494937499.99998     
         413
   199.674999999998        1497562499.99998     
          31
   200.024999999998        1500187499.99998     
         342
   200.374999999998        1502812499.99998     
         193
   200.724999999998        1505437499.99998     
         222
   201.074999999998        1508062499.99998     
         356
   201.424999999998        1510687499.99998     
         317
   201.774999999998        1513312499.99998     
         364
   202.124999999998        1515937499.99998     
         199
   202.474999999998        1518562499.99998     
         266
   202.824999999998        1521187499.99998     
         276
   203.174999999998        1523812499.99998     
         509
   203.524999999998        1526437499.99998     
         487
   203.874999999998        1529062499.99998     
         235
   204.224999999998        1531687499.99998     
         257
   204.574999999998        1534312499.99998     
          44
   204.924999999998        1536937499.99998     
          33
   205.274999999998        1539562499.99998     
         501
   205.624999999998        1542187499.99998     
          27
   205.974999999998        1544812499.99998     
         312
   206.324999999998        1547437499.99998     
         342
   206.674999999998        1550062499.99998     
         159
   207.024999999998        1552687499.99998     
          19
   207.374999999998        1555312499.99998     
          34
   207.724999999998        1557937499.99998     
         267
   208.074999999998        1560562499.99998     
         527
   208.424999999998        1563187499.99998     
         105
   208.774999999998        1565812499.99998     
          44
   209.124999999998        1568437499.99998     
          68
   209.474999999998        1571062499.99998     
         510
   209.824999999998        1573687499.99998     
         500
   210.174999999998        1576312499.99998     
         447
   210.524999999998        1578937499.99998     
         286
   210.874999999998        1581562499.99998     
         283
   211.224999999998        1584187499.99998     
          17
   211.574999999998        1586812499.99998     
          63
   211.924999999998        1589437499.99998     
         361
   212.274999999998        1592062499.99998     
         346
   212.624999999998        1594687499.99998     
         273
   212.974999999998        1597312499.99998     
         291
   213.324999999998        1599937499.99998     
         148
   213.674999999998        1602562499.99998     
         362
   214.024999999998        1605187499.99998     
         539
   214.374999999998        1607812499.99998     
         335
   214.724999999998        1610437499.99998     
         298
   215.074999999998        1613062499.99998     
         196
   215.424999999998        1615687499.99998     
          39
   215.774999999998        1618312499.99998     
         378
   216.124999999998        1620937499.99998     
          69
   216.474999999998        1623562499.99998     
         444
   216.824999999998        1626187499.99998     
          73
   217.174999999998        1628812499.99998     
         231
   217.524999999998        1631437499.99998     
         526
   217.874999999998        1634062499.99998     
         287
   218.224999999998        1636687499.99998     
         177
   218.574999999998        1639312499.99998     
         356
   218.924999999998        1641937499.99998     
         281
   219.274999999998        1644562499.99998     
         287
   219.624999999998        1647187499.99998     
         339
   219.974999999998        1649812499.99998     
         179
   220.324999999998        1652437499.99998     
         396
   220.674999999998        1655062499.99998     
         500
   221.024999999998        1657687499.99998     
         311
   221.374999999998        1660312499.99998     
         497
   221.724999999998        1662937499.99998     
         305
   222.074999999998        1665562499.99998     
         223
   222.424999999998        1668187499.99998     
         367
   222.774999999998        1670812499.99998     
         426
   223.124999999998        1673437499.99998     
         262
   223.474999999998        1676062499.99998     
         415
   223.824999999998        1678687499.99998     
          28
   224.174999999998        1681312499.99998     
          31
   224.524999999998        1683937499.99998     
         434
   224.874999999998        1686562499.99998     
         513
   225.224999999998        1689187499.99998     
         183
   225.574999999998        1691812499.99998     
         237
   225.924999999998        1694437499.99998     
         281
   226.274999999998        1697062499.99998     
         455
   226.624999999998        1699687499.99998     
          41
   226.974999999998        1702312499.99998     
         264
   227.324999999998        1704937499.99998     
         150
   227.674999999998        1707562499.99998     
         380
   228.024999999998        1710187499.99998     
         120
   228.374999999997        1712812499.99998     
         527
   228.724999999997        1715437499.99998     
         100
   229.074999999997        1718062499.99998     
         388
   229.424999999997        1720687499.99998     
         229
   229.774999999997        1723312499.99998     
         532
   230.124999999997        1725937499.99998     
          26
   230.474999999997        1728562499.99998     
         329
   230.824999999997        1731187499.99998     
         392
   231.174999999997        1733812499.99998     
         142
   231.524999999997        1736437499.99998     
         264
   231.874999999997        1739062499.99998     
          54
   232.224999999997        1741687499.99998     
         414
   232.574999999997        1744312499.99998     
          43
   232.924999999997        1746937499.99998     
          60
   233.274999999997        1749562499.99998     
          64
   233.624999999997        1752187499.99998     
         510
   233.974999999997        1754812499.99998     
         405
   234.324999999997        1757437499.99998     
         364
   234.674999999997        1760062499.99998     
         360
   235.024999999997        1762687499.99998     
         292
   235.374999999997        1765312499.99998     
         388
   235.724999999997        1767937499.99998     
         223
   236.074999999997        1770562499.99998     
          39
   236.424999999997        1773187499.99998     
         339
   236.774999999997        1775812499.99998     
         459
   237.124999999997        1778437499.99998     
         252
   237.474999999997        1781062499.99998     
         487
   237.824999999997        1783687499.99998     
         470
   238.174999999997        1786312499.99998     
         128
   238.524999999997        1788937499.99998     
         463
   238.874999999997        1791562499.99998     
         310
   239.224999999997        1794187499.99998     
         232
   239.574999999997        1796812499.99998     
         218
   239.924999999997        1799437499.99998     
          77
   240.274999999997        1802062499.99998     
         410
   240.624999999997        1804687499.99998     
           7
   240.974999999997        1807312499.99998     
         101
   241.324999999997        1809937499.99998     
         184
   241.674999999997        1812562499.99998     
         488
   242.024999999997        1815187499.99998     
         112
   242.374999999997        1817812499.99998     
         450
   242.724999999997        1820437499.99998     
         374
   243.074999999997        1823062499.99998     
         457
   243.424999999997        1825687499.99998     
         111
   243.774999999997        1828312499.99998     
         497
   244.124999999997        1830937499.99998     
         297
   244.474999999997        1833562499.99998     
         394
   244.824999999997        1836187499.99998     
         538
   245.174999999997        1838812499.99998     
         154
   245.524999999997        1841437499.99998     
         337
   245.874999999997        1844062499.99998     
         286
   246.224999999997        1846687499.99998     
         455
   246.574999999997        1849312499.99998     
         278
   246.924999999997        1851937499.99998     
         362
   247.274999999997        1854562499.99998     
         243
   247.624999999997        1857187499.99998     
         276
   247.974999999997        1859812499.99998     
         242
   248.324999999997        1862437499.99998     
         330
   248.674999999997        1865062499.99998     
          10
   249.024999999997        1867687499.99998     
         127
   249.374999999997        1870312499.99998     
         304
   249.724999999997        1872937499.99998     
          85
   250.074999999997        1875562499.99998     
         265
   250.424999999997        1878187499.99998     
         526
   250.774999999997        1880812499.99998     
         160
   251.124999999997        1883437499.99998     
         139
   251.474999999997        1886062499.99998     
         184
   251.824999999997        1888687499.99998     
          26
   252.174999999997        1891312499.99998     
         341
   252.524999999997        1893937499.99998     
         387
   252.874999999997        1896562499.99998     
         291
   253.224999999997        1899187499.99998     
         456
   253.574999999997        1901812499.99998     
         336
   253.924999999997        1904437499.99998     
         162
   254.274999999997        1907062499.99998     
         140
   254.624999999997        1909687499.99998     
         446
   254.974999999997        1912312499.99998     
           6
   255.324999999997        1914937499.99998     
          88
   255.674999999997        1917562499.99998     
         483
   256.024999999997        1920187499.99998     
         377
   256.374999999997        1922812499.99998     
         485
   256.724999999997        1925437499.99998     
         535
   257.074999999997        1928062499.99998     
         272
   257.424999999997        1930687499.99998     
         407
   257.774999999997        1933312499.99998     
         239
   258.124999999997        1935937499.99998     
         223
   258.474999999997        1938562499.99998     
          18
   258.824999999997        1941187499.99998     
         142
   259.174999999997        1943812499.99998     
         364
   259.524999999997        1946437499.99998     
          83
   259.874999999997        1949062499.99998     
         149
   260.224999999997        1951687499.99998     
         497
   260.574999999997        1954312499.99998     
         374
   260.924999999997        1956937499.99998     
         250
   261.274999999997        1959562499.99998     
         485
   261.624999999997        1962187499.99998     
         526
   261.974999999997        1964812499.99998     
         115
   262.324999999997        1967437499.99998     
         109
   262.674999999998        1970062499.99998     
         412
   263.024999999998        1972687499.99998     
         149
   263.374999999998        1975312499.99998     
         220
   263.724999999998        1977937499.99998     
         468
   264.074999999998        1980562499.99998     
         417
   264.424999999998        1983187499.99998     
          89
   264.774999999998        1985812499.99998     
          72
   265.124999999998        1988437499.99998     
         362
   265.474999999998        1991062499.99998     
         520
   265.824999999998        1993687499.99998     
         410
   266.174999999998        1996312499.99998     
         302
   266.524999999998        1998937499.99998     
          66
   266.874999999998        2001562499.99998     
         392
   267.224999999998        2004187499.99998     
         361
   267.574999999998        2006812499.99998     
         170
   267.924999999998        2009437499.99998     
         310
   268.274999999998        2012062499.99998     
         351
   268.624999999998        2014687499.99998     
         131
   268.974999999998        2017312499.99998     
         343
   269.324999999998        2019937499.99998     
         533
   269.674999999998        2022562499.99998     
         323
   270.024999999998        2025187499.99998     
         298
   270.374999999998        2027812499.99998     
         375
   270.724999999998        2030437499.99999     
         521
   271.074999999998        2033062499.99999     
           8
   271.424999999998        2035687499.99999     
         534
   271.774999999998        2038312499.99999     
         169
   272.124999999998        2040937499.99999     
         322
   272.474999999998        2043562499.99999     
         126
   272.824999999998        2046187499.99999     
         518
   273.174999999998        2048812499.99999     
         385
   273.524999999998        2051437499.99999     
         443
   273.874999999998        2054062499.99999     
         286
   274.224999999998        2056687499.99999     
         159
   274.574999999998        2059312499.99999     
         493
   274.924999999998        2061937499.99999     
         173
   275.274999999998        2064562499.99999     
          68
   275.624999999998        2067187499.99999     
          19
   275.974999999998        2069812499.99999     
         117
   276.324999999998        2072437499.99999     
          35
   276.674999999998        2075062499.99999     
          60
   277.024999999998        2077687499.99999     
          56
   277.374999999998        2080312499.99999     
         229
   277.724999999998        2082937499.99999     
         147
   278.074999999999        2085562499.99999     
         169
   278.424999999999        2088187499.99999     
         128
   278.774999999999        2090812499.99999     
         295
   279.124999999999        2093437499.99999     
         478
   279.474999999999        2096062499.99999     
         265
   279.824999999999        2098687499.99999     
           7
   280.174999999999        2101312499.99999     
         172
   280.524999999999        2103937499.99999     
         390
   280.874999999999        2106562499.99999     
         311
   281.224999999999        2109187499.99999     
         470
   281.574999999999        2111812499.99999     
         112
   281.924999999999        2114437499.99999     
           3
   282.274999999999        2117062499.99999     
          29
   282.624999999999        2119687499.99999     
          65
   282.974999999999        2122312499.99999     
         253
   283.324999999999        2124937499.99999     
         314
   283.674999999999        2127562499.99999     
         327
   284.024999999999        2130187499.99999     
         109
   284.374999999999        2132812499.99999     
         461
   284.724999999999        2135437499.99999     
         375
   285.074999999999        2138062499.99999     
         504
   285.424999999999        2140687499.99999     
         537
   285.774999999999        2143312499.99999     
         149
   286.124999999999        2145937499.99999     
          81
   286.474999999999        2148562499.99999     
         181
   286.824999999999        2151187499.99999     
         222
   287.174999999999        2153812499.99999     
         532
   287.524999999999        2156437499.99999     
         180
   287.874999999999        2159062499.99999     
         509
   288.224999999999        2161687499.99999     
          23
   288.574999999999        2164312499.99999     
         116
   288.924999999999        2166937499.99999     
         134
   289.274999999999        2169562499.99999     
         446
   289.624999999999        2172187499.99999     
         506
   289.974999999999        2174812499.99999     
         359
   290.324999999999        2177437499.99999     
         419
   290.674999999999        2180062499.99999     
         272
   291.024999999999        2182687500.00000     
         408
   291.374999999999        2185312500.00000     
          25
   291.724999999999        2187937500.00000     
         312
   292.074999999999        2190562500.00000     
          27
   292.424999999999        2193187500.00000     
         241
   292.774999999999        2195812500.00000     
          93
   293.124999999999        2198437500.00000     
         447
   293.475000000000        2201062500.00000     
         522
   293.825000000000        2203687500.00000     
         512
   294.175000000000        2206312500.00000     
         454
   294.525000000000        2208937500.00000     
         450
   294.875000000000        2211562500.00000     
         348
   295.225000000000        2214187500.00000     
         500
   295.575000000000        2216812500.00000     
         292
   295.925000000000        2219437500.00000     
         352
   296.275000000000        2222062500.00000     
          88
   296.625000000000        2224687500.00000     
          74
   296.975000000000        2227312500.00000     
         482
   297.325000000000        2229937500.00000     
         430
   297.675000000000        2232562500.00000     
         459
   298.025000000000        2235187500.00000     
         295
   298.375000000000        2237812500.00000     
         525
   298.725000000000        2240437500.00000     
           3
   299.075000000000        2243062500.00000     
         274
   299.425000000000        2245687500.00000     
         453
   299.775000000000        2248312500.00000     
         251
   300.125000000000        2250937500.00000     
         175
   300.475000000000        2253562500.00000     
         289
   300.825000000000        2256187500.00000     
         490
   301.175000000000        2258812500.00000     
         227
   301.525000000000        2261437500.00000     
         204
   301.875000000000        2264062500.00000     
         198
   302.225000000000        2266687500.00000     
         135
   302.575000000000        2269312500.00000     
          73
   302.925000000000        2271937500.00000     
         460
   303.275000000000        2274562500.00000     
         431
   303.625000000000        2277187500.00000     
         165
   303.975000000000        2279812500.00000     
         496
   304.325000000000        2282437500.00000     
         178
   304.675000000000        2285062500.00000     
         151
   305.025000000000        2287687500.00000     
         158
   305.375000000000        2290312500.00000     
          88
   305.725000000000        2292937500.00000     
         110
   306.075000000000        2295562500.00000     
          70
   306.425000000000        2298187500.00000     
         166
   306.775000000000        2300812500.00000     
         279
   307.125000000000        2303437500.00000     
         215
   307.475000000000        2306062500.00000     
         521
   307.825000000000        2308687500.00000     
         420
   308.175000000000        2311312500.00000     
         306
   308.525000000000        2313937500.00000     
         437
   308.875000000001        2316562500.00000     
           4
   309.225000000001        2319187500.00000     
         441
   309.575000000001        2321812500.00000     
         354
   309.925000000001        2324437500.00000     
          11
   310.275000000001        2327062500.00000     
         348
   310.625000000001        2329687500.00000     
          28
   310.975000000001        2332312500.00000     
         155
   311.325000000001        2334937500.00001     
         125
   311.675000000001        2337562500.00001     
         266
   312.025000000001        2340187500.00001     
         366
   312.375000000001        2342812500.00001     
          75
   312.725000000001        2345437500.00001     
         242
   313.075000000001        2348062500.00001     
          31
   313.425000000001        2350687500.00001     
         242
   313.775000000001        2353312500.00001     
         288
   314.125000000001        2355937500.00001     
         345
   314.475000000001        2358562500.00001     
         391
   314.825000000001        2361187500.00001     
          33
   315.175000000001        2363812500.00001     
         237
   315.525000000001        2366437500.00001     
         499
   315.875000000001        2369062500.00001     
         451
   316.225000000001        2371687500.00001     
          93
   316.575000000001        2374312500.00001     
         457
   316.925000000001        2376937500.00001     
          59
   317.275000000001        2379562500.00001     
         135
   317.625000000001        2382187500.00001     
          23
   317.975000000001        2384812500.00001     
          74
   318.325000000001        2387437500.00001     
         186
   318.675000000001        2390062500.00001     
          36
   319.025000000001        2392687500.00001     
         526
   319.375000000001        2395312500.00001     
         141
   319.725000000001        2397937500.00001     
         113
   320.075000000001        2400562500.00001     
         225
   320.425000000001        2403187500.00001     
          51
   320.775000000001        2405812500.00001     
         441
   321.125000000001        2408437500.00001     
          19
   321.475000000001        2411062500.00001     
         330
   321.825000000001        2413687500.00001     
         122
   322.175000000001        2416312500.00001     
         186
   322.525000000001        2418937500.00001     
          49
   322.875000000001        2421562500.00001     
         508
   323.225000000001        2424187500.00001     
         240
   323.575000000001        2426812500.00001     
         409
   323.925000000001        2429437500.00001     
          82
   324.275000000002        2432062500.00001     
         190
   324.625000000002        2434687500.00001     
         233
   324.975000000002        2437312500.00001     
         410
   325.325000000002        2439937500.00001     
         375
   325.675000000002        2442562500.00001     
         204
   326.025000000002        2445187500.00001     
         480
   326.375000000002        2447812500.00001     
          29
   326.725000000002        2450437500.00001     
           2
   327.075000000002        2453062500.00001     
         482
   327.425000000002        2455687500.00001     
         101
   327.775000000002        2458312500.00001     
         161
   328.125000000002        2460937500.00001     
         423
   328.475000000002        2463562500.00001     
         417
   328.825000000002        2466187500.00001     
          75
   329.175000000002        2468812500.00001     
         240
   329.525000000002        2471437500.00001     
         302
   329.875000000002        2474062500.00001     
         113
   330.225000000002        2476687500.00001     
         121
   330.575000000002        2479312500.00001     
         403
   330.925000000002        2481937500.00001     
         519
   331.275000000002        2484562500.00001     
         186
   331.625000000002        2487187500.00001     
         341
   331.975000000002        2489812500.00002     
         331
   332.325000000002        2492437500.00002     
         158
   332.675000000002        2495062500.00002     
          93
   333.025000000002        2497687500.00002     
          76
   333.375000000002        2500312500.00002     
         131
   333.725000000002        2502937500.00002     
         254
   334.075000000002        2505562500.00002     
         501
   334.425000000002        2508187500.00002     
         539
   334.775000000002        2510812500.00002     
          86
   335.125000000002        2513437500.00002     
          70
   335.475000000002        2516062500.00002     
         317
   335.825000000002        2518687500.00002     
          77
   336.175000000002        2521312500.00002     
         502
   336.525000000002        2523937500.00002     
          77
   336.875000000002        2526562500.00002     
         316
   337.225000000002        2529187500.00002     
         517
   337.575000000002        2531812500.00002     
         513
   337.925000000002        2534437500.00002     
         331
   338.275000000002        2537062500.00002     
         532
   338.625000000002        2539687500.00002     
         482
   338.975000000002        2542312500.00002     
         431
   339.325000000002        2544937500.00002     
         328
   339.675000000003        2547562500.00002     
         440
   340.025000000003        2550187500.00002     
         252
   340.375000000003        2552812500.00002     
         239
   340.725000000003        2555437500.00002     
         339
   341.075000000003        2558062500.00002     
         394
   341.425000000003        2560687500.00002     
         485
   341.775000000003        2563312500.00002     
         449
   342.125000000003        2565937500.00002     
         538
   342.475000000003        2568562500.00002     
         247
   342.825000000003        2571187500.00002     
          61
   343.175000000003        2573812500.00002     
         331
   343.525000000003        2576437500.00002     
         403
   343.875000000003        2579062500.00002     
         170
   344.225000000003        2581687500.00002     
         343
   344.575000000003        2584312500.00002     
         499
   344.925000000003        2586937500.00002     
         249
   345.275000000003        2589562500.00002     
         530
   345.625000000003        2592187500.00002     
         143
   345.975000000003        2594812500.00002     
         250
   346.325000000003        2597437500.00002     
         323
   346.675000000003        2600062500.00002     
         527
   347.025000000003        2602687500.00002     
         293
   347.375000000003        2605312500.00002     
         133
   347.725000000003        2607937500.00002     
         216
   348.075000000003        2610562500.00002     
         353
   348.425000000003        2613187500.00002     
         303
   348.775000000003        2615812500.00002     
         321
   349.125000000003        2618437500.00002     
         534
   349.475000000003        2621062500.00002     
         475
   349.825000000003        2623687500.00002     
         289
   350.175000000003        2626312500.00002     
          69
   350.525000000003        2628937500.00002     
         194
   350.875000000003        2631562500.00002     
         120
   351.225000000003        2634187500.00002     
         267
   351.575000000003        2636812500.00002     
         465
   351.925000000003        2639437500.00002     
          83
   352.275000000003        2642062500.00002     
         127
   352.625000000003        2644687500.00003     
         417
   352.975000000003        2647312500.00003     
         158
   353.325000000003        2649937500.00003     
          52
   353.675000000003        2652562500.00003     
         249
   354.025000000003        2655187500.00003     
         331
   354.375000000003        2657812500.00003     
         211
   354.725000000003        2660437500.00003     
          96
   355.075000000004        2663062500.00003     
          70
   355.425000000004        2665687500.00003     
         457
 Newton process not converged
