       time        TW        TE         hW        hE
   0.17500E+00   0.29456E+02   0.29167E+02   0.31439E-02  -0.31287E-01
   0.52500E+00   0.28684E+02   0.27832E+02   0.28115E-01  -0.95055E-01
   0.87500E+00   0.28495E+02   0.26413E+02   0.71208E-01  -0.17318E+00
   0.12250E+01   0.28665E+02   0.24715E+02   0.12210E+00  -0.27743E+00
   0.15750E+01   0.28977E+02   0.23237E+02   0.18752E+00  -0.39197E+00
   0.19250E+01   0.29317E+02   0.22465E+02   0.26062E+00  -0.49449E+00
   0.22750E+01   0.29585E+02   0.22239E+02   0.34400E+00  -0.59644E+00
   0.26250E+01   0.29764E+02   0.22373E+02   0.43637E+00  -0.70075E+00
   0.29750E+01   0.29875E+02   0.22726E+02   0.53714E+00  -0.78744E+00
   0.33250E+01   0.29938E+02   0.23061E+02   0.64099E+00  -0.84153E+00
   0.36750E+01   0.29971E+02   0.23750E+02   0.74246E+00  -0.86422E+00
   0.40250E+01   0.29985E+02   0.24667E+02   0.83901E+00  -0.84297E+00
   0.43750E+01   0.29991E+02   0.25633E+02   0.92188E+00  -0.78058E+00
   0.47250E+01   0.29992E+02   0.26462E+02   0.97891E+00  -0.69895E+00
   0.50750E+01   0.29993E+02   0.27107E+02   0.10057E+01  -0.58729E+00
   0.54250E+01   0.29996E+02   0.27650E+02   0.99987E+00  -0.45930E+00
   0.57750E+01   0.30000E+02   0.28103E+02   0.96154E+00  -0.34438E+00
   0.61250E+01   0.30001E+02   0.28473E+02   0.90179E+00  -0.24668E+00
   0.64750E+01   0.30001E+02   0.28783E+02   0.82688E+00  -0.16031E+00
   0.68250E+01   0.29999E+02   0.29048E+02   0.74289E+00  -0.85015E-01
   0.71750E+01   0.29997E+02   0.29262E+02   0.65920E+00  -0.18189E-01
   0.75250E+01   0.29995E+02   0.29255E+02   0.58753E+00   0.29318E-01
   0.78750E+01   0.29991E+02   0.29062E+02   0.52228E+00   0.55650E-01
   0.82250E+01   0.29984E+02   0.28964E+02   0.46496E+00   0.76097E-01
   0.85750E+01   0.29973E+02   0.29009E+02   0.42468E+00   0.96388E-01
   0.89250E+01   0.29961E+02   0.29103E+02   0.40237E+00   0.10989E+00
   0.92750E+01   0.29949E+02   0.29158E+02   0.38420E+00   0.10299E+00
   0.96250E+01   0.29938E+02   0.29108E+02   0.36590E+00   0.78492E-01
   0.99750E+01   0.29926E+02   0.28954E+02   0.35316E+00   0.60848E-01
   0.10325E+02   0.29914E+02   0.28827E+02   0.34202E+00   0.56519E-01
   0.10675E+02   0.29905E+02   0.28686E+02   0.33235E+00   0.44970E-01
   0.11025E+02   0.29893E+02   0.28448E+02   0.32174E+00   0.21514E-01
   0.11375E+02   0.29879E+02   0.28159E+02   0.30813E+00  -0.14769E-02
   0.11725E+02   0.29864E+02   0.27887E+02   0.29260E+00  -0.17952E-01
   0.12075E+02   0.29846E+02   0.27567E+02   0.28714E+00  -0.39813E-01
   0.12425E+02   0.29833E+02   0.27172E+02   0.28737E+00  -0.66420E-01
   0.12775E+02   0.29822E+02   0.26949E+02   0.27951E+00  -0.82429E-01
   0.13125E+02   0.29813E+02   0.26578E+02   0.27252E+00  -0.10161E+00
   0.13475E+02   0.29801E+02   0.25941E+02   0.26814E+00  -0.13398E+00
   0.13825E+02   0.29790E+02   0.25581E+02   0.27224E+00  -0.15424E+00
   0.14175E+02   0.29794E+02   0.25341E+02   0.28452E+00  -0.17029E+00
   0.14525E+02   0.29803E+02   0.24953E+02   0.29074E+00  -0.20557E+00
   0.14875E+02   0.29812E+02   0.24645E+02   0.29714E+00  -0.24067E+00
   0.15225E+02   0.29828E+02   0.24471E+02   0.31277E+00  -0.26650E+00
   0.15575E+02   0.29849E+02   0.24304E+02   0.33869E+00  -0.29763E+00
   0.15925E+02   0.29874E+02   0.24185E+02   0.36594E+00  -0.33604E+00
   0.16275E+02   0.29899E+02   0.24305E+02   0.39330E+00  -0.37249E+00
   0.16625E+02   0.29921E+02   0.24586E+02   0.42477E+00  -0.40195E+00
   0.16975E+02   0.29941E+02   0.24595E+02   0.46245E+00  -0.43138E+00
   0.17325E+02   0.29957E+02   0.24641E+02   0.49962E+00  -0.46020E+00
   0.17675E+02   0.29969E+02   0.24886E+02   0.53530E+00  -0.48297E+00
   0.18025E+02   0.29978E+02   0.24969E+02   0.57581E+00  -0.50160E+00
   0.18375E+02   0.29985E+02   0.25462E+02   0.61071E+00  -0.49643E+00
   0.18725E+02   0.29990E+02   0.26368E+02   0.64240E+00  -0.46956E+00
   0.19075E+02   0.29994E+02   0.27108E+02   0.67257E+00  -0.43505E+00
   0.19425E+02   0.29995E+02   0.27679E+02   0.69884E+00  -0.38498E+00
   0.19775E+02   0.29997E+02   0.28141E+02   0.71112E+00  -0.33045E+00
   0.20125E+02   0.29998E+02   0.28515E+02   0.70667E+00  -0.27615E+00
   0.20475E+02   0.29998E+02   0.28823E+02   0.69398E+00  -0.21702E+00
   0.20825E+02   0.29997E+02   0.29076E+02   0.66697E+00  -0.15860E+00
   0.21175E+02   0.29996E+02   0.29284E+02   0.62226E+00  -0.10393E+00
   0.21525E+02   0.29994E+02   0.29232E+02   0.57316E+00  -0.57617E-01
   0.21875E+02   0.29990E+02   0.28976E+02   0.52729E+00  -0.20048E-01
   0.22225E+02   0.29984E+02   0.28801E+02   0.48341E+00   0.10105E-01
   0.22575E+02   0.29976E+02   0.28734E+02   0.44026E+00   0.31282E-01
   0.22925E+02   0.29964E+02   0.28708E+02   0.40357E+00   0.40329E-01
   0.23275E+02   0.29950E+02   0.28629E+02   0.37372E+00   0.38178E-01
   0.23625E+02   0.29932E+02   0.28539E+02   0.35019E+00   0.32329E-01
   0.23975E+02   0.29918E+02   0.28488E+02   0.33618E+00   0.27382E-01
   0.24325E+02   0.29907E+02   0.28385E+02   0.32538E+00   0.16976E-01
   0.24675E+02   0.29893E+02   0.28219E+02   0.31778E+00   0.15219E-02
   0.25025E+02   0.29881E+02   0.28088E+02   0.31405E+00  -0.66679E-02
   0.25375E+02   0.29873E+02   0.27940E+02   0.31076E+00  -0.17642E-01
   0.25725E+02   0.29861E+02   0.27689E+02   0.30354E+00  -0.37636E-01
   0.26075E+02   0.29849E+02   0.27556E+02   0.29883E+00  -0.49639E-01
   0.26425E+02   0.29845E+02   0.27428E+02   0.29541E+00  -0.59354E-01
   0.26775E+02   0.29837E+02   0.27100E+02   0.28650E+00  -0.80269E-01
   0.27125E+02   0.29820E+02   0.26874E+02   0.28066E+00  -0.99226E-01
   0.27475E+02   0.29812E+02   0.26684E+02   0.28438E+00  -0.11145E+00
   0.27825E+02   0.29814E+02   0.26254E+02   0.28726E+00  -0.13541E+00
   0.28175E+02   0.29815E+02   0.25717E+02   0.28718E+00  -0.17301E+00
   0.28525E+02   0.29814E+02   0.25550E+02   0.29148E+00  -0.19482E+00
   0.28875E+02   0.29821E+02   0.25526E+02   0.30432E+00  -0.20220E+00
   0.29225E+02   0.29837E+02   0.25191E+02   0.31789E+00  -0.23154E+00
   0.29575E+02   0.29853E+02   0.24749E+02   0.33187E+00  -0.27625E+00
   0.29925E+02   0.29871E+02   0.24343E+02   0.35236E+00  -0.31110E+00
   0.30275E+02   0.29891E+02   0.24181E+02   0.37701E+00  -0.34353E+00
   0.30625E+02   0.29911E+02   0.24034E+02   0.40475E+00  -0.38471E+00
   0.30975E+02   0.29930E+02   0.23619E+02   0.43288E+00  -0.43507E+00
   0.31325E+02   0.29946E+02   0.23380E+02   0.46497E+00  -0.47947E+00
   0.31675E+02   0.29959E+02   0.23466E+02   0.50206E+00  -0.51335E+00
   0.32025E+02   0.29971E+02   0.24037E+02   0.54790E+00  -0.53642E+00
   0.32375E+02   0.29981E+02   0.24756E+02   0.59935E+00  -0.54320E+00
   0.32725E+02   0.29988E+02   0.25463E+02   0.64792E+00  -0.53912E+00
   0.33075E+02   0.29993E+02   0.26333E+02   0.68794E+00  -0.51276E+00
   0.33425E+02   0.29996E+02   0.27066E+02   0.71710E+00  -0.46686E+00
   0.33775E+02   0.29998E+02   0.27653E+02   0.74309E+00  -0.40829E+00
   0.34125E+02   0.29999E+02   0.28122E+02   0.75961E+00  -0.34253E+00
   0.34475E+02   0.30000E+02   0.28511E+02   0.75164E+00  -0.28332E+00
   0.34825E+02   0.29999E+02   0.28825E+02   0.72186E+00  -0.21746E+00
   0.35175E+02   0.29998E+02   0.28953E+02   0.68430E+00  -0.15803E+00
   0.35525E+02   0.29997E+02   0.28960E+02   0.64357E+00  -0.10798E+00
   0.35875E+02   0.29994E+02   0.28918E+02   0.59363E+00  -0.55730E-01
   0.36225E+02   0.29991E+02   0.28784E+02   0.53935E+00  -0.18906E-01
   0.36575E+02   0.29986E+02   0.28710E+02   0.49035E+00   0.11545E-01
   0.36925E+02   0.29978E+02   0.28679E+02   0.44986E+00   0.34304E-01
   0.37275E+02   0.29966E+02   0.28723E+02   0.41547E+00   0.49453E-01
   0.37625E+02   0.29953E+02   0.28820E+02   0.39033E+00   0.60348E-01
   0.37975E+02   0.29939E+02   0.28829E+02   0.36895E+00   0.54274E-01
   0.38325E+02   0.29924E+02   0.28739E+02   0.34892E+00   0.40634E-01
   0.38675E+02   0.29909E+02   0.28539E+02   0.33298E+00   0.25884E-01
   0.39025E+02   0.29891E+02   0.28336E+02   0.32141E+00   0.13371E-01
   0.39375E+02   0.29876E+02   0.28195E+02   0.31590E+00   0.27971E-02
   0.39725E+02   0.29865E+02   0.27947E+02   0.30871E+00  -0.18724E-01
   0.40075E+02   0.29858E+02   0.27593E+02   0.30138E+00  -0.43613E-01
   0.40425E+02   0.29847E+02   0.27375E+02   0.29574E+00  -0.54344E-01
   0.40775E+02   0.29838E+02   0.27243E+02   0.29360E+00  -0.60150E-01
   0.41125E+02   0.29836E+02   0.26946E+02   0.29159E+00  -0.80858E-01
   0.41475E+02   0.29830E+02   0.26575E+02   0.28700E+00  -0.10803E+00
   0.41825E+02   0.29819E+02   0.26342E+02   0.28428E+00  -0.12277E+00
   0.42175E+02   0.29818E+02   0.26017E+02   0.28422E+00  -0.13910E+00
   0.42525E+02   0.29819E+02   0.25766E+02   0.28728E+00  -0.16454E+00
   0.42875E+02   0.29822E+02   0.25415E+02   0.29540E+00  -0.19551E+00
   0.43225E+02   0.29830E+02   0.25001E+02   0.30301E+00  -0.22418E+00
   0.43575E+02   0.29840E+02   0.24950E+02   0.31462E+00  -0.24625E+00
   0.43925E+02   0.29857E+02   0.24647E+02   0.33335E+00  -0.28308E+00
   0.44275E+02   0.29877E+02   0.24543E+02   0.35422E+00  -0.31842E+00
   0.44625E+02   0.29896E+02   0.24554E+02   0.38153E+00  -0.34668E+00
   0.44975E+02   0.29915E+02   0.24225E+02   0.41153E+00  -0.39041E+00
   0.45325E+02   0.29933E+02   0.24229E+02   0.44087E+00  -0.43080E+00
   0.45675E+02   0.29949E+02   0.24536E+02   0.47571E+00  -0.46006E+00
   0.46025E+02   0.29963E+02   0.25008E+02   0.51729E+00  -0.47847E+00
   0.46375E+02   0.29975E+02   0.25506E+02   0.55695E+00  -0.48199E+00
   0.46725E+02   0.29982E+02   0.26098E+02   0.59207E+00  -0.48502E+00
   0.47075E+02   0.29988E+02   0.26837E+02   0.63002E+00  -0.47903E+00
   0.47425E+02   0.29991E+02   0.27431E+02   0.66565E+00  -0.45386E+00
   0.47775E+02   0.29994E+02   0.27861E+02   0.68831E+00  -0.41421E+00
   0.48125E+02   0.29996E+02   0.28237E+02   0.70102E+00  -0.36780E+00
   0.48475E+02   0.29997E+02   0.28571E+02   0.70392E+00  -0.31577E+00
   0.48825E+02   0.29997E+02   0.28834E+02   0.69624E+00  -0.25649E+00
   0.49175E+02   0.29997E+02   0.29042E+02   0.68053E+00  -0.20684E+00
   0.49525E+02   0.29996E+02   0.29224E+02   0.65426E+00  -0.16217E+00
   0.49875E+02   0.29995E+02   0.29301E+02   0.61881E+00  -0.11465E+00
   0.50225E+02   0.29993E+02   0.29139E+02   0.57390E+00  -0.68693E-01
   0.50575E+02   0.29989E+02   0.29001E+02   0.52295E+00  -0.18887E-01
   0.50925E+02   0.29983E+02   0.28885E+02   0.48120E+00   0.13713E-01
   0.51275E+02   0.29974E+02   0.28787E+02   0.44644E+00   0.30512E-01
   0.51625E+02   0.29963E+02   0.28758E+02   0.41476E+00   0.40347E-01
   0.51975E+02   0.29950E+02   0.28695E+02   0.38756E+00   0.37275E-01
   0.52325E+02   0.29936E+02   0.28645E+02   0.36223E+00   0.35290E-01
   0.52675E+02   0.29917E+02   0.28588E+02   0.34056E+00   0.34364E-01
   0.53025E+02   0.29896E+02   0.28590E+02   0.32740E+00   0.31564E-01
   0.53375E+02   0.29881E+02   0.28435E+02   0.31795E+00   0.13965E-01
   0.53725E+02   0.29871E+02   0.28033E+02   0.31238E+00  -0.17728E-01
   0.54075E+02   0.29863E+02   0.27677E+02   0.30960E+00  -0.37874E-01
   0.54425E+02   0.29855E+02   0.27583E+02   0.30341E+00  -0.39687E-01
   0.54775E+02   0.29845E+02   0.27522E+02   0.29588E+00  -0.41846E-01
   0.55125E+02   0.29832E+02   0.27275E+02   0.29023E+00  -0.64929E-01
   0.55475E+02   0.29821E+02   0.26857E+02   0.28882E+00  -0.93633E-01
   0.55825E+02   0.29817E+02   0.26194E+02   0.28976E+00  -0.12060E+00
   0.56175E+02   0.29818E+02   0.25545E+02   0.28890E+00  -0.15642E+00
   0.56525E+02   0.29821E+02   0.25224E+02   0.29224E+00  -0.17972E+00
   0.56875E+02   0.29825E+02   0.25058E+02   0.29846E+00  -0.19595E+00
   0.57225E+02   0.29828E+02   0.24730E+02   0.30288E+00  -0.22728E+00
   0.57575E+02   0.29838E+02   0.24271E+02   0.31631E+00  -0.26755E+00
   0.57925E+02   0.29857E+02   0.23949E+02   0.34092E+00  -0.30700E+00
   0.58275E+02   0.29881E+02   0.23775E+02   0.36974E+00  -0.34732E+00
   0.58625E+02   0.29903E+02   0.23741E+02   0.39735E+00  -0.38789E+00
   0.58975E+02   0.29923E+02   0.23535E+02   0.42203E+00  -0.43023E+00
   0.59325E+02   0.29940E+02   0.23303E+02   0.44926E+00  -0.47677E+00
   0.59675E+02   0.29954E+02   0.23688E+02   0.48893E+00  -0.50872E+00
   0.60025E+02   0.29967E+02   0.24131E+02   0.53743E+00  -0.52782E+00
   0.60375E+02   0.29978E+02   0.24770E+02   0.58575E+00  -0.53842E+00
   0.60725E+02   0.29986E+02   0.25573E+02   0.63400E+00  -0.53880E+00
   0.61075E+02   0.29991E+02   0.26222E+02   0.67671E+00  -0.52496E+00
   0.61425E+02   0.29995E+02   0.26960E+02   0.70676E+00  -0.48764E+00
   0.61775E+02   0.29997E+02   0.27548E+02   0.73436E+00  -0.43860E+00
   0.62125E+02   0.29998E+02   0.28011E+02   0.75191E+00  -0.37960E+00
   0.62475E+02   0.29998E+02   0.28399E+02   0.75346E+00  -0.31781E+00
   0.62825E+02   0.29998E+02   0.28725E+02   0.73597E+00  -0.26050E+00
   0.63175E+02   0.29998E+02   0.28983E+02   0.70847E+00  -0.19361E+00
   0.63525E+02   0.29997E+02   0.29193E+02   0.67534E+00  -0.12415E+00
   0.63875E+02   0.29997E+02   0.29365E+02   0.62963E+00  -0.61938E-01
   0.64225E+02   0.29995E+02   0.29215E+02   0.57781E+00  -0.18566E-01
   0.64575E+02   0.29990E+02   0.29022E+02   0.52165E+00   0.13857E-01
   0.64925E+02   0.29984E+02   0.29039E+02   0.47600E+00   0.49060E-01
   0.65275E+02   0.29974E+02   0.29031E+02   0.43461E+00   0.67431E-01
   0.65625E+02   0.29960E+02   0.28996E+02   0.39628E+00   0.68154E-01
   0.65975E+02   0.29942E+02   0.28862E+02   0.36457E+00   0.55771E-01
   0.66325E+02   0.29922E+02   0.28796E+02   0.33897E+00   0.48805E-01
   0.66675E+02   0.29903E+02   0.28735E+02   0.32652E+00   0.45625E-01
   0.67025E+02   0.29892E+02   0.28600E+02   0.32425E+00   0.26820E-01
   0.67375E+02   0.29886E+02   0.28403E+02   0.32010E+00   0.92904E-02
   0.67725E+02   0.29875E+02   0.28160E+02   0.31179E+00  -0.45256E-02
   0.68075E+02   0.29862E+02   0.27934E+02   0.30393E+00  -0.17012E-01
   0.68425E+02   0.29850E+02   0.27734E+02   0.29619E+00  -0.27372E-01
   0.68775E+02   0.29842E+02   0.27657E+02   0.29317E+00  -0.36207E-01
   0.69125E+02   0.29834E+02   0.27489E+02   0.28857E+00  -0.51511E-01
   0.69475E+02   0.29825E+02   0.27095E+02   0.27767E+00  -0.80525E-01
   0.69825E+02   0.29812E+02   0.26785E+02   0.27056E+00  -0.99451E-01
   0.70175E+02   0.29800E+02   0.26528E+02   0.27591E+00  -0.11461E+00
   0.70525E+02   0.29796E+02   0.26227E+02   0.28242E+00  -0.13656E+00
   0.70875E+02   0.29798E+02   0.25987E+02   0.28382E+00  -0.15906E+00
   0.71225E+02   0.29803E+02   0.25566E+02   0.28798E+00  -0.19273E+00
   0.71575E+02   0.29813E+02   0.25110E+02   0.30123E+00  -0.22357E+00
   0.71925E+02   0.29831E+02   0.25056E+02   0.31982E+00  -0.24250E+00
   0.72275E+02   0.29853E+02   0.24641E+02   0.33679E+00  -0.28061E+00
   0.72625E+02   0.29873E+02   0.24257E+02   0.35244E+00  -0.32291E+00
   0.72975E+02   0.29892E+02   0.24175E+02   0.37621E+00  -0.35702E+00
   0.73325E+02   0.29912E+02   0.24028E+02   0.40769E+00  -0.39613E+00
   0.73675E+02   0.29931E+02   0.23953E+02   0.44229E+00  -0.43797E+00
   0.74025E+02   0.29949E+02   0.23882E+02   0.48037E+00  -0.48438E+00
   0.74375E+02   0.29963E+02   0.24093E+02   0.52040E+00  -0.51476E+00
   0.74725E+02   0.29974E+02   0.24438E+02   0.55952E+00  -0.52776E+00
   0.75075E+02   0.29983E+02   0.25060E+02   0.60245E+00  -0.53176E+00
   0.75425E+02   0.29989E+02   0.25915E+02   0.65212E+00  -0.51853E+00
   0.75775E+02   0.29993E+02   0.26713E+02   0.69315E+00  -0.49043E+00
   0.76125E+02   0.29996E+02   0.27354E+02   0.71879E+00  -0.44801E+00
   0.76475E+02   0.29997E+02   0.27857E+02   0.73633E+00  -0.39346E+00
   0.76825E+02   0.29998E+02   0.28276E+02   0.74550E+00  -0.33096E+00
   0.77175E+02   0.29998E+02   0.28630E+02   0.73794E+00  -0.26928E+00
   0.77525E+02   0.29998E+02   0.28915E+02   0.71418E+00  -0.21784E+00
   0.77875E+02   0.29997E+02   0.29143E+02   0.67592E+00  -0.15502E+00
   0.78225E+02   0.29996E+02   0.29239E+02   0.63160E+00  -0.90722E-01
   0.78575E+02   0.29994E+02   0.29265E+02   0.58467E+00  -0.40487E-01
   0.78925E+02   0.29991E+02   0.29196E+02   0.53745E+00   0.13358E-02
   0.79275E+02   0.29986E+02   0.29058E+02   0.48656E+00   0.31708E-01
   0.79625E+02   0.29977E+02   0.28934E+02   0.44225E+00   0.43568E-01
   0.79975E+02   0.29965E+02   0.28874E+02   0.41093E+00   0.54227E-01
   0.80325E+02   0.29950E+02   0.28916E+02   0.37860E+00   0.68831E-01
   0.80675E+02   0.29934E+02   0.28878E+02   0.34974E+00   0.59294E-01
   0.81025E+02   0.29917E+02   0.28759E+02   0.33014E+00   0.42810E-01
   0.81375E+02   0.29898E+02   0.28671E+02   0.32025E+00   0.37774E-01
   0.81725E+02   0.29887E+02   0.28462E+02   0.31578E+00   0.19453E-01
   0.82075E+02   0.29877E+02   0.28124E+02   0.31179E+00  -0.90288E-02
   0.82425E+02   0.29867E+02   0.27889E+02   0.30632E+00  -0.24169E-01
   0.82775E+02   0.29857E+02   0.27666E+02   0.29606E+00  -0.33180E-01
   0.83125E+02   0.29845E+02   0.27499E+02   0.29090E+00  -0.44946E-01
   0.83475E+02   0.29838E+02   0.27403E+02   0.29249E+00  -0.61307E-01
   0.83825E+02   0.29831E+02   0.27005E+02   0.28952E+00  -0.84414E-01
   0.84175E+02   0.29823E+02   0.26435E+02   0.28829E+00  -0.11370E+00
   0.84525E+02   0.29820E+02   0.25984E+02   0.28613E+00  -0.13905E+00
   0.84875E+02   0.29815E+02   0.25593E+02   0.28330E+00  -0.15893E+00
   0.85225E+02   0.29810E+02   0.25233E+02   0.28839E+00  -0.18411E+00
   0.85575E+02   0.29816E+02   0.24700E+02   0.29805E+00  -0.22311E+00
   0.85925E+02   0.29829E+02   0.24250E+02   0.30879E+00  -0.26204E+00
   0.86275E+02   0.29847E+02   0.24197E+02   0.32619E+00  -0.29441E+00
   0.86625E+02   0.29867E+02   0.24175E+02   0.35475E+00  -0.32919E+00
   0.86975E+02   0.29891E+02   0.24081E+02   0.38638E+00  -0.36479E+00
   0.87325E+02   0.29914E+02   0.23790E+02   0.41159E+00  -0.41106E+00
   0.87675E+02   0.29933E+02   0.23435E+02   0.43874E+00  -0.46370E+00
   0.88025E+02   0.29949E+02   0.23204E+02   0.47844E+00  -0.50346E+00
   0.88375E+02   0.29963E+02   0.23601E+02   0.52487E+00  -0.52926E+00
   0.88725E+02   0.29975E+02   0.24335E+02   0.56995E+00  -0.55100E+00
   0.89075E+02   0.29984E+02   0.24969E+02   0.61633E+00  -0.55591E+00
   0.89425E+02   0.29989E+02   0.25839E+02   0.65925E+00  -0.54125E+00
   0.89775E+02   0.29993E+02   0.26629E+02   0.69891E+00  -0.50603E+00
   0.90125E+02   0.29996E+02   0.27277E+02   0.73863E+00  -0.45594E+00
   0.90475E+02   0.29997E+02   0.27815E+02   0.76384E+00  -0.40776E+00
   0.90825E+02   0.29998E+02   0.28240E+02   0.76364E+00  -0.34926E+00
   0.91175E+02   0.29999E+02   0.28591E+02   0.74571E+00  -0.28015E+00
   0.91525E+02   0.29998E+02   0.28882E+02   0.72211E+00  -0.20992E+00
   0.91875E+02   0.29998E+02   0.29122E+02   0.68870E+00  -0.14555E+00
   0.92225E+02   0.29996E+02   0.29320E+02   0.64505E+00  -0.93759E-01
   0.92575E+02   0.29995E+02   0.29442E+02   0.60047E+00  -0.43704E-01
   0.92925E+02   0.29992E+02   0.29396E+02   0.54912E+00   0.17445E-02
   0.93275E+02   0.29986E+02   0.29264E+02   0.49510E+00   0.32396E-01
   0.93625E+02   0.29979E+02   0.29269E+02   0.45329E+00   0.65095E-01
   0.93975E+02   0.29970E+02   0.29245E+02   0.41098E+00   0.81417E-01
   0.94325E+02   0.29954E+02   0.29143E+02   0.37188E+00   0.76403E-01
   0.94675E+02   0.29935E+02   0.29067E+02   0.35005E+00   0.68213E-01
   0.95025E+02   0.29919E+02   0.28942E+02   0.33661E+00   0.58454E-01
   0.95375E+02   0.29904E+02   0.28700E+02   0.31967E+00   0.37977E-01
   0.95725E+02   0.29885E+02   0.28494E+02   0.30579E+00   0.16033E-01
   0.96075E+02   0.29867E+02   0.28387E+02   0.29990E+00   0.15196E-01
   0.96425E+02   0.29856E+02   0.28322E+02   0.30084E+00   0.11890E-01
   0.96775E+02   0.29848E+02   0.28133E+02   0.30360E+00  -0.17968E-01
   0.97125E+02   0.29844E+02   0.27759E+02   0.30140E+00  -0.48042E-01
   0.97475E+02   0.29841E+02   0.27396E+02   0.29512E+00  -0.59716E-01
   0.97825E+02   0.29836E+02   0.27035E+02   0.28565E+00  -0.75609E-01
   0.98175E+02   0.29818E+02   0.26555E+02   0.27479E+00  -0.98934E-01
   0.98525E+02   0.29799E+02   0.25956E+02   0.27178E+00  -0.12380E+00
   0.98875E+02   0.29793E+02   0.25646E+02   0.27335E+00  -0.14968E+00
   0.99225E+02   0.29790E+02   0.25488E+02   0.27942E+00  -0.17180E+00
   0.99575E+02   0.29800E+02   0.24883E+02   0.29396E+00  -0.20808E+00
   0.99925E+02   0.29816E+02   0.24329E+02   0.30863E+00  -0.25414E+00
   0.10027E+03   0.29836E+02   0.24078E+02   0.32814E+00  -0.29144E+00
   0.10062E+03   0.29859E+02   0.23841E+02   0.34645E+00  -0.32922E+00
   0.10097E+03   0.29882E+02   0.23962E+02   0.36757E+00  -0.36284E+00
   0.10132E+03   0.29904E+02   0.24090E+02   0.40097E+00  -0.39755E+00
   0.10167E+03   0.29926E+02   0.24121E+02   0.43883E+00  -0.43353E+00
   0.10202E+03   0.29945E+02   0.24552E+02   0.47282E+00  -0.46026E+00
   0.10237E+03   0.29960E+02   0.24819E+02   0.51059E+00  -0.48548E+00
   0.10272E+03   0.29972E+02   0.25148E+02   0.55684E+00  -0.50286E+00
   0.10307E+03   0.29981E+02   0.25967E+02   0.60086E+00  -0.50180E+00
   0.10342E+03   0.29988E+02   0.26724E+02   0.63515E+00  -0.48421E+00
   0.10377E+03   0.29992E+02   0.27322E+02   0.66642E+00  -0.45230E+00
   0.10412E+03   0.29995E+02   0.27812E+02   0.69658E+00  -0.40833E+00
   0.10447E+03   0.29997E+02   0.28215E+02   0.71859E+00  -0.35369E+00
   0.10482E+03   0.29998E+02   0.28561E+02   0.71840E+00  -0.29570E+00
   0.10517E+03   0.29999E+02   0.28857E+02   0.70070E+00  -0.23914E+00
   0.10552E+03   0.29998E+02   0.29097E+02   0.67484E+00  -0.17315E+00
   0.10587E+03   0.29997E+02   0.29285E+02   0.63991E+00  -0.10635E+00
   0.10622E+03   0.29995E+02   0.29118E+02   0.59721E+00  -0.64554E-01
   0.10657E+03   0.29992E+02   0.28696E+02   0.54437E+00  -0.43292E-01
   0.10692E+03   0.29987E+02   0.28626E+02   0.49458E+00  -0.45291E-02
   0.10727E+03   0.29978E+02   0.28796E+02   0.45337E+00   0.42633E-01
   0.10762E+03   0.29967E+02   0.28879E+02   0.41811E+00   0.56286E-01
   0.10797E+03   0.29952E+02   0.28829E+02   0.38775E+00   0.43498E-01
   0.10832E+03   0.29937E+02   0.28695E+02   0.36436E+00   0.30118E-01
   0.10867E+03   0.29923E+02   0.28578E+02   0.34469E+00   0.27161E-01
   0.10902E+03   0.29907E+02   0.28462E+02   0.33117E+00   0.22854E-01
   0.10937E+03   0.29890E+02   0.28355E+02   0.32408E+00   0.14991E-01
   0.10972E+03   0.29877E+02   0.28290E+02   0.31611E+00   0.72472E-02
   0.11007E+03   0.29864E+02   0.28143E+02   0.30564E+00  -0.79628E-02
   0.11042E+03   0.29850E+02   0.27887E+02   0.29987E+00  -0.27147E-01
   0.11077E+03   0.29844E+02   0.27512E+02   0.30163E+00  -0.48687E-01
   0.11112E+03   0.29841E+02   0.26993E+02   0.29948E+00  -0.74946E-01
   0.11147E+03   0.29832E+02   0.26740E+02   0.28592E+00  -0.92181E-01
   0.11182E+03   0.29816E+02   0.26607E+02   0.27161E+00  -0.10180E+00
   0.11217E+03   0.29803E+02   0.26433E+02   0.27470E+00  -0.11268E+00
   0.11252E+03   0.29804E+02   0.26230E+02   0.29133E+00  -0.13471E+00
   0.11287E+03   0.29815E+02   0.25802E+02   0.29939E+00  -0.16891E+00
   0.11322E+03   0.29825E+02   0.25312E+02   0.29975E+00  -0.19830E+00
   0.11357E+03   0.29835E+02   0.24872E+02   0.30818E+00  -0.22613E+00
   0.11392E+03   0.29845E+02   0.24671E+02   0.32166E+00  -0.24886E+00
   0.11427E+03   0.29859E+02   0.24511E+02   0.33492E+00  -0.27278E+00
   0.11462E+03   0.29875E+02   0.24286E+02   0.34820E+00  -0.31273E+00
   0.11497E+03   0.29891E+02   0.24485E+02   0.37619E+00  -0.34621E+00
   0.11532E+03   0.29912E+02   0.24454E+02   0.41194E+00  -0.37834E+00
   0.11567E+03   0.29932E+02   0.24061E+02   0.44365E+00  -0.42500E+00
   0.11602E+03   0.29949E+02   0.24132E+02   0.47554E+00  -0.46564E+00
   0.11637E+03   0.29962E+02   0.24223E+02   0.50917E+00  -0.49185E+00
   0.11672E+03   0.29972E+02   0.24711E+02   0.54609E+00  -0.50291E+00
   0.11707E+03   0.29981E+02   0.24990E+02   0.58756E+00  -0.51670E+00
   0.11742E+03   0.29987E+02   0.25233E+02   0.63032E+00  -0.52578E+00
   0.11777E+03   0.29991E+02   0.26143E+02   0.66819E+00  -0.50285E+00
   0.11812E+03   0.29994E+02   0.26847E+02   0.69950E+00  -0.46364E+00
   0.11847E+03   0.29996E+02   0.27412E+02   0.72274E+00  -0.41251E+00
   0.11882E+03   0.29997E+02   0.27892E+02   0.73432E+00  -0.35253E+00
   0.11917E+03   0.29998E+02   0.28305E+02   0.73327E+00  -0.29787E+00
   0.11952E+03   0.29997E+02   0.28655E+02   0.71902E+00  -0.24038E+00
   0.11987E+03   0.29997E+02   0.28953E+02   0.68728E+00  -0.18732E+00
   0.12022E+03   0.29996E+02   0.29176E+02   0.64917E+00  -0.12569E+00
   0.12057E+03   0.29995E+02   0.29351E+02   0.60707E+00  -0.54542E-01
   0.12092E+03   0.29992E+02   0.29283E+02   0.55784E+00  -0.11908E-01
   0.12127E+03   0.29987E+02   0.29035E+02   0.50784E+00   0.80541E-02
   0.12162E+03   0.29980E+02   0.28894E+02   0.46611E+00   0.26792E-01
   0.12197E+03   0.29971E+02   0.28795E+02   0.43218E+00   0.41940E-01
   0.12232E+03   0.29959E+02   0.28763E+02   0.39791E+00   0.50540E-01
   0.12267E+03   0.29942E+02   0.28769E+02   0.36358E+00   0.50959E-01
   0.12302E+03   0.29922E+02   0.28652E+02   0.33957E+00   0.39864E-01
   0.12337E+03   0.29905E+02   0.28426E+02   0.32636E+00   0.23179E-01
   0.12372E+03   0.29890E+02   0.28233E+02   0.31916E+00   0.57101E-02
   0.12407E+03   0.29879E+02   0.28156E+02   0.32062E+00   0.12913E-03
   0.12442E+03   0.29876E+02   0.28042E+02   0.31994E+00  -0.81418E-02
   0.12477E+03   0.29874E+02   0.27785E+02   0.30620E+00  -0.31971E-01
   0.12512E+03   0.29861E+02   0.27416E+02   0.29069E+00  -0.48617E-01
   0.12547E+03   0.29844E+02   0.27137E+02   0.28835E+00  -0.56976E-01
   0.12582E+03   0.29833E+02   0.26900E+02   0.29073E+00  -0.72087E-01
   0.12617E+03   0.29824E+02   0.26661E+02   0.28859E+00  -0.93270E-01
   0.12652E+03   0.29815E+02   0.26587E+02   0.28335E+00  -0.11348E+00
   0.12687E+03   0.29809E+02   0.26364E+02   0.28427E+00  -0.12773E+00
   0.12722E+03   0.29812E+02   0.25936E+02   0.28876E+00  -0.15007E+00
   0.12757E+03   0.29816E+02   0.25414E+02   0.29438E+00  -0.18575E+00
   0.12792E+03   0.29823E+02   0.24779E+02   0.30416E+00  -0.21682E+00
   0.12827E+03   0.29834E+02   0.24462E+02   0.31616E+00  -0.24401E+00
   0.12862E+03   0.29850E+02   0.24239E+02   0.32849E+00  -0.28027E+00
   0.12897E+03   0.29867E+02   0.24034E+02   0.34398E+00  -0.31817E+00
   0.12932E+03   0.29886E+02   0.23880E+02   0.37046E+00  -0.35285E+00
   0.12967E+03   0.29907E+02   0.23896E+02   0.40073E+00  -0.38909E+00
   0.13002E+03   0.29927E+02   0.24186E+02   0.43250E+00  -0.42275E+00
   0.13037E+03   0.29945E+02   0.24329E+02   0.47251E+00  -0.45645E+00
   0.13072E+03   0.29960E+02   0.24288E+02   0.51509E+00  -0.48724E+00
   0.13107E+03   0.29972E+02   0.24257E+02   0.55051E+00  -0.51178E+00
   0.13142E+03   0.29981E+02   0.24565E+02   0.58531E+00  -0.52560E+00
   0.13177E+03   0.29987E+02   0.25052E+02   0.62518E+00  -0.52067E+00
   0.13212E+03   0.29992E+02   0.25744E+02   0.66694E+00  -0.50107E+00
   0.13247E+03   0.29995E+02   0.26558E+02   0.70188E+00  -0.46887E+00
   0.13282E+03   0.29996E+02   0.27206E+02   0.72488E+00  -0.42104E+00
   0.13317E+03   0.29997E+02   0.27745E+02   0.73819E+00  -0.36342E+00
   0.13352E+03   0.29998E+02   0.28198E+02   0.73913E+00  -0.30356E+00
   0.13387E+03   0.29998E+02   0.28571E+02   0.72451E+00  -0.23998E+00
   0.13422E+03   0.29998E+02   0.28869E+02   0.69587E+00  -0.16836E+00
   0.13457E+03   0.29997E+02   0.29051E+02   0.65517E+00  -0.10652E+00
   0.13492E+03   0.29995E+02   0.29195E+02   0.61018E+00  -0.56398E-01
   0.13527E+03   0.29992E+02   0.29232E+02   0.56022E+00  -0.92562E-02
   0.13562E+03   0.29988E+02   0.29101E+02   0.50801E+00   0.20686E-01
   0.13597E+03   0.29981E+02   0.29061E+02   0.45917E+00   0.46799E-01
   0.13632E+03   0.29970E+02   0.29086E+02   0.41685E+00   0.68165E-01
   0.13667E+03   0.29955E+02   0.29024E+02   0.38310E+00   0.67876E-01
   0.13702E+03   0.29938E+02   0.28862E+02   0.35557E+00   0.54046E-01
   0.13737E+03   0.29921E+02   0.28624E+02   0.33366E+00   0.33013E-01
   0.13772E+03   0.29904E+02   0.28496E+02   0.32064E+00   0.26840E-01
   0.13807E+03   0.29888E+02   0.28442E+02   0.31544E+00   0.27912E-01
   0.13842E+03   0.29873E+02   0.28322E+02   0.31124E+00   0.11641E-01
   0.13877E+03   0.29863E+02   0.28131E+02   0.30702E+00  -0.64763E-02
   0.13912E+03   0.29856E+02   0.27833E+02   0.30182E+00  -0.25430E-01
   0.13947E+03   0.29845E+02   0.27577E+02   0.29902E+00  -0.42129E-01
   0.13982E+03   0.29836E+02   0.27362E+02   0.29685E+00  -0.54264E-01
   0.14017E+03   0.29831E+02   0.27055E+02   0.29029E+00  -0.76766E-01
   0.14052E+03   0.29820E+02   0.26656E+02   0.28088E+00  -0.10206E+00
   0.14087E+03   0.29807E+02   0.26074E+02   0.27551E+00  -0.13057E+00
   0.14122E+03   0.29800E+02   0.25450E+02   0.27743E+00  -0.16104E+00
   0.14157E+03   0.29804E+02   0.25034E+02   0.28928E+00  -0.18966E+00
   0.14192E+03   0.29817E+02   0.24701E+02   0.30001E+00  -0.22400E+00
   0.14227E+03   0.29829E+02   0.24280E+02   0.30753E+00  -0.26036E+00
   0.14262E+03   0.29841E+02   0.23876E+02   0.32295E+00  -0.29877E+00
   0.14297E+03   0.29861E+02   0.23574E+02   0.34916E+00  -0.34312E+00
   0.14332E+03   0.29886E+02   0.23444E+02   0.38170E+00  -0.39001E+00
   0.14367E+03   0.29911E+02   0.23342E+02   0.41354E+00  -0.44003E+00
   0.14402E+03   0.29933E+02   0.23213E+02   0.44808E+00  -0.49013E+00
   0.14437E+03   0.29951E+02   0.23561E+02   0.49010E+00  -0.52294E+00
   0.14472E+03   0.29965E+02   0.24079E+02   0.53578E+00  -0.54359E+00
   0.14507E+03   0.29976E+02   0.24364E+02   0.58225E+00  -0.56315E+00
   0.14542E+03   0.29985E+02   0.25013E+02   0.63547E+00  -0.55722E+00
   0.14577E+03   0.29991E+02   0.25987E+02   0.68664E+00  -0.53008E+00
   0.14612E+03   0.29995E+02   0.26810E+02   0.72503E+00  -0.50066E+00
   0.14647E+03   0.29997E+02   0.27453E+02   0.75074E+00  -0.45047E+00
   0.14682E+03   0.29999E+02   0.27963E+02   0.76419E+00  -0.38020E+00
   0.14717E+03   0.30000E+02   0.28379E+02   0.76176E+00  -0.30415E+00
   0.14752E+03   0.29999E+02   0.28721E+02   0.74291E+00  -0.23953E+00
   0.14787E+03   0.29998E+02   0.28729E+02   0.71313E+00  -0.19365E+00
   0.14822E+03   0.29997E+02   0.28737E+02   0.67064E+00  -0.13273E+00
   0.14857E+03   0.29995E+02   0.29006E+02   0.62021E+00  -0.64939E-01
   0.14892E+03   0.29993E+02   0.29188E+02   0.56836E+00  -0.14590E-01
   0.14927E+03   0.29989E+02   0.29180E+02   0.51468E+00   0.25512E-01
   0.14962E+03   0.29982E+02   0.29087E+02   0.46975E+00   0.46989E-01
   0.14997E+03   0.29973E+02   0.29056E+02   0.43347E+00   0.60892E-01
   0.15032E+03   0.29961E+02   0.29006E+02   0.40127E+00   0.70102E-01
   0.15067E+03   0.29947E+02   0.28985E+02   0.37407E+00   0.67034E-01
   0.15102E+03   0.29929E+02   0.28933E+02   0.34964E+00   0.61751E-01
   0.15137E+03   0.29910E+02   0.28831E+02   0.32761E+00   0.53250E-01
   0.15172E+03   0.29891E+02   0.28674E+02   0.31165E+00   0.36589E-01
   0.15207E+03   0.29874E+02   0.28527E+02   0.31022E+00   0.19092E-01
   0.15242E+03   0.29866E+02   0.28401E+02   0.31578E+00   0.83809E-02
   0.15277E+03   0.29866E+02   0.28296E+02   0.30802E+00  -0.17826E-02
   0.15312E+03   0.29857E+02   0.28054E+02   0.29152E+00  -0.23026E-01
   0.15347E+03   0.29838E+02   0.27705E+02   0.28398E+00  -0.39179E-01
   0.15382E+03   0.29825E+02   0.27423E+02   0.28352E+00  -0.50960E-01
   0.15417E+03   0.29818E+02   0.26975E+02   0.27841E+00  -0.79394E-01
   0.15452E+03   0.29806E+02   0.26577E+02   0.27139E+00  -0.10977E+00
   0.15487E+03   0.29795E+02   0.26343E+02   0.27344E+00  -0.12465E+00
   0.15522E+03   0.29796E+02   0.25990E+02   0.27656E+00  -0.14007E+00
   0.15557E+03   0.29799E+02   0.25536E+02   0.27928E+00  -0.16990E+00
   0.15592E+03   0.29802E+02   0.25286E+02   0.28996E+00  -0.19930E+00
   0.15627E+03   0.29814E+02   0.25223E+02   0.30825E+00  -0.21435E+00
   0.15662E+03   0.29835E+02   0.24917E+02   0.32435E+00  -0.24253E+00
   0.15697E+03   0.29856E+02   0.24400E+02   0.33998E+00  -0.29300E+00
   0.15732E+03   0.29875E+02   0.23993E+02   0.35699E+00  -0.33070E+00
   0.15767E+03   0.29894E+02   0.23676E+02   0.37804E+00  -0.36437E+00
   0.15802E+03   0.29914E+02   0.23195E+02   0.40916E+00  -0.41465E+00
   0.15837E+03   0.29933E+02   0.22669E+02   0.44079E+00  -0.48089E+00
   0.15872E+03   0.29949E+02   0.22831E+02   0.48096E+00  -0.53310E+00
   0.15907E+03   0.29964E+02   0.23328E+02   0.52988E+00  -0.56436E+00
   0.15942E+03   0.29976E+02   0.23729E+02   0.57728E+00  -0.59015E+00
   0.15977E+03   0.29985E+02   0.24526E+02   0.62932E+00  -0.59429E+00
   0.16012E+03   0.29990E+02   0.25561E+02   0.68806E+00  -0.57622E+00
   0.16047E+03   0.29994E+02   0.26427E+02   0.73661E+00  -0.54230E+00
   0.16082E+03   0.29997E+02   0.27086E+02   0.77034E+00  -0.48839E+00
   0.16117E+03   0.29999E+02   0.27625E+02   0.79188E+00  -0.42291E+00
   0.16152E+03   0.29999E+02   0.28089E+02   0.79907E+00  -0.35048E+00
   0.16187E+03   0.29999E+02   0.28469E+02   0.78375E+00  -0.28116E+00
   0.16222E+03   0.29999E+02   0.28779E+02   0.74383E+00  -0.22096E+00
   0.16257E+03   0.29998E+02   0.29012E+02   0.70139E+00  -0.15548E+00
   0.16292E+03   0.29997E+02   0.29199E+02   0.65862E+00  -0.86048E-01
   0.16327E+03   0.29995E+02   0.29089E+02   0.60303E+00  -0.37737E-01
   0.16362E+03   0.29992E+02   0.28951E+02   0.54430E+00   0.47939E-03
   0.16397E+03   0.29986E+02   0.28999E+02   0.49847E+00   0.37896E-01
   0.16432E+03   0.29979E+02   0.28893E+02   0.46198E+00   0.48983E-01
   0.16467E+03   0.29970E+02   0.28798E+02   0.42278E+00   0.53452E-01
   0.16502E+03   0.29956E+02   0.28726E+02   0.38511E+00   0.55228E-01
   0.16537E+03   0.29938E+02   0.28663E+02   0.35832E+00   0.53622E-01
   0.16572E+03   0.29920E+02   0.28674E+02   0.34353E+00   0.59564E-01
   0.16607E+03   0.29906E+02   0.28529E+02   0.33204E+00   0.34635E-01
   0.16642E+03   0.29891E+02   0.28231E+02   0.32440E+00   0.19523E-02
   0.16677E+03   0.29881E+02   0.27998E+02   0.32242E+00  -0.34678E-02
   0.16712E+03   0.29872E+02   0.27860E+02   0.31682E+00  -0.12146E-01
   0.16747E+03   0.29863E+02   0.27652E+02   0.31008E+00  -0.29555E-01
   0.16782E+03   0.29855E+02   0.27299E+02   0.30198E+00  -0.54206E-01
   0.16817E+03   0.29849E+02   0.27012E+02   0.29640E+00  -0.69648E-01
   0.16852E+03   0.29844E+02   0.26753E+02   0.28941E+00  -0.78375E-01
   0.16887E+03   0.29834E+02   0.26252E+02   0.28460E+00  -0.10902E+00
   0.16922E+03   0.29829E+02   0.25789E+02   0.28512E+00  -0.13490E+00
   0.16957E+03   0.29821E+02   0.25626E+02   0.28373E+00  -0.14594E+00
   0.16992E+03   0.29813E+02   0.25538E+02   0.28669E+00  -0.16298E+00
   0.17027E+03   0.29816E+02   0.25467E+02   0.29450E+00  -0.18518E+00
   0.17062E+03   0.29828E+02   0.25034E+02   0.30986E+00  -0.21759E+00
   0.17097E+03   0.29845E+02   0.24357E+02   0.32788E+00  -0.26041E+00
   0.17132E+03   0.29863E+02   0.23909E+02   0.34005E+00  -0.29922E+00
   0.17167E+03   0.29879E+02   0.23885E+02   0.35380E+00  -0.32919E+00
   0.17202E+03   0.29896E+02   0.24050E+02   0.38220E+00  -0.35585E+00
   0.17237E+03   0.29916E+02   0.24002E+02   0.41338E+00  -0.39235E+00
   0.17272E+03   0.29934E+02   0.23832E+02   0.43868E+00  -0.43680E+00
   0.17307E+03   0.29949E+02   0.23748E+02   0.47325E+00  -0.47512E+00
   0.17342E+03   0.29963E+02   0.23681E+02   0.52124E+00  -0.50916E+00
   0.17377E+03   0.29974E+02   0.23919E+02   0.56999E+00  -0.53128E+00
   0.17412E+03   0.29983E+02   0.24813E+02   0.60627E+00  -0.53650E+00
   0.17447E+03   0.29989E+02   0.25827E+02   0.64124E+00  -0.52008E+00
   0.17482E+03   0.29993E+02   0.26654E+02   0.68090E+00  -0.47843E+00
   0.17517E+03   0.29995E+02   0.27313E+02   0.71662E+00  -0.43245E+00
   0.17552E+03   0.29997E+02   0.27839E+02   0.74009E+00  -0.38570E+00
   0.17587E+03   0.29998E+02   0.28263E+02   0.74773E+00  -0.32274E+00
   0.17622E+03   0.29999E+02   0.28614E+02   0.73725E+00  -0.25820E+00
   0.17657E+03   0.29998E+02   0.28903E+02   0.70468E+00  -0.19812E+00
   0.17692E+03   0.29997E+02   0.29132E+02   0.66567E+00  -0.12796E+00
   0.17727E+03   0.29996E+02   0.29114E+02   0.62554E+00  -0.72175E-01
   0.17762E+03   0.29994E+02   0.29059E+02   0.57497E+00  -0.34246E-01
   0.17797E+03   0.29989E+02   0.29027E+02   0.52399E+00   0.12834E-02
   0.17832E+03   0.29983E+02   0.28928E+02   0.47929E+00   0.32736E-01
   0.17867E+03   0.29973E+02   0.28907E+02   0.43342E+00   0.55038E-01
   0.17902E+03   0.29959E+02   0.28889E+02   0.39451E+00   0.57569E-01
   0.17937E+03   0.29944E+02   0.28821E+02   0.36352E+00   0.50493E-01
   0.17972E+03   0.29923E+02   0.28709E+02   0.34134E+00   0.45844E-01
   0.18007E+03   0.29905E+02   0.28692E+02   0.33389E+00   0.42660E-01
   0.18042E+03   0.29895E+02   0.28687E+02   0.32728E+00   0.35567E-01
   0.18077E+03   0.29887E+02   0.28521E+02   0.31834E+00   0.18725E-01
   0.18112E+03   0.29877E+02   0.28324E+02   0.30927E+00   0.28681E-02
   0.18147E+03   0.29862E+02   0.28170E+02   0.30095E+00  -0.54288E-02
   0.18182E+03   0.29849E+02   0.28012E+02   0.29689E+00  -0.13642E-01
   0.18217E+03   0.29841E+02   0.27749E+02   0.29230E+00  -0.38005E-01
   0.18252E+03   0.29829E+02   0.27244E+02   0.28178E+00  -0.71350E-01
   0.18287E+03   0.29814E+02   0.26808E+02   0.27368E+00  -0.87816E-01
   0.18322E+03   0.29799E+02   0.26744E+02   0.27053E+00  -0.96435E-01
   0.18357E+03   0.29791E+02   0.26711E+02   0.27840E+00  -0.11265E+00
   0.18392E+03   0.29799E+02   0.26525E+02   0.28944E+00  -0.13416E+00
   0.18427E+03   0.29806E+02   0.26139E+02   0.29289E+00  -0.16475E+00
   0.18462E+03   0.29814E+02   0.25550E+02   0.29831E+00  -0.19573E+00
   0.18497E+03   0.29825E+02   0.25103E+02   0.30806E+00  -0.21876E+00
   0.18532E+03   0.29840E+02   0.24785E+02   0.32217E+00  -0.24814E+00
   0.18567E+03   0.29859E+02   0.24647E+02   0.33411E+00  -0.27879E+00
   0.18602E+03   0.29875E+02   0.24566E+02   0.34646E+00  -0.30832E+00
   0.18637E+03   0.29890E+02   0.24568E+02   0.37058E+00  -0.34086E+00
   0.18672E+03   0.29910E+02   0.24442E+02   0.40669E+00  -0.37655E+00
   0.18707E+03   0.29930E+02   0.23963E+02   0.44333E+00  -0.42545E+00
   0.18742E+03   0.29948E+02   0.23463E+02   0.47527E+00  -0.47961E+00
   0.18777E+03   0.29962E+02   0.23526E+02   0.50761E+00  -0.51287E+00
   0.18812E+03   0.29973E+02   0.24356E+02   0.54830E+00  -0.52202E+00
   0.18847E+03   0.29981E+02   0.25274E+02   0.59644E+00  -0.52340E+00
   0.18882E+03   0.29988E+02   0.26099E+02   0.63995E+00  -0.51780E+00
   0.18917E+03   0.29992E+02   0.26835E+02   0.67967E+00  -0.48707E+00
   0.18952E+03   0.29995E+02   0.27402E+02   0.71528E+00  -0.43589E+00
   0.18987E+03   0.29997E+02   0.27888E+02   0.73820E+00  -0.38275E+00
   0.19022E+03   0.29998E+02   0.28295E+02   0.74380E+00  -0.32486E+00
   0.19057E+03   0.29998E+02   0.28623E+02   0.72957E+00  -0.26068E+00
   0.19092E+03   0.29998E+02   0.28905E+02   0.69866E+00  -0.19330E+00
   0.19127E+03   0.29997E+02   0.29136E+02   0.66039E+00  -0.12791E+00
   0.19162E+03   0.29996E+02   0.29320E+02   0.62038E+00  -0.73644E-01
   0.19197E+03   0.29993E+02   0.29362E+02   0.57628E+00  -0.29470E-01
   0.19232E+03   0.29989E+02   0.29196E+02   0.52325E+00   0.53217E-02
   0.19267E+03   0.29983E+02   0.29024E+02   0.46761E+00   0.28899E-01
   0.19302E+03   0.29973E+02   0.28897E+02   0.42381E+00   0.45180E-01
   0.19337E+03   0.29960E+02   0.28773E+02   0.39229E+00   0.50543E-01
   0.19372E+03   0.29945E+02   0.28701E+02   0.36188E+00   0.47057E-01
   0.19407E+03   0.29924E+02   0.28670E+02   0.33942E+00   0.40657E-01
   0.19442E+03   0.29907E+02   0.28533E+02   0.33094E+00   0.28246E-01
   0.19477E+03   0.29896E+02   0.28272E+02   0.32508E+00   0.89563E-02
   0.19512E+03   0.29886E+02   0.28056E+02   0.31912E+00  -0.75646E-02
   0.19547E+03   0.29875E+02   0.27888E+02   0.31128E+00  -0.13852E-01
   0.19582E+03   0.29864E+02   0.27762E+02   0.30613E+00  -0.22435E-01
   0.19617E+03   0.29857E+02   0.27611E+02   0.30516E+00  -0.38322E-01
   0.19652E+03   0.29849E+02   0.27391E+02   0.30043E+00  -0.57250E-01
   0.19687E+03   0.29841E+02   0.27146E+02   0.29280E+00  -0.74101E-01
   0.19722E+03   0.29832E+02   0.26950E+02   0.28748E+00  -0.84418E-01
   0.19757E+03   0.29824E+02   0.26677E+02   0.28502E+00  -0.10114E+00
   0.19792E+03   0.29818E+02   0.26297E+02   0.28231E+00  -0.12421E+00
   0.19827E+03   0.29811E+02   0.25893E+02   0.28136E+00  -0.14944E+00
   0.19862E+03   0.29808E+02   0.25510E+02   0.28620E+00  -0.17756E+00
   0.19897E+03   0.29815E+02   0.25371E+02   0.29493E+00  -0.19659E+00
   0.19932E+03   0.29826E+02   0.25162E+02   0.31030E+00  -0.22267E+00
   0.19967E+03   0.29842E+02   0.24733E+02   0.32694E+00  -0.26361E+00
   0.20002E+03   0.29860E+02   0.24680E+02   0.34267E+00  -0.29128E+00
   0.20037E+03   0.29881E+02   0.24561E+02   0.36336E+00  -0.31997E+00
   0.20072E+03   0.29902E+02   0.24390E+02   0.38932E+00  -0.35640E+00
   0.20107E+03   0.29921E+02   0.24501E+02   0.42058E+00  -0.38573E+00
   0.20142E+03   0.29939E+02   0.24245E+02   0.45084E+00  -0.42346E+00
   0.20177E+03   0.29953E+02   0.24179E+02   0.48067E+00  -0.46100E+00
   0.20212E+03   0.29965E+02   0.24577E+02   0.51892E+00  -0.48259E+00
   0.20247E+03   0.29975E+02   0.25052E+02   0.55944E+00  -0.49040E+00
   0.20282E+03   0.29983E+02   0.25619E+02   0.59715E+00  -0.49028E+00
   0.20317E+03   0.29989E+02   0.26298E+02   0.63429E+00  -0.48368E+00
   0.20352E+03   0.29992E+02   0.27044E+02   0.66501E+00  -0.45667E+00
   0.20387E+03   0.29995E+02   0.27645E+02   0.69092E+00  -0.41614E+00
   0.20422E+03   0.29996E+02   0.28088E+02   0.70923E+00  -0.37056E+00
   0.20457E+03   0.29997E+02   0.28450E+02   0.71275E+00  -0.30963E+00
   0.20492E+03   0.29998E+02   0.28753E+02   0.69894E+00  -0.24446E+00
   0.20527E+03   0.29997E+02   0.29003E+02   0.67761E+00  -0.18306E+00
   0.20562E+03   0.29997E+02   0.29214E+02   0.65232E+00  -0.12309E+00
   0.20597E+03   0.29996E+02   0.29068E+02   0.61351E+00  -0.79357E-01
   0.20632E+03   0.29993E+02   0.28665E+02   0.56311E+00  -0.54100E-01
   0.20667E+03   0.29989E+02   0.28471E+02   0.51188E+00  -0.20782E-01
   0.20702E+03   0.29981E+02   0.28512E+02   0.46070E+00   0.22841E-01
   0.20737E+03   0.29968E+02   0.28627E+02   0.42070E+00   0.43966E-01
   0.20772E+03   0.29955E+02   0.28638E+02   0.39292E+00   0.40303E-01
   0.20807E+03   0.29941E+02   0.28477E+02   0.36841E+00   0.23602E-01
   0.20842E+03   0.29928E+02   0.28353E+02   0.35115E+00   0.14713E-01
   0.20877E+03   0.29914E+02   0.28374E+02   0.33903E+00   0.21016E-01
   0.20912E+03   0.29902E+02   0.28389E+02   0.33313E+00   0.19955E-01
   0.20947E+03   0.29893E+02   0.28232E+02   0.32243E+00   0.31303E-02
   0.20982E+03   0.29877E+02   0.27914E+02   0.30860E+00  -0.21899E-01
   0.21017E+03   0.29861E+02   0.27646E+02   0.30416E+00  -0.34479E-01
   0.21052E+03   0.29854E+02   0.27346E+02   0.30400E+00  -0.47409E-01
   0.21087E+03   0.29849E+02   0.26808E+02   0.29796E+00  -0.82094E-01
   0.21122E+03   0.29844E+02   0.26245E+02   0.28581E+00  -0.11084E+00
   0.21157E+03   0.29828E+02   0.25943E+02   0.27458E+00  -0.12346E+00
   0.21192E+03   0.29811E+02   0.25889E+02   0.27683E+00  -0.13486E+00
   0.21227E+03   0.29814E+02   0.25626E+02   0.29554E+00  -0.16327E+00
   0.21262E+03   0.29830E+02   0.25209E+02   0.31333E+00  -0.20704E+00
   0.21297E+03   0.29844E+02   0.24964E+02   0.31846E+00  -0.23660E+00
   0.21332E+03   0.29854E+02   0.24646E+02   0.32412E+00  -0.26212E+00
   0.21367E+03   0.29868E+02   0.24600E+02   0.34273E+00  -0.28646E+00
   0.21402E+03   0.29886E+02   0.24543E+02   0.36479E+00  -0.31660E+00
   0.21437E+03   0.29903E+02   0.24348E+02   0.38705E+00  -0.36139E+00
   0.21472E+03   0.29919E+02   0.24239E+02   0.40994E+00  -0.40085E+00
   0.21507E+03   0.29935E+02   0.23878E+02   0.44049E+00  -0.44321E+00
   0.21542E+03   0.29951E+02   0.23874E+02   0.48233E+00  -0.48144E+00
   0.21577E+03   0.29964E+02   0.24296E+02   0.52345E+00  -0.50430E+00
   0.21612E+03   0.29975E+02   0.24287E+02   0.55846E+00  -0.52984E+00
   0.21647E+03   0.29983E+02   0.24486E+02   0.59400E+00  -0.54268E+00
   0.21682E+03   0.29989E+02   0.25367E+02   0.64293E+00  -0.52506E+00
   0.21717E+03   0.29993E+02   0.25977E+02   0.69134E+00  -0.49927E+00
   0.21752E+03   0.29996E+02   0.26474E+02   0.71900E+00  -0.46811E+00
   0.21787E+03   0.29997E+02   0.27156E+02   0.73534E+00  -0.41747E+00
   0.21822E+03   0.29997E+02   0.27729E+02   0.74458E+00  -0.34813E+00
   0.21857E+03   0.29997E+02   0.28201E+02   0.73802E+00  -0.28153E+00
   0.21892E+03   0.29997E+02   0.28587E+02   0.71840E+00  -0.23475E+00
   0.21927E+03   0.29996E+02   0.28888E+02   0.68977E+00  -0.17326E+00
   0.21962E+03   0.29996E+02   0.28989E+02   0.64945E+00  -0.10429E+00
   0.21997E+03   0.29995E+02   0.28963E+02   0.59893E+00  -0.59241E-01
   0.22032E+03   0.29992E+02   0.29007E+02   0.54887E+00  -0.11692E-01
   0.22067E+03   0.29987E+02   0.29028E+02   0.50520E+00   0.29993E-01
   0.22102E+03   0.29980E+02   0.28952E+02   0.46293E+00   0.46701E-01
   0.22137E+03   0.29970E+02   0.28854E+02   0.42216E+00   0.50449E-01
   0.22172E+03   0.29957E+02   0.28784E+02   0.38748E+00   0.52519E-01
   0.22207E+03   0.29943E+02   0.28662E+02   0.36095E+00   0.50070E-01
   0.22242E+03   0.29927E+02   0.28489E+02   0.33493E+00   0.34966E-01
   0.22277E+03   0.29905E+02   0.28410E+02   0.31647E+00   0.27602E-01
   0.22312E+03   0.29887E+02   0.28348E+02   0.31296E+00   0.24855E-01
   0.22347E+03   0.29878E+02   0.28220E+02   0.31644E+00   0.85132E-02
   0.22382E+03   0.29875E+02   0.28068E+02   0.31504E+00  -0.13178E-01
   0.22417E+03   0.29868E+02   0.27730E+02   0.30540E+00  -0.33239E-01
   0.22452E+03   0.29858E+02   0.27488E+02   0.29722E+00  -0.39144E-01
   0.22487E+03   0.29848E+02   0.27365E+02   0.29295E+00  -0.46249E-01
   0.22522E+03   0.29834E+02   0.27033E+02   0.28465E+00  -0.69246E-01
   0.22557E+03   0.29822E+02   0.26573E+02   0.27608E+00  -0.96498E-01
   0.22592E+03   0.29816E+02   0.26084E+02   0.27550E+00  -0.12282E+00
   0.22627E+03   0.29807E+02   0.25845E+02   0.27825E+00  -0.13837E+00
   0.22662E+03   0.29802E+02   0.25605E+02   0.28313E+00  -0.15717E+00
   0.22697E+03   0.29807E+02   0.25256E+02   0.29160E+00  -0.18820E+00
   0.22732E+03   0.29819E+02   0.24922E+02   0.30345E+00  -0.21713E+00
   0.22767E+03   0.29831E+02   0.24634E+02   0.31481E+00  -0.24697E+00
   0.22802E+03   0.29850E+02   0.24315E+02   0.33312E+00  -0.27944E+00
   0.22837E+03   0.29872E+02   0.24181E+02   0.35770E+00  -0.31306E+00
   0.22872E+03   0.29894E+02   0.24383E+02   0.37954E+00  -0.34325E+00
   0.22907E+03   0.29913E+02   0.24359E+02   0.39883E+00  -0.37083E+00
   0.22942E+03   0.29929E+02   0.24085E+02   0.42721E+00  -0.40951E+00
   0.22977E+03   0.29945E+02   0.24116E+02   0.46626E+00  -0.44633E+00
   0.23012E+03   0.29959E+02   0.24248E+02   0.50795E+00  -0.47889E+00
   0.23047E+03   0.29971E+02   0.24274E+02   0.54402E+00  -0.50863E+00
   0.23082E+03   0.29980E+02   0.24595E+02   0.57904E+00  -0.52547E+00
   0.23117E+03   0.29986E+02   0.25019E+02   0.61769E+00  -0.52403E+00
   0.23152E+03   0.29991E+02   0.25671E+02   0.65574E+00  -0.50075E+00
   0.23187E+03   0.29994E+02   0.26522E+02   0.69273E+00  -0.46835E+00
   0.23222E+03   0.29997E+02   0.27210E+02   0.72138E+00  -0.42459E+00
   0.23257E+03   0.29998E+02   0.27755E+02   0.73534E+00  -0.36251E+00
   0.23292E+03   0.29998E+02   0.28205E+02   0.73922E+00  -0.30109E+00
   0.23327E+03   0.29998E+02   0.28582E+02   0.72509E+00  -0.24185E+00
   0.23362E+03   0.29998E+02   0.28879E+02   0.69203E+00  -0.17443E+00
   0.23397E+03   0.29997E+02   0.29051E+02   0.65595E+00  -0.11618E+00
   0.23432E+03   0.29995E+02   0.29052E+02   0.61188E+00  -0.67574E-01
   0.23467E+03   0.29993E+02   0.29011E+02   0.55903E+00  -0.20305E-01
   0.23502E+03   0.29988E+02   0.29056E+02   0.50680E+00   0.21061E-01
   0.23537E+03   0.29980E+02   0.29149E+02   0.46302E+00   0.53447E-01
   0.23572E+03   0.29970E+02   0.29115E+02   0.42345E+00   0.65791E-01
   0.23607E+03   0.29957E+02   0.28931E+02   0.38837E+00   0.53517E-01
   0.23642E+03   0.29940E+02   0.28771E+02   0.35900E+00   0.40813E-01
   0.23677E+03   0.29923E+02   0.28689E+02   0.33997E+00   0.44429E-01
   0.23712E+03   0.29904E+02   0.28569E+02   0.32405E+00   0.37718E-01
   0.23747E+03   0.29884E+02   0.28435E+02   0.31402E+00   0.16142E-01
   0.23782E+03   0.29873E+02   0.28271E+02   0.31491E+00   0.24520E-02
   0.23817E+03   0.29870E+02   0.28083E+02   0.31112E+00  -0.10127E-01
   0.23852E+03   0.29864E+02   0.27886E+02   0.30485E+00  -0.28359E-01
   0.23887E+03   0.29858E+02   0.27591E+02   0.30257E+00  -0.42168E-01
   0.23922E+03   0.29849E+02   0.27368E+02   0.29728E+00  -0.52041E-01
   0.23957E+03   0.29835E+02   0.27222E+02   0.28579E+00  -0.66140E-01
   0.23992E+03   0.29821E+02   0.27056E+02   0.27611E+00  -0.84607E-01
   0.24027E+03   0.29807E+02   0.26765E+02   0.27829E+00  -0.10302E+00
   0.24062E+03   0.29803E+02   0.26419E+02   0.28733E+00  -0.12438E+00
   0.24097E+03   0.29808E+02   0.26005E+02   0.28735E+00  -0.15455E+00
   0.24132E+03   0.29807E+02   0.25333E+02   0.28566E+00  -0.19269E+00
   0.24167E+03   0.29810E+02   0.24792E+02   0.29510E+00  -0.22502E+00
   0.24202E+03   0.29826E+02   0.24538E+02   0.31108E+00  -0.25118E+00
   0.24237E+03   0.29843E+02   0.24425E+02   0.32849E+00  -0.28668E+00
   0.24272E+03   0.29864E+02   0.24286E+02   0.35092E+00  -0.32956E+00
   0.24307E+03   0.29888E+02   0.23878E+02   0.37740E+00  -0.37674E+00
   0.24342E+03   0.29911E+02   0.23686E+02   0.41252E+00  -0.41950E+00
   0.24377E+03   0.29932E+02   0.23833E+02   0.45069E+00  -0.45907E+00
   0.24412E+03   0.29950E+02   0.23955E+02   0.48716E+00  -0.49634E+00
   0.24447E+03   0.29965E+02   0.24247E+02   0.52875E+00  -0.51982E+00
   0.24482E+03   0.29976E+02   0.24615E+02   0.57385E+00  -0.53804E+00
   0.24517E+03   0.29984E+02   0.25223E+02   0.61703E+00  -0.53742E+00
   0.24552E+03   0.29990E+02   0.26104E+02   0.66004E+00  -0.51171E+00
   0.24587E+03   0.29994E+02   0.26843E+02   0.70443E+00  -0.47925E+00
   0.24622E+03   0.29996E+02   0.27468E+02   0.73419E+00  -0.43807E+00
   0.24657E+03   0.29997E+02   0.27979E+02   0.73964E+00  -0.39134E+00
   0.24692E+03   0.29998E+02   0.28367E+02   0.73945E+00  -0.33324E+00
   0.24727E+03   0.29998E+02   0.28692E+02   0.73374E+00  -0.25946E+00
   0.24762E+03   0.29998E+02   0.28958E+02   0.71027E+00  -0.19691E+00
   0.24797E+03   0.29997E+02   0.29174E+02   0.67506E+00  -0.14767E+00
   0.24832E+03   0.29996E+02   0.29353E+02   0.62993E+00  -0.88279E-01
   0.24867E+03   0.29994E+02   0.29362E+02   0.58295E+00  -0.28255E-01
   0.24902E+03   0.29990E+02   0.29138E+02   0.53758E+00   0.66010E-02
   0.24937E+03   0.29984E+02   0.28904E+02   0.48907E+00   0.25685E-01
   0.24972E+03   0.29977E+02   0.28781E+02   0.43879E+00   0.45131E-01
   0.25007E+03   0.29965E+02   0.28698E+02   0.39362E+00   0.53134E-01
   0.25042E+03   0.29947E+02   0.28665E+02   0.36272E+00   0.55769E-01
   0.25077E+03   0.29928E+02   0.28664E+02   0.34457E+00   0.55652E-01
   0.25112E+03   0.29912E+02   0.28619E+02   0.33282E+00   0.40863E-01
   0.25147E+03   0.29898E+02   0.28510E+02   0.32380E+00   0.22031E-01
   0.25182E+03   0.29887E+02   0.28324E+02   0.31758E+00   0.86101E-02
   0.25217E+03   0.29878E+02   0.28068E+02   0.31571E+00  -0.79138E-02
   0.25252E+03   0.29870E+02   0.27738E+02   0.31288E+00  -0.28522E-01
   0.25287E+03   0.29861E+02   0.27476E+02   0.30293E+00  -0.42443E-01
   0.25322E+03   0.29847E+02   0.27259E+02   0.29081E+00  -0.55513E-01
   0.25357E+03   0.29831E+02   0.27014E+02   0.28988E+00  -0.72703E-01
   0.25392E+03   0.29823E+02   0.26759E+02   0.29412E+00  -0.93500E-01
   0.25427E+03   0.29823E+02   0.26488E+02   0.29341E+00  -0.11672E+00
   0.25462E+03   0.29822E+02   0.26202E+02   0.28949E+00  -0.14065E+00
   0.25497E+03   0.29818E+02   0.26021E+02   0.29284E+00  -0.15776E+00
   0.25532E+03   0.29823E+02   0.25903E+02   0.30222E+00  -0.16942E+00
   0.25567E+03   0.29831E+02   0.25868E+02   0.30810E+00  -0.18815E+00
   0.25602E+03   0.29839E+02   0.25861E+02   0.31702E+00  -0.21094E+00
   0.25637E+03   0.29852E+02   0.25400E+02   0.33075E+00  -0.23531E+00
   0.25672E+03   0.29868E+02   0.24797E+02   0.34401E+00  -0.26862E+00
   0.25707E+03   0.29884E+02   0.24462E+02   0.35913E+00  -0.30733E+00
   0.25742E+03   0.29900E+02   0.24085E+02   0.37948E+00  -0.34822E+00
   0.25777E+03   0.29916E+02   0.24068E+02   0.40233E+00  -0.38109E+00
   0.25812E+03   0.29932E+02   0.24250E+02   0.43038E+00  -0.41259E+00
   0.25847E+03   0.29947E+02   0.24019E+02   0.46766E+00  -0.45599E+00
   0.25882E+03   0.29961E+02   0.24233E+02   0.50911E+00  -0.48285E+00
   0.25917E+03   0.29972E+02   0.24794E+02   0.55186E+00  -0.49976E+00
   0.25952E+03   0.29981E+02   0.25364E+02   0.59419E+00  -0.50673E+00
   0.25987E+03   0.29987E+02   0.26066E+02   0.63198E+00  -0.49216E+00
   0.26022E+03   0.29992E+02   0.26725E+02   0.66416E+00  -0.47149E+00
   0.26057E+03   0.29995E+02   0.27352E+02   0.69098E+00  -0.43191E+00
   0.26092E+03   0.29996E+02   0.27869E+02   0.71219E+00  -0.38483E+00
   0.26127E+03   0.29996E+02   0.28296E+02   0.71931E+00  -0.34199E+00
   0.26162E+03   0.29997E+02   0.28638E+02   0.71375E+00  -0.28487E+00
   0.26197E+03   0.29997E+02   0.28917E+02   0.69669E+00  -0.22421E+00
   0.26232E+03   0.29997E+02   0.29139E+02   0.66521E+00  -0.16609E+00
   0.26267E+03   0.29996E+02   0.29323E+02   0.62979E+00  -0.10956E+00
   0.26302E+03   0.29994E+02   0.29476E+02   0.59505E+00  -0.59538E-01
   0.26337E+03   0.29991E+02   0.29387E+02   0.55197E+00  -0.21868E-01
   0.26372E+03   0.29986E+02   0.29169E+02   0.50323E+00   0.61575E-02
   0.26407E+03   0.29979E+02   0.29043E+02   0.45763E+00   0.33822E-01
   0.26442E+03   0.29968E+02   0.28983E+02   0.41835E+00   0.54680E-01
   0.26477E+03   0.29954E+02   0.28937E+02   0.38282E+00   0.59470E-01
   0.26512E+03   0.29935E+02   0.28811E+02   0.35122E+00   0.49538E-01
   0.26547E+03   0.29912E+02   0.28644E+02   0.33178E+00   0.35963E-01
   0.26582E+03   0.29896E+02   0.28414E+02   0.32333E+00   0.20964E-01
   0.26617E+03   0.29884E+02   0.28183E+02   0.31578E+00   0.46135E-03
   0.26652E+03   0.29871E+02   0.27955E+02   0.30889E+00  -0.17245E-01
   0.26687E+03   0.29861E+02   0.27875E+02   0.30626E+00  -0.19675E-01
   0.26722E+03   0.29856E+02   0.27726E+02   0.30525E+00  -0.28543E-01
   0.26757E+03   0.29853E+02   0.27233E+02   0.30153E+00  -0.60788E-01
   0.26792E+03   0.29848E+02   0.26880E+02   0.29648E+00  -0.82285E-01
   0.26827E+03   0.29839E+02   0.26755E+02   0.29512E+00  -0.85691E-01
   0.26862E+03   0.29831E+02   0.26543E+02   0.29190E+00  -0.10109E+00
   0.26897E+03   0.29822E+02   0.26351E+02   0.28607E+00  -0.12410E+00
   0.26932E+03   0.29816E+02   0.26243E+02   0.28696E+00  -0.14194E+00
   0.26967E+03   0.29817E+02   0.26068E+02   0.29323E+00  -0.15465E+00
   0.27002E+03   0.29825E+02   0.25715E+02   0.30229E+00  -0.17910E+00
   0.27037E+03   0.29837E+02   0.25096E+02   0.31108E+00  -0.21858E+00
   0.27072E+03   0.29846E+02   0.24673E+02   0.32070E+00  -0.24889E+00
   0.27107E+03   0.29858E+02   0.24521E+02   0.33297E+00  -0.27103E+00
   0.27142E+03   0.29873E+02   0.24237E+02   0.34547E+00  -0.30341E+00
   0.27177E+03   0.29889E+02   0.23857E+02   0.36667E+00  -0.34979E+00
   0.27212E+03   0.29908E+02   0.23560E+02   0.40029E+00  -0.39698E+00
   0.27247E+03   0.29928E+02   0.23531E+02   0.43737E+00  -0.43948E+00
   0.27282E+03   0.29946E+02   0.23672E+02   0.47145E+00  -0.47885E+00
   0.27317E+03   0.29961E+02   0.23839E+02   0.51259E+00  -0.51657E+00
   0.27352E+03   0.29973E+02   0.23990E+02   0.56167E+00  -0.54232E+00
   0.27387E+03   0.29982E+02   0.24642E+02   0.60563E+00  -0.54863E+00
   0.27422E+03   0.29988E+02   0.25192E+02   0.64544E+00  -0.55003E+00
   0.27457E+03   0.29993E+02   0.25621E+02   0.68836E+00  -0.53325E+00
   0.27492E+03   0.29996E+02   0.26478E+02   0.73242E+00  -0.48322E+00
   0.27527E+03   0.29998E+02   0.27168E+02   0.75762E+00  -0.42342E+00
   0.27562E+03   0.29999E+02   0.27733E+02   0.76260E+00  -0.37282E+00
   0.27597E+03   0.29999E+02   0.28193E+02   0.75883E+00  -0.31310E+00
   0.27632E+03   0.29999E+02   0.28556E+02   0.74641E+00  -0.23564E+00
   0.27667E+03   0.29998E+02   0.28859E+02   0.71470E+00  -0.16762E+00
   0.27702E+03   0.29997E+02   0.29112E+02   0.66626E+00  -0.11556E+00
   0.27737E+03   0.29996E+02   0.29313E+02   0.61549E+00  -0.55619E-01
   0.27772E+03   0.29993E+02   0.29389E+02   0.56281E+00   0.45726E-02
   0.27807E+03   0.29988E+02   0.29367E+02   0.51275E+00   0.44348E-01
   0.27842E+03   0.29981E+02   0.29256E+02   0.46259E+00   0.60229E-01
   0.27877E+03   0.29970E+02   0.29109E+02   0.42082E+00   0.63473E-01
   0.27912E+03   0.29956E+02   0.28971E+02   0.38514E+00   0.64678E-01
   0.27947E+03   0.29938E+02   0.28863E+02   0.35291E+00   0.59960E-01
   0.27982E+03   0.29918E+02   0.28780E+02   0.33217E+00   0.51206E-01
   0.28017E+03   0.29902E+02   0.28619E+02   0.32273E+00   0.37068E-01
   0.28052E+03   0.29886E+02   0.28447E+02   0.31955E+00   0.20038E-01
   0.28087E+03   0.29876E+02   0.28293E+02   0.31534E+00   0.51136E-02
   0.28122E+03   0.29871E+02   0.28074E+02   0.31068E+00  -0.95745E-02
   0.28157E+03   0.29868E+02   0.27885E+02   0.31131E+00  -0.21242E-01
   0.28192E+03   0.29859E+02   0.27786E+02   0.30420E+00  -0.26588E-01
   0.28227E+03   0.29841E+02   0.27675E+02   0.28828E+00  -0.34393E-01
   0.28262E+03   0.29821E+02   0.27499E+02   0.28069E+00  -0.51729E-01
   0.28297E+03   0.29809E+02   0.27147E+02   0.28308E+00  -0.78980E-01
   0.28332E+03   0.29804E+02   0.26755E+02   0.28271E+00  -0.10408E+00
   0.28367E+03   0.29798E+02   0.26331E+02   0.27390E+00  -0.12733E+00
   0.28402E+03   0.29792E+02   0.25739E+02   0.27201E+00  -0.15780E+00
   0.28437E+03   0.29789E+02   0.25391E+02   0.27981E+00  -0.18073E+00
   0.28472E+03   0.29797E+02   0.25424E+02   0.29295E+00  -0.19677E+00
   0.28507E+03   0.29814E+02   0.25346E+02   0.30705E+00  -0.22662E+00
   0.28542E+03   0.29836E+02   0.24777E+02   0.32761E+00  -0.26882E+00
   0.28577E+03   0.29860E+02   0.24243E+02   0.34821E+00  -0.30945E+00
   0.28612E+03   0.29883E+02   0.24052E+02   0.36948E+00  -0.34342E+00
   0.28647E+03   0.29904E+02   0.23979E+02   0.39575E+00  -0.37984E+00
   0.28682E+03   0.29924E+02   0.23762E+02   0.42371E+00  -0.42747E+00
   0.28717E+03   0.29941E+02   0.23669E+02   0.45897E+00  -0.47077E+00
   0.28752E+03   0.29957E+02   0.23820E+02   0.50096E+00  -0.50556E+00
   0.28787E+03   0.29969E+02   0.24173E+02   0.54444E+00  -0.53399E+00
   0.28822E+03   0.29979E+02   0.24590E+02   0.59104E+00  -0.54907E+00
   0.28857E+03   0.29986E+02   0.25131E+02   0.64016E+00  -0.54780E+00
   0.28892E+03   0.29991E+02   0.26012E+02   0.68227E+00  -0.52332E+00
   0.28927E+03   0.29995E+02   0.26766E+02   0.71461E+00  -0.47618E+00
   0.28962E+03   0.29997E+02   0.27374E+02   0.74071E+00  -0.42401E+00
   0.28997E+03   0.29999E+02   0.27871E+02   0.76358E+00  -0.36251E+00
   0.29032E+03   0.30000E+02   0.28299E+02   0.76268E+00  -0.29533E+00
   0.29067E+03   0.29999E+02   0.28660E+02   0.73428E+00  -0.23975E+00
   0.29102E+03   0.29998E+02   0.28960E+02   0.69599E+00  -0.18063E+00
   0.29137E+03   0.29996E+02   0.29194E+02   0.65533E+00  -0.10799E+00
   0.29172E+03   0.29995E+02   0.29149E+02   0.60572E+00  -0.49173E-01
   0.29207E+03   0.29992E+02   0.28858E+02   0.55194E+00  -0.22446E-01
   0.29242E+03   0.29988E+02   0.28599E+02   0.50317E+00  -0.15274E-02
   0.29277E+03   0.29981E+02   0.28607E+02   0.46019E+00   0.30546E-01
   0.29312E+03   0.29972E+02   0.28693E+02   0.42392E+00   0.52006E-01
   0.29347E+03   0.29957E+02   0.28597E+02   0.39028E+00   0.45417E-01
   0.29382E+03   0.29941E+02   0.28541E+02   0.36290E+00   0.41908E-01
   0.29417E+03   0.29926E+02   0.28590E+02   0.34286E+00   0.48569E-01
   0.29452E+03   0.29910E+02   0.28621E+02   0.33102E+00   0.43171E-01
   0.29487E+03   0.29898E+02   0.28540E+02   0.32863E+00   0.29039E-01
   0.29522E+03   0.29891E+02   0.28332E+02   0.32413E+00   0.71427E-02
   0.29557E+03   0.29880E+02   0.28062E+02   0.31288E+00  -0.10848E-01
   0.29592E+03   0.29865E+02   0.27958E+02   0.29927E+00  -0.13644E-01
   0.29627E+03   0.29854E+02   0.27887E+02   0.29207E+00  -0.22005E-01
   0.29662E+03   0.29842E+02   0.27764E+02   0.29038E+00  -0.34827E-01
   0.29697E+03   0.29832E+02   0.27460E+02   0.28695E+00  -0.56617E-01
   0.29732E+03   0.29817E+02   0.26925E+02   0.27388E+00  -0.86426E-01
   0.29767E+03   0.29796E+02   0.26558E+02   0.26815E+00  -0.10323E+00
   0.29802E+03   0.29791E+02   0.26145E+02   0.27875E+00  -0.12612E+00
   0.29837E+03   0.29796E+02   0.25454E+02   0.28342E+00  -0.16485E+00
   0.29872E+03   0.29802E+02   0.24922E+02   0.27957E+00  -0.20005E+00
   0.29907E+03   0.29803E+02   0.24680E+02   0.28338E+00  -0.22848E+00
   0.29942E+03   0.29814E+02   0.24489E+02   0.31093E+00  -0.25191E+00
   0.29977E+03   0.29841E+02   0.24423E+02   0.33833E+00  -0.27959E+00
   0.30012E+03   0.29868E+02   0.23925E+02   0.35697E+00  -0.33425E+00
   0.30047E+03   0.29891E+02   0.23277E+02   0.37800E+00  -0.39174E+00
   0.30082E+03   0.29912E+02   0.23121E+02   0.40839E+00  -0.43421E+00
   0.30118E+03   0.29932E+02   0.23236E+02   0.44630E+00  -0.47557E+00
   0.30153E+03   0.29950E+02   0.23368E+02   0.48661E+00  -0.51918E+00
   0.30188E+03   0.29965E+02   0.23605E+02   0.53125E+00  -0.55747E+00
   0.30223E+03   0.29976E+02   0.24071E+02   0.57772E+00  -0.57615E+00
   0.30258E+03   0.29984E+02   0.24776E+02   0.62876E+00  -0.57470E+00
   0.30293E+03   0.29990E+02   0.25303E+02   0.68399E+00  -0.57059E+00
   0.30328E+03   0.29994E+02   0.25769E+02   0.72994E+00  -0.54492E+00
   0.30363E+03   0.29997E+02   0.26556E+02   0.75895E+00  -0.48418E+00
   0.30398E+03   0.29998E+02   0.27212E+02   0.77678E+00  -0.41959E+00
   0.30433E+03   0.29999E+02   0.27744E+02   0.78404E+00  -0.35131E+00
   0.30468E+03   0.30000E+02   0.28188E+02   0.77811E+00  -0.27933E+00
   0.30503E+03   0.30000E+02   0.28559E+02   0.75431E+00  -0.20777E+00
   0.30538E+03   0.29998E+02   0.28864E+02   0.71263E+00  -0.13946E+00
   0.30573E+03   0.29997E+02   0.29110E+02   0.65894E+00  -0.74582E-01
   0.30608E+03   0.29995E+02   0.29285E+02   0.60333E+00  -0.13026E-01
   0.30643E+03   0.29992E+02   0.29287E+02   0.54610E+00   0.30106E-01
   0.30678E+03   0.29986E+02   0.29228E+02   0.48911E+00   0.60324E-01
   0.30713E+03   0.29975E+02   0.29204E+02   0.43849E+00   0.77937E-01
   0.30748E+03   0.29960E+02   0.29195E+02   0.40477E+00   0.83597E-01
   0.30783E+03   0.29946E+02   0.29159E+02   0.37849E+00   0.82043E-01
   0.30818E+03   0.29931E+02   0.28980E+02   0.34785E+00   0.59669E-01
   0.30853E+03   0.29914E+02   0.28769E+02   0.32401E+00   0.41593E-01
   0.30888E+03   0.29897E+02   0.28593E+02   0.31422E+00   0.39545E-01
   0.30923E+03   0.29880E+02   0.28528E+02   0.31577E+00   0.33990E-01
   0.30958E+03   0.29869E+02   0.28457E+02   0.31402E+00   0.19996E-01
   0.30993E+03   0.29863E+02   0.28163E+02   0.30999E+00  -0.10296E-01
   0.31028E+03   0.29859E+02   0.27787E+02   0.30458E+00  -0.31343E-01
   0.31063E+03   0.29851E+02   0.27516E+02   0.29165E+00  -0.36862E-01
   0.31098E+03   0.29837E+02   0.27186E+02   0.28204E+00  -0.56348E-01
   0.31133E+03   0.29822E+02   0.26853E+02   0.27842E+00  -0.78042E-01
   0.31168E+03   0.29807E+02   0.26554E+02   0.27420E+00  -0.10025E+00
   0.31203E+03   0.29796E+02   0.26157E+02   0.27255E+00  -0.12750E+00
   0.31238E+03   0.29791E+02   0.25692E+02   0.27819E+00  -0.15590E+00
   0.31273E+03   0.29797E+02   0.25161E+02   0.29096E+00  -0.19128E+00
   0.31308E+03   0.29812E+02   0.24970E+02   0.30238E+00  -0.21444E+00
   0.31343E+03   0.29827E+02   0.25088E+02   0.30954E+00  -0.23148E+00
   0.31378E+03   0.29842E+02   0.25159E+02   0.32156E+00  -0.25531E+00
   0.31413E+03   0.29860E+02   0.24947E+02   0.34628E+00  -0.27887E+00
   0.31448E+03   0.29883E+02   0.24595E+02   0.37137E+00  -0.31430E+00
   0.31483E+03   0.29904E+02   0.24687E+02   0.39214E+00  -0.34881E+00
   0.31518E+03   0.29922E+02   0.24896E+02   0.41535E+00  -0.37258E+00
   0.31553E+03   0.29938E+02   0.24771E+02   0.44362E+00  -0.40043E+00
   0.31588E+03   0.29952E+02   0.24723E+02   0.47547E+00  -0.42799E+00
   0.31623E+03   0.29963E+02   0.24879E+02   0.50616E+00  -0.45233E+00
   0.31658E+03   0.29973E+02   0.24788E+02   0.53784E+00  -0.47502E+00
   0.31693E+03   0.29980E+02   0.25065E+02   0.57711E+00  -0.48228E+00
   0.31728E+03   0.29986E+02   0.25893E+02   0.61917E+00  -0.47420E+00
   0.31763E+03   0.29991E+02   0.26647E+02   0.64817E+00  -0.45666E+00
   0.31798E+03   0.29994E+02   0.27310E+02   0.66708E+00  -0.42076E+00
   0.31833E+03   0.29995E+02   0.27851E+02   0.68538E+00  -0.37747E+00
   0.31868E+03   0.29996E+02   0.28296E+02   0.69676E+00  -0.32698E+00
   0.31903E+03   0.29996E+02   0.28648E+02   0.69527E+00  -0.27050E+00
   0.31938E+03   0.29996E+02   0.28928E+02   0.67926E+00  -0.22204E+00
   0.31973E+03   0.29995E+02   0.29158E+02   0.65329E+00  -0.16756E+00
   0.32008E+03   0.29995E+02   0.29285E+02   0.62005E+00  -0.11120E+00
   0.32043E+03   0.29993E+02   0.29207E+02   0.57626E+00  -0.71420E-01
   0.32078E+03   0.29990E+02   0.29156E+02   0.53390E+00  -0.30614E-01
   0.32113E+03   0.29984E+02   0.29145E+02   0.49413E+00   0.11356E-01
   0.32148E+03   0.29977E+02   0.29036E+02   0.45538E+00   0.31763E-01
   0.32183E+03   0.29966E+02   0.28913E+02   0.41967E+00   0.38900E-01
   0.32218E+03   0.29953E+02   0.28760E+02   0.38684E+00   0.38498E-01
   0.32253E+03   0.29939E+02   0.28582E+02   0.35655E+00   0.29715E-01
   0.32288E+03   0.29919E+02   0.28531E+02   0.33475E+00   0.32643E-01
   0.32323E+03   0.29901E+02   0.28523E+02   0.32378E+00   0.31003E-01
   0.32358E+03   0.29887E+02   0.28462E+02   0.31454E+00   0.19149E-01
   0.32393E+03   0.29875E+02   0.28316E+02   0.30877E+00   0.47237E-02
   0.32428E+03   0.29864E+02   0.27980E+02   0.30415E+00  -0.21319E-01
   0.32463E+03   0.29854E+02   0.27613E+02   0.29993E+00  -0.36398E-01
   0.32498E+03   0.29846E+02   0.27293E+02   0.29323E+00  -0.50808E-01
   0.32533E+03   0.29833E+02   0.26999E+02   0.28665E+00  -0.73463E-01
   0.32568E+03   0.29820E+02   0.26782E+02   0.28149E+00  -0.83646E-01
   0.32603E+03   0.29810E+02   0.26567E+02   0.27927E+00  -0.99423E-01
   0.32638E+03   0.29808E+02   0.26254E+02   0.28570E+00  -0.12591E+00
   0.32673E+03   0.29813E+02   0.25934E+02   0.29371E+00  -0.14650E+00
   0.32708E+03   0.29819E+02   0.25645E+02   0.29967E+00  -0.16832E+00
   0.32743E+03   0.29826E+02   0.25233E+02   0.30340E+00  -0.19655E+00
   0.32778E+03   0.29831E+02   0.24561E+02   0.31079E+00  -0.23397E+00
   0.32813E+03   0.29843E+02   0.23885E+02   0.32180E+00  -0.27789E+00
   0.32848E+03   0.29861E+02   0.23460E+02   0.33489E+00  -0.31961E+00
   0.32883E+03   0.29879E+02   0.23441E+02   0.35738E+00  -0.35820E+00
   0.32918E+03   0.29899E+02   0.23459E+02   0.38664E+00  -0.39817E+00
   0.32953E+03   0.29919E+02   0.23660E+02   0.42328E+00  -0.43701E+00
   0.32988E+03   0.29939E+02   0.23900E+02   0.46289E+00  -0.47694E+00
   0.33023E+03   0.29956E+02   0.23832E+02   0.50567E+00  -0.51870E+00
   0.33058E+03   0.29970E+02   0.24143E+02   0.55179E+00  -0.54074E+00
   0.33093E+03   0.29980E+02   0.24607E+02   0.59722E+00  -0.54680E+00
   0.33128E+03   0.29987E+02   0.25273E+02   0.64127E+00  -0.54372E+00
   0.33163E+03   0.29992E+02   0.26223E+02   0.67918E+00  -0.51796E+00
   0.33198E+03   0.29995E+02   0.26998E+02   0.70984E+00  -0.48191E+00
   0.33233E+03   0.29997E+02   0.27583E+02   0.73811E+00  -0.43585E+00
   0.33268E+03   0.29998E+02   0.28033E+02   0.75681E+00  -0.37543E+00
   0.33303E+03   0.29998E+02   0.28424E+02   0.75442E+00  -0.32062E+00
   0.33338E+03   0.29998E+02   0.28749E+02   0.73593E+00  -0.26738E+00
   0.33373E+03   0.29997E+02   0.28994E+02   0.70734E+00  -0.19667E+00
   0.33408E+03   0.29997E+02   0.29191E+02   0.67251E+00  -0.12088E+00
   0.33443E+03   0.29996E+02   0.29366E+02   0.63026E+00  -0.62403E-01
   0.33478E+03   0.29994E+02   0.29448E+02   0.58397E+00  -0.20824E-01
   0.33513E+03   0.29990E+02   0.29254E+02   0.53364E+00   0.14349E-01
   0.33548E+03   0.29984E+02   0.29028E+02   0.48112E+00   0.44850E-01
   0.33583E+03   0.29973E+02   0.29003E+02   0.43461E+00   0.65588E-01
   0.33618E+03   0.29958E+02   0.28967E+02   0.39809E+00   0.69857E-01
   0.33653E+03   0.29941E+02   0.28877E+02   0.36460E+00   0.60725E-01
   0.33688E+03   0.29920E+02   0.28732E+02   0.33736E+00   0.43398E-01
   0.33723E+03   0.29900E+02   0.28531E+02   0.32733E+00   0.26633E-01
   0.33758E+03   0.29888E+02   0.28383E+02   0.32632E+00   0.19550E-01
   0.33793E+03   0.29881E+02   0.28194E+02   0.32551E+00   0.15455E-02
   0.33828E+03   0.29875E+02   0.27955E+02   0.31849E+00  -0.16732E-01
   0.33863E+03   0.29868E+02   0.27726E+02   0.30716E+00  -0.26020E-01
   0.33898E+03   0.29857E+02   0.27452E+02   0.30318E+00  -0.41786E-01
   0.33933E+03   0.29846E+02   0.27213E+02   0.30368E+00  -0.57316E-01
   0.33968E+03   0.29840E+02   0.26934E+02   0.29928E+00  -0.78360E-01
   0.34003E+03   0.29834E+02   0.26551E+02   0.28949E+00  -0.10160E+00
   0.34038E+03   0.29821E+02   0.26330E+02   0.28190E+00  -0.11718E+00
   0.34073E+03   0.29811E+02   0.26150E+02   0.28587E+00  -0.13212E+00
   0.34108E+03   0.29814E+02   0.25853E+02   0.29377E+00  -0.15241E+00
   0.34143E+03   0.29821E+02   0.25445E+02   0.29658E+00  -0.18433E+00
   0.34178E+03   0.29827E+02   0.24898E+02   0.30401E+00  -0.22104E+00
   0.34213E+03   0.29838E+02   0.24613E+02   0.31704E+00  -0.24139E+00
   0.34248E+03   0.29853E+02   0.24495E+02   0.32957E+00  -0.26510E+00
   0.34283E+03   0.29870E+02   0.24107E+02   0.34720E+00  -0.30890E+00
   0.34318E+03   0.29889E+02   0.23538E+02   0.36845E+00  -0.35339E+00
   0.34353E+03   0.29907E+02   0.23296E+02   0.38999E+00  -0.39648E+00
   0.34388E+03   0.29925E+02   0.23261E+02   0.42514E+00  -0.43982E+00
   0.34423E+03   0.29942E+02   0.23395E+02   0.46682E+00  -0.48091E+00
   0.34458E+03   0.29958E+02   0.23986E+02   0.50716E+00  -0.50803E+00
   0.34493E+03   0.29971E+02   0.24588E+02   0.54966E+00  -0.52169E+00
   0.34528E+03   0.29981E+02   0.24953E+02   0.59278E+00  -0.53269E+00
   0.34563E+03   0.29987E+02   0.25579E+02   0.63933E+00  -0.52680E+00
   0.34598E+03   0.29992E+02   0.26389E+02   0.68442E+00  -0.50665E+00
   0.34633E+03   0.29995E+02   0.27025E+02   0.71740E+00  -0.47620E+00
   0.34668E+03   0.29997E+02   0.27582E+02   0.73351E+00  -0.42546E+00
   0.34703E+03   0.29998E+02   0.28015E+02   0.73735E+00  -0.35969E+00
   0.34738E+03   0.29999E+02   0.28379E+02   0.73597E+00  -0.29091E+00
   0.34773E+03   0.29999E+02   0.28699E+02   0.72802E+00  -0.22951E+00
   0.34808E+03   0.29999E+02   0.28961E+02   0.70145E+00  -0.17021E+00
   0.34843E+03   0.29997E+02   0.28979E+02   0.65901E+00  -0.11613E+00
   0.34878E+03   0.29996E+02   0.28973E+02   0.61064E+00  -0.64546E-01
   0.34913E+03   0.29993E+02   0.28985E+02   0.55658E+00  -0.89445E-02
   0.34948E+03   0.29987E+02   0.28847E+02   0.49944E+00   0.24665E-01
   0.34983E+03   0.29978E+02   0.28816E+02   0.45171E+00   0.43396E-01
   0.35018E+03   0.29966E+02   0.28823E+02   0.41791E+00   0.55632E-01
   0.35053E+03   0.29952E+02   0.28779E+02   0.39034E+00   0.52592E-01
   0.35088E+03   0.29938E+02   0.28641E+02   0.36587E+00   0.37866E-01
   0.35123E+03   0.29924E+02   0.28528E+02   0.34493E+00   0.27702E-01
   0.35158E+03   0.29908E+02   0.28430E+02   0.32859E+00   0.27482E-01
   0.35193E+03   0.29890E+02   0.28240E+02   0.31982E+00   0.13050E-01
   0.35228E+03   0.29878E+02   0.28029E+02   0.31854E+00  -0.79237E-02
   0.35263E+03   0.29872E+02   0.27793E+02   0.31687E+00  -0.22744E-01
   0.35298E+03   0.29867E+02   0.27684E+02   0.31004E+00  -0.30137E-01
   0.35333E+03   0.29857E+02   0.27617E+02   0.30089E+00  -0.35167E-01
   0.35368E+03   0.29844E+02   0.27453E+02   0.29603E+00  -0.49671E-01
   0.35403E+03   0.29836E+02   0.27215E+02   0.28990E+00  -0.69259E-01
   0.35438E+03   0.29825E+02   0.27001E+02   0.28177E+00  -0.89850E-01
   0.35473E+03   0.29817E+02   0.26880E+02   0.28262E+00  -0.10588E+00
   0.35508E+03   0.29825E+02   0.26953E+02   0.28468E+00  -0.11928E+00
   0.35543E+03   0.29910E+02   0.27651E+02   0.28469E+00  -0.13532E+00
