       time        TW        TE         hW        hE
   0.17500E+00   0.29411E+02   0.29062E+02   0.33304E-02  -0.35186E-01
   0.52500E+00   0.28640E+02   0.27501E+02   0.28046E-01  -0.10610E+00
   0.87500E+00   0.28464E+02   0.26258E+02   0.67414E-01  -0.17919E+00
   0.12250E+01   0.28613E+02   0.25094E+02   0.11698E+00  -0.26233E+00
   0.15750E+01   0.28932E+02   0.23915E+02   0.17671E+00  -0.34991E+00
   0.19250E+01   0.29257E+02   0.23084E+02   0.23822E+00  -0.42421E+00
   0.22750E+01   0.29520E+02   0.22716E+02   0.30722E+00  -0.49329E+00
   0.26250E+01   0.29706E+02   0.22635E+02   0.37874E+00  -0.56068E+00
   0.29750E+01   0.29827E+02   0.22868E+02   0.45314E+00  -0.61433E+00
   0.33250E+01   0.29903E+02   0.23528E+02   0.52610E+00  -0.64231E+00
   0.36750E+01   0.29948E+02   0.24619E+02   0.59455E+00  -0.64516E+00
   0.40250E+01   0.29972E+02   0.25660E+02   0.65619E+00  -0.62421E+00
   0.43750E+01   0.29983E+02   0.26465E+02   0.71126E+00  -0.57666E+00
   0.47250E+01   0.29989E+02   0.27088E+02   0.75746E+00  -0.51363E+00
   0.50750E+01   0.29993E+02   0.27629E+02   0.78308E+00  -0.44199E+00
   0.54250E+01   0.29996E+02   0.28079E+02   0.77823E+00  -0.36324E+00
   0.57750E+01   0.29998E+02   0.28440E+02   0.74673E+00  -0.28189E+00
   0.61250E+01   0.29998E+02   0.28755E+02   0.70340E+00  -0.20424E+00
   0.64750E+01   0.29998E+02   0.29022E+02   0.65345E+00  -0.13807E+00
   0.68250E+01   0.29995E+02   0.29228E+02   0.59641E+00  -0.87878E-01
   0.71750E+01   0.29991E+02   0.29160E+02   0.53950E+00  -0.47372E-01
   0.75250E+01   0.29985E+02   0.28809E+02   0.48943E+00  -0.20333E-01
   0.78750E+01   0.29976E+02   0.28577E+02   0.44414E+00   0.29868E-02
   0.82250E+01   0.29964E+02   0.28582E+02   0.40415E+00   0.28429E-01
   0.85750E+01   0.29949E+02   0.28600E+02   0.37477E+00   0.36090E-01
   0.89250E+01   0.29932E+02   0.28560E+02   0.35753E+00   0.31237E-01
   0.92750E+01   0.29915E+02   0.28481E+02   0.34567E+00   0.22016E-01
   0.96250E+01   0.29903E+02   0.28367E+02   0.33672E+00   0.10512E-01
   0.99750E+01   0.29894E+02   0.28238E+02   0.33029E+00   0.13091E-02
   0.10325E+02   0.29883E+02   0.28083E+02   0.32178E+00  -0.87969E-02
   0.10675E+02   0.29870E+02   0.27968E+02   0.31063E+00  -0.14619E-01
   0.11025E+02   0.29860E+02   0.27915E+02   0.30323E+00  -0.19488E-01
   0.11375E+02   0.29855E+02   0.27759E+02   0.29677E+00  -0.34587E-01
   0.11725E+02   0.29846E+02   0.27500E+02   0.28586E+00  -0.51512E-01
   0.12075E+02   0.29830E+02   0.27378E+02   0.27855E+00  -0.60019E-01
   0.12425E+02   0.29811E+02   0.27186E+02   0.27341E+00  -0.71502E-01
   0.12775E+02   0.29790E+02   0.26840E+02   0.26497E+00  -0.93925E-01
   0.13125E+02   0.29772E+02   0.26616E+02   0.26138E+00  -0.11327E+00
   0.13475E+02   0.29763E+02   0.26307E+02   0.26715E+00  -0.13104E+00
   0.13825E+02   0.29769E+02   0.25920E+02   0.27196E+00  -0.15075E+00
   0.14175E+02   0.29777E+02   0.25749E+02   0.27434E+00  -0.16663E+00
   0.14525E+02   0.29788E+02   0.25610E+02   0.28388E+00  -0.18235E+00
   0.14875E+02   0.29805E+02   0.25602E+02   0.29349E+00  -0.18760E+00
   0.15225E+02   0.29818E+02   0.25468E+02   0.30328E+00  -0.20091E+00
   0.15575E+02   0.29832E+02   0.25393E+02   0.31832E+00  -0.22329E+00
   0.15925E+02   0.29852E+02   0.25518E+02   0.33543E+00  -0.23184E+00
   0.16275E+02   0.29872E+02   0.25242E+02   0.35129E+00  -0.24910E+00
   0.16625E+02   0.29889E+02   0.25001E+02   0.36147E+00  -0.27124E+00
   0.16975E+02   0.29903E+02   0.25121E+02   0.37472E+00  -0.27740E+00
   0.17325E+02   0.29915E+02   0.25085E+02   0.39246E+00  -0.28433E+00
   0.17675E+02   0.29927E+02   0.24805E+02   0.40843E+00  -0.30380E+00
   0.18025E+02   0.29938E+02   0.24871E+02   0.42347E+00  -0.31632E+00
   0.18375E+02   0.29947E+02   0.25200E+02   0.44038E+00  -0.31242E+00
   0.18725E+02   0.29955E+02   0.25543E+02   0.45517E+00  -0.30728E+00
   0.19075E+02   0.29960E+02   0.26076E+02   0.46983E+00  -0.29639E+00
   0.19425E+02   0.29966E+02   0.26774E+02   0.48287E+00  -0.27207E+00
   0.19775E+02   0.29970E+02   0.27368E+02   0.49115E+00  -0.24928E+00
   0.20125E+02   0.29973E+02   0.27497E+02   0.49544E+00  -0.23380E+00
   0.20475E+02   0.29975E+02   0.27682E+02   0.49089E+00  -0.21081E+00
   0.20825E+02   0.29975E+02   0.27860E+02   0.48105E+00  -0.17863E+00
   0.21175E+02   0.29972E+02   0.27790E+02   0.46862E+00  -0.15259E+00
   0.21525E+02   0.29968E+02   0.27811E+02   0.45132E+00  -0.13413E+00
   0.21875E+02   0.29964E+02   0.27702E+02   0.42975E+00  -0.11886E+00
   0.22225E+02   0.29957E+02   0.27477E+02   0.41261E+00  -0.10695E+00
   0.22575E+02   0.29950E+02   0.27212E+02   0.39896E+00  -0.10174E+00
   0.22925E+02   0.29942E+02   0.26824E+02   0.38316E+00  -0.10224E+00
   0.23275E+02   0.29932E+02   0.26551E+02   0.36754E+00  -0.10415E+00
   0.23625E+02   0.29922E+02   0.26541E+02   0.35683E+00  -0.10219E+00
   0.23975E+02   0.29913E+02   0.26443E+02   0.34961E+00  -0.98791E-01
   0.24325E+02   0.29907E+02   0.26415E+02   0.34323E+00  -0.10188E+00
   0.24675E+02   0.29901E+02   0.26462E+02   0.34288E+00  -0.10527E+00
   0.25025E+02   0.29898E+02   0.26480E+02   0.34399E+00  -0.10353E+00
   0.25375E+02   0.29895E+02   0.26461E+02   0.34052E+00  -0.10739E+00
   0.25725E+02   0.29891E+02   0.26258E+02   0.33506E+00  -0.12078E+00
   0.26075E+02   0.29885E+02   0.26019E+02   0.33095E+00  -0.13060E+00
   0.26425E+02   0.29881E+02   0.25771E+02   0.32655E+00  -0.13725E+00
   0.26775E+02   0.29877E+02   0.25692E+02   0.31640E+00  -0.14458E+00
   0.27125E+02   0.29870E+02   0.25701E+02   0.31549E+00  -0.14873E+00
   0.27475E+02   0.29871E+02   0.25644E+02   0.32256E+00  -0.15667E+00
   0.27825E+02   0.29870E+02   0.25558E+02   0.32360E+00  -0.16780E+00
   0.28175E+02   0.29869E+02   0.25470E+02   0.32831E+00  -0.18125E+00
   0.28525E+02   0.29874E+02   0.25470E+02   0.33728E+00  -0.19220E+00
   0.28875E+02   0.29881E+02   0.25343E+02   0.34289E+00  -0.19964E+00
   0.29225E+02   0.29887E+02   0.25296E+02   0.34570E+00  -0.20881E+00
   0.29575E+02   0.29893E+02   0.25234E+02   0.34860E+00  -0.21451E+00
   0.29925E+02   0.29897E+02   0.25201E+02   0.35331E+00  -0.21563E+00
   0.30275E+02   0.29902E+02   0.25311E+02   0.36423E+00  -0.21768E+00
   0.30625E+02   0.29911E+02   0.25290E+02   0.37517E+00  -0.22817E+00
   0.30975E+02   0.29919E+02   0.25403E+02   0.37977E+00  -0.23272E+00
   0.31325E+02   0.29923E+02   0.25868E+02   0.38510E+00  -0.22121E+00
   0.31675E+02   0.29927E+02   0.26438E+02   0.39420E+00  -0.20667E+00
   0.32025E+02   0.29933E+02   0.26617E+02   0.40394E+00  -0.19949E+00
   0.32375E+02   0.29938E+02   0.26244E+02   0.40717E+00  -0.21095E+00
   0.32725E+02   0.29940E+02   0.25897E+02   0.40806E+00  -0.22157E+00
   0.33075E+02   0.29942E+02   0.25725E+02   0.40902E+00  -0.21462E+00
   0.33425E+02   0.29944E+02   0.25386E+02   0.40528E+00  -0.21633E+00
   0.33775E+02   0.29943E+02   0.25418E+02   0.39920E+00  -0.22013E+00
   0.34125E+02   0.29940E+02   0.25863E+02   0.39949E+00  -0.20469E+00
   0.34475E+02   0.29940E+02   0.26178E+02   0.40273E+00  -0.19056E+00
   0.34825E+02   0.29941E+02   0.26144E+02   0.40921E+00  -0.19357E+00
   0.35175E+02   0.29944E+02   0.26039E+02   0.41835E+00  -0.20035E+00
   0.35525E+02   0.29947E+02   0.26044E+02   0.41812E+00  -0.19456E+00
   0.35875E+02   0.29947E+02   0.26139E+02   0.41135E+00  -0.17940E+00
   0.36225E+02   0.29946E+02   0.26208E+02   0.40016E+00  -0.17113E+00
   0.36575E+02   0.29943E+02   0.26217E+02   0.39230E+00  -0.16278E+00
   0.36925E+02   0.29938E+02   0.26453E+02   0.39116E+00  -0.14850E+00
   0.37275E+02   0.29935E+02   0.26539E+02   0.38975E+00  -0.14365E+00
   0.37625E+02   0.29932E+02   0.26356E+02   0.38469E+00  -0.14959E+00
   0.37975E+02   0.29931E+02   0.26156E+02   0.38072E+00  -0.15500E+00
   0.38325E+02   0.29929E+02   0.25963E+02   0.37254E+00  -0.15563E+00
   0.38675E+02   0.29922E+02   0.25951E+02   0.36031E+00  -0.14724E+00
   0.39025E+02   0.29915E+02   0.26093E+02   0.35381E+00  -0.13955E+00
   0.39375E+02   0.29910E+02   0.26112E+02   0.35565E+00  -0.14275E+00
   0.39725E+02   0.29909E+02   0.26112E+02   0.36093E+00  -0.14334E+00
   0.40075E+02   0.29908E+02   0.26175E+02   0.35803E+00  -0.14350E+00
   0.40425E+02   0.29905E+02   0.26054E+02   0.35577E+00  -0.14921E+00
   0.40775E+02   0.29905E+02   0.25962E+02   0.35579E+00  -0.15035E+00
   0.41125E+02   0.29903E+02   0.25898E+02   0.35210E+00  -0.15428E+00
   0.41475E+02   0.29899E+02   0.25587E+02   0.34653E+00  -0.16692E+00
   0.41825E+02   0.29897E+02   0.25351E+02   0.34381E+00  -0.17617E+00
   0.42175E+02   0.29898E+02   0.25357E+02   0.34798E+00  -0.18136E+00
   0.42525E+02   0.29901E+02   0.25224E+02   0.35310E+00  -0.18889E+00
   0.42875E+02   0.29902E+02   0.24807E+02   0.35228E+00  -0.20545E+00
   0.43225E+02   0.29902E+02   0.24548E+02   0.35386E+00  -0.22126E+00
   0.43575E+02   0.29905E+02   0.24486E+02   0.36198E+00  -0.22947E+00
   0.43925E+02   0.29911E+02   0.24786E+02   0.37193E+00  -0.23157E+00
   0.44275E+02   0.29918E+02   0.25290E+02   0.38293E+00  -0.22857E+00
   0.44625E+02   0.29924E+02   0.25484E+02   0.39263E+00  -0.23275E+00
   0.44975E+02   0.29930E+02   0.25413E+02   0.40165E+00  -0.23915E+00
   0.45325E+02   0.29936E+02   0.25299E+02   0.40721E+00  -0.24083E+00
   0.45675E+02   0.29941E+02   0.25503E+02   0.41068E+00  -0.23617E+00
   0.46025E+02   0.29943E+02   0.25794E+02   0.41591E+00  -0.22540E+00
   0.46375E+02   0.29945E+02   0.26055E+02   0.41872E+00  -0.21414E+00
   0.46725E+02   0.29946E+02   0.26346E+02   0.41568E+00  -0.20582E+00
   0.47075E+02   0.29946E+02   0.26421E+02   0.41329E+00  -0.20128E+00
   0.47425E+02   0.29947E+02   0.26581E+02   0.41712E+00  -0.18836E+00
   0.47775E+02   0.29948E+02   0.26632E+02   0.41973E+00  -0.17714E+00
   0.48125E+02   0.29948E+02   0.26654E+02   0.41430E+00  -0.16934E+00
   0.48475E+02   0.29946E+02   0.26852E+02   0.40354E+00  -0.15362E+00
   0.48825E+02   0.29942E+02   0.27026E+02   0.39554E+00  -0.13713E+00
   0.49175E+02   0.29939E+02   0.27180E+02   0.39111E+00  -0.12379E+00
   0.49525E+02   0.29936E+02   0.27023E+02   0.38367E+00  -0.12203E+00
   0.49875E+02   0.29934E+02   0.26583E+02   0.37295E+00  -0.12834E+00
   0.50225E+02   0.29929E+02   0.26462E+02   0.36159E+00  -0.12302E+00
   0.50575E+02   0.29919E+02   0.26620E+02   0.35428E+00  -0.11154E+00
   0.50925E+02   0.29911E+02   0.26636E+02   0.34882E+00  -0.11058E+00
   0.51275E+02   0.29905E+02   0.26496E+02   0.34394E+00  -0.11979E+00
   0.51625E+02   0.29900E+02   0.26240E+02   0.33831E+00  -0.13018E+00
   0.51975E+02   0.29894E+02   0.26319E+02   0.33509E+00  -0.12491E+00
   0.52325E+02   0.29891E+02   0.26272E+02   0.33833E+00  -0.12455E+00
   0.52675E+02   0.29890E+02   0.25966E+02   0.33875E+00  -0.14235E+00
   0.53025E+02   0.29888E+02   0.25881E+02   0.33574E+00  -0.15128E+00
   0.53375E+02   0.29884E+02   0.25795E+02   0.33128E+00  -0.15348E+00
   0.53725E+02   0.29883E+02   0.25602E+02   0.32959E+00  -0.16290E+00
   0.54075E+02   0.29884E+02   0.25263E+02   0.33366E+00  -0.17894E+00
   0.54425E+02   0.29887E+02   0.25117E+02   0.33974E+00  -0.19128E+00
   0.54775E+02   0.29889E+02   0.25155E+02   0.34056E+00  -0.19490E+00
   0.55125E+02   0.29892E+02   0.25003E+02   0.34039E+00  -0.20563E+00
   0.55475E+02   0.29895E+02   0.24613E+02   0.34986E+00  -0.22773E+00
   0.55825E+02   0.29900E+02   0.24461E+02   0.36248E+00  -0.24497E+00
   0.56175E+02   0.29907E+02   0.24295E+02   0.37261E+00  -0.26015E+00
   0.56525E+02   0.29914E+02   0.23964E+02   0.37724E+00  -0.28239E+00
   0.56875E+02   0.29920E+02   0.24028E+02   0.38929E+00  -0.29782E+00
   0.57225E+02   0.29929E+02   0.24170E+02   0.40954E+00  -0.30140E+00
   0.57575E+02   0.29939E+02   0.24533E+02   0.42290E+00  -0.30421E+00
   0.57925E+02   0.29946E+02   0.25058E+02   0.43583E+00  -0.30689E+00
   0.58275E+02   0.29953E+02   0.25458E+02   0.45375E+00  -0.30150E+00
   0.58625E+02   0.29960E+02   0.25718E+02   0.47275E+00  -0.29039E+00
   0.58975E+02   0.29966E+02   0.26042E+02   0.48083E+00  -0.28135E+00
   0.59325E+02   0.29969E+02   0.26477E+02   0.48153E+00  -0.26701E+00
   0.59675E+02   0.29971E+02   0.26931E+02   0.48301E+00  -0.23883E+00
   0.60025E+02   0.29972E+02   0.27252E+02   0.48383E+00  -0.21400E+00
   0.60375E+02   0.29972E+02   0.27181E+02   0.47652E+00  -0.20005E+00
   0.60725E+02   0.29970E+02   0.27188E+02   0.46544E+00  -0.18148E+00
   0.61075E+02   0.29968E+02   0.27414E+02   0.45965E+00  -0.15555E+00
   0.61425E+02   0.29966E+02   0.27667E+02   0.45138E+00  -0.13419E+00
   0.61775E+02   0.29962E+02   0.27683E+02   0.43561E+00  -0.12202E+00
   0.62125E+02   0.29958E+02   0.27271E+02   0.41746E+00  -0.12046E+00
   0.62475E+02   0.29953E+02   0.26891E+02   0.40030E+00  -0.11598E+00
   0.62825E+02   0.29946E+02   0.26781E+02   0.38456E+00  -0.10061E+00
   0.63175E+02   0.29938E+02   0.26711E+02   0.37048E+00  -0.92553E-01
   0.63525E+02   0.29931E+02   0.26695E+02   0.35974E+00  -0.88959E-01
   0.63875E+02   0.29922E+02   0.26723E+02   0.34925E+00  -0.86277E-01
   0.64225E+02   0.29908E+02   0.26703E+02   0.34054E+00  -0.87979E-01
   0.64575E+02   0.29899E+02   0.26779E+02   0.33804E+00  -0.84674E-01
   0.64925E+02   0.29896E+02   0.26755E+02   0.33633E+00  -0.87958E-01
   0.65275E+02   0.29892E+02   0.26622E+02   0.33310E+00  -0.10034E+00
   0.65625E+02   0.29885E+02   0.26640E+02   0.32233E+00  -0.99233E-01
   0.65975E+02   0.29874E+02   0.26539E+02   0.31256E+00  -0.98682E-01
   0.66325E+02   0.29865E+02   0.26404E+02   0.31212E+00  -0.10669E+00
   0.66675E+02   0.29861E+02   0.26434E+02   0.31364E+00  -0.11148E+00
   0.67025E+02   0.29858E+02   0.26465E+02   0.31038E+00  -0.11722E+00
   0.67375E+02   0.29855E+02   0.26288E+02   0.30671E+00  -0.12837E+00
   0.67725E+02   0.29851E+02   0.26201E+02   0.30674E+00  -0.13913E+00
   0.68075E+02   0.29850E+02   0.26149E+02   0.31028E+00  -0.14251E+00
   0.68425E+02   0.29851E+02   0.25711E+02   0.31228E+00  -0.15881E+00
   0.68775E+02   0.29849E+02   0.25248E+02   0.31069E+00  -0.18451E+00
   0.69125E+02   0.29851E+02   0.25158E+02   0.31661E+00  -0.19367E+00
   0.69475E+02   0.29861E+02   0.25212E+02   0.32682E+00  -0.19849E+00
   0.69825E+02   0.29870E+02   0.25346E+02   0.33456E+00  -0.20843E+00
   0.70175E+02   0.29879E+02   0.25530E+02   0.34239E+00  -0.21549E+00
   0.70525E+02   0.29889E+02   0.25490E+02   0.35452E+00  -0.21806E+00
   0.70875E+02   0.29900E+02   0.25380E+02   0.36469E+00  -0.22481E+00
   0.71225E+02   0.29909E+02   0.25214E+02   0.37477E+00  -0.24082E+00
   0.71575E+02   0.29917E+02   0.24991E+02   0.38468E+00  -0.25198E+00
   0.71925E+02   0.29924E+02   0.25279E+02   0.38986E+00  -0.24611E+00
   0.72275E+02   0.29930E+02   0.25816E+02   0.39584E+00  -0.23901E+00
   0.72625E+02   0.29934E+02   0.25901E+02   0.40130E+00  -0.24150E+00
   0.72975E+02   0.29938E+02   0.25787E+02   0.41257E+00  -0.24452E+00
   0.73325E+02   0.29942E+02   0.25690E+02   0.42701E+00  -0.25066E+00
   0.73675E+02   0.29948E+02   0.25857E+02   0.43524E+00  -0.24941E+00
   0.74025E+02   0.29952E+02   0.26244E+02   0.43389E+00  -0.23575E+00
   0.74375E+02   0.29954E+02   0.26419E+02   0.43285E+00  -0.22416E+00
   0.74725E+02   0.29956E+02   0.26547E+02   0.43408E+00  -0.20818E+00
   0.75075E+02   0.29957E+02   0.26658E+02   0.43013E+00  -0.19341E+00
   0.75425E+02   0.29956E+02   0.26626E+02   0.42786E+00  -0.18569E+00
   0.75775E+02   0.29956E+02   0.26759E+02   0.42956E+00  -0.17011E+00
   0.76125E+02   0.29956E+02   0.26889E+02   0.42764E+00  -0.15294E+00
   0.76475E+02   0.29953E+02   0.26835E+02   0.40976E+00  -0.14430E+00
   0.76825E+02   0.29947E+02   0.26951E+02   0.39264E+00  -0.13164E+00
   0.77175E+02   0.29941E+02   0.27051E+02   0.38948E+00  -0.11405E+00
   0.77525E+02   0.29938E+02   0.26738E+02   0.38434E+00  -0.12046E+00
   0.77875E+02   0.29934E+02   0.26384E+02   0.37371E+00  -0.13561E+00
   0.78225E+02   0.29926E+02   0.26420E+02   0.36440E+00  -0.12744E+00
   0.78575E+02   0.29919E+02   0.26397E+02   0.35691E+00  -0.11718E+00
   0.78925E+02   0.29913E+02   0.26122E+02   0.34851E+00  -0.12593E+00
   0.79275E+02   0.29906E+02   0.25826E+02   0.34331E+00  -0.14388E+00
   0.79625E+02   0.29901E+02   0.25491E+02   0.34007E+00  -0.15420E+00
   0.79975E+02   0.29896E+02   0.25509E+02   0.34170E+00  -0.14849E+00
   0.80325E+02   0.29895E+02   0.25614E+02   0.34764E+00  -0.15177E+00
   0.80675E+02   0.29899E+02   0.25381E+02   0.34863E+00  -0.17274E+00
   0.81025E+02   0.29900E+02   0.25201E+02   0.34503E+00  -0.18118E+00
   0.81375E+02   0.29899E+02   0.25185E+02   0.34450E+00  -0.18354E+00
   0.81725E+02   0.29900E+02   0.25143E+02   0.34909E+00  -0.18684E+00
   0.82075E+02   0.29903E+02   0.25309E+02   0.35698E+00  -0.18740E+00
   0.82425E+02   0.29906E+02   0.25428E+02   0.36325E+00  -0.19862E+00
   0.82775E+02   0.29908E+02   0.25216E+02   0.36377E+00  -0.20959E+00
   0.83125E+02   0.29908E+02   0.25205E+02   0.36293E+00  -0.21149E+00
   0.83475E+02   0.29912E+02   0.25167E+02   0.36925E+00  -0.21911E+00
   0.83825E+02   0.29919E+02   0.24832E+02   0.37811E+00  -0.23103E+00
   0.84175E+02   0.29923E+02   0.24989E+02   0.37919E+00  -0.23088E+00
   0.84525E+02   0.29925E+02   0.25082E+02   0.37822E+00  -0.23415E+00
   0.84875E+02   0.29927E+02   0.24752E+02   0.38389E+00  -0.24406E+00
   0.85225E+02   0.29930E+02   0.24590E+02   0.39949E+00  -0.25120E+00
   0.85575E+02   0.29937E+02   0.24761E+02   0.40617E+00  -0.25519E+00
   0.85925E+02   0.29941E+02   0.25158E+02   0.40773E+00  -0.24755E+00
   0.86275E+02   0.29944E+02   0.25353E+02   0.41677E+00  -0.24059E+00
   0.86625E+02   0.29948E+02   0.25233E+02   0.42512E+00  -0.24160E+00
   0.86975E+02   0.29951E+02   0.25285E+02   0.42836E+00  -0.23581E+00
   0.87325E+02   0.29953E+02   0.25752E+02   0.43363E+00  -0.22362E+00
   0.87675E+02   0.29955E+02   0.25909E+02   0.43671E+00  -0.21412E+00
   0.88025E+02   0.29957E+02   0.26197E+02   0.43425E+00  -0.19713E+00
   0.88375E+02   0.29957E+02   0.26467E+02   0.43328E+00  -0.18554E+00
   0.88725E+02   0.29956E+02   0.26408E+02   0.42450E+00  -0.17891E+00
   0.89075E+02   0.29954E+02   0.26412E+02   0.41619E+00  -0.16474E+00
   0.89425E+02   0.29952E+02   0.26540E+02   0.41299E+00  -0.15470E+00
   0.89775E+02   0.29949E+02   0.26658E+02   0.40666E+00  -0.14316E+00
   0.90125E+02   0.29944E+02   0.26638E+02   0.39467E+00  -0.13020E+00
   0.90475E+02   0.29937E+02   0.26555E+02   0.38209E+00  -0.13015E+00
   0.90825E+02   0.29931E+02   0.26174E+02   0.37233E+00  -0.13507E+00
   0.91175E+02   0.29927E+02   0.25858E+02   0.36524E+00  -0.13509E+00
   0.91525E+02   0.29921E+02   0.26035E+02   0.35836E+00  -0.12606E+00
   0.91875E+02   0.29912E+02   0.26337E+02   0.35151E+00  -0.11391E+00
   0.92225E+02   0.29905E+02   0.26390E+02   0.35177E+00  -0.11325E+00
   0.92575E+02   0.29903E+02   0.26167E+02   0.35053E+00  -0.13039E+00
   0.92925E+02   0.29901E+02   0.25867E+02   0.34466E+00  -0.14572E+00
   0.93275E+02   0.29899E+02   0.25692E+02   0.34421E+00  -0.14553E+00
   0.93625E+02   0.29896E+02   0.25740E+02   0.34385E+00  -0.14383E+00
   0.93975E+02   0.29894E+02   0.25758E+02   0.34000E+00  -0.14614E+00
   0.94325E+02   0.29891E+02   0.25623E+02   0.33470E+00  -0.15549E+00
   0.94675E+02   0.29887E+02   0.25716E+02   0.33491E+00  -0.16141E+00
   0.95025E+02   0.29885E+02   0.25777E+02   0.34316E+00  -0.16187E+00
   0.95375E+02   0.29891E+02   0.25586E+02   0.35197E+00  -0.17364E+00
   0.95725E+02   0.29897E+02   0.25295E+02   0.35272E+00  -0.19404E+00
   0.96075E+02   0.29897E+02   0.25118E+02   0.34669E+00  -0.20246E+00
   0.96425E+02   0.29896E+02   0.25171E+02   0.34662E+00  -0.19628E+00
   0.96775E+02   0.29898E+02   0.25300E+02   0.35157E+00  -0.19744E+00
   0.97125E+02   0.29902E+02   0.25380E+02   0.36343E+00  -0.20787E+00
   0.97475E+02   0.29910E+02   0.25309E+02   0.37367E+00  -0.21885E+00
   0.97825E+02   0.29916E+02   0.25187E+02   0.37529E+00  -0.22924E+00
   0.98175E+02   0.29919E+02   0.25307E+02   0.38182E+00  -0.23187E+00
   0.98525E+02   0.29924E+02   0.25459E+02   0.39406E+00  -0.23097E+00
   0.98875E+02   0.29930E+02   0.25458E+02   0.39867E+00  -0.23284E+00
   0.99225E+02   0.29934E+02   0.25656E+02   0.39956E+00  -0.23414E+00
   0.99575E+02   0.29938E+02   0.25927E+02   0.40351E+00  -0.22824E+00
   0.99925E+02   0.29941E+02   0.26338E+02   0.41168E+00  -0.21047E+00
   0.10027E+03   0.29946E+02   0.26544E+02   0.42157E+00  -0.19923E+00
   0.10062E+03   0.29948E+02   0.26557E+02   0.42050E+00  -0.19869E+00
   0.10097E+03   0.29948E+02   0.26502E+02   0.41392E+00  -0.19177E+00
   0.10132E+03   0.29947E+02   0.26253E+02   0.40946E+00  -0.18434E+00
   0.10167E+03   0.29945E+02   0.26309E+02   0.40877E+00  -0.17846E+00
   0.10202E+03   0.29945E+02   0.26245E+02   0.40447E+00  -0.17496E+00
   0.10237E+03   0.29942E+02   0.26191E+02   0.39483E+00  -0.16900E+00
   0.10272E+03   0.29937E+02   0.26263E+02   0.38960E+00  -0.15783E+00
   0.10307E+03   0.29936E+02   0.25995E+02   0.38776E+00  -0.16130E+00
   0.10342E+03   0.29936E+02   0.25926E+02   0.38615E+00  -0.16374E+00
   0.10377E+03   0.29935E+02   0.25928E+02   0.38270E+00  -0.16311E+00
   0.10412E+03   0.29933E+02   0.25747E+02   0.37707E+00  -0.16319E+00
   0.10447E+03   0.29927E+02   0.25875E+02   0.37119E+00  -0.14964E+00
   0.10482E+03   0.29922E+02   0.26043E+02   0.37042E+00  -0.14600E+00
   0.10517E+03   0.29922E+02   0.26069E+02   0.37053E+00  -0.14973E+00
   0.10552E+03   0.29921E+02   0.26078E+02   0.36792E+00  -0.14816E+00
   0.10587E+03   0.29919E+02   0.26008E+02   0.36456E+00  -0.15025E+00
   0.10622E+03   0.29916E+02   0.26203E+02   0.36003E+00  -0.13888E+00
   0.10657E+03   0.29912E+02   0.26409E+02   0.35799E+00  -0.12777E+00
   0.10692E+03   0.29908E+02   0.26232E+02   0.35228E+00  -0.13980E+00
   0.10727E+03   0.29904E+02   0.26108E+02   0.34526E+00  -0.14431E+00
   0.10762E+03   0.29900E+02   0.26014E+02   0.34307E+00  -0.14237E+00
   0.10797E+03   0.29896E+02   0.25736E+02   0.34204E+00  -0.15583E+00
   0.10832E+03   0.29894E+02   0.25486E+02   0.34179E+00  -0.16594E+00
   0.10867E+03   0.29892E+02   0.25347E+02   0.33856E+00  -0.17427E+00
   0.10902E+03   0.29888E+02   0.25428E+02   0.33856E+00  -0.17941E+00
   0.10937E+03   0.29888E+02   0.25527E+02   0.34575E+00  -0.17798E+00
   0.10972E+03   0.29894E+02   0.25415E+02   0.35384E+00  -0.19079E+00
   0.11007E+03   0.29900E+02   0.25425E+02   0.36291E+00  -0.20246E+00
   0.11042E+03   0.29907E+02   0.25212E+02   0.36882E+00  -0.21114E+00
   0.11077E+03   0.29913E+02   0.25019E+02   0.36747E+00  -0.21834E+00
   0.11112E+03   0.29914E+02   0.25066E+02   0.36986E+00  -0.21794E+00
   0.11147E+03   0.29917E+02   0.25259E+02   0.37885E+00  -0.21709E+00
   0.11182E+03   0.29921E+02   0.25335E+02   0.38341E+00  -0.21811E+00
   0.11217E+03   0.29925E+02   0.25237E+02   0.38552E+00  -0.22736E+00
   0.11252E+03   0.29928E+02   0.25321E+02   0.39386E+00  -0.23450E+00
   0.11287E+03   0.29933E+02   0.25641E+02   0.40550E+00  -0.22390E+00
   0.11322E+03   0.29939E+02   0.25907E+02   0.40981E+00  -0.21735E+00
   0.11357E+03   0.29941E+02   0.25793E+02   0.40883E+00  -0.22553E+00
   0.11392E+03   0.29941E+02   0.25830E+02   0.41035E+00  -0.22031E+00
   0.11427E+03   0.29943E+02   0.26250E+02   0.41582E+00  -0.20061E+00
   0.11462E+03   0.29946E+02   0.26370E+02   0.42004E+00  -0.19826E+00
   0.11497E+03   0.29949E+02   0.26249E+02   0.41582E+00  -0.20001E+00
   0.11532E+03   0.29948E+02   0.26340E+02   0.41005E+00  -0.18605E+00
   0.11567E+03   0.29946E+02   0.26357E+02   0.40522E+00  -0.16927E+00
   0.11602E+03   0.29943E+02   0.26497E+02   0.39914E+00  -0.15462E+00
   0.11637E+03   0.29940E+02   0.26669E+02   0.39792E+00  -0.14962E+00
   0.11672E+03   0.29940E+02   0.26814E+02   0.39601E+00  -0.14191E+00
   0.11707E+03   0.29938E+02   0.27000E+02   0.38787E+00  -0.12802E+00
   0.11742E+03   0.29933E+02   0.27102E+02   0.37602E+00  -0.11803E+00
   0.11777E+03   0.29927E+02   0.27124E+02   0.37064E+00  -0.10858E+00
   0.11812E+03   0.29922E+02   0.26973E+02   0.36608E+00  -0.10653E+00
   0.11847E+03   0.29915E+02   0.26735E+02   0.35369E+00  -0.11387E+00
   0.11882E+03   0.29907E+02   0.26522E+02   0.34284E+00  -0.11736E+00
   0.11917E+03   0.29899E+02   0.26425E+02   0.33380E+00  -0.11674E+00
   0.11952E+03   0.29892E+02   0.26378E+02   0.33165E+00  -0.11741E+00
   0.11987E+03   0.29887E+02   0.26098E+02   0.33107E+00  -0.13014E+00
   0.12022E+03   0.29882E+02   0.25766E+02   0.32230E+00  -0.14647E+00
   0.12057E+03   0.29876E+02   0.25714E+02   0.32202E+00  -0.15016E+00
   0.12092E+03   0.29876E+02   0.25703E+02   0.33470E+00  -0.15306E+00
   0.12127E+03   0.29882E+02   0.25468E+02   0.33685E+00  -0.16547E+00
   0.12162E+03   0.29883E+02   0.25151E+02   0.33278E+00  -0.18594E+00
   0.12197E+03   0.29884E+02   0.25026E+02   0.33701E+00  -0.19714E+00
   0.12232E+03   0.29886E+02   0.24917E+02   0.34287E+00  -0.20111E+00
   0.12267E+03   0.29892E+02   0.24883E+02   0.35105E+00  -0.21099E+00
   0.12302E+03   0.29900E+02   0.24851E+02   0.35881E+00  -0.22891E+00
   0.12337E+03   0.29906E+02   0.24696E+02   0.36430E+00  -0.24238E+00
   0.12372E+03   0.29912E+02   0.24436E+02   0.36962E+00  -0.25091E+00
   0.12407E+03   0.29916E+02   0.24264E+02   0.37832E+00  -0.26881E+00
   0.12442E+03   0.29923E+02   0.24430E+02   0.39562E+00  -0.27888E+00
   0.12477E+03   0.29931E+02   0.24655E+02   0.41151E+00  -0.28207E+00
   0.12512E+03   0.29938E+02   0.24966E+02   0.41930E+00  -0.29008E+00
   0.12547E+03   0.29945E+02   0.25512E+02   0.43017E+00  -0.28428E+00
   0.12582E+03   0.29952E+02   0.26038E+02   0.44444E+00  -0.26802E+00
   0.12617E+03   0.29957E+02   0.25962E+02   0.45803E+00  -0.26647E+00
   0.12652E+03   0.29962E+02   0.25855E+02   0.46484E+00  -0.26458E+00
   0.12687E+03   0.29965E+02   0.26421E+02   0.46313E+00  -0.24511E+00
   0.12722E+03   0.29966E+02   0.26882E+02   0.46269E+00  -0.22104E+00
   0.12757E+03   0.29967E+02   0.26924E+02   0.46280E+00  -0.20316E+00
   0.12792E+03   0.29966E+02   0.26935E+02   0.45563E+00  -0.19177E+00
   0.12827E+03   0.29965E+02   0.27227E+02   0.44554E+00  -0.17250E+00
   0.12862E+03   0.29962E+02   0.27498E+02   0.44134E+00  -0.14797E+00
   0.12897E+03   0.29960E+02   0.27397E+02   0.43510E+00  -0.13415E+00
   0.12932E+03   0.29957E+02   0.27252E+02   0.42116E+00  -0.12633E+00
   0.12967E+03   0.29951E+02   0.27317E+02   0.40420E+00  -0.11002E+00
   0.13002E+03   0.29943E+02   0.27435E+02   0.38952E+00  -0.90616E-01
   0.13037E+03   0.29936E+02   0.27225E+02   0.37718E+00  -0.88179E-01
   0.13072E+03   0.29929E+02   0.26884E+02   0.36492E+00  -0.99837E-01
   0.13107E+03   0.29921E+02   0.26562E+02   0.35401E+00  -0.10606E+00
   0.13142E+03   0.29911E+02   0.26290E+02   0.34009E+00  -0.10264E+00
   0.13177E+03   0.29900E+02   0.26247E+02   0.32810E+00  -0.10280E+00
   0.13212E+03   0.29892E+02   0.26319E+02   0.32661E+00  -0.10633E+00
   0.13247E+03   0.29889E+02   0.26260E+02   0.32950E+00  -0.11101E+00
   0.13282E+03   0.29885E+02   0.26060E+02   0.32618E+00  -0.12468E+00
   0.13317E+03   0.29878E+02   0.25939E+02   0.32303E+00  -0.13440E+00
   0.13352E+03   0.29875E+02   0.25923E+02   0.32987E+00  -0.13204E+00
   0.13387E+03   0.29879E+02   0.25827E+02   0.33398E+00  -0.14006E+00
   0.13422E+03   0.29879E+02   0.25703E+02   0.32548E+00  -0.15392E+00
   0.13457E+03   0.29875E+02   0.25769E+02   0.31858E+00  -0.15663E+00
   0.13492E+03   0.29876E+02   0.25833E+02   0.32378E+00  -0.15324E+00
   0.13527E+03   0.29878E+02   0.25901E+02   0.33074E+00  -0.15430E+00
   0.13562E+03   0.29879E+02   0.25899E+02   0.33474E+00  -0.16763E+00
   0.13597E+03   0.29880E+02   0.25696E+02   0.33560E+00  -0.18222E+00
   0.13632E+03   0.29882E+02   0.25425E+02   0.33730E+00  -0.19072E+00
   0.13667E+03   0.29887E+02   0.25199E+02   0.33992E+00  -0.20371E+00
   0.13702E+03   0.29891E+02   0.24969E+02   0.34475E+00  -0.21935E+00
   0.13737E+03   0.29896E+02   0.24447E+02   0.34968E+00  -0.23844E+00
   0.13772E+03   0.29902E+02   0.24018E+02   0.35388E+00  -0.26361E+00
   0.13807E+03   0.29907E+02   0.23826E+02   0.36624E+00  -0.28083E+00
   0.13842E+03   0.29916E+02   0.23794E+02   0.38127E+00  -0.29436E+00
   0.13877E+03   0.29926E+02   0.24109E+02   0.39894E+00  -0.30444E+00
   0.13912E+03   0.29935E+02   0.24538E+02   0.42019E+00  -0.30825E+00
   0.13947E+03   0.29944E+02   0.25130E+02   0.43808E+00  -0.30546E+00
   0.13982E+03   0.29953E+02   0.25551E+02   0.45401E+00  -0.30046E+00
   0.14017E+03   0.29960E+02   0.25696E+02   0.47229E+00  -0.29868E+00
   0.14052E+03   0.29966E+02   0.26193E+02   0.48441E+00  -0.28202E+00
   0.14087E+03   0.29970E+02   0.26941E+02   0.48683E+00  -0.24989E+00
   0.14122E+03   0.29972E+02   0.27294E+02   0.48469E+00  -0.22527E+00
   0.14157E+03   0.29973E+02   0.27301E+02   0.47948E+00  -0.21212E+00
   0.14192E+03   0.29972E+02   0.27488E+02   0.47239E+00  -0.18801E+00
   0.14227E+03   0.29970E+02   0.27834E+02   0.46195E+00  -0.15685E+00
   0.14262E+03   0.29967E+02   0.27837E+02   0.45101E+00  -0.13853E+00
   0.14297E+03   0.29964E+02   0.27653E+02   0.43462E+00  -0.12143E+00
   0.14332E+03   0.29957E+02   0.27465E+02   0.41377E+00  -0.10681E+00
   0.14367E+03   0.29948E+02   0.27300E+02   0.39600E+00  -0.93555E-01
   0.14402E+03   0.29940E+02   0.27304E+02   0.38005E+00  -0.74965E-01
   0.14437E+03   0.29932E+02   0.27353E+02   0.36792E+00  -0.67216E-01
   0.14472E+03   0.29924E+02   0.27360E+02   0.35934E+00  -0.67944E-01
   0.14507E+03   0.29914E+02   0.27282E+02   0.34645E+00  -0.67267E-01
   0.14542E+03   0.29903E+02   0.27260E+02   0.33381E+00  -0.65513E-01
   0.14577E+03   0.29892E+02   0.27180E+02   0.32675E+00  -0.67686E-01
   0.14612E+03   0.29883E+02   0.27122E+02   0.32475E+00  -0.72195E-01
   0.14647E+03   0.29879E+02   0.26976E+02   0.31720E+00  -0.77525E-01
   0.14682E+03   0.29869E+02   0.26618E+02   0.30330E+00  -0.94445E-01
   0.14717E+03   0.29858E+02   0.26437E+02   0.29969E+00  -0.10386E+00
   0.14752E+03   0.29856E+02   0.26343E+02   0.30166E+00  -0.10283E+00
   0.14787E+03   0.29852E+02   0.26241E+02   0.29910E+00  -0.11452E+00
   0.14822E+03   0.29844E+02   0.26142E+02   0.29660E+00  -0.12906E+00
   0.14857E+03   0.29840E+02   0.25964E+02   0.29993E+00  -0.14077E+00
   0.14892E+03   0.29839E+02   0.26045E+02   0.30683E+00  -0.14353E+00
   0.14927E+03   0.29843E+02   0.26164E+02   0.31432E+00  -0.14981E+00
   0.14962E+03   0.29850E+02   0.25886E+02   0.31807E+00  -0.17005E+00
   0.14997E+03   0.29854E+02   0.25658E+02   0.31995E+00  -0.17973E+00
   0.15032E+03   0.29858E+02   0.25837E+02   0.32449E+00  -0.17927E+00
   0.15067E+03   0.29864E+02   0.25674E+02   0.32877E+00  -0.18955E+00
   0.15102E+03   0.29872E+02   0.25102E+02   0.33550E+00  -0.21370E+00
   0.15137E+03   0.29881E+02   0.24761E+02   0.34171E+00  -0.23776E+00
   0.15172E+03   0.29888E+02   0.24700E+02   0.34632E+00  -0.24434E+00
   0.15207E+03   0.29895E+02   0.24664E+02   0.35581E+00  -0.25100E+00
   0.15242E+03   0.29903E+02   0.24528E+02   0.37194E+00  -0.27470E+00
   0.15277E+03   0.29914E+02   0.24546E+02   0.38954E+00  -0.28891E+00
   0.15312E+03   0.29925E+02   0.24312E+02   0.40465E+00  -0.30322E+00
   0.15347E+03   0.29936E+02   0.23802E+02   0.41910E+00  -0.33356E+00
   0.15382E+03   0.29944E+02   0.23592E+02   0.43358E+00  -0.35035E+00
   0.15417E+03   0.29952E+02   0.23812E+02   0.45722E+00  -0.35448E+00
   0.15452E+03   0.29960E+02   0.24605E+02   0.47453E+00  -0.34847E+00
   0.15487E+03   0.29966E+02   0.25129E+02   0.48248E+00  -0.33831E+00
   0.15522E+03   0.29971E+02   0.25215E+02   0.50033E+00  -0.33770E+00
   0.15557E+03   0.29975E+02   0.25771E+02   0.52438E+00  -0.32126E+00
   0.15592E+03   0.29979E+02   0.26389E+02   0.53730E+00  -0.29687E+00
   0.15627E+03   0.29982E+02   0.26945E+02   0.53593E+00  -0.27245E+00
   0.15662E+03   0.29983E+02   0.27225E+02   0.53125E+00  -0.24173E+00
   0.15697E+03   0.29983E+02   0.27282E+02   0.52141E+00  -0.21003E+00
   0.15732E+03   0.29981E+02   0.27692E+02   0.50595E+00  -0.17451E+00
   0.15767E+03   0.29979E+02   0.27937E+02   0.49062E+00  -0.14551E+00
   0.15802E+03   0.29976E+02   0.27816E+02   0.47810E+00  -0.12363E+00
   0.15837E+03   0.29973E+02   0.27847E+02   0.46221E+00  -0.10103E+00
   0.15872E+03   0.29967E+02   0.28146E+02   0.43364E+00  -0.74249E-01
   0.15907E+03   0.29958E+02   0.28223E+02   0.40375E+00  -0.47745E-01
   0.15942E+03   0.29948E+02   0.28176E+02   0.38473E+00  -0.31105E-01
   0.15977E+03   0.29935E+02   0.28201E+02   0.37041E+00  -0.20726E-01
   0.16012E+03   0.29922E+02   0.28074E+02   0.35276E+00  -0.20877E-01
   0.16047E+03   0.29907E+02   0.27929E+02   0.33264E+00  -0.28602E-01
   0.16082E+03   0.29892E+02   0.27786E+02   0.31972E+00  -0.33283E-01
   0.16117E+03   0.29877E+02   0.27495E+02   0.30905E+00  -0.44399E-01
   0.16152E+03   0.29859E+02   0.27335E+02   0.29756E+00  -0.52768E-01
   0.16187E+03   0.29840E+02   0.27299E+02   0.29325E+00  -0.60150E-01
   0.16222E+03   0.29833E+02   0.27003E+02   0.29707E+00  -0.79307E-01
   0.16257E+03   0.29835E+02   0.26831E+02   0.30061E+00  -0.92684E-01
   0.16292E+03   0.29834E+02   0.26758E+02   0.29969E+00  -0.99298E-01
   0.16327E+03   0.29832E+02   0.26639E+02   0.29621E+00  -0.10244E+00
   0.16362E+03   0.29830E+02   0.26737E+02   0.29374E+00  -0.99679E-01
   0.16397E+03   0.29833E+02   0.26502E+02   0.29431E+00  -0.11654E+00
   0.16432E+03   0.29833E+02   0.25998E+02   0.28864E+00  -0.14213E+00
   0.16467E+03   0.29825E+02   0.25750E+02   0.28627E+00  -0.14908E+00
   0.16502E+03   0.29818E+02   0.25592E+02   0.29190E+00  -0.15888E+00
   0.16537E+03   0.29818E+02   0.25491E+02   0.29895E+00  -0.17457E+00
   0.16572E+03   0.29827E+02   0.25189E+02   0.30444E+00  -0.19986E+00
   0.16607E+03   0.29837E+02   0.25068E+02   0.31023E+00  -0.22095E+00
   0.16642E+03   0.29849E+02   0.25097E+02   0.32614E+00  -0.22710E+00
   0.16677E+03   0.29867E+02   0.24774E+02   0.34371E+00  -0.24597E+00
   0.16712E+03   0.29884E+02   0.24596E+02   0.35798E+00  -0.26863E+00
   0.16747E+03   0.29899E+02   0.24532E+02   0.37078E+00  -0.28208E+00
   0.16782E+03   0.29910E+02   0.24492E+02   0.38314E+00  -0.29129E+00
   0.16817E+03   0.29922E+02   0.24889E+02   0.39837E+00  -0.29454E+00
   0.16852E+03   0.29933E+02   0.25283E+02   0.41700E+00  -0.29754E+00
   0.16887E+03   0.29943E+02   0.25655E+02   0.43596E+00  -0.29622E+00
   0.16922E+03   0.29951E+02   0.25686E+02   0.44882E+00  -0.29366E+00
   0.16957E+03   0.29957E+02   0.25448E+02   0.45719E+00  -0.29816E+00
   0.16992E+03   0.29962E+02   0.25865E+02   0.47185E+00  -0.28912E+00
   0.17027E+03   0.29967E+02   0.26609E+02   0.48396E+00  -0.26400E+00
   0.17062E+03   0.29970E+02   0.27345E+02   0.48311E+00  -0.23905E+00
   0.17097E+03   0.29971E+02   0.27617E+02   0.47963E+00  -0.21925E+00
   0.17132E+03   0.29971E+02   0.27605E+02   0.47738E+00  -0.19634E+00
   0.17167E+03   0.29971E+02   0.27332E+02   0.47382E+00  -0.17870E+00
   0.17202E+03   0.29970E+02   0.27015E+02   0.46353E+00  -0.16946E+00
   0.17237E+03   0.29967E+02   0.27069E+02   0.44854E+00  -0.15026E+00
   0.17272E+03   0.29963E+02   0.27241E+02   0.42896E+00  -0.12278E+00
   0.17307E+03   0.29957E+02   0.27177E+02   0.40975E+00  -0.10984E+00
   0.17342E+03   0.29949E+02   0.26949E+02   0.39102E+00  -0.10802E+00
   0.17377E+03   0.29940E+02   0.26750E+02   0.38126E+00  -0.10145E+00
   0.17412E+03   0.29935E+02   0.26702E+02   0.37758E+00  -0.93707E-01
   0.17447E+03   0.29928E+02   0.26770E+02   0.36718E+00  -0.91454E-01
   0.17482E+03   0.29918E+02   0.26714E+02   0.35544E+00  -0.91650E-01
   0.17517E+03   0.29907E+02   0.26654E+02   0.34456E+00  -0.92959E-01
   0.17552E+03   0.29898E+02   0.26671E+02   0.33868E+00  -0.93687E-01
   0.17587E+03   0.29894E+02   0.26723E+02   0.33565E+00  -0.91223E-01
   0.17622E+03   0.29891E+02   0.26802E+02   0.33158E+00  -0.90568E-01
   0.17657E+03   0.29884E+02   0.26879E+02   0.32746E+00  -0.91244E-01
   0.17692E+03   0.29879E+02   0.26660E+02   0.32513E+00  -0.99439E-01
   0.17727E+03   0.29870E+02   0.26287E+02   0.31392E+00  -0.11845E+00
   0.17762E+03   0.29858E+02   0.26024E+02   0.30817E+00  -0.13343E+00
   0.17797E+03   0.29854E+02   0.25829E+02   0.31125E+00  -0.14100E+00
   0.17832E+03   0.29853E+02   0.25621E+02   0.31036E+00  -0.15245E+00
   0.17867E+03   0.29851E+02   0.25376E+02   0.30739E+00  -0.17058E+00
   0.17902E+03   0.29850E+02   0.25148E+02   0.31079E+00  -0.18485E+00
   0.17937E+03   0.29855E+02   0.25030E+02   0.32479E+00  -0.19276E+00
   0.17972E+03   0.29869E+02   0.25297E+02   0.33620E+00  -0.19982E+00
   0.18007E+03   0.29879E+02   0.25490E+02   0.34292E+00  -0.20946E+00
   0.18042E+03   0.29886E+02   0.25401E+02   0.35408E+00  -0.22006E+00
   0.18077E+03   0.29896E+02   0.25489E+02   0.36207E+00  -0.22076E+00
   0.18112E+03   0.29904E+02   0.25495E+02   0.36720E+00  -0.22725E+00
   0.18147E+03   0.29911E+02   0.25416E+02   0.37621E+00  -0.23718E+00
   0.18182E+03   0.29917E+02   0.25716E+02   0.38586E+00  -0.23009E+00
   0.18217E+03   0.29924E+02   0.25901E+02   0.39191E+00  -0.22659E+00
   0.18252E+03   0.29929E+02   0.26070E+02   0.39519E+00  -0.22696E+00
   0.18287E+03   0.29933E+02   0.26285E+02   0.40148E+00  -0.22517E+00
   0.18322E+03   0.29938E+02   0.26152E+02   0.40788E+00  -0.22253E+00
   0.18357E+03   0.29941E+02   0.26154E+02   0.41223E+00  -0.21682E+00
   0.18392E+03   0.29943E+02   0.26081E+02   0.41395E+00  -0.21627E+00
   0.18427E+03   0.29944E+02   0.26291E+02   0.41294E+00  -0.20467E+00
   0.18462E+03   0.29946E+02   0.26601E+02   0.41298E+00  -0.18968E+00
   0.18497E+03   0.29947E+02   0.26563E+02   0.41318E+00  -0.18599E+00
   0.18532E+03   0.29947E+02   0.26683E+02   0.41044E+00  -0.17491E+00
   0.18567E+03   0.29947E+02   0.26922E+02   0.40703E+00  -0.15891E+00
   0.18602E+03   0.29944E+02   0.27022E+02   0.40490E+00  -0.14754E+00
   0.18637E+03   0.29942E+02   0.26729E+02   0.40100E+00  -0.14753E+00
   0.18672E+03   0.29939E+02   0.26339E+02   0.38759E+00  -0.15304E+00
   0.18707E+03   0.29933E+02   0.26257E+02   0.37634E+00  -0.14655E+00
   0.18742E+03   0.29927E+02   0.26236E+02   0.37202E+00  -0.14041E+00
   0.18777E+03   0.29922E+02   0.26175E+02   0.36611E+00  -0.13570E+00
   0.18812E+03   0.29917E+02   0.26089E+02   0.35981E+00  -0.14106E+00
   0.18847E+03   0.29913E+02   0.25995E+02   0.35925E+00  -0.15023E+00
   0.18882E+03   0.29911E+02   0.25954E+02   0.35865E+00  -0.14551E+00
   0.18917E+03   0.29910E+02   0.25782E+02   0.35682E+00  -0.15457E+00
   0.18952E+03   0.29909E+02   0.25742E+02   0.35695E+00  -0.16351E+00
   0.18987E+03   0.29909E+02   0.25776E+02   0.35639E+00  -0.15757E+00
   0.19022E+03   0.29909E+02   0.25873E+02   0.35013E+00  -0.15473E+00
   0.19057E+03   0.29904E+02   0.25850E+02   0.34733E+00  -0.15863E+00
   0.19092E+03   0.29901E+02   0.25697E+02   0.35606E+00  -0.16675E+00
   0.19127E+03   0.29904E+02   0.25843E+02   0.36071E+00  -0.16648E+00
   0.19162E+03   0.29905E+02   0.25721E+02   0.35651E+00  -0.17359E+00
   0.19197E+03   0.29905E+02   0.25405E+02   0.35147E+00  -0.18978E+00
   0.19232E+03   0.29905E+02   0.25404E+02   0.35276E+00  -0.18543E+00
   0.19267E+03   0.29906E+02   0.25514E+02   0.35567E+00  -0.18268E+00
   0.19302E+03   0.29908E+02   0.25647E+02   0.35881E+00  -0.18843E+00
   0.19337E+03   0.29909E+02   0.25739E+02   0.36398E+00  -0.19267E+00
   0.19372E+03   0.29912E+02   0.25892E+02   0.37197E+00  -0.19423E+00
   0.19407E+03   0.29916E+02   0.26023E+02   0.37753E+00  -0.19075E+00
   0.19442E+03   0.29921E+02   0.25968E+02   0.37828E+00  -0.19506E+00
   0.19477E+03   0.29923E+02   0.25780E+02   0.37480E+00  -0.19828E+00
   0.19512E+03   0.29923E+02   0.25392E+02   0.37447E+00  -0.20352E+00
   0.19547E+03   0.29924E+02   0.25204E+02   0.37756E+00  -0.20824E+00
   0.19582E+03   0.29927E+02   0.25172E+02   0.37574E+00  -0.20938E+00
   0.19617E+03   0.29928E+02   0.25137E+02   0.37639E+00  -0.21549E+00
   0.19652E+03   0.29928E+02   0.25413E+02   0.38461E+00  -0.21162E+00
   0.19687E+03   0.29931E+02   0.25447E+02   0.39312E+00  -0.20917E+00
   0.19722E+03   0.29935E+02   0.25342E+02   0.39302E+00  -0.21873E+00
   0.19757E+03   0.29936E+02   0.25291E+02   0.39806E+00  -0.22631E+00
   0.19792E+03   0.29940E+02   0.25058E+02   0.40877E+00  -0.22760E+00
   0.19827E+03   0.29943E+02   0.25024E+02   0.40765E+00  -0.22438E+00
   0.19862E+03   0.29944E+02   0.25078E+02   0.40216E+00  -0.22687E+00
   0.19897E+03   0.29944E+02   0.25408E+02   0.40499E+00  -0.21718E+00
   0.19932E+03   0.29945E+02   0.25818E+02   0.41118E+00  -0.19595E+00
   0.19967E+03   0.29946E+02   0.26010E+02   0.41385E+00  -0.19598E+00
   0.20002E+03   0.29947E+02   0.26128E+02   0.41560E+00  -0.19710E+00
   0.20037E+03   0.29948E+02   0.26062E+02   0.41717E+00  -0.18799E+00
   0.20072E+03   0.29948E+02   0.25936E+02   0.41130E+00  -0.18296E+00
   0.20107E+03   0.29946E+02   0.25724E+02   0.40034E+00  -0.18096E+00
   0.20142E+03   0.29943E+02   0.25650E+02   0.39129E+00  -0.17526E+00
   0.20177E+03   0.29938E+02   0.25783E+02   0.38715E+00  -0.16400E+00
   0.20212E+03   0.29935E+02   0.25925E+02   0.38471E+00  -0.15780E+00
   0.20247E+03   0.29932E+02   0.26105E+02   0.38299E+00  -0.15458E+00
   0.20282E+03   0.29931E+02   0.26343E+02   0.38398E+00  -0.14652E+00
   0.20317E+03   0.29932E+02   0.26426E+02   0.38052E+00  -0.14001E+00
   0.20352E+03   0.29929E+02   0.26291E+02   0.37376E+00  -0.14064E+00
   0.20387E+03   0.29924E+02   0.26078E+02   0.36671E+00  -0.14321E+00
   0.20422E+03   0.29917E+02   0.25995E+02   0.36075E+00  -0.13944E+00
   0.20457E+03   0.29913E+02   0.26262E+02   0.36007E+00  -0.13129E+00
   0.20492E+03   0.29910E+02   0.26199E+02   0.35495E+00  -0.13892E+00
   0.20527E+03   0.29907E+02   0.26032E+02   0.34780E+00  -0.14771E+00
   0.20562E+03   0.29903E+02   0.26116E+02   0.34585E+00  -0.14245E+00
   0.20597E+03   0.29901E+02   0.25893E+02   0.34715E+00  -0.14890E+00
   0.20632E+03   0.29898E+02   0.25755E+02   0.34580E+00  -0.15708E+00
   0.20667E+03   0.29896E+02   0.25920E+02   0.34422E+00  -0.15466E+00
   0.20702E+03   0.29896E+02   0.25834E+02   0.34562E+00  -0.15880E+00
   0.20737E+03   0.29895E+02   0.25791E+02   0.34518E+00  -0.16129E+00
   0.20772E+03   0.29894E+02   0.25862E+02   0.34458E+00  -0.16339E+00
   0.20807E+03   0.29894E+02   0.25913E+02   0.34926E+00  -0.16726E+00
   0.20842E+03   0.29896E+02   0.26025E+02   0.35634E+00  -0.16636E+00
   0.20877E+03   0.29899E+02   0.26082E+02   0.35478E+00  -0.16891E+00
   0.20912E+03   0.29899E+02   0.25978E+02   0.35031E+00  -0.17340E+00
   0.20947E+03   0.29899E+02   0.25819E+02   0.35440E+00  -0.17582E+00
   0.20982E+03   0.29900E+02   0.25792E+02   0.35844E+00  -0.18033E+00
   0.21017E+03   0.29902E+02   0.25723E+02   0.35858E+00  -0.18669E+00
   0.21052E+03   0.29905E+02   0.25818E+02   0.35972E+00  -0.18875E+00
   0.21087E+03   0.29908E+02   0.25806E+02   0.36055E+00  -0.18937E+00
   0.21122E+03   0.29910E+02   0.25688E+02   0.36322E+00  -0.18816E+00
   0.21157E+03   0.29911E+02   0.25647E+02   0.36406E+00  -0.19102E+00
   0.21192E+03   0.29913E+02   0.25581E+02   0.37058E+00  -0.19792E+00
   0.21227E+03   0.29917E+02   0.25546E+02   0.37733E+00  -0.20047E+00
   0.21262E+03   0.29921E+02   0.25424E+02   0.37835E+00  -0.20807E+00
   0.21297E+03   0.29922E+02   0.25266E+02   0.37674E+00  -0.21360E+00
   0.21332E+03   0.29922E+02   0.25350E+02   0.37984E+00  -0.20651E+00
   0.21367E+03   0.29926E+02   0.25468E+02   0.38721E+00  -0.20380E+00
   0.21402E+03   0.29928E+02   0.25535E+02   0.39016E+00  -0.20699E+00
   0.21437E+03   0.29931E+02   0.25414E+02   0.39734E+00  -0.21656E+00
   0.21472E+03   0.29936E+02   0.25154E+02   0.40072E+00  -0.22510E+00
   0.21507E+03   0.29939E+02   0.25295E+02   0.39915E+00  -0.21908E+00
   0.21542E+03   0.29939E+02   0.25527E+02   0.39989E+00  -0.21164E+00
   0.21577E+03   0.29939E+02   0.25614E+02   0.40351E+00  -0.20646E+00
   0.21612E+03   0.29941E+02   0.25580E+02   0.40449E+00  -0.20451E+00
   0.21647E+03   0.29941E+02   0.25720E+02   0.40595E+00  -0.20710E+00
   0.21682E+03   0.29943E+02   0.26020E+02   0.41058E+00  -0.19675E+00
   0.21717E+03   0.29945E+02   0.25961E+02   0.40960E+00  -0.18801E+00
   0.21752E+03   0.29945E+02   0.25500E+02   0.40540E+00  -0.19951E+00
   0.21787E+03   0.29943E+02   0.25617E+02   0.39920E+00  -0.19246E+00
   0.21822E+03   0.29940E+02   0.26106E+02   0.39425E+00  -0.16841E+00
   0.21857E+03   0.29938E+02   0.26360E+02   0.39387E+00  -0.15671E+00
   0.21892E+03   0.29937E+02   0.26402E+02   0.39754E+00  -0.15842E+00
   0.21927E+03   0.29938E+02   0.26282E+02   0.39314E+00  -0.15753E+00
   0.21962E+03   0.29934E+02   0.26257E+02   0.38145E+00  -0.14758E+00
   0.21997E+03   0.29929E+02   0.26216E+02   0.37696E+00  -0.14229E+00
   0.22032E+03   0.29927E+02   0.26313E+02   0.37269E+00  -0.13632E+00
   0.22067E+03   0.29924E+02   0.26389E+02   0.36726E+00  -0.13160E+00
   0.22102E+03   0.29918E+02   0.26285E+02   0.35832E+00  -0.13816E+00
   0.22137E+03   0.29913E+02   0.25995E+02   0.35035E+00  -0.14521E+00
   0.22172E+03   0.29907E+02   0.25850E+02   0.34946E+00  -0.14743E+00
   0.22207E+03   0.29904E+02   0.25937E+02   0.35339E+00  -0.14568E+00
   0.22242E+03   0.29906E+02   0.25818E+02   0.34966E+00  -0.14931E+00
   0.22277E+03   0.29903E+02   0.25790E+02   0.33899E+00  -0.15329E+00
   0.22312E+03   0.29899E+02   0.25878E+02   0.33908E+00  -0.15246E+00
   0.22347E+03   0.29898E+02   0.25683E+02   0.34669E+00  -0.16065E+00
   0.22382E+03   0.29897E+02   0.25605E+02   0.35350E+00  -0.16606E+00
   0.22417E+03   0.29899E+02   0.25751E+02   0.35351E+00  -0.17414E+00
   0.22452E+03   0.29900E+02   0.26061E+02   0.35175E+00  -0.17019E+00
   0.22487E+03   0.29902E+02   0.26216E+02   0.35579E+00  -0.16068E+00
   0.22522E+03   0.29904E+02   0.26137E+02   0.35600E+00  -0.17141E+00
   0.22557E+03   0.29904E+02   0.26143E+02   0.35644E+00  -0.17293E+00
   0.22592E+03   0.29905E+02   0.26003E+02   0.36167E+00  -0.17277E+00
   0.22627E+03   0.29907E+02   0.25549E+02   0.35973E+00  -0.18783E+00
   0.22662E+03   0.29907E+02   0.25473E+02   0.35483E+00  -0.18945E+00
   0.22697E+03   0.29904E+02   0.25699E+02   0.35312E+00  -0.18342E+00
   0.22732E+03   0.29904E+02   0.25759E+02   0.35911E+00  -0.18462E+00
   0.22767E+03   0.29907E+02   0.25962E+02   0.36260E+00  -0.18386E+00
   0.22802E+03   0.29910E+02   0.26019E+02   0.36680E+00  -0.18940E+00
   0.22837E+03   0.29915E+02   0.25960E+02   0.37702E+00  -0.19323E+00
   0.22872E+03   0.29920E+02   0.25708E+02   0.38070E+00  -0.19301E+00
   0.22907E+03   0.29921E+02   0.25293E+02   0.37405E+00  -0.20616E+00
   0.22942E+03   0.29920E+02   0.25096E+02   0.37329E+00  -0.21276E+00
   0.22977E+03   0.29921E+02   0.25282E+02   0.37763E+00  -0.20069E+00
   0.23012E+03   0.29922E+02   0.25667E+02   0.37928E+00  -0.19590E+00
   0.23047E+03   0.29924E+02   0.25768E+02   0.38670E+00  -0.20220E+00
   0.23082E+03   0.29928E+02   0.25832E+02   0.39466E+00  -0.20435E+00
   0.23117E+03   0.29933E+02   0.25879E+02   0.39897E+00  -0.20168E+00
   0.23152E+03   0.29935E+02   0.25847E+02   0.39874E+00  -0.20076E+00
   0.23187E+03   0.29936E+02   0.25967E+02   0.39776E+00  -0.19433E+00
   0.23222E+03   0.29937E+02   0.26049E+02   0.39588E+00  -0.18222E+00
   0.23257E+03   0.29937E+02   0.25993E+02   0.39037E+00  -0.17788E+00
   0.23292E+03   0.29934E+02   0.26018E+02   0.38534E+00  -0.17867E+00
   0.23327E+03   0.29932E+02   0.26181E+02   0.38610E+00  -0.16905E+00
   0.23362E+03   0.29932E+02   0.26260E+02   0.38894E+00  -0.16048E+00
   0.23397E+03   0.29932E+02   0.26262E+02   0.38568E+00  -0.16432E+00
   0.23432E+03   0.29928E+02   0.26248E+02   0.37738E+00  -0.15977E+00
   0.23467E+03   0.29924E+02   0.26132E+02   0.37246E+00  -0.15589E+00
   0.23502E+03   0.29921E+02   0.26216E+02   0.37210E+00  -0.15128E+00
   0.23537E+03   0.29920E+02   0.26339E+02   0.37204E+00  -0.14477E+00
   0.23572E+03   0.29919E+02   0.26171E+02   0.36725E+00  -0.14955E+00
   0.23607E+03   0.29916E+02   0.26063E+02   0.36083E+00  -0.14978E+00
   0.23642E+03   0.29914E+02   0.25939E+02   0.35743E+00  -0.15104E+00
   0.23677E+03   0.29910E+02   0.25993E+02   0.35622E+00  -0.14957E+00
   0.23712E+03   0.29909E+02   0.25943E+02   0.35726E+00  -0.15462E+00
   0.23747E+03   0.29908E+02   0.25763E+02   0.35472E+00  -0.16718E+00
   0.23782E+03   0.29908E+02   0.25775E+02   0.35299E+00  -0.16855E+00
   0.23817E+03   0.29908E+02   0.25864E+02   0.35214E+00  -0.16330E+00
   0.23852E+03   0.29904E+02   0.26045E+02   0.35274E+00  -0.15632E+00
   0.23887E+03   0.29903E+02   0.25919E+02   0.36100E+00  -0.16238E+00
   0.23922E+03   0.29906E+02   0.25722E+02   0.36078E+00  -0.17483E+00
   0.23957E+03   0.29906E+02   0.25604E+02   0.35562E+00  -0.18034E+00
   0.23992E+03   0.29906E+02   0.25472E+02   0.35632E+00  -0.18494E+00
   0.24027E+03   0.29906E+02   0.25447E+02   0.36105E+00  -0.18594E+00
   0.24062E+03   0.29909E+02   0.25464E+02   0.35927E+00  -0.18944E+00
   0.24097E+03   0.29907E+02   0.25578E+02   0.35865E+00  -0.19403E+00
   0.24132E+03   0.29908E+02   0.25748E+02   0.36794E+00  -0.19009E+00
   0.24167E+03   0.29913E+02   0.25474E+02   0.37290E+00  -0.20070E+00
   0.24202E+03   0.29917E+02   0.25227E+02   0.38000E+00  -0.21730E+00
   0.24237E+03   0.29921E+02   0.25316E+02   0.38463E+00  -0.21786E+00
   0.24272E+03   0.29925E+02   0.25270E+02   0.37987E+00  -0.21471E+00
   0.24307E+03   0.29926E+02   0.25372E+02   0.38017E+00  -0.21328E+00
   0.24342E+03   0.29928E+02   0.25614E+02   0.38976E+00  -0.21309E+00
   0.24377E+03   0.29931E+02   0.25735E+02   0.39747E+00  -0.20995E+00
   0.24412E+03   0.29935E+02   0.25598E+02   0.40253E+00  -0.21283E+00
   0.24447E+03   0.29938E+02   0.25699E+02   0.40335E+00  -0.22196E+00
   0.24482E+03   0.29939E+02   0.25918E+02   0.40759E+00  -0.20890E+00
   0.24517E+03   0.29941E+02   0.25957E+02   0.40853E+00  -0.19435E+00
   0.24552E+03   0.29941E+02   0.26218E+02   0.40482E+00  -0.19452E+00
   0.24587E+03   0.29941E+02   0.26379E+02   0.40517E+00  -0.18730E+00
   0.24622E+03   0.29942E+02   0.26160E+02   0.40535E+00  -0.18444E+00
   0.24657E+03   0.29943E+02   0.25862E+02   0.40461E+00  -0.18925E+00
   0.24692E+03   0.29942E+02   0.25599E+02   0.39836E+00  -0.19153E+00
   0.24727E+03   0.29938E+02   0.25709E+02   0.39171E+00  -0.18017E+00
   0.24762E+03   0.29934E+02   0.25904E+02   0.38853E+00  -0.17030E+00
   0.24797E+03   0.29932E+02   0.25564E+02   0.38681E+00  -0.18087E+00
   0.24832E+03   0.29931E+02   0.25363E+02   0.38495E+00  -0.19205E+00
   0.24867E+03   0.29930E+02   0.25437E+02   0.38820E+00  -0.18932E+00
   0.24902E+03   0.29932E+02   0.25618E+02   0.39058E+00  -0.17773E+00
   0.24937E+03   0.29933E+02   0.26045E+02   0.38965E+00  -0.16642E+00
   0.24972E+03   0.29934E+02   0.26036E+02   0.38593E+00  -0.16505E+00
   0.25007E+03   0.29934E+02   0.25570E+02   0.37848E+00  -0.17363E+00
   0.25042E+03   0.29931E+02   0.25353E+02   0.37527E+00  -0.17667E+00
   0.25077E+03   0.29927E+02   0.25421E+02   0.37644E+00  -0.17172E+00
   0.25112E+03   0.29926E+02   0.25430E+02   0.37599E+00  -0.17197E+00
   0.25147E+03   0.29924E+02   0.25303E+02   0.37277E+00  -0.18267E+00
   0.25182E+03   0.29919E+02   0.25191E+02   0.36724E+00  -0.19417E+00
   0.25217E+03   0.29915E+02   0.25247E+02   0.36574E+00  -0.19176E+00
   0.25252E+03   0.29917E+02   0.25313E+02   0.37706E+00  -0.19072E+00
   0.25287E+03   0.29923E+02   0.25122E+02   0.38952E+00  -0.21003E+00
   0.25322E+03   0.29927E+02   0.25172E+02   0.38736E+00  -0.21555E+00
   0.25357E+03   0.29928E+02   0.25445E+02   0.38198E+00  -0.20317E+00
   0.25392E+03   0.29929E+02   0.25746E+02   0.38414E+00  -0.19174E+00
   0.25427E+03   0.29930E+02   0.25985E+02   0.39184E+00  -0.18357E+00
   0.25462E+03   0.29932E+02   0.25896E+02   0.39603E+00  -0.18926E+00
   0.25497E+03   0.29935E+02   0.25719E+02   0.39237E+00  -0.19792E+00
   0.25532E+03   0.29935E+02   0.25720E+02   0.38718E+00  -0.19342E+00
   0.25567E+03   0.29933E+02   0.25755E+02   0.38590E+00  -0.18322E+00
   0.25602E+03   0.29933E+02   0.25895E+02   0.38531E+00  -0.17726E+00
   0.25637E+03   0.29931E+02   0.25872E+02   0.38108E+00  -0.17867E+00
   0.25672E+03   0.29930E+02   0.25582E+02   0.37549E+00  -0.18609E+00
   0.25707E+03   0.29930E+02   0.25423E+02   0.37328E+00  -0.18813E+00
   0.25742E+03   0.29930E+02   0.25472E+02   0.38117E+00  -0.18150E+00
   0.25777E+03   0.29930E+02   0.25615E+02   0.38680E+00  -0.17802E+00
   0.25812E+03   0.29930E+02   0.25688E+02   0.37929E+00  -0.17768E+00
   0.25847E+03   0.29927E+02   0.25528E+02   0.37241E+00  -0.18416E+00
   0.25882E+03   0.29925E+02   0.25327E+02   0.37706E+00  -0.18985E+00
   0.25917E+03   0.29927E+02   0.25576E+02   0.38202E+00  -0.17846E+00
   0.25952E+03   0.29929E+02   0.25702E+02   0.38416E+00  -0.17541E+00
   0.25987E+03   0.29930E+02   0.25514E+02   0.38213E+00  -0.18836E+00
   0.26022E+03   0.29927E+02   0.25625E+02   0.37711E+00  -0.18394E+00
   0.26057E+03   0.29925E+02   0.25934E+02   0.37793E+00  -0.16879E+00
   0.26092E+03   0.29925E+02   0.25897E+02   0.38053E+00  -0.17361E+00
   0.26127E+03   0.29927E+02   0.25672E+02   0.38218E+00  -0.18338E+00
   0.26162E+03   0.29929E+02   0.25729E+02   0.37741E+00  -0.17891E+00
   0.26197E+03   0.29926E+02   0.26136E+02   0.37157E+00  -0.16127E+00
   0.26232E+03   0.29922E+02   0.26421E+02   0.37207E+00  -0.14932E+00
   0.26267E+03   0.29922E+02   0.26257E+02   0.37431E+00  -0.15616E+00
   0.26302E+03   0.29923E+02   0.26254E+02   0.37064E+00  -0.16037E+00
   0.26337E+03   0.29920E+02   0.26353E+02   0.36433E+00  -0.15192E+00
   0.26372E+03   0.29917E+02   0.26358E+02   0.36097E+00  -0.14504E+00
   0.26407E+03   0.29913E+02   0.26307E+02   0.35894E+00  -0.14542E+00
   0.26442E+03   0.29910E+02   0.26083E+02   0.35889E+00  -0.15447E+00
   0.26477E+03   0.29908E+02   0.25900E+02   0.35337E+00  -0.16245E+00
   0.26512E+03   0.29905E+02   0.25821E+02   0.34442E+00  -0.16121E+00
   0.26547E+03   0.29902E+02   0.25794E+02   0.34743E+00  -0.16385E+00
   0.26582E+03   0.29902E+02   0.25883E+02   0.36053E+00  -0.16552E+00
   0.26617E+03   0.29906E+02   0.26076E+02   0.35946E+00  -0.16252E+00
   0.26652E+03   0.29906E+02   0.26265E+02   0.35059E+00  -0.15958E+00
   0.26687E+03   0.29907E+02   0.26221E+02   0.35313E+00  -0.15892E+00
   0.26722E+03   0.29909E+02   0.25911E+02   0.36110E+00  -0.16202E+00
   0.26757E+03   0.29912E+02   0.25585E+02   0.35892E+00  -0.17257E+00
   0.26792E+03   0.29910E+02   0.25496E+02   0.34921E+00  -0.18064E+00
   0.26827E+03   0.29904E+02   0.25711E+02   0.34816E+00  -0.17313E+00
   0.26862E+03   0.29903E+02   0.25738E+02   0.35582E+00  -0.17219E+00
   0.26897E+03   0.29905E+02   0.25681E+02   0.35737E+00  -0.18610E+00
   0.26932E+03   0.29907E+02   0.25681E+02   0.35947E+00  -0.19579E+00
   0.26967E+03   0.29912E+02   0.25546E+02   0.36522E+00  -0.19671E+00
   0.27002E+03   0.29916E+02   0.25323E+02   0.36815E+00  -0.20126E+00
   0.27037E+03   0.29921E+02   0.25573E+02   0.37209E+00  -0.19772E+00
   0.27072E+03   0.29924E+02   0.25886E+02   0.37295E+00  -0.19029E+00
   0.27107E+03   0.29923E+02   0.25744E+02   0.37106E+00  -0.19331E+00
   0.27142E+03   0.29922E+02   0.25558E+02   0.37396E+00  -0.20118E+00
   0.27177E+03   0.29923E+02   0.25608E+02   0.38173E+00  -0.20083E+00
   0.27212E+03   0.29926E+02   0.25670E+02   0.38594E+00  -0.19823E+00
   0.27247E+03   0.29928E+02   0.25558E+02   0.38585E+00  -0.20398E+00
   0.27282E+03   0.29929E+02   0.25468E+02   0.38366E+00  -0.20791E+00
   0.27317E+03   0.29930E+02   0.25250E+02   0.38183E+00  -0.21015E+00
   0.27352E+03   0.29930E+02   0.25144E+02   0.38795E+00  -0.21481E+00
   0.27387E+03   0.29932E+02   0.25336E+02   0.39661E+00  -0.21599E+00
   0.27422E+03   0.29934E+02   0.25734E+02   0.40089E+00  -0.20959E+00
   0.27457E+03   0.29937E+02   0.26041E+02   0.40394E+00  -0.20070E+00
   0.27492E+03   0.29939E+02   0.26023E+02   0.40395E+00  -0.19661E+00
   0.27527E+03   0.29941E+02   0.25853E+02   0.40285E+00  -0.19749E+00
   0.27562E+03   0.29941E+02   0.25842E+02   0.40231E+00  -0.19172E+00
   0.27597E+03   0.29941E+02   0.26135E+02   0.40445E+00  -0.17906E+00
   0.27632E+03   0.29941E+02   0.26305E+02   0.39999E+00  -0.16725E+00
   0.27667E+03   0.29939E+02   0.26041E+02   0.39147E+00  -0.17210E+00
   0.27702E+03   0.29937E+02   0.25929E+02   0.38407E+00  -0.17532E+00
   0.27737E+03   0.29933E+02   0.26104E+02   0.38204E+00  -0.15986E+00
   0.27772E+03   0.29931E+02   0.26258E+02   0.38307E+00  -0.15030E+00
   0.27807E+03   0.29929E+02   0.26256E+02   0.37878E+00  -0.15438E+00
   0.27842E+03   0.29928E+02   0.25821E+02   0.37621E+00  -0.16408E+00
   0.27877E+03   0.29925E+02   0.25317E+02   0.36667E+00  -0.17374E+00
   0.27912E+03   0.29917E+02   0.25340E+02   0.36093E+00  -0.17199E+00
   0.27947E+03   0.29914E+02   0.25820E+02   0.36825E+00  -0.15540E+00
   0.27982E+03   0.29916E+02   0.26076E+02   0.37258E+00  -0.15304E+00
   0.28017E+03   0.29919E+02   0.26005E+02   0.36849E+00  -0.16548E+00
   0.28052E+03   0.29916E+02   0.25887E+02   0.36252E+00  -0.16790E+00
   0.28087E+03   0.29914E+02   0.25613E+02   0.36601E+00  -0.16806E+00
   0.28122E+03   0.29916E+02   0.25373E+02   0.37161E+00  -0.17607E+00
   0.28157E+03   0.29917E+02   0.25242E+02   0.36786E+00  -0.18643E+00
   0.28192E+03   0.29914E+02   0.25279E+02   0.35910E+00  -0.18922E+00
   0.28227E+03   0.29910E+02   0.25436E+02   0.35349E+00  -0.18060E+00
   0.28262E+03   0.29910E+02   0.25449E+02   0.35929E+00  -0.18218E+00
   0.28297E+03   0.29914E+02   0.25192E+02   0.37023E+00  -0.20041E+00
   0.28332E+03   0.29918E+02   0.24811E+02   0.37606E+00  -0.21665E+00
   0.28367E+03   0.29920E+02   0.24629E+02   0.37384E+00  -0.22554E+00
   0.28402E+03   0.29920E+02   0.24918E+02   0.37638E+00  -0.22054E+00
   0.28437E+03   0.29924E+02   0.25058E+02   0.38385E+00  -0.21974E+00
   0.28472E+03   0.29928E+02   0.24905E+02   0.38678E+00  -0.23228E+00
   0.28507E+03   0.29930E+02   0.25097E+02   0.39309E+00  -0.23676E+00
   0.28542E+03   0.29934E+02   0.25317E+02   0.40207E+00  -0.23075E+00
   0.28577E+03   0.29939E+02   0.25391E+02   0.41037E+00  -0.22680E+00
   0.28612E+03   0.29943E+02   0.25708E+02   0.41824E+00  -0.22315E+00
   0.28647E+03   0.29947E+02   0.26152E+02   0.41820E+00  -0.21058E+00
   0.28682E+03   0.29947E+02   0.26315E+02   0.40997E+00  -0.19421E+00
   0.28717E+03   0.29946E+02   0.26432E+02   0.41068E+00  -0.18825E+00
   0.28752E+03   0.29946E+02   0.26437E+02   0.42012E+00  -0.18760E+00
   0.28787E+03   0.29948E+02   0.26075E+02   0.41868E+00  -0.18682E+00
   0.28822E+03   0.29948E+02   0.25728E+02   0.40355E+00  -0.19467E+00
   0.28857E+03   0.29943E+02   0.25547E+02   0.39043E+00  -0.18931E+00
   0.28892E+03   0.29938E+02   0.25759E+02   0.38647E+00  -0.16470E+00
   0.28927E+03   0.29936E+02   0.26122E+02   0.38826E+00  -0.15263E+00
   0.28962E+03   0.29935E+02   0.26103E+02   0.38993E+00  -0.16432E+00
   0.28997E+03   0.29934E+02   0.25932E+02   0.38913E+00  -0.17201E+00
   0.29032E+03   0.29933E+02   0.25821E+02   0.38756E+00  -0.16598E+00
   0.29067E+03   0.29933E+02   0.25957E+02   0.38741E+00  -0.15678E+00
   0.29102E+03   0.29931E+02   0.26137E+02   0.38213E+00  -0.14783E+00
   0.29137E+03   0.29927E+02   0.26258E+02   0.37276E+00  -0.14576E+00
   0.29172E+03   0.29922E+02   0.26466E+02   0.36883E+00  -0.13863E+00
   0.29207E+03   0.29918E+02   0.26463E+02   0.36778E+00  -0.13523E+00
   0.29242E+03   0.29916E+02   0.26180E+02   0.36681E+00  -0.14419E+00
   0.29277E+03   0.29914E+02   0.25894E+02   0.36226E+00  -0.15051E+00
   0.29312E+03   0.29910E+02   0.26015E+02   0.35489E+00  -0.14657E+00
   0.29347E+03   0.29907E+02   0.26244E+02   0.34521E+00  -0.13639E+00
   0.29382E+03   0.29903E+02   0.26235E+02   0.33828E+00  -0.13718E+00
   0.29417E+03   0.29897E+02   0.26109E+02   0.34398E+00  -0.14817E+00
   0.29452E+03   0.29896E+02   0.26230E+02   0.35244E+00  -0.14608E+00
   0.29487E+03   0.29898E+02   0.26158E+02   0.34934E+00  -0.15007E+00
   0.29522E+03   0.29896E+02   0.25889E+02   0.34296E+00  -0.16485E+00
   0.29557E+03   0.29895E+02   0.25844E+02   0.34552E+00  -0.16333E+00
   0.29592E+03   0.29894E+02   0.25533E+02   0.34454E+00  -0.16723E+00
   0.29627E+03   0.29892E+02   0.25190E+02   0.33772E+00  -0.18474E+00
   0.29662E+03   0.29891E+02   0.25008E+02   0.34137E+00  -0.20097E+00
   0.29697E+03   0.29894E+02   0.25166E+02   0.35423E+00  -0.20086E+00
   0.29732E+03   0.29902E+02   0.25387E+02   0.36374E+00  -0.19893E+00
   0.29767E+03   0.29908E+02   0.25452E+02   0.36535E+00  -0.21338E+00
   0.29802E+03   0.29912E+02   0.25419E+02   0.37073E+00  -0.21962E+00
   0.29837E+03   0.29918E+02   0.25473E+02   0.37991E+00  -0.21426E+00
   0.29872E+03   0.29923E+02   0.25384E+02   0.38831E+00  -0.22008E+00
   0.29907E+03   0.29928E+02   0.25205E+02   0.39123E+00  -0.23012E+00
   0.29942E+03   0.29931E+02   0.25337E+02   0.39150E+00  -0.22729E+00
   0.29977E+03   0.29933E+02   0.25590E+02   0.39514E+00  -0.21755E+00
   0.30012E+03   0.29935E+02   0.25562E+02   0.39708E+00  -0.21950E+00
   0.30047E+03   0.29939E+02   0.25220E+02   0.39893E+00  -0.23180E+00
   0.30082E+03   0.29941E+02   0.25289E+02   0.40143E+00  -0.23087E+00
   0.30118E+03   0.29942E+02   0.25575E+02   0.41114E+00  -0.21876E+00
   0.30153E+03   0.29944E+02   0.25472E+02   0.41501E+00  -0.21921E+00
   0.30188E+03   0.29945E+02   0.25342E+02   0.41025E+00  -0.22585E+00
   0.30223E+03   0.29946E+02   0.25652E+02   0.41409E+00  -0.21943E+00
   0.30258E+03   0.29947E+02   0.25686E+02   0.41980E+00  -0.20719E+00
   0.30293E+03   0.29949E+02   0.25352E+02   0.41589E+00  -0.20940E+00
   0.30328E+03   0.29949E+02   0.25265E+02   0.41255E+00  -0.21579E+00
   0.30363E+03   0.29949E+02   0.25448E+02   0.41716E+00  -0.20175E+00
   0.30398E+03   0.29950E+02   0.25736E+02   0.41369E+00  -0.18132E+00
   0.30433E+03   0.29950E+02   0.25877E+02   0.40260E+00  -0.17607E+00
   0.30468E+03   0.29946E+02   0.25917E+02   0.40128E+00  -0.17485E+00
   0.30503E+03   0.29944E+02   0.26060E+02   0.40847E+00  -0.15947E+00
   0.30538E+03   0.29944E+02   0.26414E+02   0.40398E+00  -0.14479E+00
   0.30573E+03   0.29943E+02   0.26523E+02   0.39338E+00  -0.14661E+00
   0.30608E+03   0.29939E+02   0.26416E+02   0.38682E+00  -0.14411E+00
   0.30643E+03   0.29935E+02   0.26635E+02   0.38177E+00  -0.12249E+00
   0.30678E+03   0.29927E+02   0.26845E+02   0.36967E+00  -0.10940E+00
   0.30713E+03   0.29919E+02   0.26933E+02   0.36067E+00  -0.11225E+00
   0.30748E+03   0.29915E+02   0.26949E+02   0.35885E+00  -0.11103E+00
   0.30783E+03   0.29911E+02   0.26763E+02   0.35392E+00  -0.11089E+00
   0.30818E+03   0.29906E+02   0.26510E+02   0.34102E+00  -0.11667E+00
   0.30853E+03   0.29893E+02   0.26470E+02   0.32623E+00  -0.11761E+00
   0.30888E+03   0.29882E+02   0.26486E+02   0.32891E+00  -0.11400E+00
   0.30923E+03   0.29881E+02   0.26370E+02   0.33081E+00  -0.11965E+00
   0.30958E+03   0.29879E+02   0.25984E+02   0.32233E+00  -0.14226E+00
   0.30993E+03   0.29874E+02   0.25683E+02   0.31799E+00  -0.15576E+00
   0.31028E+03   0.29871E+02   0.25636E+02   0.32630E+00  -0.15294E+00
   0.31063E+03   0.29874E+02   0.25389E+02   0.33499E+00  -0.16488E+00
   0.31098E+03   0.29879E+02   0.25169E+02   0.33300E+00  -0.18989E+00
   0.31133E+03   0.29880E+02   0.25207E+02   0.33150E+00  -0.19980E+00
   0.31168E+03   0.29885E+02   0.25122E+02   0.34223E+00  -0.20025E+00
   0.31203E+03   0.29893E+02   0.24934E+02   0.35244E+00  -0.21169E+00
   0.31238E+03   0.29900E+02   0.25011E+02   0.35924E+00  -0.22711E+00
   0.31273E+03   0.29906E+02   0.25384E+02   0.36824E+00  -0.22726E+00
   0.31308E+03   0.29912E+02   0.25609E+02   0.37707E+00  -0.22253E+00
   0.31343E+03   0.29918E+02   0.25384E+02   0.38433E+00  -0.23507E+00
   0.31378E+03   0.29923E+02   0.25334E+02   0.38853E+00  -0.24416E+00
   0.31413E+03   0.29928E+02   0.25566E+02   0.39964E+00  -0.23921E+00
   0.31448E+03   0.29934E+02   0.25553E+02   0.40696E+00  -0.24090E+00
   0.31483E+03   0.29939E+02   0.25540E+02   0.40538E+00  -0.24354E+00
   0.31518E+03   0.29942E+02   0.25493E+02   0.40772E+00  -0.24318E+00
   0.31553E+03   0.29945E+02   0.25654E+02   0.41682E+00  -0.23476E+00
   0.31588E+03   0.29948E+02   0.26329E+02   0.42284E+00  -0.21456E+00
   0.31623E+03   0.29950E+02   0.26567E+02   0.42350E+00  -0.21013E+00
   0.31658E+03   0.29951E+02   0.26567E+02   0.42941E+00  -0.20595E+00
   0.31693E+03   0.29953E+02   0.26819E+02   0.43273E+00  -0.18718E+00
   0.31728E+03   0.29953E+02   0.27141E+02   0.42508E+00  -0.16650E+00
   0.31763E+03   0.29952E+02   0.27184E+02   0.41686E+00  -0.15317E+00
   0.31798E+03   0.29950E+02   0.26818E+02   0.41183E+00  -0.15356E+00
   0.31833E+03   0.29946E+02   0.26633E+02   0.40323E+00  -0.14621E+00
   0.31868E+03   0.29941E+02   0.26687E+02   0.38955E+00  -0.13198E+00
   0.31903E+03   0.29934E+02   0.26680E+02   0.37796E+00  -0.12606E+00
   0.31938E+03   0.29928E+02   0.26611E+02   0.37448E+00  -0.12410E+00
   0.31973E+03   0.29924E+02   0.26477E+02   0.36858E+00  -0.12509E+00
   0.32008E+03   0.29918E+02   0.26390E+02   0.35700E+00  -0.12622E+00
   0.32043E+03   0.29912E+02   0.26499E+02   0.35144E+00  -0.12085E+00
   0.32078E+03   0.29909E+02   0.26682E+02   0.35343E+00  -0.11188E+00
   0.32113E+03   0.29907E+02   0.26694E+02   0.35276E+00  -0.11259E+00
   0.32148E+03   0.29902E+02   0.26528E+02   0.34395E+00  -0.12133E+00
   0.32183E+03   0.29894E+02   0.26272E+02   0.33503E+00  -0.13028E+00
   0.32218E+03   0.29887E+02   0.26025E+02   0.33369E+00  -0.13800E+00
   0.32253E+03   0.29884E+02   0.25740E+02   0.33607E+00  -0.14727E+00
   0.32288E+03   0.29884E+02   0.25684E+02   0.33239E+00  -0.15771E+00
   0.32323E+03   0.29881E+02   0.25933E+02   0.32548E+00  -0.15679E+00
   0.32358E+03   0.29878E+02   0.25950E+02   0.32979E+00  -0.15674E+00
   0.32393E+03   0.29882E+02   0.25837E+02   0.34017E+00  -0.16802E+00
   0.32428E+03   0.29888E+02   0.25572E+02   0.34537E+00  -0.18166E+00
   0.32463E+03   0.29893E+02   0.25129E+02   0.34642E+00  -0.19969E+00
   0.32498E+03   0.29895E+02   0.25159E+02   0.34770E+00  -0.20308E+00
   0.32533E+03   0.29895E+02   0.25457E+02   0.35267E+00  -0.19621E+00
   0.32568E+03   0.29898E+02   0.25431E+02   0.35788E+00  -0.20534E+00
   0.32603E+03   0.29903E+02   0.25533E+02   0.36356E+00  -0.21545E+00
   0.32638E+03   0.29910E+02   0.25477E+02   0.37207E+00  -0.22383E+00
   0.32673E+03   0.29916E+02   0.25211E+02   0.37827E+00  -0.23061E+00
   0.32708E+03   0.29921E+02   0.25221E+02   0.38626E+00  -0.23145E+00
   0.32743E+03   0.29926E+02   0.25332E+02   0.39607E+00  -0.23378E+00
   0.32778E+03   0.29932E+02   0.25414E+02   0.39608E+00  -0.23349E+00
   0.32813E+03   0.29934E+02   0.25357E+02   0.39423E+00  -0.23650E+00
   0.32848E+03   0.29937E+02   0.25527E+02   0.40338E+00  -0.23450E+00
   0.32883E+03   0.29942E+02   0.25573E+02   0.41442E+00  -0.22786E+00
   0.32918E+03   0.29946E+02   0.25252E+02   0.42083E+00  -0.23936E+00
   0.32953E+03   0.29949E+02   0.25069E+02   0.42101E+00  -0.24808E+00
   0.32988E+03   0.29949E+02   0.24994E+02   0.41688E+00  -0.24174E+00
   0.33023E+03   0.29949E+02   0.25103E+02   0.42128E+00  -0.23228E+00
   0.33058E+03   0.29950E+02   0.25320E+02   0.42669E+00  -0.22656E+00
   0.33093E+03   0.29953E+02   0.25391E+02   0.42837E+00  -0.22724E+00
   0.33128E+03   0.29955E+02   0.25446E+02   0.43144E+00  -0.22217E+00
   0.33163E+03   0.29955E+02   0.25615E+02   0.43241E+00  -0.21307E+00
   0.33198E+03   0.29956E+02   0.25751E+02   0.43556E+00  -0.20158E+00
   0.33233E+03   0.29956E+02   0.25928E+02   0.43235E+00  -0.18925E+00
   0.33268E+03   0.29956E+02   0.25992E+02   0.42495E+00  -0.18439E+00
   0.33303E+03   0.29954E+02   0.26182E+02   0.41626E+00  -0.16758E+00
   0.33338E+03   0.29951E+02   0.26375E+02   0.40992E+00  -0.15091E+00
   0.33373E+03   0.29949E+02   0.26273E+02   0.40620E+00  -0.14966E+00
   0.33408E+03   0.29946E+02   0.26358E+02   0.39902E+00  -0.14028E+00
   0.33443E+03   0.29941E+02   0.26322E+02   0.38930E+00  -0.13388E+00
   0.33478E+03   0.29934E+02   0.26186E+02   0.37342E+00  -0.13336E+00
   0.33513E+03   0.29925E+02   0.26287E+02   0.36684E+00  -0.12190E+00
   0.33548E+03   0.29919E+02   0.26298E+02   0.36559E+00  -0.11878E+00
   0.33583E+03   0.29914E+02   0.26201E+02   0.35837E+00  -0.12435E+00
   0.33618E+03   0.29910E+02   0.26187E+02   0.35002E+00  -0.12573E+00
   0.33653E+03   0.29907E+02   0.26265E+02   0.34563E+00  -0.12386E+00
   0.33688E+03   0.29903E+02   0.26238E+02   0.34574E+00  -0.11985E+00
   0.33723E+03   0.29898E+02   0.26138E+02   0.34146E+00  -0.12638E+00
   0.33758E+03   0.29890E+02   0.26041E+02   0.33737E+00  -0.13625E+00
   0.33793E+03   0.29887E+02   0.25789E+02   0.33578E+00  -0.14283E+00
   0.33828E+03   0.29884E+02   0.25557E+02   0.33307E+00  -0.15460E+00
   0.33863E+03   0.29883E+02   0.25286E+02   0.33526E+00  -0.17089E+00
   0.33898E+03   0.29885E+02   0.24993E+02   0.33494E+00  -0.18531E+00
   0.33933E+03   0.29887E+02   0.25001E+02   0.33451E+00  -0.19062E+00
   0.33968E+03   0.29891E+02   0.25057E+02   0.33938E+00  -0.19661E+00
   0.34003E+03   0.29893E+02   0.24741E+02   0.34719E+00  -0.21389E+00
   0.34038E+03   0.29897E+02   0.24608E+02   0.35842E+00  -0.22828E+00
   0.34073E+03   0.29905E+02   0.24663E+02   0.36876E+00  -0.23905E+00
   0.34108E+03   0.29913E+02   0.24638E+02   0.37499E+00  -0.24914E+00
   0.34143E+03   0.29919E+02   0.24669E+02   0.38087E+00  -0.25558E+00
   0.34178E+03   0.29924E+02   0.24577E+02   0.39003E+00  -0.26377E+00
   0.34213E+03   0.29930E+02   0.24623E+02   0.40279E+00  -0.26916E+00
   0.34248E+03   0.29937E+02   0.24798E+02   0.41230E+00  -0.27410E+00
   0.34283E+03   0.29943E+02   0.24896E+02   0.42107E+00  -0.28189E+00
   0.34318E+03   0.29948E+02   0.24932E+02   0.43602E+00  -0.28277E+00
   0.34353E+03   0.29954E+02   0.25155E+02   0.44296E+00  -0.27548E+00
   0.34388E+03   0.29957E+02   0.25501E+02   0.44439E+00  -0.26708E+00
   0.34423E+03   0.29960E+02   0.25729E+02   0.45073E+00  -0.25593E+00
   0.34458E+03   0.29963E+02   0.26033E+02   0.45965E+00  -0.23776E+00
   0.34493E+03   0.29966E+02   0.26271E+02   0.46301E+00  -0.22629E+00
   0.34528E+03   0.29967E+02   0.26521E+02   0.46287E+00  -0.21452E+00
   0.34563E+03   0.29967E+02   0.26825E+02   0.45710E+00  -0.19119E+00
   0.34598E+03   0.29966E+02   0.26952E+02   0.44831E+00  -0.17038E+00
   0.34633E+03   0.29964E+02   0.27208E+02   0.44017E+00  -0.14488E+00
   0.34668E+03   0.29961E+02   0.27435E+02   0.42774E+00  -0.12288E+00
   0.34703E+03   0.29956E+02   0.27513E+02   0.41488E+00  -0.10643E+00
   0.34738E+03   0.29951E+02   0.27538E+02   0.40391E+00  -0.93969E-01
   0.34773E+03   0.29944E+02   0.27274E+02   0.38921E+00  -0.90802E-01
   0.34808E+03   0.29936E+02   0.27002E+02   0.36818E+00  -0.84448E-01
   0.34843E+03   0.29925E+02   0.26776E+02   0.35009E+00  -0.86603E-01
   0.34878E+03   0.29912E+02   0.26700E+02   0.33843E+00  -0.85436E-01
   0.34913E+03   0.29901E+02   0.26795E+02   0.32991E+00  -0.79549E-01
   0.34948E+03   0.29891E+02   0.26582E+02   0.32643E+00  -0.96222E-01
   0.34983E+03   0.29884E+02   0.26200E+02   0.32622E+00  -0.11641E+00
   0.35018E+03   0.29880E+02   0.25977E+02   0.32396E+00  -0.12457E+00
   0.35053E+03   0.29877E+02   0.25880E+02   0.32411E+00  -0.13053E+00
   0.35088E+03   0.29874E+02   0.25861E+02   0.32275E+00  -0.13385E+00
   0.35123E+03   0.29871E+02   0.25814E+02   0.32320E+00  -0.13844E+00
   0.35158E+03   0.29872E+02   0.25863E+02   0.32439E+00  -0.14115E+00
   0.35193E+03   0.29874E+02   0.25741E+02   0.32388E+00  -0.15107E+00
   0.35228E+03   0.29875E+02   0.25408E+02   0.32669E+00  -0.17044E+00
   0.35263E+03   0.29876E+02   0.25316E+02   0.33247E+00  -0.17984E+00
   0.35298E+03   0.29878E+02   0.25186E+02   0.33462E+00  -0.18983E+00
   0.35333E+03   0.29877E+02   0.25091E+02   0.33398E+00  -0.20470E+00
   0.35368E+03   0.29878E+02   0.24889E+02   0.33929E+00  -0.22088E+00
   0.35403E+03   0.29885E+02   0.24706E+02   0.34878E+00  -0.23834E+00
   0.35438E+03   0.29894E+02   0.24833E+02   0.36325E+00  -0.24627E+00
   0.35473E+03   0.29905E+02   0.25044E+02   0.37655E+00  -0.25060E+00
   0.35508E+03   0.29915E+02   0.25449E+02   0.38640E+00  -0.25035E+00
   0.35543E+03   0.29924E+02   0.25566E+02   0.39645E+00  -0.24795E+00
   0.35578E+03   0.29932E+02   0.25337E+02   0.40732E+00  -0.25684E+00
   0.35613E+03   0.29938E+02   0.25596E+02   0.41386E+00  -0.25278E+00
   0.35648E+03   0.29944E+02   0.26097E+02   0.42263E+00  -0.23764E+00
   0.35683E+03   0.29949E+02   0.26415E+02   0.43289E+00  -0.22987E+00
   0.35718E+03   0.29952E+02   0.26518E+02   0.43358E+00  -0.22438E+00
   0.35753E+03   0.29954E+02   0.26692E+02   0.43107E+00  -0.21171E+00
   0.35788E+03   0.29954E+02   0.26902E+02   0.43028E+00  -0.19444E+00
   0.35823E+03   0.29954E+02   0.26925E+02   0.43275E+00  -0.18309E+00
   0.35858E+03   0.29954E+02   0.27061E+02   0.43085E+00  -0.17189E+00
   0.35893E+03   0.29954E+02   0.27012E+02   0.42252E+00  -0.16202E+00
   0.35928E+03   0.29951E+02   0.26828E+02   0.41076E+00  -0.15458E+00
   0.35963E+03   0.29947E+02   0.26641E+02   0.40011E+00  -0.14919E+00
   0.35998E+03   0.29944E+02   0.26447E+02   0.39085E+00  -0.14263E+00
   0.36033E+03   0.29939E+02   0.26433E+02   0.38279E+00  -0.13172E+00
   0.36068E+03   0.29933E+02   0.26503E+02   0.37664E+00  -0.12560E+00
   0.36103E+03   0.29927E+02   0.26502E+02   0.36834E+00  -0.12274E+00
   0.36138E+03   0.29922E+02   0.26479E+02   0.36210E+00  -0.12075E+00
   0.36173E+03   0.29917E+02   0.26641E+02   0.36190E+00  -0.11794E+00
   0.36208E+03   0.29914E+02   0.26756E+02   0.35808E+00  -0.11022E+00
   0.36243E+03   0.29909E+02   0.26528E+02   0.34885E+00  -0.11529E+00
   0.36278E+03   0.29906E+02   0.26379E+02   0.34132E+00  -0.12287E+00
   0.36313E+03   0.29901E+02   0.26413E+02   0.33432E+00  -0.11426E+00
   0.36348E+03   0.29891E+02   0.26484E+02   0.33045E+00  -0.10837E+00
   0.36383E+03   0.29883E+02   0.26393E+02   0.32800E+00  -0.11926E+00
   0.36418E+03   0.29877E+02   0.26257E+02   0.32712E+00  -0.13429E+00
   0.36453E+03   0.29875E+02   0.26100E+02   0.32648E+00  -0.14170E+00
   0.36488E+03   0.29875E+02   0.25647E+02   0.32118E+00  -0.15676E+00
   0.36523E+03   0.29872E+02   0.25271E+02   0.32094E+00  -0.17610E+00
   0.36558E+03   0.29873E+02   0.25135E+02   0.32695E+00  -0.18162E+00
   0.36593E+03   0.29875E+02   0.25299E+02   0.32940E+00  -0.18491E+00
   0.36628E+03   0.29878E+02   0.25245E+02   0.33419E+00  -0.19633E+00
   0.36663E+03   0.29883E+02   0.24957E+02   0.34401E+00  -0.21403E+00
   0.36698E+03   0.29893E+02   0.24756E+02   0.35495E+00  -0.22925E+00
   0.36733E+03   0.29903E+02   0.24392E+02   0.36119E+00  -0.24420E+00
   0.36768E+03   0.29908E+02   0.24310E+02   0.36706E+00  -0.25925E+00
   0.36803E+03   0.29913E+02   0.24362E+02   0.37658E+00  -0.26689E+00
   0.36838E+03   0.29921E+02   0.24131E+02   0.38924E+00  -0.28212E+00
   0.36873E+03   0.29929E+02   0.23921E+02   0.40077E+00  -0.30687E+00
   0.36908E+03   0.29936E+02   0.24000E+02   0.41312E+00  -0.32067E+00
   0.36943E+03   0.29943E+02   0.24564E+02   0.43064E+00  -0.31116E+00
   0.36978E+03   0.29951E+02   0.25006E+02   0.45315E+00  -0.30733E+00
   0.37013E+03   0.29958E+02   0.25035E+02   0.47006E+00  -0.31692E+00
   0.37048E+03   0.29964E+02   0.25236E+02   0.47479E+00  -0.31547E+00
   0.37083E+03   0.29968E+02   0.25398E+02   0.48655E+00  -0.30621E+00
   0.37118E+03   0.29972E+02   0.25586E+02   0.49727E+00  -0.29338E+00
   0.37153E+03   0.29975E+02   0.26210E+02   0.49980E+00  -0.27046E+00
   0.37188E+03   0.29976E+02   0.26698E+02   0.49827E+00  -0.24349E+00
   0.37223E+03   0.29976E+02   0.26897E+02   0.49442E+00  -0.22077E+00
   0.37258E+03   0.29975E+02   0.26960E+02   0.49128E+00  -0.20361E+00
   0.37293E+03   0.29975E+02   0.27053E+02   0.48546E+00  -0.18788E+00
   0.37328E+03   0.29973E+02   0.27171E+02   0.47723E+00  -0.16677E+00
   0.37363E+03   0.29971E+02   0.27116E+02   0.46502E+00  -0.14803E+00
   0.37398E+03   0.29967E+02   0.27211E+02   0.44351E+00  -0.12841E+00
   0.37433E+03   0.29962E+02   0.27162E+02   0.42173E+00  -0.11211E+00
   0.37468E+03   0.29956E+02   0.26996E+02   0.40740E+00  -0.99299E-01
   0.37503E+03   0.29948E+02   0.27005E+02   0.39670E+00  -0.84660E-01
   0.37538E+03   0.29940E+02   0.26989E+02   0.38304E+00  -0.77520E-01
   0.37573E+03   0.29932E+02   0.26868E+02   0.36825E+00  -0.81808E-01
   0.37608E+03   0.29923E+02   0.26870E+02   0.35613E+00  -0.83201E-01
   0.37643E+03   0.29915E+02   0.26954E+02   0.34389E+00  -0.73316E-01
   0.37678E+03   0.29905E+02   0.27011E+02   0.33260E+00  -0.68395E-01
   0.37713E+03   0.29892E+02   0.27040E+02   0.32948E+00  -0.75005E-01
   0.37748E+03   0.29883E+02   0.26809E+02   0.32923E+00  -0.87243E-01
   0.37783E+03   0.29878E+02   0.26522E+02   0.31997E+00  -0.99482E-01
   0.37818E+03   0.29868E+02   0.26303E+02   0.31349E+00  -0.11206E+00
   0.37853E+03   0.29861E+02   0.26240E+02   0.31256E+00  -0.11342E+00
   0.37888E+03   0.29858E+02   0.26203E+02   0.30728E+00  -0.11444E+00
   0.37923E+03   0.29853E+02   0.25951E+02   0.30294E+00  -0.13642E+00
   0.37958E+03   0.29847E+02   0.25601E+02   0.30670E+00  -0.15700E+00
   0.37993E+03   0.29848E+02   0.25351E+02   0.31252E+00  -0.16382E+00
   0.38028E+03   0.29853E+02   0.25319E+02   0.31882E+00  -0.17312E+00
   0.38063E+03   0.29860E+02   0.25178E+02   0.32479E+00  -0.19045E+00
   0.38098E+03   0.29865E+02   0.24961E+02   0.32558E+00  -0.20629E+00
   0.38133E+03   0.29868E+02   0.24861E+02   0.33064E+00  -0.21583E+00
   0.38168E+03   0.29876E+02   0.24691E+02   0.34359E+00  -0.23366E+00
   0.38203E+03   0.29887E+02   0.24555E+02   0.36004E+00  -0.25393E+00
   0.38238E+03   0.29900E+02   0.24577E+02   0.37342E+00  -0.26666E+00
   0.38273E+03   0.29911E+02   0.24420E+02   0.38309E+00  -0.28481E+00
   0.38308E+03   0.29920E+02   0.24341E+02   0.39293E+00  -0.29904E+00
   0.38343E+03   0.29929E+02   0.24746E+02   0.40729E+00  -0.29699E+00
   0.38378E+03   0.29938E+02   0.25417E+02   0.42696E+00  -0.28690E+00
   0.38413E+03   0.29947E+02   0.25667E+02   0.44578E+00  -0.28673E+00
   0.38448E+03   0.29955E+02   0.25601E+02   0.45798E+00  -0.29372E+00
   0.38483E+03   0.29961E+02   0.25823E+02   0.46362E+00  -0.28660E+00
   0.38518E+03   0.29964E+02   0.26258E+02   0.47373E+00  -0.26460E+00
   0.38553E+03   0.29968E+02   0.26605E+02   0.47988E+00  -0.24758E+00
   0.38588E+03   0.29970E+02   0.26952E+02   0.47389E+00  -0.22918E+00
   0.38623E+03   0.29970E+02   0.27237E+02   0.46840E+00  -0.20491E+00
   0.38658E+03   0.29969E+02   0.27535E+02   0.46622E+00  -0.17916E+00
   0.38693E+03   0.29968E+02   0.27839E+02   0.46018E+00  -0.15172E+00
   0.38728E+03   0.29967E+02   0.27613E+02   0.45022E+00  -0.13787E+00
   0.38763E+03   0.29963E+02   0.27106E+02   0.43340E+00  -0.13236E+00
   0.38798E+03   0.29956E+02   0.26837E+02   0.41407E+00  -0.11811E+00
   0.38833E+03   0.29949E+02   0.26731E+02   0.39367E+00  -0.10620E+00
   0.38868E+03   0.29942E+02   0.26605E+02   0.37741E+00  -0.10354E+00
   0.38903E+03   0.29935E+02   0.26523E+02   0.37089E+00  -0.10059E+00
   0.38938E+03   0.29929E+02   0.26482E+02   0.35875E+00  -0.97619E-01
   0.38973E+03   0.29919E+02   0.26650E+02   0.34618E+00  -0.88818E-01
   0.39008E+03   0.29909E+02   0.26813E+02   0.34479E+00  -0.82430E-01
   0.39043E+03   0.29904E+02   0.26733E+02   0.34864E+00  -0.89933E-01
   0.39078E+03   0.29900E+02   0.26680E+02   0.34240E+00  -0.95869E-01
   0.39113E+03   0.29893E+02   0.26659E+02   0.33038E+00  -0.99218E-01
   0.39148E+03   0.29886E+02   0.26660E+02   0.32356E+00  -0.10080E+00
   0.39183E+03   0.29881E+02   0.26655E+02   0.32005E+00  -0.94650E-01
   0.39218E+03   0.29874E+02   0.26474E+02   0.31473E+00  -0.10614E+00
   0.39253E+03   0.29864E+02   0.26206E+02   0.30806E+00  -0.12401E+00
   0.39288E+03   0.29856E+02   0.25983E+02   0.30490E+00  -0.12995E+00
   0.39323E+03   0.29853E+02   0.25788E+02   0.30583E+00  -0.14375E+00
   0.39358E+03   0.29852E+02   0.25668E+02   0.30998E+00  -0.15626E+00
   0.39393E+03   0.29855E+02   0.25435E+02   0.31176E+00  -0.16858E+00
   0.39428E+03   0.29860E+02   0.25098E+02   0.30932E+00  -0.18747E+00
   0.39463E+03   0.29863E+02   0.24915E+02   0.31433E+00  -0.19975E+00
   0.39498E+03   0.29867E+02   0.24832E+02   0.33023E+00  -0.20951E+00
   0.39533E+03   0.29876E+02   0.24664E+02   0.34338E+00  -0.22595E+00
   0.39568E+03   0.29886E+02   0.24715E+02   0.35195E+00  -0.24051E+00
   0.39603E+03   0.29896E+02   0.24856E+02   0.36128E+00  -0.25360E+00
   0.39638E+03   0.29906E+02   0.25004E+02   0.37288E+00  -0.25693E+00
   0.39673E+03   0.29916E+02   0.25258E+02   0.38520E+00  -0.25564E+00
   0.39708E+03   0.29925E+02   0.25280E+02   0.40165E+00  -0.26479E+00
   0.39743E+03   0.29934E+02   0.25373E+02   0.41506E+00  -0.26808E+00
   0.39778E+03   0.29941E+02   0.25619E+02   0.42053E+00  -0.26513E+00
   0.39813E+03   0.29946E+02   0.25770E+02   0.42905E+00  -0.26272E+00
   0.39848E+03   0.29950E+02   0.26076E+02   0.43855E+00  -0.25193E+00
   0.39883E+03   0.29954E+02   0.26422E+02   0.44459E+00  -0.23859E+00
   0.39918E+03   0.29958E+02   0.26244E+02   0.44510E+00  -0.23919E+00
   0.39953E+03   0.29960E+02   0.25944E+02   0.44254E+00  -0.24146E+00
   0.39988E+03   0.29960E+02   0.25979E+02   0.44459E+00  -0.22669E+00
   0.40023E+03   0.29961E+02   0.26435E+02   0.44611E+00  -0.19945E+00
   0.40058E+03   0.29962E+02   0.26817E+02   0.44098E+00  -0.18183E+00
   0.40093E+03   0.29961E+02   0.27002E+02   0.43210E+00  -0.16896E+00
   0.40128E+03   0.29957E+02   0.27332E+02   0.42752E+00  -0.14461E+00
   0.40163E+03   0.29956E+02   0.27377E+02   0.42404E+00  -0.12512E+00
   0.40198E+03   0.29953E+02   0.27220E+02   0.41485E+00  -0.11903E+00
   0.40233E+03   0.29949E+02   0.27117E+02   0.40077E+00  -0.11228E+00
   0.40268E+03   0.29941E+02   0.26957E+02   0.38020E+00  -0.10025E+00
   0.40303E+03   0.29930E+02   0.26908E+02   0.36343E+00  -0.88157E-01
   0.40338E+03   0.29920E+02   0.26934E+02   0.35178E+00  -0.87356E-01
   0.40373E+03   0.29912E+02   0.26833E+02   0.34366E+00  -0.93448E-01
   0.40408E+03   0.29908E+02   0.26929E+02   0.33934E+00  -0.88885E-01
   0.40443E+03   0.29902E+02   0.27101E+02   0.33270E+00  -0.84547E-01
   0.40478E+03   0.29892E+02   0.26989E+02   0.32498E+00  -0.87271E-01
   0.40513E+03   0.29881E+02   0.26730E+02   0.32302E+00  -0.97607E-01
   0.40548E+03   0.29875E+02   0.26258E+02   0.32136E+00  -0.11936E+00
   0.40583E+03   0.29870E+02   0.26047E+02   0.31263E+00  -0.12819E+00
   0.40618E+03   0.29866E+02   0.25953E+02   0.30743E+00  -0.13218E+00
   0.40653E+03   0.29861E+02   0.25699E+02   0.30766E+00  -0.14532E+00
   0.40688E+03   0.29859E+02   0.25747E+02   0.31343E+00  -0.14888E+00
   0.40723E+03   0.29861E+02   0.25863E+02   0.31550E+00  -0.15286E+00
   0.40758E+03   0.29861E+02   0.25816E+02   0.31769E+00  -0.16449E+00
   0.40793E+03   0.29867E+02   0.25572E+02   0.32963E+00  -0.17680E+00
   0.40828E+03   0.29876E+02   0.25393E+02   0.33692E+00  -0.18758E+00
   0.40863E+03   0.29883E+02   0.25173E+02   0.33441E+00  -0.19982E+00
   0.40898E+03   0.29883E+02   0.25051E+02   0.33343E+00  -0.21213E+00
   0.40933E+03   0.29884E+02   0.24979E+02   0.34382E+00  -0.22122E+00
   0.40968E+03   0.29892E+02   0.24774E+02   0.35365E+00  -0.23516E+00
   0.41003E+03   0.29899E+02   0.24899E+02   0.36269E+00  -0.24867E+00
   0.41038E+03   0.29907E+02   0.25159E+02   0.37534E+00  -0.25322E+00
   0.41073E+03   0.29917E+02   0.25294E+02   0.38711E+00  -0.25344E+00
   0.41108E+03   0.29926E+02   0.25228E+02   0.40106E+00  -0.25960E+00
   0.41143E+03   0.29935E+02   0.25323E+02   0.41052E+00  -0.26865E+00
   0.41178E+03   0.29941E+02   0.25652E+02   0.41864E+00  -0.25969E+00
   0.41213E+03   0.29946E+02   0.25853E+02   0.42857E+00  -0.24895E+00
   0.41248E+03   0.29951E+02   0.25758E+02   0.43667E+00  -0.25539E+00
   0.41283E+03   0.29955E+02   0.26078E+02   0.44246E+00  -0.24668E+00
   0.41318E+03   0.29958E+02   0.26737E+02   0.44069E+00  -0.22035E+00
   0.41353E+03   0.29959E+02   0.26476E+02   0.43938E+00  -0.21481E+00
   0.41388E+03   0.29959E+02   0.26301E+02   0.44085E+00  -0.20881E+00
   0.41423E+03   0.29959E+02   0.26666E+02   0.43932E+00  -0.18372E+00
   0.41458E+03   0.29959E+02   0.26522E+02   0.43190E+00  -0.17745E+00
   0.41493E+03   0.29957E+02   0.26293E+02   0.42361E+00  -0.17552E+00
   0.41528E+03   0.29954E+02   0.26098E+02   0.41471E+00  -0.16813E+00
   0.41563E+03   0.29951E+02   0.25909E+02   0.40422E+00  -0.15906E+00
   0.41598E+03   0.29946E+02   0.25995E+02   0.39545E+00  -0.14617E+00
   0.41633E+03   0.29939E+02   0.26002E+02   0.38880E+00  -0.14592E+00
   0.41668E+03   0.29935E+02   0.26148E+02   0.38634E+00  -0.13705E+00
   0.41703E+03   0.29933E+02   0.26235E+02   0.38294E+00  -0.13120E+00
   0.41738E+03   0.29931E+02   0.26307E+02   0.37838E+00  -0.13481E+00
   0.41773E+03   0.29927E+02   0.26357E+02   0.37042E+00  -0.12608E+00
   0.41808E+03   0.29924E+02   0.26147E+02   0.36212E+00  -0.12560E+00
   0.41843E+03   0.29918E+02   0.26070E+02   0.35801E+00  -0.13022E+00
   0.41878E+03   0.29911E+02   0.26111E+02   0.35204E+00  -0.12469E+00
   0.41913E+03   0.29905E+02   0.26123E+02   0.34109E+00  -0.12700E+00
   0.41948E+03   0.29896E+02   0.26149E+02   0.33999E+00  -0.13022E+00
   0.41983E+03   0.29893E+02   0.26248E+02   0.34420E+00  -0.12916E+00
