         401
  0.175000000000000        1312500.00000000     
         128
  0.525000000000000        3937500.00000000     
         189
  0.875000000000000        6562500.00000000     
         170
   1.22500000000000        9187500.00000000     
         238
   1.57500000000000        11812500.0000000     
         315
   1.92500000000000        14437500.0000000     
         308
   2.27500000000000        17062500.0000000     
         226
   2.62500000000000        19687500.0000000     
         500
   2.97500000000000        22312500.0000000     
         412
   3.32500000000000        24937500.0000000     
         483
   3.67500000000000        27562500.0000000     
          82
   4.02500000000000        30187500.0000000     
         231
   4.37500000000000        32812500.0000000     
         448
   4.72500000000000        35437500.0000000     
         515
   5.07500000000000        38062500.0000000     
         212
   5.42500000000000        40687500.0000000     
         307
   5.77500000000000        43312500.0000000     
         455
   6.12500000000000        45937500.0000000     
         537
   6.47500000000000        48562500.0000000     
         430
   6.82500000000000        51187500.0000000     
         314
   7.17500000000000        53812500.0000000     
         392
   7.52500000000000        56437500.0000000     
         394
   7.87500000000000        59062500.0000000     
         132
   8.22500000000000        61687500.0000000     
         507
   8.57500000000000        64312500.0000000     
         310
   8.92500000000000        66937500.0000000     
         278
   9.27500000000000        69562500.0000000     
         156
   9.62499999999999        72187500.0000000     
         222
   9.97499999999999        74812500.0000000     
         172
   10.3250000000000        77437500.0000000     
         501
   10.6750000000000        80062500.0000000     
         259
   11.0250000000000        82687500.0000000     
         299
   11.3750000000000        85312499.9999999     
         134
   11.7250000000000        87937499.9999999     
         153
   12.0750000000000        90562499.9999999     
          82
   12.4250000000000        93187499.9999999     
         255
   12.7750000000000        95812499.9999999     
          32
   13.1250000000000        98437499.9999999     
         427
   13.4750000000000        101062500.000000     
         339
   13.8250000000000        103687500.000000     
         228
   14.1750000000000        106312500.000000     
         525
   14.5250000000000        108937500.000000     
         343
   14.8750000000000        111562500.000000     
          77
   15.2250000000000        114187500.000000     
         145
   15.5750000000000        116812500.000000     
         104
   15.9250000000000        119437500.000000     
          96
   16.2750000000000        122062500.000000     
         357
   16.6250000000000        124687500.000000     
         111
   16.9750000000000        127312500.000000     
         298
   17.3250000000000        129937500.000000     
         223
   17.6750000000000        132562500.000000     
         346
   18.0250000000000        135187500.000000     
         306
   18.3750000000000        137812500.000000     
         503
   18.7250000000000        140437500.000000     
         457
   19.0750000000000        143062500.000000     
          98
   19.4250000000000        145687500.000000     
         332
   19.7750000000000        148312500.000000     
         359
   20.1250000000000        150937500.000000     
         261
   20.4750000000000        153562500.000000     
         250
   20.8250000000000        156187500.000000     
          29
   21.1750000000000        158812500.000000     
         430
   21.5250000000000        161437500.000000     
         191
   21.8750000000000        164062500.000000     
         187
   22.2250000000000        166687500.000000     
         227
   22.5750000000000        169312500.000000     
         401
   22.9250000000000        171937500.000000     
         502
   23.2750000000000        174562500.000000     
         140
   23.6250000000000        177187500.000000     
         392
   23.9750000000000        179812500.000000     
         444
   24.3250000000000        182437500.000000     
         171
   24.6750000000000        185062500.000000     
         196
   25.0250000000000        187687500.000000     
         468
   25.3750000000000        190312500.000000     
          37
   25.7250000000000        192937500.000000     
         355
   26.0750000000000        195562500.000000     
          12
   26.4250000000000        198187500.000000     
         496
   26.7750000000000        200812500.000000     
         348
   27.1250000000000        203437500.000000     
         390
   27.4750000000000        206062500.000000     
         330
   27.8250000000000        208687500.000000     
         179
   28.1750000000000        211312500.000000     
          63
   28.5250000000000        213937500.000000     
         127
   28.8750000000000        216562500.000000     
         496
   29.2250000000000        219187500.000000     
          30
   29.5750000000000        221812500.000000     
         466
   29.9250000000000        224437500.000000     
          52
   30.2750000000000        227062500.000000     
         257
   30.6250000000000        229687500.000000     
         367
   30.9750000000001        232312500.000000     
         217
   31.3250000000001        234937500.000000     
         376
   31.6750000000001        237562500.000000     
         276
   32.0250000000001        240187500.000000     
         459
   32.3750000000001        242812500.000000     
         386
   32.7250000000001        245437500.000000     
         327
   33.0750000000001        248062500.000000     
          27
   33.4250000000001        250687500.000000     
         495
   33.7750000000001        253312500.000000     
         218
   34.1250000000001        255937500.000000     
         179
   34.4750000000001        258562500.000000     
         485
   34.8250000000001        261187500.000001     
         121
   35.1750000000001        263812500.000001     
         125
   35.5250000000001        266437500.000001     
         531
   35.8750000000001        269062500.000001     
         313
   36.2250000000001        271687500.000001     
         508
   36.5750000000001        274312500.000001     
         252
   36.9250000000001        276937500.000001     
          95
   37.2750000000001        279562500.000001     
         149
   37.6250000000001        282187500.000001     
         124
   37.9750000000001        284812500.000001     
         534
   38.3250000000001        287437500.000001     
         499
   38.6750000000001        290062500.000001     
         139
   39.0250000000001        292687500.000001     
          52
   39.3750000000001        295312500.000001     
         325
   39.7250000000001        297937500.000001     
          57
   40.0750000000001        300562500.000001     
         362
   40.4250000000001        303187500.000001     
         139
   40.7750000000001        305812500.000001     
         370
   41.1250000000001        308437500.000001     
         268
   41.4750000000001        311062500.000001     
         265
   41.8250000000001        313687500.000001     
         480
   42.1750000000001        316312500.000001     
           9
   42.5250000000001        318937500.000001     
         447
   42.8750000000001        321562500.000001     
         394
   43.2250000000001        324187500.000001     
         350
   43.5750000000001        326812500.000001     
         292
   43.9250000000001        329437500.000001     
         382
   44.2750000000001        332062500.000001     
         159
   44.6250000000001        334687500.000001     
         532
   44.9750000000001        337312500.000001     
         270
   45.3250000000001        339937500.000001     
         231
   45.6750000000001        342562500.000001     
         511
   46.0250000000001        345187500.000001     
         130
   46.3750000000001        347812500.000001     
         154
   46.7250000000001        350437500.000001     
         233
   47.0750000000001        353062500.000001     
         218
   47.4250000000001        355687500.000001     
          83
   47.7750000000001        358312500.000001     
          51
   48.1250000000001        360937500.000001     
         310
   48.4750000000001        363562500.000001     
         407
   48.8250000000001        366187500.000001     
         486
   49.1750000000001        368812500.000001     
          36
   49.5250000000001        371437500.000001     
         144
   49.8750000000001        374062500.000001     
         476
   50.2250000000001        376687500.000001     
          39
   50.5750000000001        379312500.000001     
         139
   50.9250000000001        381937500.000001     
         397
   51.2750000000001        384562500.000001     
         207
   51.6250000000001        387187500.000001     
          98
   51.9750000000001        389812500.000001     
         176
   52.3250000000001        392437500.000001     
         222
   52.6750000000001        395062500.000001     
         133
   53.0250000000001        397687500.000001     
          70
   53.3750000000001        400312500.000001     
         342
   53.7250000000001        402937500.000001     
         143
   54.0750000000001        405562500.000001     
         367
   54.4250000000001        408187500.000001     
          16
   54.7750000000001        410812500.000001     
         238
   55.1250000000001        413437500.000001     
         251
   55.4750000000002        416062500.000001     
         229
   55.8250000000002        418687500.000001     
         201
   56.1750000000002        421312500.000001     
         250
   56.5250000000002        423937500.000001     
         278
   56.8750000000002        426562500.000001     
         463
   57.2250000000002        429187500.000001     
         516
   57.5750000000002        431812500.000001     
         204
   57.9250000000002        434437500.000001     
         410
   58.2750000000002        437062500.000001     
         433
   58.6250000000002        439687500.000001     
         533
   58.9750000000002        442312500.000001     
          89
   59.3250000000002        444937500.000001     
          39
   59.6750000000002        447562500.000001     
         207
   60.0250000000002        450187500.000001     
          22
   60.3750000000002        452812500.000001     
         293
   60.7250000000002        455437500.000001     
         109
   61.0750000000002        458062500.000001     
         469
   61.4250000000002        460687500.000001     
         518
   61.7750000000002        463312500.000001     
         283
   62.1250000000002        465937500.000001     
         198
   62.4750000000002        468562500.000001     
         124
   62.8250000000002        471187500.000001     
         282
   63.1750000000002        473812500.000001     
         168
   63.5250000000002        476437500.000001     
         451
   63.8750000000002        479062500.000001     
         413
   64.2250000000002        481687500.000001     
         512
   64.5750000000002        484312500.000001     
         282
   64.9250000000002        486937500.000001     
         110
   65.2750000000002        489562500.000001     
         496
   65.6250000000002        492187500.000001     
          83
   65.9750000000002        494812500.000001     
         220
   66.3250000000001        497437500.000001     
         414
   66.6750000000001        500062500.000001     
         166
   67.0250000000001        502687500.000001     
         484
   67.3750000000001        505312500.000001     
         217
   67.7250000000001        507937500.000001     
         464
   68.0750000000001        510562500.000001     
         353
   68.4250000000001        513187500.000001     
         271
   68.7750000000001        515812500.000001     
         117
   69.1250000000001        518437500.000001     
         396
   69.4750000000001        521062500.000001     
         213
   69.8250000000001        523687500.000001     
         412
   70.1750000000001        526312500.000001     
         494
   70.5250000000001        528937500.000001     
         344
   70.8750000000001        531562500.000001     
         334
   71.2250000000001        534187500.000000     
         314
   71.5750000000001        536812500.000000     
         221
   71.9250000000001        539437500.000000     
          97
   72.2750000000000        542062500.000000     
         427
   72.6250000000000        544687500.000000     
         164
   72.9750000000000        547312500.000000     
          94
   73.3250000000000        549937500.000000     
         235
   73.6750000000000        552562500.000000     
           3
   74.0250000000000        555187500.000000     
         400
   74.3750000000000        557812500.000000     
          45
   74.7250000000000        560437500.000000     
         507
   75.0750000000000        563062500.000000     
          67
   75.4250000000000        565687500.000000     
         486
   75.7750000000000        568312500.000000     
         507
   76.1250000000000        570937500.000000     
           5
   76.4750000000000        573562500.000000     
          18
   76.8250000000000        576187500.000000     
         195
   77.1750000000000        578812500.000000     
          27
   77.5250000000000        581437500.000000     
          42
   77.8750000000000        584062500.000000     
         105
   78.2250000000000        586687500.000000     
          80
   78.5749999999999        589312500.000000     
          62
   78.9249999999999        591937500.000000     
          30
   79.2749999999999        594562500.000000     
         377
   79.6249999999999        597187500.000000     
         445
   79.9749999999999        599812499.999999     
         123
   80.3249999999999        602437499.999999     
          48
   80.6749999999999        605062499.999999     
         265
   81.0249999999999        607687499.999999     
         387
   81.3749999999999        610312499.999999     
         359
   81.7249999999999        612937499.999999     
         391
   82.0749999999999        615562499.999999     
          91
   82.4249999999999        618187499.999999     
          77
   82.7749999999999        620812499.999999     
         406
   83.1249999999999        623437499.999999     
         474
   83.4749999999999        626062499.999999     
          61
   83.8249999999999        628687499.999999     
         217
   84.1749999999999        631312499.999999     
         294
   84.5249999999998        633937499.999999     
          22
   84.8749999999998        636562499.999999     
         161
   85.2249999999998        639187499.999999     
         147
   85.5749999999998        641812499.999999     
         262
   85.9249999999998        644437499.999999     
         273
   86.2749999999998        647062499.999999     
          61
   86.6249999999998        649687499.999999     
         365
   86.9749999999998        652312499.999999     
          56
   87.3249999999998        654937499.999999     
         290
   87.6749999999998        657562499.999998     
         221
   88.0249999999998        660187499.999998     
         426
   88.3749999999998        662812499.999998     
         450
   88.7249999999998        665437499.999998     
         122
   89.0749999999998        668062499.999998     
         428
   89.4249999999998        670687499.999998     
         225
   89.7749999999998        673312499.999998     
         503
   90.1249999999998        675937499.999998     
         455
   90.4749999999998        678562499.999998     
         286
   90.8249999999997        681187499.999998     
         420
   91.1749999999997        683812499.999998     
         213
   91.5249999999997        686437499.999998     
         277
   91.8749999999997        689062499.999998     
         511
   92.2249999999997        691687499.999998     
         388
   92.5749999999997        694312499.999998     
          34
   92.9249999999997        696937499.999998     
         340
   93.2749999999997        699562499.999998     
         163
   93.6249999999997        702187499.999998     
         119
   93.9749999999997        704812499.999998     
         451
   94.3249999999997        707437499.999998     
         442
   94.6749999999997        710062499.999998     
         330
   95.0249999999997        712687499.999998     
         369
   95.3749999999997        715312499.999997     
         227
   95.7249999999997        717937499.999997     
          38
   96.0749999999997        720562499.999997     
           5
   96.4249999999997        723187499.999997     
         531
   96.7749999999997        725812499.999997     
         331
   97.1249999999996        728437499.999997     
         487
   97.4749999999996        731062499.999997     
         488
   97.8249999999996        733687499.999997     
          58
   98.1749999999996        736312499.999997     
         328
   98.5249999999996        738937499.999997     
         123
   98.8749999999996        741562499.999997     
         408
   99.2249999999996        744187499.999997     
         178
   99.5749999999996        746812499.999997     
         108
   99.9249999999996        749437499.999997     
         342
   100.275000000000        752062499.999997     
         243
   100.625000000000        754687499.999997     
         358
   100.975000000000        757312499.999997     
         100
   101.325000000000        759937499.999997     
         118
   101.675000000000        762562499.999997     
         419
   102.025000000000        765187499.999997     
         112
   102.375000000000        767812499.999997     
          76
   102.725000000000        770437499.999997     
          27
   103.075000000000        773062499.999997     
          97
   103.425000000000        775687499.999997     
         186
   103.775000000000        778312499.999997     
          48
   104.125000000000        780937499.999996     
         173
   104.475000000000        783562499.999996     
         297
   104.825000000000        786187499.999996     
         297
   105.175000000000        788812499.999996     
         155
   105.525000000000        791437499.999996     
         319
   105.875000000000        794062499.999996     
          98
   106.224999999999        796687499.999996     
          23
   106.574999999999        799312499.999996     
         418
   106.924999999999        801937499.999996     
         449
   107.274999999999        804562499.999996     
           8
   107.624999999999        807187499.999996     
          10
   107.974999999999        809812499.999996     
           8
   108.324999999999        812437499.999996     
         210
   108.674999999999        815062499.999996     
         462
   109.024999999999        817687499.999996     
         141
   109.374999999999        820312499.999996     
          20
   109.724999999999        822937499.999996     
         505
   110.074999999999        825562499.999996     
          61
   110.424999999999        828187499.999996     
         234
   110.774999999999        830812499.999996     
         366
   111.124999999999        833437499.999996     
         214
   111.474999999999        836062499.999996     
         509
   111.824999999999        838687499.999996     
         310
   112.174999999999        841312499.999995     
         498
   112.524999999999        843937499.999995     
         476
   112.874999999999        846562499.999995     
         351
   113.224999999999        849187499.999995     
         370
   113.574999999999        851812499.999995     
         248
   113.924999999999        854437499.999995     
         442
   114.274999999999        857062499.999995     
         124
   114.624999999999        859687499.999995     
          40
   114.974999999999        862312499.999995     
         508
   115.324999999999        864937499.999995     
         405
   115.674999999999        867562499.999995     
         163
   116.024999999999        870187499.999995     
         390
   116.374999999999        872812499.999995     
         407
   116.724999999999        875437499.999995     
          64
   117.074999999999        878062499.999995     
         205
   117.424999999999        880687499.999995     
         346
   117.774999999999        883312499.999995     
          89
   118.124999999999        885937499.999995     
         141
   118.474999999999        888562499.999995     
         182
   118.824999999999        891187499.999995     
         232
   119.174999999999        893812499.999995     
         386
   119.524999999999        896437499.999995     
         392
   119.874999999999        899062499.999995     
         113
   120.224999999999        901687499.999995     
         506
   120.574999999999        904312499.999995     
         191
   120.924999999999        906937499.999994     
         272
   121.274999999999        909562499.999994     
         316
   121.624999999999        912187499.999994     
         178
   121.974999999999        914812499.999994     
         300
   122.324999999999        917437499.999994     
         332
   122.674999999999        920062499.999994     
         523
   123.024999999999        922687499.999994     
         434
   123.374999999999        925312499.999994     
         472
   123.724999999999        927937499.999994     
         540
   124.074999999999        930562499.999994     
         165
   124.424999999999        933187499.999994     
         456
   124.774999999999        935812499.999994     
          58
   125.124999999999        938437499.999994     
         527
   125.474999999999        941062499.999994     
         204
   125.824999999999        943687499.999994     
         267
   126.174999999999        946312499.999994     
         351
   126.524999999999        948937499.999994     
         428
   126.874999999999        951562499.999994     
         225
   127.224999999999        954187499.999994     
         125
   127.574999999999        956812499.999994     
         530
   127.924999999999        959437499.999994     
         254
   128.274999999999        962062499.999993     
         322
   128.624999999999        964687499.999993     
         481
   128.974999999999        967312499.999993     
         155
   129.324999999999        969937499.999993     
         477
   129.674999999999        972562499.999993     
         466
   130.024999999999        975187499.999993     
         520
   130.374999999999        977812499.999993     
         113
   130.724999999999        980437499.999993     
          28
   131.074999999999        983062499.999993     
         509
   131.424999999999        985687499.999993     
          54
   131.774999999999        988312499.999993     
          41
   132.124999999999        990937499.999993     
         203
   132.474999999999        993562499.999993     
         400
   132.824999999999        996187499.999993     
         244
   133.174999999999        998812499.999993     
         293
   133.524999999999        1001437499.99999     
         319
   133.874999999999        1004062499.99999     
          81
   134.224999999999        1006687499.99999     
         343
   134.574999999999        1009312499.99999     
         299
   134.924999999999        1011937499.99999     
         347
   135.274999999999        1014562499.99999     
         449
   135.624999999999        1017187499.99999     
         165
   135.974999999999        1019812499.99999     
         200
   136.324999999999        1022437499.99999     
          60
   136.674999999999        1025062499.99999     
         272
   137.024999999999        1027687499.99999     
         305
   137.374999999999        1030312499.99999     
         433
   137.724999999999        1032937499.99999     
          28
   138.074999999999        1035562499.99999     
         306
   138.424999999999        1038187499.99999     
         116
   138.774999999999        1040812499.99999     
         533
   139.124999999999        1043437499.99999     
         461
   139.474999999999        1046062499.99999     
         237
   139.824999999999        1048687499.99999     
         225
   140.174999999999        1051312499.99999     
         363
   140.524999999999        1053937499.99999     
         407
   140.874999999999        1056562499.99999     
         122
   141.224999999999        1059187499.99999     
         349
   141.574999999999        1061812499.99999     
         134
   141.924999999999        1064437499.99999     
         174
   142.274999999999        1067062499.99999     
         440
   142.624999999999        1069687499.99999     
         416
   142.974999999999        1072312499.99999     
          22
   143.324999999999        1074937499.99999     
         244
   143.674999999999        1077562499.99999     
         135
   144.024999999999        1080187499.99999     
         467
   144.374999999999        1082812499.99999     
         142
   144.724999999999        1085437499.99999     
         310
   145.074999999999        1088062499.99999     
         470
   145.424999999999        1090687499.99999     
         264
   145.774999999999        1093312499.99999     
         428
   146.124999999999        1095937499.99999     
          74
   146.474999999999        1098562499.99999     
         188
   146.824999999999        1101187499.99999     
         180
   147.174999999999        1103812499.99999     
         236
   147.524999999999        1106437499.99999     
         138
   147.874999999999        1109062499.99999     
         522
   148.224999999999        1111687499.99999     
          39
   148.574999999999        1114312499.99999     
         215
   148.924999999999        1116937499.99999     
         495
   149.274999999999        1119562499.99999     
         373
   149.624999999999        1122187499.99999     
         173
   149.974999999999        1124812499.99999     
         292
   150.324999999999        1127437499.99999     
         318
   150.674999999999        1130062499.99999     
         290
   151.024999999999        1132687499.99999     
         507
   151.374999999999        1135312499.99999     
         167
   151.724999999999        1137937499.99999     
         465
   152.074999999999        1140562499.99999     
          89
   152.424999999999        1143187499.99999     
         451
   152.774999999999        1145812499.99999     
         401
   153.124999999999        1148437499.99999     
         269
   153.474999999999        1151062499.99999     
         101
   153.824999999999        1153687499.99999     
          60
   154.174999999999        1156312499.99999     
          31
   154.524999999999        1158937499.99999     
         379
   154.874999999999        1161562499.99999     
         485
   155.224999999999        1164187499.99999     
         384
   155.574999999999        1166812499.99999     
          95
   155.924999999999        1169437499.99999     
         501
   156.274999999999        1172062499.99999     
         520
   156.624999999999        1174687499.99999     
         373
   156.974999999999        1177312499.99999     
         398
   157.324999999999        1179937499.99999     
         468
   157.674999999999        1182562499.99999     
         169
   158.024999999999        1185187499.99999     
         259
   158.374999999999        1187812499.99999     
          66
   158.724999999999        1190437499.99999     
         481
   159.074999999999        1193062499.99999     
         213
   159.424999999999        1195687499.99999     
         317
   159.774999999999        1198312499.99999     
         302
   160.124999999999        1200937499.99999     
         196
   160.474999999999        1203562499.99999     
         284
   160.824999999999        1206187499.99999     
         143
   161.174999999999        1208812499.99999     
         442
   161.524999999999        1211437499.99999     
         505
   161.874999999999        1214062499.99999     
         290
   162.224999999999        1216687499.99999     
          66
   162.574999999999        1219312499.99999     
         244
   162.924999999999        1221937499.99999     
         254
   163.274999999999        1224562499.99999     
          98
   163.624999999999        1227187499.99999     
         304
   163.974999999999        1229812499.99999     
         481
   164.324999999999        1232437499.99999     
         537
   164.674999999999        1235062499.99999     
         431
   165.024999999999        1237687499.99999     
         317
   165.374999999999        1240312499.99999     
         247
   165.724999999999        1242937499.99999     
          49
   166.074999999999        1245562499.99999     
         426
   166.424999999999        1248187499.99999     
         423
   166.774999999998        1250812499.99999     
          54
   167.124999999998        1253437499.99999     
         334
   167.474999999998        1256062499.99999     
         484
   167.824999999998        1258687499.99999     
         108
   168.174999999998        1261312499.99999     
         524
   168.524999999998        1263937499.99999     
          46
   168.874999999998        1266562499.99999     
         378
   169.224999999998        1269187499.99999     
         336
   169.574999999998        1271812499.99999     
         150
   169.924999999998        1274437499.99999     
         242
   170.274999999998        1277062499.99999     
         242
   170.624999999998        1279687499.99999     
         149
   170.974999999998        1282312499.99999     
         171
   171.324999999998        1284937499.99999     
          93
   171.674999999998        1287562499.99999     
         456
   172.024999999998        1290187499.99999     
         387
   172.374999999998        1292812499.99999     
         398
   172.724999999998        1295437499.99999     
         424
   173.074999999998        1298062499.99999     
         418
   173.424999999998        1300687499.99999     
         326
   173.774999999998        1303312499.99999     
         324
   174.124999999998        1305937499.99999     
          59
   174.474999999998        1308562499.99999     
          38
   174.824999999998        1311187499.99999     
          70
   175.174999999998        1313812499.99999     
          56
   175.524999999998        1316437499.99999     
         479
   175.874999999998        1319062499.99999     
         213
   176.224999999998        1321687499.99999     
          50
   176.574999999998        1324312499.99999     
          68
   176.924999999998        1326937499.99999     
         271
   177.274999999998        1329562499.99999     
          91
   177.624999999998        1332187499.99999     
         233
   177.974999999998        1334812499.99999     
          72
   178.324999999998        1337437499.99999     
          89
   178.674999999998        1340062499.99999     
         370
   179.024999999998        1342687499.99999     
           1
   179.374999999998        1345312499.99999     
         529
   179.724999999998        1347937499.99999     
         280
   180.074999999998        1350562499.99999     
         220
   180.424999999998        1353187499.99999     
         475
   180.774999999998        1355812499.99999     
         451
   181.124999999998        1358437499.99999     
         498
   181.474999999998        1361062499.99999     
          88
   181.824999999998        1363687499.99999     
          82
   182.174999999998        1366312499.99999     
         240
   182.524999999998        1368937499.99999     
         140
   182.874999999998        1371562499.99999     
         333
   183.224999999998        1374187499.99999     
         172
   183.574999999998        1376812499.99999     
          43
   183.924999999998        1379437499.99999     
         221
   184.274999999998        1382062499.99999     
         344
   184.624999999998        1384687499.99999     
         253
   184.974999999998        1387312499.99999     
          99
   185.324999999998        1389937499.99999     
         516
   185.674999999998        1392562499.99999     
         248
   186.024999999998        1395187499.99999     
           9
   186.374999999998        1397812499.99999     
          36
   186.724999999998        1400437499.99999     
         322
   187.074999999998        1403062499.99999     
         354
   187.424999999998        1405687499.99999     
         114
   187.774999999998        1408312499.99999     
         141
   188.124999999998        1410937499.99999     
         245
   188.474999999998        1413562499.99999     
         488
   188.824999999998        1416187499.99999     
          96
   189.174999999998        1418812499.99999     
         228
   189.524999999998        1421437499.99999     
         124
   189.874999999998        1424062499.99999     
         216
   190.224999999998        1426687499.99999     
          25
   190.574999999998        1429312499.99999     
         475
   190.924999999998        1431937499.99999     
         281
   191.274999999998        1434562499.99999     
         459
   191.624999999998        1437187499.99999     
          42
   191.974999999998        1439812499.99999     
          40
   192.324999999998        1442437499.99999     
         160
   192.674999999998        1445062499.99999     
         117
   193.024999999998        1447687499.99999     
         204
   193.374999999998        1450312499.99999     
         461
   193.724999999998        1452937499.99999     
          14
   194.074999999998        1455562499.99999     
         525
   194.424999999998        1458187499.99999     
         419
   194.774999999998        1460812499.99999     
          86
   195.124999999998        1463437499.99999     
         258
   195.474999999998        1466062499.99999     
         197
   195.824999999998        1468687499.99999     
         349
   196.174999999998        1471312499.99999     
         105
   196.524999999998        1473937499.99999     
         294
   196.874999999998        1476562499.99998     
          41
   197.224999999998        1479187499.99998     
         181
   197.574999999998        1481812499.99998     
         425
   197.924999999998        1484437499.99998     
         440
   198.274999999998        1487062499.99998     
         270
   198.624999999998        1489687499.99998     
         415
   198.974999999998        1492312499.99998     
         371
   199.324999999998        1494937499.99998     
         324
   199.674999999998        1497562499.99998     
         155
   200.024999999998        1500187499.99998     
         282
   200.374999999998        1502812499.99998     
         434
   200.724999999998        1505437499.99998     
          93
   201.074999999998        1508062499.99998     
         436
   201.424999999998        1510687499.99998     
         394
   201.774999999998        1513312499.99998     
         478
   202.124999999998        1515937499.99998     
         457
   202.474999999998        1518562499.99998     
         152
   202.824999999998        1521187499.99998     
         270
   203.174999999998        1523812499.99998     
         191
   203.524999999998        1526437499.99998     
         385
   203.874999999998        1529062499.99998     
         533
   204.224999999998        1531687499.99998     
         221
   204.574999999998        1534312499.99998     
         379
   204.924999999998        1536937499.99998     
         415
   205.274999999998        1539562499.99998     
         234
   205.624999999998        1542187499.99998     
           9
   205.974999999998        1544812499.99998     
         206
   206.324999999998        1547437499.99998     
         417
   206.674999999998        1550062499.99998     
         291
   207.024999999998        1552687499.99998     
         414
   207.374999999998        1555312499.99998     
         293
   207.724999999998        1557937499.99998     
         462
   208.074999999998        1560562499.99998     
         112
   208.424999999998        1563187499.99998     
          51
   208.774999999998        1565812499.99998     
          94
   209.124999999998        1568437499.99998     
         331
   209.474999999998        1571062499.99998     
         280
   209.824999999998        1573687499.99998     
          23
   210.174999999998        1576312499.99998     
         120
   210.524999999998        1578937499.99998     
          24
   210.874999999998        1581562499.99998     
         262
   211.224999999998        1584187499.99998     
         289
   211.574999999998        1586812499.99998     
          20
   211.924999999998        1589437499.99998     
          34
   212.274999999998        1592062499.99998     
         113
   212.624999999998        1594687499.99998     
          22
   212.974999999998        1597312499.99998     
         363
   213.324999999998        1599937499.99998     
          36
   213.674999999998        1602562499.99998     
          57
   214.024999999998        1605187499.99998     
         438
   214.374999999998        1607812499.99998     
          48
   214.724999999998        1610437499.99998     
         160
   215.074999999998        1613062499.99998     
         498
   215.424999999998        1615687499.99998     
         484
   215.774999999998        1618312499.99998     
          24
   216.124999999998        1620937499.99998     
         105
   216.474999999998        1623562499.99998     
         297
   216.824999999998        1626187499.99998     
         358
   217.174999999998        1628812499.99998     
         378
   217.524999999998        1631437499.99998     
          66
   217.874999999998        1634062499.99998     
         133
   218.224999999998        1636687499.99998     
          88
   218.574999999998        1639312499.99998     
         329
   218.924999999998        1641937499.99998     
         480
   219.274999999998        1644562499.99998     
         158
   219.624999999998        1647187499.99998     
         436
   219.974999999998        1649812499.99998     
         170
   220.324999999998        1652437499.99998     
         436
   220.674999999998        1655062499.99998     
         468
   221.024999999998        1657687499.99998     
          61
   221.374999999998        1660312499.99998     
         112
   221.724999999998        1662937499.99998     
         364
   222.074999999998        1665562499.99998     
         287
   222.424999999998        1668187499.99998     
         527
   222.774999999998        1670812499.99998     
         493
   223.124999999998        1673437499.99998     
         374
   223.474999999998        1676062499.99998     
         173
   223.824999999998        1678687499.99998     
         343
   224.174999999998        1681312499.99998     
         215
   224.524999999998        1683937499.99998     
         493
   224.874999999998        1686562499.99998     
         516
   225.224999999998        1689187499.99998     
         106
   225.574999999998        1691812499.99998     
         266
   225.924999999998        1694437499.99998     
         447
   226.274999999998        1697062499.99998     
         240
   226.624999999998        1699687499.99998     
         192
   226.974999999998        1702312499.99998     
         218
   227.324999999998        1704937499.99998     
         214
   227.674999999998        1707562499.99998     
         346
   228.024999999998        1710187499.99998     
           2
   228.374999999997        1712812499.99998     
         326
   228.724999999997        1715437499.99998     
         103
   229.074999999997        1718062499.99998     
         250
   229.424999999997        1720687499.99998     
         454
   229.774999999997        1723312499.99998     
          32
   230.124999999997        1725937499.99998     
          38
   230.474999999997        1728562499.99998     
         193
   230.824999999997        1731187499.99998     
         500
   231.174999999997        1733812499.99998     
         104
   231.524999999997        1736437499.99998     
         384
   231.874999999997        1739062499.99998     
         306
   232.224999999997        1741687499.99998     
         485
   232.574999999997        1744312499.99998     
         478
   232.924999999997        1746937499.99998     
         441
   233.274999999997        1749562499.99998     
         224
   233.624999999997        1752187499.99998     
         429
   233.974999999997        1754812499.99998     
          78
   234.324999999997        1757437499.99998     
         175
   234.674999999997        1760062499.99998     
         242
   235.024999999997        1762687499.99998     
          91
   235.374999999997        1765312499.99998     
         394
   235.724999999997        1767937499.99998     
         448
   236.074999999997        1770562499.99998     
           7
   236.424999999997        1773187499.99998     
         442
   236.774999999997        1775812499.99998     
          68
   237.124999999997        1778437499.99998     
         231
   237.474999999997        1781062499.99998     
          45
   237.824999999997        1783687499.99998     
         417
   238.174999999997        1786312499.99998     
         173
   238.524999999997        1788937499.99998     
         314
   238.874999999997        1791562499.99998     
          15
   239.224999999997        1794187499.99998     
           8
   239.574999999997        1796812499.99998     
         456
   239.924999999997        1799437499.99998     
         481
   240.274999999997        1802062499.99998     
         449
   240.624999999997        1804687499.99998     
         173
   240.974999999997        1807312499.99998     
         338
   241.324999999997        1809937499.99998     
         472
   241.674999999997        1812562499.99998     
         277
   242.024999999997        1815187499.99998     
         481
   242.374999999997        1817812499.99998     
         137
   242.724999999997        1820437499.99998     
         338
   243.074999999997        1823062499.99998     
         466
   243.424999999997        1825687499.99998     
         336
   243.774999999997        1828312499.99998     
          12
   244.124999999997        1830937499.99998     
         376
   244.474999999997        1833562499.99998     
         250
   244.824999999997        1836187499.99998     
         533
   245.174999999997        1838812499.99998     
         360
   245.524999999997        1841437499.99998     
         540
   245.874999999997        1844062499.99998     
          47
   246.224999999997        1846687499.99998     
         238
   246.574999999997        1849312499.99998     
         504
   246.924999999997        1851937499.99998     
         151
   247.274999999997        1854562499.99998     
         366
   247.624999999997        1857187499.99998     
         472
   247.974999999997        1859812499.99998     
           3
   248.324999999997        1862437499.99998     
         373
   248.674999999997        1865062499.99998     
         170
   249.024999999997        1867687499.99998     
         217
   249.374999999997        1870312499.99998     
         294
   249.724999999997        1872937499.99998     
          61
   250.074999999997        1875562499.99998     
         405
   250.424999999997        1878187499.99998     
         458
   250.774999999997        1880812499.99998     
         433
   251.124999999997        1883437499.99998     
         169
   251.474999999997        1886062499.99998     
         370
   251.824999999997        1888687499.99998     
         253
   252.174999999997        1891312499.99998     
          75
   252.524999999997        1893937499.99998     
          96
   252.874999999997        1896562499.99998     
         228
   253.224999999997        1899187499.99998     
         297
   253.574999999997        1901812499.99998     
         469
   253.924999999997        1904437499.99998     
         245
   254.274999999997        1907062499.99998     
         426
   254.624999999997        1909687499.99998     
         313
   254.974999999997        1912312499.99998     
         410
   255.324999999997        1914937499.99998     
         119
   255.674999999997        1917562499.99998     
         415
   256.024999999997        1920187499.99998     
         504
   256.374999999997        1922812499.99998     
         236
   256.724999999997        1925437499.99998     
         197
   257.074999999997        1928062499.99998     
         255
   257.424999999997        1930687499.99998     
         497
   257.774999999997        1933312499.99998     
         339
   258.124999999997        1935937499.99998     
         194
   258.474999999997        1938562499.99998     
         113
   258.824999999997        1941187499.99998     
         343
   259.174999999997        1943812499.99998     
         308
   259.524999999997        1946437499.99998     
         369
   259.874999999997        1949062499.99998     
          50
   260.224999999997        1951687499.99998     
         110
   260.574999999997        1954312499.99998     
          83
   260.924999999997        1956937499.99998     
         258
   261.274999999997        1959562499.99998     
         180
   261.624999999997        1962187499.99998     
         292
   261.974999999997        1964812499.99998     
         517
   262.324999999997        1967437499.99998     
         124
   262.674999999998        1970062499.99998     
         391
   263.024999999998        1972687499.99998     
         226
   263.374999999998        1975312499.99998     
         443
   263.724999999998        1977937499.99998     
          34
   264.074999999998        1980562499.99998     
         141
   264.424999999998        1983187499.99998     
         507
   264.774999999998        1985812499.99998     
         167
   265.124999999998        1988437499.99998     
          14
   265.474999999998        1991062499.99998     
         454
   265.824999999998        1993687499.99998     
          51
   266.174999999998        1996312499.99998     
         120
   266.524999999998        1998937499.99998     
         434
   266.874999999998        2001562499.99998     
          74
   267.224999999998        2004187499.99998     
         223
   267.574999999998        2006812499.99998     
         332
   267.924999999998        2009437499.99998     
          50
   268.274999999998        2012062499.99998     
         203
   268.624999999998        2014687499.99998     
         230
   268.974999999998        2017312499.99998     
         257
   269.324999999998        2019937499.99998     
         237
   269.674999999998        2022562499.99998     
         425
   270.024999999998        2025187499.99998     
         529
   270.374999999998        2027812499.99998     
         258
   270.724999999998        2030437499.99999     
         266
   271.074999999998        2033062499.99999     
         420
   271.424999999998        2035687499.99999     
         206
   271.774999999998        2038312499.99999     
         282
   272.124999999998        2040937499.99999     
         498
   272.474999999998        2043562499.99999     
         491
   272.824999999998        2046187499.99999     
         385
   273.174999999998        2048812499.99999     
         335
   273.524999999998        2051437499.99999     
         130
   273.874999999998        2054062499.99999     
         214
   274.224999999998        2056687499.99999     
         533
   274.574999999998        2059312499.99999     
         185
   274.924999999998        2061937499.99999     
         423
   275.274999999998        2064562499.99999     
         165
   275.624999999998        2067187499.99999     
         261
   275.974999999998        2069812499.99999     
         288
   276.324999999998        2072437499.99999     
         419
   276.674999999998        2075062499.99999     
         111
   277.024999999998        2077687499.99999     
         449
   277.374999999998        2080312499.99999     
         118
   277.724999999998        2082937499.99999     
          23
   278.074999999999        2085562499.99999     
         305
   278.424999999999        2088187499.99999     
         379
   278.774999999999        2090812499.99999     
         277
   279.124999999999        2093437499.99999     
          66
   279.474999999999        2096062499.99999     
          20
   279.824999999999        2098687499.99999     
         460
   280.174999999999        2101312499.99999     
         370
   280.524999999999        2103937499.99999     
         385
   280.874999999999        2106562499.99999     
         440
   281.224999999999        2109187499.99999     
          34
   281.574999999999        2111812499.99999     
         466
   281.924999999999        2114437499.99999     
           5
   282.274999999999        2117062499.99999     
         369
   282.624999999999        2119687499.99999     
         402
   282.974999999999        2122312499.99999     
         356
   283.324999999999        2124937499.99999     
         355
   283.674999999999        2127562499.99999     
         254
   284.024999999999        2130187499.99999     
          84
   284.374999999999        2132812499.99999     
         335
   284.724999999999        2135437499.99999     
         501
   285.074999999999        2138062499.99999     
         395
   285.424999999999        2140687499.99999     
         502
   285.774999999999        2143312499.99999     
         489
   286.124999999999        2145937499.99999     
         470
   286.474999999999        2148562499.99999     
         488
   286.824999999999        2151187499.99999     
         446
   287.174999999999        2153812499.99999     
         362
   287.524999999999        2156437499.99999     
         326
   287.874999999999        2159062499.99999     
         342
   288.224999999999        2161687499.99999     
         341
   288.574999999999        2164312499.99999     
         428
   288.924999999999        2166937499.99999     
         111
   289.274999999999        2169562499.99999     
         497
   289.624999999999        2172187499.99999     
         100
   289.974999999999        2174812499.99999     
         207
   290.324999999999        2177437499.99999     
          18
   290.674999999999        2180062499.99999     
         371
   291.024999999999        2182687500.00000     
         477
   291.374999999999        2185312500.00000     
         454
   291.724999999999        2187937500.00000     
         330
   292.074999999999        2190562500.00000     
          92
   292.424999999999        2193187500.00000     
         482
   292.774999999999        2195812500.00000     
          98
   293.124999999999        2198437500.00000     
         452
   293.475000000000        2201062500.00000     
         111
   293.825000000000        2203687500.00000     
         336
   294.175000000000        2206312500.00000     
          66
   294.525000000000        2208937500.00000     
         341
   294.875000000000        2211562500.00000     
         444
   295.225000000000        2214187500.00000     
         210
   295.575000000000        2216812500.00000     
         194
   295.925000000000        2219437500.00000     
         175
   296.275000000000        2222062500.00000     
         464
   296.625000000000        2224687500.00000     
         360
   296.975000000000        2227312500.00000     
          54
   297.325000000000        2229937500.00000     
         205
   297.675000000000        2232562500.00000     
         137
   298.025000000000        2235187500.00000     
         324
   298.375000000000        2237812500.00000     
         392
   298.725000000000        2240437500.00000     
         449
   299.075000000000        2243062500.00000     
         371
   299.425000000000        2245687500.00000     
         132
   299.775000000000        2248312500.00000     
          85
   300.125000000000        2250937500.00000     
         304
   300.475000000000        2253562500.00000     
          90
   300.825000000000        2256187500.00000     
          69
   301.175000000000        2258812500.00000     
         392
   301.525000000000        2261437500.00000     
          13
   301.875000000000        2264062500.00000     
         444
   302.225000000000        2266687500.00000     
         472
   302.575000000000        2269312500.00000     
         102
   302.925000000000        2271937500.00000     
          89
   303.275000000000        2274562500.00000     
         274
   303.625000000000        2277187500.00000     
         352
   303.975000000000        2279812500.00000     
         306
   304.325000000000        2282437500.00000     
         165
   304.675000000000        2285062500.00000     
          20
   305.025000000000        2287687500.00000     
         146
   305.375000000000        2290312500.00000     
         136
   305.725000000000        2292937500.00000     
         533
   306.075000000000        2295562500.00000     
         152
   306.425000000000        2298187500.00000     
         173
   306.775000000000        2300812500.00000     
         108
   307.125000000000        2303437500.00000     
         154
   307.475000000000        2306062500.00000     
         122
   307.825000000000        2308687500.00000     
          67
   308.175000000000        2311312500.00000     
          32
   308.525000000000        2313937500.00000     
         239
   308.875000000001        2316562500.00000     
         522
   309.225000000001        2319187500.00000     
         326
   309.575000000001        2321812500.00000     
         368
   309.925000000001        2324437500.00000     
         169
   310.275000000001        2327062500.00000     
         381
   310.625000000001        2329687500.00000     
         212
   310.975000000001        2332312500.00000     
          56
   311.325000000001        2334937500.00001     
         425
   311.675000000001        2337562500.00001     
         540
   312.025000000001        2340187500.00001     
         170
   312.375000000001        2342812500.00001     
         221
   312.725000000001        2345437500.00001     
          38
   313.075000000001        2348062500.00001     
         534
   313.425000000001        2350687500.00001     
          57
   313.775000000001        2353312500.00001     
          81
   314.125000000001        2355937500.00001     
         308
   314.475000000001        2358562500.00001     
         262
   314.825000000001        2361187500.00001     
         473
   315.175000000001        2363812500.00001     
          51
   315.525000000001        2366437500.00001     
         391
   315.875000000001        2369062500.00001     
         335
   316.225000000001        2371687500.00001     
         406
   316.575000000001        2374312500.00001     
          87
   316.925000000001        2376937500.00001     
         254
   317.275000000001        2379562500.00001     
         487
   317.625000000001        2382187500.00001     
         177
   317.975000000001        2384812500.00001     
         441
   318.325000000001        2387437500.00001     
         204
   318.675000000001        2390062500.00001     
          14
   319.025000000001        2392687500.00001     
         273
   319.375000000001        2395312500.00001     
         500
   319.725000000001        2397937500.00001     
         222
   320.075000000001        2400562500.00001     
          44
   320.425000000001        2403187500.00001     
         516
   320.775000000001        2405812500.00001     
         387
   321.125000000001        2408437500.00001     
         468
   321.475000000001        2411062500.00001     
         250
   321.825000000001        2413687500.00001     
         427
   322.175000000001        2416312500.00001     
         318
   322.525000000001        2418937500.00001     
         391
   322.875000000001        2421562500.00001     
         254
   323.225000000001        2424187500.00001     
         226
   323.575000000001        2426812500.00001     
         307
   323.925000000001        2429437500.00001     
         528
   324.275000000002        2432062500.00001     
         223
   324.625000000002        2434687500.00001     
         442
   324.975000000002        2437312500.00001     
         229
   325.325000000002        2439937500.00001     
         149
   325.675000000002        2442562500.00001     
         213
   326.025000000002        2445187500.00001     
         272
   326.375000000002        2447812500.00001     
          52
   326.725000000002        2450437500.00001     
          38
   327.075000000002        2453062500.00001     
         346
   327.425000000002        2455687500.00001     
         270
   327.775000000002        2458312500.00001     
         288
   328.125000000002        2460937500.00001     
          99
   328.475000000002        2463562500.00001     
         295
   328.825000000002        2466187500.00001     
          92
   329.175000000002        2468812500.00001     
         403
   329.525000000002        2471437500.00001     
          25
   329.875000000002        2474062500.00001     
          23
   330.225000000002        2476687500.00001     
         507
   330.575000000002        2479312500.00001     
         185
   330.925000000002        2481937500.00001     
           8
   331.275000000002        2484562500.00001     
         431
   331.625000000002        2487187500.00001     
         491
   331.975000000002        2489812500.00002     
           3
   332.325000000002        2492437500.00002     
         183
   332.675000000002        2495062500.00002     
          46
   333.025000000002        2497687500.00002     
         433
   333.375000000002        2500312500.00002     
         481
   333.725000000002        2502937500.00002     
         531
   334.075000000002        2505562500.00002     
         419
   334.425000000002        2508187500.00002     
          52
   334.775000000002        2510812500.00002     
         421
   335.125000000002        2513437500.00002     
          83
   335.475000000002        2516062500.00002     
         278
   335.825000000002        2518687500.00002     
         260
   336.175000000002        2521312500.00002     
         382
   336.525000000002        2523937500.00002     
          47
   336.875000000002        2526562500.00002     
         112
   337.225000000002        2529187500.00002     
          94
   337.575000000002        2531812500.00002     
          92
   337.925000000002        2534437500.00002     
         289
   338.275000000002        2537062500.00002     
         515
   338.625000000002        2539687500.00002     
         433
   338.975000000002        2542312500.00002     
         470
   339.325000000002        2544937500.00002     
          79
   339.675000000003        2547562500.00002     
         447
   340.025000000003        2550187500.00002     
         150
   340.375000000003        2552812500.00002     
           8
   340.725000000003        2555437500.00002     
         530
   341.075000000003        2558062500.00002     
         397
   341.425000000003        2560687500.00002     
          25
   341.775000000003        2563312500.00002     
         167
   342.125000000003        2565937500.00002     
          37
   342.475000000003        2568562500.00002     
         427
   342.825000000003        2571187500.00002     
         102
   343.175000000003        2573812500.00002     
          40
   343.525000000003        2576437500.00002     
         394
   343.875000000003        2579062500.00002     
         270
   344.225000000003        2581687500.00002     
         323
   344.575000000003        2584312500.00002     
         149
   344.925000000003        2586937500.00002     
         490
   345.275000000003        2589562500.00002     
         538
   345.625000000003        2592187500.00002     
         481
   345.975000000003        2594812500.00002     
         407
   346.325000000003        2597437500.00002     
          40
   346.675000000003        2600062500.00002     
         495
   347.025000000003        2602687500.00002     
         522
   347.375000000003        2605312500.00002     
         353
   347.725000000003        2607937500.00002     
         474
   348.075000000003        2610562500.00002     
         438
   348.425000000003        2613187500.00002     
          41
   348.775000000003        2615812500.00002     
         160
   349.125000000003        2618437500.00002     
         194
   349.475000000003        2621062500.00002     
         532
   349.825000000003        2623687500.00002     
         335
   350.175000000003        2626312500.00002     
         262
   350.525000000003        2628937500.00002     
         189
   350.875000000003        2631562500.00002     
         273
   351.225000000003        2634187500.00002     
          44
   351.575000000003        2636812500.00002     
         181
   351.925000000003        2639437500.00002     
         373
   352.275000000003        2642062500.00002     
         533
   352.625000000003        2644687500.00003     
         350
   352.975000000003        2647312500.00003     
         173
   353.325000000003        2649937500.00003     
         194
   353.675000000003        2652562500.00003     
         363
   354.025000000003        2655187500.00003     
         410
   354.375000000003        2657812500.00003     
         206
   354.725000000003        2660437500.00003     
         489
   355.075000000004        2663062500.00003     
         103
   355.425000000004        2665687500.00003     
         423
   355.775000000004        2668312500.00003     
         442
   356.125000000004        2670937500.00003     
         332
   356.475000000004        2673562500.00003     
         110
   356.825000000004        2676187500.00003     
          95
   357.175000000004        2678812500.00003     
         166
   357.525000000004        2681437500.00003     
         266
   357.875000000004        2684062500.00003     
         106
   358.225000000004        2686687500.00003     
         179
   358.575000000004        2689312500.00003     
         187
   358.925000000004        2691937500.00003     
         335
   359.275000000004        2694562500.00003     
         380
   359.625000000004        2697187500.00003     
         491
   359.975000000004        2699812500.00003     
         522
   360.325000000004        2702437500.00003     
         331
   360.675000000004        2705062500.00003     
         135
   361.025000000004        2707687500.00003     
         155
   361.375000000004        2710312500.00003     
          98
   361.725000000004        2712937500.00003     
           0
   362.075000000004        2715562500.00003     
         314
   362.425000000004        2718187500.00003     
          99
   362.775000000004        2720812500.00003     
         522
   363.125000000004        2723437500.00003     
         230
   363.475000000004        2726062500.00003     
         316
   363.825000000004        2728687500.00003     
         462
   364.175000000004        2731312500.00003     
         203
   364.525000000004        2733937500.00003     
         295
   364.875000000004        2736562500.00003     
         373
   365.225000000004        2739187500.00003     
          67
   365.575000000004        2741812500.00003     
         217
   365.925000000004        2744437500.00003     
         341
   366.275000000004        2747062500.00003     
         441
   366.625000000004        2749687500.00003     
         304
   366.975000000004        2752312500.00003     
         295
   367.325000000004        2754937500.00003     
         514
   367.675000000004        2757562500.00003     
          10
   368.025000000004        2760187500.00003     
         294
   368.375000000004        2762812500.00003     
          43
   368.725000000004        2765437500.00003     
         349
   369.075000000004        2768062500.00003     
         151
   369.425000000004        2770687500.00003     
          65
   369.775000000004        2773312500.00003     
          77
   370.125000000004        2775937500.00003     
         336
   370.475000000005        2778562500.00003     
          85
   370.825000000005        2781187500.00003     
         313
   371.175000000005        2783812500.00003     
         506
   371.525000000005        2786437500.00003     
         350
   371.875000000005        2789062500.00003     
         158
   372.225000000005        2791687500.00003     
         381
   372.575000000005        2794312500.00003     
          63
   372.925000000005        2796937500.00003     
         482
   373.275000000005        2799562500.00004     
         518
   373.625000000005        2802187500.00004     
         156
   373.975000000005        2804812500.00004     
          12
   374.325000000005        2807437500.00004     
         394
   374.675000000005        2810062500.00004     
          69
   375.025000000005        2812687500.00004     
          26
   375.375000000005        2815312500.00004     
          26
   375.725000000005        2817937500.00004     
         516
   376.075000000005        2820562500.00004     
         257
   376.425000000005        2823187500.00004     
         193
   376.775000000005        2825812500.00004     
          55
   377.125000000005        2828437500.00004     
         353
   377.475000000005        2831062500.00004     
         371
   377.825000000005        2833687500.00004     
         370
   378.175000000005        2836312500.00004     
         444
   378.525000000005        2838937500.00004     
         137
   378.875000000005        2841562500.00004     
         126
   379.225000000005        2844187500.00004     
          22
   379.575000000005        2846812500.00004     
         540
   379.925000000005        2849437500.00004     
         406
   380.275000000005        2852062500.00004     
         500
   380.625000000005        2854687500.00004     
          78
   380.975000000005        2857312500.00004     
         233
   381.325000000005        2859937500.00004     
         482
   381.675000000005        2862562500.00004     
         208
   382.025000000005        2865187500.00004     
         208
   382.375000000005        2867812500.00004     
         439
   382.725000000005        2870437500.00004     
          38
   383.075000000005        2873062500.00004     
         501
   383.425000000005        2875687500.00004     
         462
   383.775000000005        2878312500.00004     
          22
   384.125000000005        2880937500.00004     
         464
   384.475000000005        2883562500.00004     
          70
   384.825000000005        2886187500.00004     
         503
   385.175000000005        2888812500.00004     
         306
   385.525000000005        2891437500.00004     
           2
   385.875000000006        2894062500.00004     
         354
   386.225000000006        2896687500.00004     
         147
   386.575000000006        2899312500.00004     
         244
   386.925000000006        2901937500.00004     
         161
   387.275000000006        2904562500.00004     
         101
   387.625000000006        2907187500.00004     
          95
   387.975000000006        2909812500.00004     
         186
   388.325000000006        2912437500.00004     
         440
   388.675000000006        2915062500.00004     
         491
   389.025000000006        2917687500.00004     
         258
   389.375000000006        2920312500.00004     
         213
   389.725000000006        2922937500.00004     
          20
   390.075000000006        2925562500.00004     
         464
   390.425000000006        2928187500.00004     
         501
   390.775000000006        2930812500.00004     
         133
   391.125000000006        2933437500.00004     
         148
   391.475000000006        2936062500.00004     
         265
   391.825000000006        2938687500.00004     
         481
   392.175000000006        2941312500.00004     
         211
   392.525000000006        2943937500.00004     
         409
   392.875000000006        2946562500.00004     
         502
   393.225000000006        2949187500.00004     
         325
   393.575000000006        2951812500.00005     
         161
   393.925000000006        2954437500.00005     
         136
   394.275000000006        2957062500.00005     
         184
   394.625000000006        2959687500.00005     
         273
   394.975000000006        2962312500.00005     
         381
   395.325000000006        2964937500.00005     
         254
   395.675000000006        2967562500.00005     
          23
   396.025000000006        2970187500.00005     
          97
   396.375000000006        2972812500.00005     
         263
   396.725000000006        2975437500.00005     
         336
   397.075000000006        2978062500.00005     
         522
   397.425000000006        2980687500.00005     
         384
   397.775000000006        2983312500.00005     
         275
   398.125000000006        2985937500.00005     
         277
   398.475000000006        2988562500.00005     
          59
   398.825000000006        2991187500.00005     
         283
   399.175000000006        2993812500.00005     
         190
   399.525000000006        2996437500.00005     
         123
   399.875000000006        2999062500.00005     
         261
   400.225000000006        3001687500.00005     
         260
   400.575000000006        3004312500.00005     
         138
   400.925000000006        3006937500.00005     
         414
   401.275000000007        3009562500.00005     
         256
   401.625000000007        3012187500.00005     
         346
   401.975000000007        3014812500.00005     
         524
   402.325000000007        3017437500.00005     
         291
   402.675000000007        3020062500.00005     
         372
   403.025000000007        3022687500.00005     
         430
   403.375000000007        3025312500.00005     
         313
   403.725000000007        3027937500.00005     
         529
   404.075000000007        3030562500.00005     
          64
   404.425000000007        3033187500.00005     
         239
   404.775000000007        3035812500.00005     
         316
   405.125000000007        3038437500.00005     
         251
   405.475000000007        3041062500.00005     
         108
   405.825000000007        3043687500.00005     
          74
   406.175000000007        3046312500.00005     
         448
   406.525000000007        3048937500.00005     
         120
   406.875000000007        3051562500.00005     
         454
   407.225000000007        3054187500.00005     
         325
   407.575000000007        3056812500.00005     
         423
   407.925000000007        3059437500.00005     
         116
   408.275000000007        3062062500.00005     
          84
   408.625000000007        3064687500.00005     
          50
   408.975000000007        3067312500.00005     
         358
   409.325000000007        3069937500.00005     
         524
   409.675000000007        3072562500.00005     
         174
   410.025000000007        3075187500.00005     
         118
   410.375000000007        3077812500.00005     
          13
   410.725000000007        3080437500.00005     
         380
   411.075000000007        3083062500.00005     
         196
   411.425000000007        3085687500.00005     
         126
   411.775000000007        3088312500.00005     
           1
   412.125000000007        3090937500.00005     
          25
   412.475000000007        3093562500.00005     
         241
   412.825000000007        3096187500.00005     
         470
   413.175000000007        3098812500.00005     
         378
   413.525000000007        3101437500.00005     
         214
   413.875000000007        3104062500.00005     
         390
   414.225000000007        3106687500.00006     
         411
   414.575000000007        3109312500.00006     
         351
   414.925000000007        3111937500.00006     
         361
   415.275000000007        3114562500.00006     
          11
   415.625000000007        3117187500.00006     
         315
   415.975000000007        3119812500.00006     
         510
   416.325000000007        3122437500.00006     
         489
   416.675000000008        3125062500.00006     
         290
   417.025000000008        3127687500.00006     
         146
   417.375000000008        3130312500.00006     
         383
   417.725000000008        3132937500.00006     
         313
   418.075000000008        3135562500.00006     
         456
   418.425000000008        3138187500.00006     
         490
   418.775000000008        3140812500.00006     
         274
   419.125000000008        3143437500.00006     
         505
   419.475000000008        3146062500.00006     
         324
   419.825000000008        3148687500.00006     
