       time        TW        TE         hW        hE
   0.17500E+00   0.29534E+02   0.29187E+02   0.28874E-02  -0.30720E-01
   0.52500E+00   0.28824E+02   0.27686E+02   0.24353E-01  -0.98066E-01
   0.87500E+00   0.28564E+02   0.26174E+02   0.61414E-01  -0.17663E+00
   0.12250E+01   0.28652E+02   0.24606E+02   0.10692E+00  -0.26819E+00
   0.15750E+01   0.28918E+02   0.23500E+02   0.16413E+00  -0.35651E+00
   0.19250E+01   0.29230E+02   0.23001E+02   0.22938E+00  -0.42701E+00
   0.22750E+01   0.29498E+02   0.22909E+02   0.30117E+00  -0.49323E+00
   0.26250E+01   0.29688E+02   0.22808E+02   0.37554E+00  -0.56439E+00
   0.29750E+01   0.29814E+02   0.22829E+02   0.45114E+00  -0.62348E+00
   0.33250E+01   0.29893E+02   0.23120E+02   0.52619E+00  -0.65433E+00
   0.36750E+01   0.29938E+02   0.23903E+02   0.59446E+00  -0.66164E+00
   0.40250E+01   0.29966E+02   0.25082E+02   0.65648E+00  -0.64097E+00
   0.43750E+01   0.29980E+02   0.26014E+02   0.71112E+00  -0.59127E+00
   0.47250E+01   0.29988E+02   0.26780E+02   0.75484E+00  -0.53043E+00
   0.50750E+01   0.29992E+02   0.27411E+02   0.78214E+00  -0.45990E+00
   0.54250E+01   0.29995E+02   0.27922E+02   0.78308E+00  -0.38237E+00
   0.57750E+01   0.29998E+02   0.28342E+02   0.76154E+00  -0.30402E+00
   0.61250E+01   0.29999E+02   0.28683E+02   0.72023E+00  -0.22873E+00
   0.64750E+01   0.29998E+02   0.28833E+02   0.66691E+00  -0.16899E+00
   0.68250E+01   0.29995E+02   0.28656E+02   0.60766E+00  -0.12531E+00
   0.71750E+01   0.29992E+02   0.28650E+02   0.55315E+00  -0.75426E-01
   0.75250E+01   0.29987E+02   0.28816E+02   0.51059E+00  -0.25144E-01
   0.78750E+01   0.29980E+02   0.28794E+02   0.47353E+00   0.32288E-02
   0.82250E+01   0.29971E+02   0.28699E+02   0.43622E+00   0.14352E-01
   0.85750E+01   0.29960E+02   0.28554E+02   0.40234E+00   0.18576E-01
   0.89250E+01   0.29947E+02   0.28470E+02   0.37812E+00   0.27058E-01
   0.92750E+01   0.29930E+02   0.28482E+02   0.35747E+00   0.33976E-01
   0.96250E+01   0.29914E+02   0.28443E+02   0.34454E+00   0.26656E-01
   0.99750E+01   0.29904E+02   0.28352E+02   0.33292E+00   0.12502E-01
   0.10325E+02   0.29891E+02   0.28162E+02   0.31771E+00  -0.36000E-02
   0.10675E+02   0.29875E+02   0.27839E+02   0.30687E+00  -0.19194E-01
   0.11025E+02   0.29863E+02   0.27623E+02   0.30393E+00  -0.27059E-01
   0.11375E+02   0.29852E+02   0.27476E+02   0.30166E+00  -0.37967E-01
   0.11725E+02   0.29841E+02   0.27268E+02   0.29115E+00  -0.56861E-01
   0.12075E+02   0.29827E+02   0.26864E+02   0.27821E+00  -0.82226E-01
   0.12425E+02   0.29817E+02   0.26376E+02   0.27432E+00  -0.10263E+00
   0.12775E+02   0.29815E+02   0.25867E+02   0.27439E+00  -0.12015E+00
   0.13125E+02   0.29809E+02   0.25296E+02   0.27115E+00  -0.14960E+00
   0.13475E+02   0.29799E+02   0.25082E+02   0.27075E+00  -0.17046E+00
   0.13825E+02   0.29797E+02   0.24827E+02   0.27693E+00  -0.18874E+00
   0.14175E+02   0.29804E+02   0.24312E+02   0.28923E+00  -0.22313E+00
   0.14525E+02   0.29818E+02   0.23966E+02   0.30451E+00  -0.25813E+00
   0.14875E+02   0.29836E+02   0.23988E+02   0.31987E+00  -0.28025E+00
   0.15225E+02   0.29856E+02   0.24033E+02   0.33970E+00  -0.29314E+00
   0.15575E+02   0.29878E+02   0.23826E+02   0.36034E+00  -0.31878E+00
   0.15925E+02   0.29898E+02   0.24007E+02   0.38137E+00  -0.34134E+00
   0.16275E+02   0.29917E+02   0.24675E+02   0.40941E+00  -0.33945E+00
   0.16625E+02   0.29934E+02   0.25470E+02   0.43704E+00  -0.33763E+00
   0.16975E+02   0.29948E+02   0.25845E+02   0.46160E+00  -0.34300E+00
   0.17325E+02   0.29959E+02   0.26181E+02   0.48045E+00  -0.33829E+00
   0.17675E+02   0.29967E+02   0.26616E+02   0.49750E+00  -0.32131E+00
   0.18025E+02   0.29972E+02   0.27029E+02   0.50762E+00  -0.29759E+00
   0.18375E+02   0.29976E+02   0.27644E+02   0.51500E+00  -0.27125E+00
   0.18725E+02   0.29978E+02   0.28134E+02   0.51843E+00  -0.24323E+00
   0.19075E+02   0.29980E+02   0.28531E+02   0.51451E+00  -0.20519E+00
   0.19425E+02   0.29979E+02   0.28381E+02   0.50311E+00  -0.17597E+00
   0.19775E+02   0.29977E+02   0.28145E+02   0.48552E+00  -0.15652E+00
   0.20125E+02   0.29974E+02   0.28332E+02   0.47320E+00  -0.12127E+00
   0.20475E+02   0.29970E+02   0.28515E+02   0.45740E+00  -0.90134E-01
   0.20825E+02   0.29965E+02   0.28465E+02   0.43090E+00  -0.73260E-01
   0.21175E+02   0.29956E+02   0.28268E+02   0.39901E+00  -0.61424E-01
   0.21525E+02   0.29944E+02   0.27978E+02   0.38079E+00  -0.52794E-01
   0.21875E+02   0.29932E+02   0.27674E+02   0.36706E+00  -0.45393E-01
   0.22225E+02   0.29921E+02   0.27644E+02   0.34663E+00  -0.44174E-01
   0.22575E+02   0.29907E+02   0.27623E+02   0.33222E+00  -0.46951E-01
   0.22925E+02   0.29894E+02   0.27551E+02   0.32402E+00  -0.47896E-01
   0.23275E+02   0.29883E+02   0.27402E+02   0.31447E+00  -0.52376E-01
   0.23625E+02   0.29871E+02   0.27010E+02   0.30597E+00  -0.73436E-01
   0.23975E+02   0.29862E+02   0.26544E+02   0.30407E+00  -0.95803E-01
   0.24325E+02   0.29855E+02   0.26364E+02   0.30482E+00  -0.99474E-01
   0.24675E+02   0.29849E+02   0.26383E+02   0.30322E+00  -0.10167E+00
   0.25025E+02   0.29845E+02   0.26402E+02   0.29999E+00  -0.11247E+00
   0.25375E+02   0.29846E+02   0.26101E+02   0.30125E+00  -0.13256E+00
   0.25725E+02   0.29848E+02   0.25443E+02   0.30400E+00  -0.15870E+00
   0.26075E+02   0.29848E+02   0.24888E+02   0.30511E+00  -0.18265E+00
   0.26425E+02   0.29848E+02   0.24594E+02   0.30875E+00  -0.19858E+00
   0.26775E+02   0.29851E+02   0.24605E+02   0.31616E+00  -0.20977E+00
   0.27125E+02   0.29857E+02   0.24541E+02   0.32385E+00  -0.23031E+00
   0.27475E+02   0.29864E+02   0.24308E+02   0.33263E+00  -0.25632E+00
   0.27825E+02   0.29876E+02   0.24005E+02   0.34628E+00  -0.28113E+00
   0.28175E+02   0.29891E+02   0.23759E+02   0.36826E+00  -0.30666E+00
   0.28525E+02   0.29908E+02   0.23961E+02   0.39191E+00  -0.32105E+00
   0.28875E+02   0.29923E+02   0.24174E+02   0.40925E+00  -0.33110E+00
   0.29225E+02   0.29935E+02   0.24224E+02   0.42180E+00  -0.34616E+00
   0.29575E+02   0.29945E+02   0.24907E+02   0.43877E+00  -0.34005E+00
   0.29925E+02   0.29954E+02   0.25776E+02   0.46278E+00  -0.32390E+00
   0.30275E+02   0.29962E+02   0.26272E+02   0.48796E+00  -0.31301E+00
   0.30625E+02   0.29969E+02   0.26529E+02   0.50409E+00  -0.30474E+00
   0.30975E+02   0.29974E+02   0.26798E+02   0.50996E+00  -0.29350E+00
   0.31325E+02   0.29976E+02   0.27343E+02   0.51232E+00  -0.25826E+00
   0.31675E+02   0.29978E+02   0.27765E+02   0.50785E+00  -0.22089E+00
   0.32025E+02   0.29978E+02   0.27732E+02   0.49983E+00  -0.20099E+00
   0.32375E+02   0.29977E+02   0.27395E+02   0.48799E+00  -0.18375E+00
   0.32725E+02   0.29975E+02   0.27226E+02   0.47281E+00  -0.15876E+00
   0.33075E+02   0.29972E+02   0.27543E+02   0.45484E+00  -0.12093E+00
   0.33425E+02   0.29967E+02   0.27831E+02   0.44204E+00  -0.92733E-01
   0.33775E+02   0.29961E+02   0.27802E+02   0.42845E+00  -0.82229E-01
   0.34125E+02   0.29953E+02   0.27788E+02   0.40398E+00  -0.69033E-01
   0.34475E+02   0.29944E+02   0.27769E+02   0.38195E+00  -0.58383E-01
   0.34825E+02   0.29935E+02   0.27703E+02   0.36849E+00  -0.51733E-01
   0.35175E+02   0.29924E+02   0.27707E+02   0.35861E+00  -0.41960E-01
   0.35525E+02   0.29913E+02   0.27667E+02   0.34576E+00  -0.43212E-01
   0.35875E+02   0.29899E+02   0.27577E+02   0.32370E+00  -0.50099E-01
   0.36225E+02   0.29881E+02   0.27472E+02   0.30894E+00  -0.52600E-01
   0.36575E+02   0.29868E+02   0.27384E+02   0.31003E+00  -0.55967E-01
   0.36925E+02   0.29862E+02   0.27162E+02   0.30966E+00  -0.68619E-01
   0.37275E+02   0.29855E+02   0.26876E+02   0.30120E+00  -0.88517E-01
   0.37625E+02   0.29841E+02   0.26891E+02   0.29316E+00  -0.92465E-01
   0.37975E+02   0.29835E+02   0.26763E+02   0.29484E+00  -0.96264E-01
   0.38325E+02   0.29836E+02   0.26524E+02   0.29621E+00  -0.11065E+00
   0.38675E+02   0.29835E+02   0.26360E+02   0.29568E+00  -0.12299E+00
   0.39025E+02   0.29834E+02   0.25975E+02   0.29428E+00  -0.14114E+00
   0.39375E+02   0.29833E+02   0.25632E+02   0.29416E+00  -0.15267E+00
   0.39725E+02   0.29832E+02   0.25142E+02   0.29769E+00  -0.17599E+00
   0.40075E+02   0.29834E+02   0.24614E+02   0.30378E+00  -0.21053E+00
   0.40425E+02   0.29839E+02   0.24461E+02   0.31210E+00  -0.22524E+00
   0.40775E+02   0.29848E+02   0.24388E+02   0.32395E+00  -0.24853E+00
   0.41125E+02   0.29864E+02   0.24036E+02   0.33981E+00  -0.28249E+00
   0.41475E+02   0.29881E+02   0.23780E+02   0.35802E+00  -0.30656E+00
   0.41825E+02   0.29898E+02   0.23995E+02   0.38237E+00  -0.32079E+00
   0.42175E+02   0.29916E+02   0.24482E+02   0.40305E+00  -0.32423E+00
   0.42525E+02   0.29930E+02   0.24948E+02   0.42065E+00  -0.32778E+00
   0.42875E+02   0.29943E+02   0.25448E+02   0.44518E+00  -0.32931E+00
   0.43225E+02   0.29954E+02   0.25679E+02   0.46821E+00  -0.32692E+00
   0.43575E+02   0.29962E+02   0.25445E+02   0.48058E+00  -0.33298E+00
   0.43925E+02   0.29968E+02   0.25567E+02   0.49034E+00  -0.33254E+00
   0.44275E+02   0.29972E+02   0.25802E+02   0.50317E+00  -0.31535E+00
   0.44625E+02   0.29976E+02   0.26129E+02   0.50799E+00  -0.29366E+00
   0.44975E+02   0.29978E+02   0.26452E+02   0.50437E+00  -0.27843E+00
   0.45325E+02   0.29978E+02   0.26828E+02   0.50374E+00  -0.25366E+00
   0.45675E+02   0.29979E+02   0.27246E+02   0.50893E+00  -0.21522E+00
   0.46025E+02   0.29979E+02   0.27525E+02   0.50999E+00  -0.18882E+00
   0.46375E+02   0.29979E+02   0.27986E+02   0.49879E+00  -0.16465E+00
   0.46725E+02   0.29977E+02   0.28136E+02   0.48099E+00  -0.13173E+00
   0.47075E+02   0.29975E+02   0.28017E+02   0.45875E+00  -0.10182E+00
   0.47425E+02   0.29969E+02   0.27895E+02   0.43445E+00  -0.78732E-01
   0.47775E+02   0.29960E+02   0.27858E+02   0.41191E+00  -0.59362E-01
   0.48125E+02   0.29949E+02   0.27940E+02   0.39287E+00  -0.40298E-01
   0.48475E+02   0.29938E+02   0.27968E+02   0.37500E+00  -0.36153E-01
   0.48825E+02   0.29927E+02   0.28014E+02   0.35608E+00  -0.34469E-01
   0.49175E+02   0.29913E+02   0.27990E+02   0.33510E+00  -0.28523E-01
   0.49525E+02   0.29898E+02   0.27841E+02   0.32325E+00  -0.32206E-01
   0.49875E+02   0.29886E+02   0.27709E+02   0.31591E+00  -0.37334E-01
   0.50225E+02   0.29871E+02   0.27556E+02   0.30367E+00  -0.48413E-01
   0.50575E+02   0.29856E+02   0.27293E+02   0.29763E+00  -0.63225E-01
   0.50925E+02   0.29846E+02   0.27061E+02   0.29594E+00  -0.71514E-01
   0.51275E+02   0.29838E+02   0.26871E+02   0.29169E+00  -0.82126E-01
   0.51625E+02   0.29829E+02   0.26672E+02   0.28741E+00  -0.96402E-01
   0.51975E+02   0.29821E+02   0.26593E+02   0.28903E+00  -0.10576E+00
   0.52325E+02   0.29818E+02   0.26352E+02   0.29446E+00  -0.11872E+00
   0.52675E+02   0.29822E+02   0.26045E+02   0.29722E+00  -0.13792E+00
   0.53025E+02   0.29828E+02   0.25625E+02   0.29729E+00  -0.16208E+00
   0.53375E+02   0.29836E+02   0.24965E+02   0.29801E+00  -0.18928E+00
   0.53725E+02   0.29841E+02   0.24524E+02   0.29990E+00  -0.20779E+00
   0.54075E+02   0.29842E+02   0.24281E+02   0.30674E+00  -0.22822E+00
   0.54425E+02   0.29849E+02   0.23996E+02   0.31935E+00  -0.25534E+00
   0.54775E+02   0.29864E+02   0.23693E+02   0.33411E+00  -0.28298E+00
   0.55125E+02   0.29879E+02   0.23503E+02   0.35082E+00  -0.31426E+00
   0.55475E+02   0.29895E+02   0.23488E+02   0.37330E+00  -0.33588E+00
   0.55825E+02   0.29912E+02   0.23684E+02   0.40014E+00  -0.35137E+00
   0.56175E+02   0.29929E+02   0.23912E+02   0.42669E+00  -0.36964E+00
   0.56525E+02   0.29943E+02   0.24264E+02   0.45102E+00  -0.38053E+00
   0.56875E+02   0.29955E+02   0.25102E+02   0.47586E+00  -0.37393E+00
   0.57225E+02   0.29964E+02   0.26113E+02   0.50001E+00  -0.35331E+00
   0.57575E+02   0.29972E+02   0.26938E+02   0.52246E+00  -0.32961E+00
   0.57925E+02   0.29978E+02   0.27591E+02   0.53954E+00  -0.30181E+00
   0.58275E+02   0.29982E+02   0.28090E+02   0.54357E+00  -0.27160E+00
   0.58625E+02   0.29983E+02   0.28346E+02   0.53760E+00  -0.23960E+00
   0.58975E+02   0.29984E+02   0.28569E+02   0.52966E+00  -0.20060E+00
   0.59325E+02   0.29983E+02   0.28880E+02   0.51507E+00  -0.15667E+00
   0.59675E+02   0.29980E+02   0.28668E+02   0.49267E+00  -0.12569E+00
   0.60025E+02   0.29976E+02   0.28138E+02   0.46688E+00  -0.10984E+00
   0.60375E+02   0.29969E+02   0.27935E+02   0.44310E+00  -0.90162E-01
   0.60725E+02   0.29962E+02   0.27766E+02   0.42225E+00  -0.71272E-01
   0.61075E+02   0.29952E+02   0.27567E+02   0.40058E+00  -0.63530E-01
   0.61425E+02   0.29942E+02   0.27487E+02   0.37893E+00  -0.57847E-01
   0.61775E+02   0.29930E+02   0.27502E+02   0.35775E+00  -0.45245E-01
   0.62125E+02   0.29916E+02   0.27577E+02   0.34391E+00  -0.37073E-01
   0.62475E+02   0.29903E+02   0.27598E+02   0.33949E+00  -0.39453E-01
   0.62825E+02   0.29897E+02   0.27615E+02   0.33744E+00  -0.40307E-01
   0.63175E+02   0.29893E+02   0.27521E+02   0.32616E+00  -0.49130E-01
   0.63525E+02   0.29883E+02   0.27291E+02   0.31169E+00  -0.60191E-01
   0.63875E+02   0.29872E+02   0.26953E+02   0.29786E+00  -0.65990E-01
   0.64225E+02   0.29853E+02   0.26730E+02   0.28941E+00  -0.75293E-01
   0.64575E+02   0.29837E+02   0.26752E+02   0.29110E+00  -0.82285E-01
   0.64925E+02   0.29832E+02   0.26595E+02   0.29083E+00  -0.99704E-01
   0.65275E+02   0.29826E+02   0.26403E+02   0.28844E+00  -0.11971E+00
   0.65625E+02   0.29821E+02   0.26384E+02   0.29355E+00  -0.12492E+00
   0.65975E+02   0.29826E+02   0.26343E+02   0.30242E+00  -0.13055E+00
   0.66325E+02   0.29835E+02   0.26069E+02   0.30439E+00  -0.14586E+00
   0.66675E+02   0.29836E+02   0.25805E+02   0.30191E+00  -0.16790E+00
   0.67025E+02   0.29838E+02   0.25575E+02   0.30869E+00  -0.18203E+00
   0.67375E+02   0.29844E+02   0.25292E+02   0.31563E+00  -0.18700E+00
   0.67725E+02   0.29850E+02   0.25073E+02   0.31773E+00  -0.21016E+00
   0.68075E+02   0.29858E+02   0.24919E+02   0.32635E+00  -0.23339E+00
   0.68425E+02   0.29870E+02   0.25134E+02   0.33814E+00  -0.23275E+00
   0.68775E+02   0.29883E+02   0.25490E+02   0.34984E+00  -0.23571E+00
   0.69125E+02   0.29895E+02   0.25832E+02   0.36471E+00  -0.24250E+00
   0.69475E+02   0.29908E+02   0.26048E+02   0.38510E+00  -0.24217E+00
   0.69825E+02   0.29921E+02   0.25853E+02   0.39839E+00  -0.25116E+00
   0.70175E+02   0.29930E+02   0.25725E+02   0.40386E+00  -0.25793E+00
   0.70525E+02   0.29936E+02   0.25533E+02   0.40868E+00  -0.25841E+00
   0.70875E+02   0.29941E+02   0.25301E+02   0.41705E+00  -0.26044E+00
   0.71225E+02   0.29946E+02   0.25339E+02   0.42308E+00  -0.25984E+00
   0.71575E+02   0.29950E+02   0.25218E+02   0.42351E+00  -0.26729E+00
   0.71925E+02   0.29953E+02   0.25190E+02   0.42838E+00  -0.26959E+00
   0.72275E+02   0.29955E+02   0.25445E+02   0.43945E+00  -0.25982E+00
   0.72625E+02   0.29958E+02   0.25857E+02   0.45413E+00  -0.24979E+00
   0.72975E+02   0.29961E+02   0.26062E+02   0.46008E+00  -0.24245E+00
   0.73325E+02   0.29964E+02   0.26246E+02   0.45922E+00  -0.23430E+00
   0.73675E+02   0.29964E+02   0.26653E+02   0.45977E+00  -0.21518E+00
   0.74025E+02   0.29965E+02   0.26739E+02   0.46261E+00  -0.19513E+00
   0.74375E+02   0.29966E+02   0.26718E+02   0.45602E+00  -0.18229E+00
   0.74725E+02   0.29964E+02   0.26793E+02   0.44091E+00  -0.16797E+00
   0.75075E+02   0.29960E+02   0.26953E+02   0.43321E+00  -0.14667E+00
   0.75425E+02   0.29956E+02   0.27368E+02   0.42036E+00  -0.11453E+00
   0.75775E+02   0.29951E+02   0.27568E+02   0.40749E+00  -0.99130E-01
   0.76125E+02   0.29946E+02   0.27330E+02   0.39666E+00  -0.10452E+00
   0.76475E+02   0.29940E+02   0.27065E+02   0.38205E+00  -0.10049E+00
   0.76825E+02   0.29932E+02   0.26829E+02   0.36508E+00  -0.95360E-01
   0.77175E+02   0.29922E+02   0.26558E+02   0.34810E+00  -0.99899E-01
   0.77525E+02   0.29909E+02   0.26420E+02   0.34000E+00  -0.10247E+00
   0.77875E+02   0.29897E+02   0.26525E+02   0.33474E+00  -0.96237E-01
   0.78225E+02   0.29889E+02   0.26615E+02   0.32800E+00  -0.97983E-01
   0.78575E+02   0.29882E+02   0.26492E+02   0.32743E+00  -0.11160E+00
   0.78925E+02   0.29881E+02   0.26344E+02   0.33376E+00  -0.11745E+00
   0.79275E+02   0.29885E+02   0.26299E+02   0.33354E+00  -0.11941E+00
   0.79625E+02   0.29882E+02   0.26189E+02   0.32591E+00  -0.12492E+00
   0.79975E+02   0.29874E+02   0.26164E+02   0.31977E+00  -0.12660E+00
   0.80325E+02   0.29870E+02   0.26186E+02   0.32054E+00  -0.13023E+00
   0.80675E+02   0.29873E+02   0.25853E+02   0.32334E+00  -0.14722E+00
   0.81025E+02   0.29871E+02   0.25269E+02   0.32020E+00  -0.17988E+00
   0.81375E+02   0.29867E+02   0.24895E+02   0.31913E+00  -0.19742E+00
   0.81725E+02   0.29868E+02   0.24914E+02   0.32597E+00  -0.19535E+00
   0.82075E+02   0.29874E+02   0.24906E+02   0.33415E+00  -0.20933E+00
   0.82425E+02   0.29883E+02   0.24757E+02   0.33704E+00  -0.23143E+00
   0.82775E+02   0.29889E+02   0.24901E+02   0.34620E+00  -0.23772E+00
   0.83125E+02   0.29898E+02   0.24883E+02   0.36672E+00  -0.24482E+00
   0.83475E+02   0.29910E+02   0.24464E+02   0.38288E+00  -0.26943E+00
   0.83825E+02   0.29921E+02   0.24130E+02   0.39271E+00  -0.29617E+00
   0.84175E+02   0.29929E+02   0.24080E+02   0.39718E+00  -0.30710E+00
   0.84525E+02   0.29934E+02   0.24249E+02   0.40730E+00  -0.30362E+00
   0.84875E+02   0.29941E+02   0.24527E+02   0.42149E+00  -0.30422E+00
   0.85225E+02   0.29948E+02   0.24932E+02   0.43505E+00  -0.30781E+00
   0.85575E+02   0.29955E+02   0.25244E+02   0.45822E+00  -0.30691E+00
   0.85925E+02   0.29962E+02   0.25626E+02   0.47630E+00  -0.30009E+00
   0.86275E+02   0.29967E+02   0.26130E+02   0.48213E+00  -0.28469E+00
   0.86625E+02   0.29970E+02   0.26477E+02   0.48874E+00  -0.26677E+00
   0.86975E+02   0.29972E+02   0.26490E+02   0.49524E+00  -0.25039E+00
   0.87325E+02   0.29974E+02   0.26627E+02   0.48856E+00  -0.23144E+00
   0.87675E+02   0.29973E+02   0.27162E+02   0.47814E+00  -0.20384E+00
   0.88025E+02   0.29972E+02   0.27467E+02   0.47656E+00  -0.17763E+00
   0.88375E+02   0.29971E+02   0.27359E+02   0.47316E+00  -0.16108E+00
   0.88725E+02   0.29969E+02   0.27043E+02   0.45403E+00  -0.14878E+00
   0.89075E+02   0.29964E+02   0.26857E+02   0.42960E+00  -0.13731E+00
   0.89425E+02   0.29957E+02   0.26925E+02   0.41705E+00  -0.11176E+00
   0.89775E+02   0.29952E+02   0.27113E+02   0.41059E+00  -0.90480E-01
   0.90125E+02   0.29946E+02   0.27107E+02   0.39642E+00  -0.95628E-01
   0.90475E+02   0.29938E+02   0.26984E+02   0.37911E+00  -0.97219E-01
   0.90825E+02   0.29929E+02   0.26985E+02   0.36619E+00  -0.83193E-01
   0.91175E+02   0.29922E+02   0.26917E+02   0.35631E+00  -0.74215E-01
   0.91525E+02   0.29916E+02   0.26795E+02   0.34753E+00  -0.81494E-01
   0.91875E+02   0.29909E+02   0.26666E+02   0.33674E+00  -0.90338E-01
   0.92225E+02   0.29897E+02   0.26586E+02   0.32330E+00  -0.88900E-01
   0.92575E+02   0.29883E+02   0.26419E+02   0.31578E+00  -0.92871E-01
   0.92925E+02   0.29876E+02   0.26149E+02   0.31771E+00  -0.11236E+00
   0.93275E+02   0.29874E+02   0.25930E+02   0.31710E+00  -0.12773E+00
   0.93625E+02   0.29869E+02   0.25774E+02   0.31377E+00  -0.13789E+00
   0.93975E+02   0.29861E+02   0.25582E+02   0.31360E+00  -0.14973E+00
   0.94325E+02   0.29859E+02   0.25667E+02   0.31843E+00  -0.15028E+00
   0.94675E+02   0.29866E+02   0.25789E+02   0.32542E+00  -0.15481E+00
   0.95025E+02   0.29872E+02   0.25499E+02   0.32785E+00  -0.17335E+00
   0.95375E+02   0.29876E+02   0.25030E+02   0.32738E+00  -0.19187E+00
   0.95725E+02   0.29879E+02   0.24925E+02   0.32686E+00  -0.19755E+00
   0.96075E+02   0.29880E+02   0.24898E+02   0.33602E+00  -0.20402E+00
   0.96425E+02   0.29885E+02   0.24737E+02   0.34479E+00  -0.22094E+00
   0.96775E+02   0.29890E+02   0.24542E+02   0.34720E+00  -0.24363E+00
   0.97125E+02   0.29896E+02   0.24353E+02   0.35368E+00  -0.26172E+00
   0.97475E+02   0.29905E+02   0.24508E+02   0.36940E+00  -0.26851E+00
   0.97825E+02   0.29916E+02   0.24883E+02   0.38955E+00  -0.26925E+00
   0.98175E+02   0.29926E+02   0.24894E+02   0.40128E+00  -0.27710E+00
   0.98525E+02   0.29934E+02   0.24934E+02   0.41210E+00  -0.28641E+00
   0.98875E+02   0.29941E+02   0.25229E+02   0.42670E+00  -0.28227E+00
   0.99225E+02   0.29949E+02   0.24888E+02   0.43706E+00  -0.28581E+00
   0.99575E+02   0.29955E+02   0.24554E+02   0.44299E+00  -0.30089E+00
   0.99925E+02   0.29959E+02   0.24786E+02   0.45488E+00  -0.29897E+00
   0.10027E+03   0.29963E+02   0.25051E+02   0.46005E+00  -0.28329E+00
   0.10062E+03   0.29965E+02   0.25387E+02   0.45887E+00  -0.27257E+00
   0.10097E+03   0.29967E+02   0.25820E+02   0.46867E+00  -0.26362E+00
   0.10132E+03   0.29969E+02   0.26347E+02   0.48251E+00  -0.24320E+00
   0.10167E+03   0.29971E+02   0.26655E+02   0.48327E+00  -0.21885E+00
   0.10202E+03   0.29972E+02   0.26740E+02   0.47606E+00  -0.20880E+00
   0.10237E+03   0.29971E+02   0.27246E+02   0.47295E+00  -0.17914E+00
   0.10272E+03   0.29970E+02   0.27435E+02   0.46636E+00  -0.14370E+00
   0.10307E+03   0.29968E+02   0.27292E+02   0.44744E+00  -0.13483E+00
   0.10342E+03   0.29963E+02   0.27293E+02   0.42731E+00  -0.12349E+00
   0.10377E+03   0.29957E+02   0.27289E+02   0.41230E+00  -0.98428E-01
   0.10412E+03   0.29949E+02   0.27340E+02   0.39926E+00  -0.79841E-01
   0.10447E+03   0.29941E+02   0.27106E+02   0.38474E+00  -0.87549E-01
   0.10482E+03   0.29931E+02   0.26643E+02   0.36251E+00  -0.10047E+00
   0.10517E+03   0.29918E+02   0.26476E+02   0.34622E+00  -0.93365E-01
   0.10552E+03   0.29907E+02   0.26453E+02   0.34087E+00  -0.90222E-01
   0.10587E+03   0.29901E+02   0.26432E+02   0.33705E+00  -0.96219E-01
   0.10622E+03   0.29894E+02   0.26435E+02   0.33046E+00  -0.99712E-01
   0.10657E+03   0.29888E+02   0.26335E+02   0.32920E+00  -0.10792E+00
   0.10692E+03   0.29886E+02   0.26255E+02   0.33053E+00  -0.10854E+00
   0.10727E+03   0.29885E+02   0.26107E+02   0.32485E+00  -0.11600E+00
   0.10762E+03   0.29880E+02   0.25826E+02   0.32273E+00  -0.13644E+00
   0.10797E+03   0.29877E+02   0.25728E+02   0.32430E+00  -0.13654E+00
   0.10832E+03   0.29876E+02   0.25700E+02   0.31691E+00  -0.13830E+00
   0.10867E+03   0.29869E+02   0.25502E+02   0.30854E+00  -0.15738E+00
   0.10902E+03   0.29864E+02   0.25088E+02   0.31784E+00  -0.17663E+00
   0.10937E+03   0.29868E+02   0.24605E+02   0.32920E+00  -0.20095E+00
   0.10972E+03   0.29875E+02   0.24248E+02   0.32924E+00  -0.22624E+00
   0.11007E+03   0.29882E+02   0.24054E+02   0.33024E+00  -0.24758E+00
   0.11042E+03   0.29888E+02   0.24135E+02   0.34286E+00  -0.25770E+00
   0.11077E+03   0.29896E+02   0.24359E+02   0.36139E+00  -0.25881E+00
   0.11112E+03   0.29905E+02   0.24521E+02   0.37409E+00  -0.27299E+00
   0.11147E+03   0.29916E+02   0.24531E+02   0.39071E+00  -0.29200E+00
   0.11182E+03   0.29927E+02   0.24490E+02   0.41207E+00  -0.30134E+00
   0.11217E+03   0.29938E+02   0.24802E+02   0.43102E+00  -0.30164E+00
   0.11252E+03   0.29947E+02   0.25396E+02   0.44179E+00  -0.29481E+00
   0.11287E+03   0.29954E+02   0.25453E+02   0.44609E+00  -0.29466E+00
   0.11322E+03   0.29958E+02   0.25314E+02   0.45382E+00  -0.29472E+00
   0.11357E+03   0.29962E+02   0.25597E+02   0.46357E+00  -0.28174E+00
   0.11392E+03   0.29966E+02   0.26046E+02   0.47499E+00  -0.26635E+00
   0.11427E+03   0.29969E+02   0.26302E+02   0.48142E+00  -0.25804E+00
   0.11462E+03   0.29971E+02   0.26560E+02   0.48169E+00  -0.24307E+00
   0.11497E+03   0.29972E+02   0.26948E+02   0.47774E+00  -0.21450E+00
   0.11532E+03   0.29972E+02   0.27196E+02   0.46799E+00  -0.18754E+00
   0.11567E+03   0.29970E+02   0.27256E+02   0.46044E+00  -0.16863E+00
   0.11602E+03   0.29969E+02   0.27229E+02   0.45898E+00  -0.15047E+00
   0.11637E+03   0.29967E+02   0.27449E+02   0.44846E+00  -0.12739E+00
   0.11672E+03   0.29963E+02   0.27596E+02   0.42647E+00  -0.10703E+00
   0.11707E+03   0.29956E+02   0.27379E+02   0.40571E+00  -0.96503E-01
   0.11742E+03   0.29948E+02   0.27218E+02   0.39084E+00  -0.85540E-01
   0.11777E+03   0.29939E+02   0.27379E+02   0.37676E+00  -0.64991E-01
   0.11812E+03   0.29928E+02   0.27491E+02   0.36100E+00  -0.57994E-01
   0.11847E+03   0.29916E+02   0.27398E+02   0.34968E+00  -0.68244E-01
   0.11882E+03   0.29906E+02   0.27108E+02   0.34365E+00  -0.77029E-01
   0.11917E+03   0.29896E+02   0.26883E+02   0.33286E+00  -0.81745E-01
   0.11952E+03   0.29886E+02   0.26776E+02   0.31923E+00  -0.83896E-01
   0.11987E+03   0.29876E+02   0.26609E+02   0.31152E+00  -0.89190E-01
   0.12022E+03   0.29868E+02   0.26591E+02   0.31025E+00  -0.91997E-01
   0.12057E+03   0.29864E+02   0.26511E+02   0.31036E+00  -0.98309E-01
   0.12092E+03   0.29859E+02   0.26245E+02   0.30457E+00  -0.11454E+00
   0.12127E+03   0.29855E+02   0.25987E+02   0.30425E+00  -0.12710E+00
   0.12162E+03   0.29855E+02   0.25720E+02   0.30805E+00  -0.13986E+00
   0.12197E+03   0.29855E+02   0.25493E+02   0.30757E+00  -0.15309E+00
   0.12232E+03   0.29854E+02   0.25378E+02   0.30218E+00  -0.16390E+00
   0.12267E+03   0.29852E+02   0.25254E+02   0.30564E+00  -0.17544E+00
   0.12302E+03   0.29855E+02   0.25365E+02   0.31900E+00  -0.18239E+00
   0.12337E+03   0.29863E+02   0.25610E+02   0.33120E+00  -0.18826E+00
   0.12372E+03   0.29872E+02   0.25456E+02   0.33936E+00  -0.20546E+00
   0.12407E+03   0.29882E+02   0.25096E+02   0.34581E+00  -0.22559E+00
   0.12442E+03   0.29892E+02   0.24820E+02   0.35300E+00  -0.23717E+00
   0.12477E+03   0.29898E+02   0.24809E+02   0.35689E+00  -0.24292E+00
   0.12512E+03   0.29902E+02   0.25004E+02   0.36641E+00  -0.24566E+00
   0.12547E+03   0.29911E+02   0.25113E+02   0.38031E+00  -0.25337E+00
   0.12582E+03   0.29921E+02   0.25179E+02   0.39047E+00  -0.26449E+00
   0.12617E+03   0.29929E+02   0.25227E+02   0.40231E+00  -0.27297E+00
   0.12652E+03   0.29936E+02   0.25482E+02   0.41511E+00  -0.26833E+00
   0.12687E+03   0.29944E+02   0.25997E+02   0.42841E+00  -0.25478E+00
   0.12722E+03   0.29950E+02   0.26398E+02   0.43906E+00  -0.24818E+00
   0.12757E+03   0.29955E+02   0.26502E+02   0.44143E+00  -0.24112E+00
   0.12792E+03   0.29957E+02   0.26643E+02   0.44335E+00  -0.22790E+00
   0.12827E+03   0.29959E+02   0.26930E+02   0.44940E+00  -0.21351E+00
   0.12862E+03   0.29961E+02   0.26921E+02   0.44956E+00  -0.20137E+00
   0.12897E+03   0.29961E+02   0.26826E+02   0.44231E+00  -0.18861E+00
   0.12932E+03   0.29959E+02   0.26876E+02   0.43290E+00  -0.17274E+00
   0.12967E+03   0.29956E+02   0.26896E+02   0.42166E+00  -0.15963E+00
   0.13002E+03   0.29953E+02   0.26743E+02   0.41682E+00  -0.15150E+00
   0.13037E+03   0.29950E+02   0.26511E+02   0.41038E+00  -0.15001E+00
   0.13072E+03   0.29947E+02   0.26488E+02   0.39935E+00  -0.14347E+00
   0.13107E+03   0.29940E+02   0.26625E+02   0.38902E+00  -0.12485E+00
   0.13142E+03   0.29935E+02   0.26571E+02   0.38123E+00  -0.12001E+00
   0.13177E+03   0.29931E+02   0.26401E+02   0.37275E+00  -0.12256E+00
   0.13212E+03   0.29924E+02   0.26401E+02   0.36629E+00  -0.11780E+00
   0.13247E+03   0.29917E+02   0.26487E+02   0.36237E+00  -0.11529E+00
   0.13282E+03   0.29911E+02   0.26277E+02   0.35723E+00  -0.12099E+00
   0.13317E+03   0.29907E+02   0.26065E+02   0.34998E+00  -0.13008E+00
   0.13352E+03   0.29900E+02   0.26028E+02   0.34489E+00  -0.13480E+00
   0.13387E+03   0.29895E+02   0.26029E+02   0.34142E+00  -0.12932E+00
   0.13422E+03   0.29892E+02   0.26259E+02   0.33684E+00  -0.12452E+00
   0.13457E+03   0.29891E+02   0.26402E+02   0.34086E+00  -0.13268E+00
   0.13492E+03   0.29891E+02   0.26134E+02   0.34298E+00  -0.14129E+00
   0.13527E+03   0.29892E+02   0.25668E+02   0.33653E+00  -0.15434E+00
   0.13562E+03   0.29888E+02   0.25475E+02   0.33003E+00  -0.16599E+00
   0.13597E+03   0.29885E+02   0.25479E+02   0.33227E+00  -0.16573E+00
   0.13632E+03   0.29884E+02   0.25209E+02   0.33410E+00  -0.17808E+00
   0.13667E+03   0.29885E+02   0.24858E+02   0.33433E+00  -0.20334E+00
   0.13702E+03   0.29886E+02   0.24842E+02   0.33643E+00  -0.21599E+00
   0.13737E+03   0.29888E+02   0.25083E+02   0.34860E+00  -0.21449E+00
   0.13772E+03   0.29898E+02   0.25409E+02   0.36586E+00  -0.21267E+00
   0.13807E+03   0.29909E+02   0.25470E+02   0.37430E+00  -0.22373E+00
   0.13842E+03   0.29916E+02   0.25418E+02   0.37847E+00  -0.23150E+00
   0.13877E+03   0.29921E+02   0.25505E+02   0.38364E+00  -0.22755E+00
   0.13912E+03   0.29926E+02   0.25576E+02   0.39325E+00  -0.22649E+00
   0.13947E+03   0.29931E+02   0.25474E+02   0.40240E+00  -0.23200E+00
   0.13982E+03   0.29936E+02   0.25278E+02   0.40416E+00  -0.24283E+00
   0.14017E+03   0.29939E+02   0.25168E+02   0.40117E+00  -0.24775E+00
   0.14052E+03   0.29940E+02   0.25166E+02   0.40240E+00  -0.24352E+00
   0.14087E+03   0.29942E+02   0.25376E+02   0.40994E+00  -0.23965E+00
   0.14122E+03   0.29946E+02   0.25748E+02   0.42219E+00  -0.23150E+00
   0.14157E+03   0.29949E+02   0.26098E+02   0.42905E+00  -0.22349E+00
   0.14192E+03   0.29953E+02   0.25987E+02   0.42802E+00  -0.22351E+00
   0.14227E+03   0.29954E+02   0.25647E+02   0.42640E+00  -0.22254E+00
   0.14262E+03   0.29955E+02   0.25725E+02   0.43282E+00  -0.21398E+00
   0.14297E+03   0.29955E+02   0.26010E+02   0.43374E+00  -0.19733E+00
   0.14332E+03   0.29955E+02   0.26176E+02   0.42418E+00  -0.18461E+00
   0.14367E+03   0.29954E+02   0.26230E+02   0.41530E+00  -0.17995E+00
   0.14402E+03   0.29952E+02   0.26259E+02   0.41053E+00  -0.16946E+00
   0.14437E+03   0.29949E+02   0.26375E+02   0.40968E+00  -0.14919E+00
   0.14472E+03   0.29947E+02   0.26394E+02   0.40446E+00  -0.14382E+00
   0.14507E+03   0.29943E+02   0.26337E+02   0.39592E+00  -0.14513E+00
   0.14542E+03   0.29938E+02   0.26244E+02   0.38914E+00  -0.13913E+00
   0.14577E+03   0.29932E+02   0.26213E+02   0.37858E+00  -0.13783E+00
   0.14612E+03   0.29926E+02   0.26323E+02   0.37170E+00  -0.13472E+00
   0.14647E+03   0.29923E+02   0.26218E+02   0.36865E+00  -0.13584E+00
   0.14682E+03   0.29919E+02   0.25983E+02   0.36315E+00  -0.14431E+00
   0.14717E+03   0.29914E+02   0.25947E+02   0.35830E+00  -0.14304E+00
   0.14752E+03   0.29909E+02   0.26069E+02   0.35316E+00  -0.13608E+00
   0.14787E+03   0.29904E+02   0.26149E+02   0.35400E+00  -0.13700E+00
   0.14822E+03   0.29903E+02   0.26056E+02   0.35498E+00  -0.14181E+00
   0.14857E+03   0.29901E+02   0.25868E+02   0.34973E+00  -0.14994E+00
   0.14892E+03   0.29900E+02   0.25791E+02   0.34398E+00  -0.15363E+00
   0.14927E+03   0.29899E+02   0.25702E+02   0.34220E+00  -0.15537E+00
   0.14962E+03   0.29896E+02   0.25802E+02   0.34589E+00  -0.15661E+00
   0.14997E+03   0.29898E+02   0.25799E+02   0.34689E+00  -0.15971E+00
   0.15032E+03   0.29897E+02   0.25553E+02   0.34083E+00  -0.17215E+00
   0.15067E+03   0.29894E+02   0.25727E+02   0.34444E+00  -0.17710E+00
   0.15102E+03   0.29896E+02   0.25892E+02   0.35373E+00  -0.17532E+00
   0.15137E+03   0.29900E+02   0.25775E+02   0.35934E+00  -0.18144E+00
   0.15172E+03   0.29905E+02   0.25689E+02   0.35926E+00  -0.19195E+00
   0.15207E+03   0.29906E+02   0.25810E+02   0.35673E+00  -0.19127E+00
   0.15242E+03   0.29906E+02   0.26158E+02   0.36067E+00  -0.17589E+00
   0.15277E+03   0.29908E+02   0.26345E+02   0.36707E+00  -0.16980E+00
   0.15312E+03   0.29912E+02   0.26091E+02   0.37345E+00  -0.18583E+00
   0.15347E+03   0.29915E+02   0.25687E+02   0.37213E+00  -0.19719E+00
   0.15382E+03   0.29918E+02   0.25525E+02   0.36577E+00  -0.19862E+00
   0.15417E+03   0.29917E+02   0.25459E+02   0.36434E+00  -0.19817E+00
   0.15452E+03   0.29915E+02   0.25433E+02   0.37059E+00  -0.19605E+00
   0.15487E+03   0.29917E+02   0.25493E+02   0.37756E+00  -0.20508E+00
   0.15522E+03   0.29921E+02   0.25560E+02   0.37820E+00  -0.21429E+00
   0.15557E+03   0.29924E+02   0.25392E+02   0.38201E+00  -0.21885E+00
   0.15592E+03   0.29927E+02   0.25475E+02   0.39160E+00  -0.21627E+00
   0.15627E+03   0.29932E+02   0.25692E+02   0.40147E+00  -0.20495E+00
   0.15662E+03   0.29936E+02   0.25641E+02   0.40089E+00  -0.20837E+00
   0.15697E+03   0.29937E+02   0.25708E+02   0.39649E+00  -0.21169E+00
   0.15732E+03   0.29937E+02   0.25669E+02   0.39809E+00  -0.20262E+00
   0.15767E+03   0.29938E+02   0.25602E+02   0.40591E+00  -0.20591E+00
   0.15802E+03   0.29941E+02   0.25790E+02   0.41009E+00  -0.20409E+00
   0.15837E+03   0.29942E+02   0.25988E+02   0.40163E+00  -0.19486E+00
   0.15872E+03   0.29942E+02   0.26257E+02   0.39694E+00  -0.18294E+00
   0.15907E+03   0.29941E+02   0.26391E+02   0.39790E+00  -0.16903E+00
   0.15942E+03   0.29939E+02   0.26235E+02   0.39855E+00  -0.17052E+00
   0.15977E+03   0.29937E+02   0.26236E+02   0.39917E+00  -0.17106E+00
   0.16012E+03   0.29937E+02   0.26116E+02   0.39530E+00  -0.17208E+00
   0.16047E+03   0.29937E+02   0.25900E+02   0.38493E+00  -0.17107E+00
   0.16082E+03   0.29932E+02   0.25811E+02   0.37452E+00  -0.16204E+00
   0.16117E+03   0.29925E+02   0.25816E+02   0.37021E+00  -0.15543E+00
   0.16152E+03   0.29921E+02   0.25814E+02   0.36961E+00  -0.15375E+00
   0.16187E+03   0.29919E+02   0.25911E+02   0.37110E+00  -0.15641E+00
   0.16222E+03   0.29919E+02   0.25980E+02   0.37505E+00  -0.16340E+00
   0.16257E+03   0.29920E+02   0.26034E+02   0.37629E+00  -0.16094E+00
   0.16292E+03   0.29922E+02   0.25991E+02   0.37200E+00  -0.15985E+00
   0.16327E+03   0.29922E+02   0.25650E+02   0.36305E+00  -0.16838E+00
   0.16362E+03   0.29917E+02   0.25687E+02   0.35718E+00  -0.16065E+00
   0.16397E+03   0.29911E+02   0.25952E+02   0.36034E+00  -0.14951E+00
   0.16432E+03   0.29911E+02   0.25870E+02   0.36459E+00  -0.15725E+00
   0.16467E+03   0.29911E+02   0.25774E+02   0.36164E+00  -0.16807E+00
   0.16502E+03   0.29910E+02   0.25659E+02   0.35962E+00  -0.17600E+00
   0.16537E+03   0.29909E+02   0.25459E+02   0.35819E+00  -0.18068E+00
   0.16572E+03   0.29907E+02   0.25310E+02   0.35671E+00  -0.18272E+00
   0.16607E+03   0.29908E+02   0.25112E+02   0.35972E+00  -0.19717E+00
   0.16642E+03   0.29910E+02   0.25094E+02   0.36159E+00  -0.20372E+00
   0.16677E+03   0.29912E+02   0.25079E+02   0.36248E+00  -0.20250E+00
   0.16712E+03   0.29914E+02   0.25064E+02   0.36637E+00  -0.20752E+00
   0.16747E+03   0.29917E+02   0.25153E+02   0.37613E+00  -0.20964E+00
   0.16782E+03   0.29922E+02   0.25393E+02   0.38391E+00  -0.20871E+00
   0.16817E+03   0.29925E+02   0.25673E+02   0.38844E+00  -0.20785E+00
   0.16852E+03   0.29929E+02   0.25695E+02   0.39101E+00  -0.21017E+00
   0.16887E+03   0.29932E+02   0.25684E+02   0.39299E+00  -0.20994E+00
   0.16922E+03   0.29934E+02   0.26079E+02   0.39849E+00  -0.19597E+00
   0.16957E+03   0.29937E+02   0.26236E+02   0.39705E+00  -0.18603E+00
   0.16992E+03   0.29937E+02   0.25991E+02   0.39082E+00  -0.18880E+00
   0.17027E+03   0.29934E+02   0.26214E+02   0.39211E+00  -0.18195E+00
   0.17062E+03   0.29935E+02   0.26197E+02   0.39559E+00  -0.17732E+00
   0.17097E+03   0.29936E+02   0.26028E+02   0.38968E+00  -0.18047E+00
   0.17132E+03   0.29934E+02   0.26147E+02   0.38372E+00  -0.17919E+00
   0.17167E+03   0.29932E+02   0.26161E+02   0.38324E+00  -0.17142E+00
   0.17202E+03   0.29931E+02   0.26091E+02   0.38135E+00  -0.16162E+00
   0.17237E+03   0.29930E+02   0.25984E+02   0.37748E+00  -0.16637E+00
   0.17272E+03   0.29928E+02   0.26070E+02   0.37447E+00  -0.16566E+00
   0.17307E+03   0.29926E+02   0.26174E+02   0.37791E+00  -0.15103E+00
   0.17342E+03   0.29923E+02   0.26110E+02   0.37792E+00  -0.15555E+00
   0.17377E+03   0.29921E+02   0.25910E+02   0.37376E+00  -0.16895E+00
   0.17412E+03   0.29920E+02   0.25725E+02   0.36915E+00  -0.17178E+00
   0.17447E+03   0.29919E+02   0.25618E+02   0.36746E+00  -0.17433E+00
   0.17482E+03   0.29920E+02   0.25360E+02   0.36547E+00  -0.18030E+00
   0.17517E+03   0.29921E+02   0.25169E+02   0.36056E+00  -0.18718E+00
   0.17552E+03   0.29918E+02   0.25264E+02   0.36131E+00  -0.18792E+00
   0.17587E+03   0.29915E+02   0.25541E+02   0.36891E+00  -0.17976E+00
   0.17622E+03   0.29918E+02   0.25624E+02   0.37358E+00  -0.18193E+00
   0.17657E+03   0.29920E+02   0.25654E+02   0.37228E+00  -0.19105E+00
   0.17692E+03   0.29921E+02   0.25794E+02   0.37790E+00  -0.18735E+00
   0.17727E+03   0.29924E+02   0.26169E+02   0.38171E+00  -0.16986E+00
   0.17762E+03   0.29926E+02   0.26443E+02   0.37532E+00  -0.16041E+00
   0.17797E+03   0.29925E+02   0.26144E+02   0.37365E+00  -0.17153E+00
   0.17832E+03   0.29925E+02   0.25795E+02   0.37533E+00  -0.17855E+00
   0.17867E+03   0.29921E+02   0.25658E+02   0.36840E+00  -0.17532E+00
   0.17902E+03   0.29916E+02   0.25667E+02   0.36434E+00  -0.17966E+00
   0.17937E+03   0.29915E+02   0.25786E+02   0.36572E+00  -0.17902E+00
   0.17972E+03   0.29917E+02   0.25785E+02   0.36719E+00  -0.17625E+00
   0.18007E+03   0.29917E+02   0.25477E+02   0.36537E+00  -0.19125E+00
   0.18042E+03   0.29915E+02   0.25587E+02   0.36596E+00  -0.19402E+00
   0.18077E+03   0.29917E+02   0.25730E+02   0.37861E+00  -0.18758E+00
   0.18112E+03   0.29922E+02   0.25356E+02   0.38752E+00  -0.19989E+00
   0.18147E+03   0.29925E+02   0.25200E+02   0.38309E+00  -0.21202E+00
   0.18182E+03   0.29926E+02   0.25210E+02   0.37564E+00  -0.20777E+00
   0.18217E+03   0.29924E+02   0.25388E+02   0.37490E+00  -0.19554E+00
   0.18252E+03   0.29925E+02   0.25855E+02   0.38673E+00  -0.18477E+00
   0.18287E+03   0.29931E+02   0.26138E+02   0.39485E+00  -0.18279E+00
   0.18322E+03   0.29934E+02   0.26110E+02   0.39155E+00  -0.18649E+00
   0.18357E+03   0.29933E+02   0.26094E+02   0.38952E+00  -0.18639E+00
   0.18392E+03   0.29933E+02   0.26121E+02   0.39124E+00  -0.17759E+00
   0.18427E+03   0.29932E+02   0.26105E+02   0.38909E+00  -0.16991E+00
   0.18462E+03   0.29930E+02   0.26117E+02   0.38324E+00  -0.17274E+00
   0.18497E+03   0.29928E+02   0.26416E+02   0.37633E+00  -0.16245E+00
   0.18532E+03   0.29926E+02   0.26820E+02   0.37234E+00  -0.14217E+00
   0.18567E+03   0.29924E+02   0.27086E+02   0.37502E+00  -0.13377E+00
   0.18602E+03   0.29923E+02   0.27256E+02   0.37604E+00  -0.12785E+00
   0.18637E+03   0.29922E+02   0.27046E+02   0.37202E+00  -0.12520E+00
   0.18672E+03   0.29918E+02   0.26748E+02   0.35688E+00  -0.12635E+00
   0.18707E+03   0.29910E+02   0.26464E+02   0.34375E+00  -0.12696E+00
   0.18742E+03   0.29901E+02   0.26205E+02   0.34076E+00  -0.12883E+00
   0.18777E+03   0.29895E+02   0.26273E+02   0.33790E+00  -0.12881E+00
   0.18812E+03   0.29890E+02   0.26251E+02   0.33115E+00  -0.13584E+00
   0.18847E+03   0.29883E+02   0.26034E+02   0.32991E+00  -0.14671E+00
   0.18882E+03   0.29881E+02   0.25935E+02   0.33779E+00  -0.15109E+00
   0.18917E+03   0.29885E+02   0.25906E+02   0.34415E+00  -0.15591E+00
   0.18952E+03   0.29889E+02   0.25968E+02   0.34656E+00  -0.16120E+00
   0.18987E+03   0.29893E+02   0.25946E+02   0.34672E+00  -0.16646E+00
   0.19022E+03   0.29895E+02   0.26054E+02   0.34454E+00  -0.16263E+00
   0.19057E+03   0.29894E+02   0.26109E+02   0.34665E+00  -0.15809E+00
   0.19092E+03   0.29897E+02   0.25901E+02   0.35041E+00  -0.16845E+00
   0.19127E+03   0.29898E+02   0.25659E+02   0.34747E+00  -0.17846E+00
   0.19162E+03   0.29898E+02   0.25282E+02   0.34620E+00  -0.18947E+00
   0.19197E+03   0.29899E+02   0.25001E+02   0.34899E+00  -0.20604E+00
   0.19232E+03   0.29901E+02   0.24891E+02   0.34910E+00  -0.21477E+00
   0.19267E+03   0.29901E+02   0.24803E+02   0.35180E+00  -0.22606E+00
   0.19302E+03   0.29905E+02   0.24696E+02   0.36572E+00  -0.24258E+00
   0.19337E+03   0.29913E+02   0.24491E+02   0.37625E+00  -0.25623E+00
   0.19372E+03   0.29920E+02   0.24547E+02   0.38573E+00  -0.26714E+00
   0.19407E+03   0.29927E+02   0.24841E+02   0.40431E+00  -0.27221E+00
   0.19442E+03   0.29936E+02   0.24991E+02   0.41764E+00  -0.26923E+00
   0.19477E+03   0.29942E+02   0.25111E+02   0.42356E+00  -0.26800E+00
   0.19512E+03   0.29948E+02   0.25465E+02   0.43156E+00  -0.26698E+00
   0.19547E+03   0.29953E+02   0.25943E+02   0.43941E+00  -0.25197E+00
   0.19582E+03   0.29957E+02   0.26382E+02   0.44910E+00  -0.23502E+00
   0.19617E+03   0.29960E+02   0.26671E+02   0.45552E+00  -0.22593E+00
   0.19652E+03   0.29962E+02   0.26763E+02   0.45140E+00  -0.21247E+00
   0.19687E+03   0.29962E+02   0.26916E+02   0.44530E+00  -0.19327E+00
   0.19722E+03   0.29961E+02   0.26939E+02   0.43901E+00  -0.17839E+00
   0.19757E+03   0.29959E+02   0.26945E+02   0.43117E+00  -0.16217E+00
   0.19792E+03   0.29956E+02   0.26951E+02   0.42292E+00  -0.14790E+00
   0.19827E+03   0.29954E+02   0.27149E+02   0.41134E+00  -0.13366E+00
   0.19862E+03   0.29948E+02   0.27245E+02   0.39733E+00  -0.11598E+00
   0.19897E+03   0.29943E+02   0.26980E+02   0.38694E+00  -0.10933E+00
   0.19932E+03   0.29937E+02   0.26883E+02   0.37841E+00  -0.10928E+00
   0.19967E+03   0.29928E+02   0.26810E+02   0.36931E+00  -0.10377E+00
   0.20002E+03   0.29919E+02   0.26782E+02   0.35836E+00  -0.99726E-01
   0.20037E+03   0.29911E+02   0.26811E+02   0.34912E+00  -0.10039E+00
   0.20072E+03   0.29906E+02   0.26673E+02   0.34481E+00  -0.10361E+00
   0.20107E+03   0.29902E+02   0.26525E+02   0.33736E+00  -0.10828E+00
   0.20142E+03   0.29894E+02   0.26356E+02   0.33190E+00  -0.11721E+00
   0.20177E+03   0.29888E+02   0.26069E+02   0.33168E+00  -0.12750E+00
   0.20212E+03   0.29884E+02   0.25644E+02   0.32969E+00  -0.14463E+00
   0.20247E+03   0.29880E+02   0.25464E+02   0.32803E+00  -0.15673E+00
   0.20282E+03   0.29879E+02   0.25553E+02   0.32397E+00  -0.15564E+00
   0.20317E+03   0.29876E+02   0.25626E+02   0.32325E+00  -0.15740E+00
   0.20352E+03   0.29874E+02   0.25613E+02   0.33380E+00  -0.16432E+00
   0.20387E+03   0.29879E+02   0.25474E+02   0.34438E+00  -0.18258E+00
   0.20422E+03   0.29887E+02   0.25076E+02   0.34797E+00  -0.20530E+00
   0.20457E+03   0.29892E+02   0.24664E+02   0.34855E+00  -0.22528E+00
   0.20492E+03   0.29895E+02   0.24601E+02   0.35413E+00  -0.23672E+00
   0.20527E+03   0.29899E+02   0.24712E+02   0.36070E+00  -0.23576E+00
   0.20562E+03   0.29905E+02   0.24728E+02   0.36691E+00  -0.24715E+00
   0.20597E+03   0.29912E+02   0.24620E+02   0.37654E+00  -0.27045E+00
   0.20632E+03   0.29920E+02   0.24624E+02   0.39204E+00  -0.27780E+00
   0.20667E+03   0.29929E+02   0.24632E+02   0.41167E+00  -0.28335E+00
   0.20702E+03   0.29939E+02   0.24876E+02   0.42434E+00  -0.29115E+00
   0.20737E+03   0.29947E+02   0.25142E+02   0.43105E+00  -0.28669E+00
   0.20772E+03   0.29951E+02   0.25430E+02   0.43645E+00  -0.27851E+00
   0.20807E+03   0.29955E+02   0.25795E+02   0.44974E+00  -0.26666E+00
   0.20842E+03   0.29960E+02   0.25920E+02   0.46083E+00  -0.25942E+00
   0.20877E+03   0.29964E+02   0.25857E+02   0.46951E+00  -0.26400E+00
   0.20912E+03   0.29967E+02   0.25819E+02   0.47090E+00  -0.25671E+00
   0.20947E+03   0.29968E+02   0.25847E+02   0.46317E+00  -0.23840E+00
   0.20982E+03   0.29967E+02   0.26217E+02   0.46123E+00  -0.21621E+00
   0.21017E+03   0.29967E+02   0.26500E+02   0.45819E+00  -0.20066E+00
   0.21052E+03   0.29967E+02   0.26266E+02   0.45593E+00  -0.19873E+00
   0.21087E+03   0.29966E+02   0.26349E+02   0.44960E+00  -0.18521E+00
   0.21122E+03   0.29963E+02   0.26535E+02   0.44190E+00  -0.16146E+00
   0.21157E+03   0.29961E+02   0.26492E+02   0.43507E+00  -0.14416E+00
   0.21192E+03   0.29959E+02   0.26528E+02   0.42263E+00  -0.13424E+00
   0.21227E+03   0.29953E+02   0.26626E+02   0.40692E+00  -0.12368E+00
   0.21262E+03   0.29945E+02   0.26781E+02   0.39268E+00  -0.10390E+00
   0.21297E+03   0.29937E+02   0.26715E+02   0.38705E+00  -0.10082E+00
   0.21332E+03   0.29933E+02   0.26526E+02   0.38050E+00  -0.11247E+00
   0.21367E+03   0.29927E+02   0.26515E+02   0.36610E+00  -0.10669E+00
   0.21402E+03   0.29919E+02   0.26497E+02   0.35121E+00  -0.10023E+00
   0.21437E+03   0.29909E+02   0.26459E+02   0.34016E+00  -0.98852E-01
   0.21472E+03   0.29901E+02   0.26375E+02   0.33635E+00  -0.10205E+00
   0.21507E+03   0.29894E+02   0.26353E+02   0.33475E+00  -0.11000E+00
   0.21542E+03   0.29887E+02   0.26424E+02   0.33313E+00  -0.10885E+00
   0.21577E+03   0.29883E+02   0.26406E+02   0.32850E+00  -0.11244E+00
   0.21612E+03   0.29881E+02   0.26306E+02   0.32481E+00  -0.12084E+00
   0.21647E+03   0.29879E+02   0.26335E+02   0.32425E+00  -0.11904E+00
   0.21682E+03   0.29874E+02   0.26418E+02   0.31915E+00  -0.11619E+00
   0.21717E+03   0.29868E+02   0.26196E+02   0.31405E+00  -0.12755E+00
   0.21752E+03   0.29866E+02   0.25781E+02   0.31505E+00  -0.14764E+00
   0.21787E+03   0.29863E+02   0.25539E+02   0.31868E+00  -0.16078E+00
   0.21822E+03   0.29861E+02   0.25367E+02   0.31744E+00  -0.16840E+00
   0.21857E+03   0.29863E+02   0.25374E+02   0.31528E+00  -0.17688E+00
   0.21892E+03   0.29867E+02   0.25302E+02   0.32081E+00  -0.18853E+00
   0.21927E+03   0.29872E+02   0.25023E+02   0.33230E+00  -0.20441E+00
   0.21962E+03   0.29880E+02   0.24857E+02   0.34189E+00  -0.22121E+00
   0.21997E+03   0.29889E+02   0.24962E+02   0.35041E+00  -0.22910E+00
   0.22032E+03   0.29899E+02   0.25198E+02   0.36326E+00  -0.23134E+00
   0.22067E+03   0.29909E+02   0.25515E+02   0.37489E+00  -0.22774E+00
   0.22102E+03   0.29916E+02   0.25457E+02   0.37853E+00  -0.23391E+00
   0.22137E+03   0.29922E+02   0.24933E+02   0.38404E+00  -0.25678E+00
   0.22172E+03   0.29927E+02   0.24526E+02   0.39669E+00  -0.27498E+00
   0.22207E+03   0.29934E+02   0.24825E+02   0.40982E+00  -0.27425E+00
   0.22242E+03   0.29941E+02   0.25246E+02   0.41752E+00  -0.26980E+00
   0.22277E+03   0.29946E+02   0.25271E+02   0.41954E+00  -0.27381E+00
   0.22312E+03   0.29949E+02   0.25276E+02   0.42410E+00  -0.27264E+00
   0.22347E+03   0.29953E+02   0.25519E+02   0.43604E+00  -0.26069E+00
   0.22382E+03   0.29958E+02   0.25936E+02   0.45046E+00  -0.24795E+00
   0.22417E+03   0.29961E+02   0.26189E+02   0.46044E+00  -0.24093E+00
   0.22452E+03   0.29964E+02   0.26462E+02   0.46362E+00  -0.23087E+00
   0.22487E+03   0.29965E+02   0.26932E+02   0.45731E+00  -0.20236E+00
   0.22522E+03   0.29964E+02   0.27228E+02   0.44706E+00  -0.17411E+00
   0.22557E+03   0.29963E+02   0.27286E+02   0.44085E+00  -0.15920E+00
   0.22592E+03   0.29961E+02   0.27685E+02   0.43982E+00  -0.13547E+00
   0.22627E+03   0.29959E+02   0.27838E+02   0.43202E+00  -0.11804E+00
   0.22662E+03   0.29954E+02   0.27567E+02   0.41136E+00  -0.11297E+00
   0.22697E+03   0.29947E+02   0.27365E+02   0.39175E+00  -0.10527E+00
   0.22732E+03   0.29939E+02   0.27219E+02   0.37708E+00  -0.92914E-01
   0.22767E+03   0.29929E+02   0.27063E+02   0.36101E+00  -0.85702E-01
   0.22802E+03   0.29916E+02   0.26953E+02   0.34534E+00  -0.88265E-01
   0.22837E+03   0.29903E+02   0.26813E+02   0.33830E+00  -0.93821E-01
   0.22872E+03   0.29895E+02   0.26878E+02   0.33968E+00  -0.91560E-01
   0.22907E+03   0.29891E+02   0.26803E+02   0.33988E+00  -0.97543E-01
   0.22942E+03   0.29885E+02   0.26383E+02   0.32983E+00  -0.11831E+00
   0.22977E+03   0.29879E+02   0.26083E+02   0.32294E+00  -0.12528E+00
   0.23012E+03   0.29878E+02   0.25816E+02   0.32325E+00  -0.12934E+00
   0.23047E+03   0.29876E+02   0.25611E+02   0.32002E+00  -0.14225E+00
   0.23082E+03   0.29874E+02   0.25450E+02   0.31790E+00  -0.15471E+00
   0.23117E+03   0.29873E+02   0.25285E+02   0.32143E+00  -0.16836E+00
   0.23152E+03   0.29871E+02   0.25394E+02   0.32821E+00  -0.16932E+00
   0.23187E+03   0.29874E+02   0.25361E+02   0.33318E+00  -0.17917E+00
   0.23222E+03   0.29877E+02   0.25128E+02   0.33835E+00  -0.20238E+00
   0.23257E+03   0.29883E+02   0.24807E+02   0.34926E+00  -0.22057E+00
   0.23292E+03   0.29893E+02   0.24443E+02   0.35638E+00  -0.24151E+00
   0.23327E+03   0.29899E+02   0.24489E+02   0.35669E+00  -0.24995E+00
   0.23362E+03   0.29904E+02   0.24602E+02   0.36419E+00  -0.25468E+00
   0.23397E+03   0.29912E+02   0.24907E+02   0.37969E+00  -0.25610E+00
   0.23432E+03   0.29921E+02   0.25447E+02   0.39314E+00  -0.25058E+00
   0.23467E+03   0.29930E+02   0.25550E+02   0.40313E+00  -0.26094E+00
   0.23502E+03   0.29937E+02   0.25731E+02   0.41815E+00  -0.26499E+00
   0.23537E+03   0.29944E+02   0.26111E+02   0.43418E+00  -0.25273E+00
   0.23572E+03   0.29951E+02   0.26330E+02   0.43814E+00  -0.24476E+00
   0.23607E+03   0.29955E+02   0.26722E+02   0.43332E+00  -0.22872E+00
   0.23642E+03   0.29956E+02   0.27059E+02   0.43257E+00  -0.20709E+00
   0.23677E+03   0.29957E+02   0.27209E+02   0.43533E+00  -0.18972E+00
   0.23712E+03   0.29957E+02   0.27251E+02   0.43713E+00  -0.17626E+00
   0.23747E+03   0.29957E+02   0.26982E+02   0.43288E+00  -0.17559E+00
   0.23782E+03   0.29955E+02   0.26816E+02   0.42075E+00  -0.16802E+00
   0.23817E+03   0.29951E+02   0.26775E+02   0.41000E+00  -0.15106E+00
   0.23852E+03   0.29948E+02   0.26504E+02   0.39869E+00  -0.14669E+00
   0.23887E+03   0.29942E+02   0.26141E+02   0.38555E+00  -0.15006E+00
   0.23922E+03   0.29936E+02   0.25783E+02   0.38170E+00  -0.15756E+00
   0.23957E+03   0.29933E+02   0.25791E+02   0.38083E+00  -0.15454E+00
   0.23992E+03   0.29930E+02   0.25984E+02   0.37733E+00  -0.14373E+00
   0.24027E+03   0.29927E+02   0.26137E+02   0.37563E+00  -0.14255E+00
   0.24062E+03   0.29926E+02   0.26248E+02   0.37283E+00  -0.13941E+00
   0.24097E+03   0.29923E+02   0.26149E+02   0.36843E+00  -0.13724E+00
   0.24132E+03   0.29918E+02   0.26018E+02   0.36547E+00  -0.14218E+00
   0.24167E+03   0.29916E+02   0.25958E+02   0.36373E+00  -0.14459E+00
   0.24202E+03   0.29915E+02   0.26036E+02   0.36188E+00  -0.14128E+00
   0.24237E+03   0.29913E+02   0.25965E+02   0.35501E+00  -0.14504E+00
   0.24272E+03   0.29908E+02   0.25730E+02   0.34024E+00  -0.15535E+00
   0.24307E+03   0.29902E+02   0.25603E+02   0.33480E+00  -0.15677E+00
   0.24342E+03   0.29896E+02   0.25493E+02   0.34196E+00  -0.16016E+00
   0.24377E+03   0.29895E+02   0.25353E+02   0.34819E+00  -0.17369E+00
   0.24412E+03   0.29899E+02   0.25095E+02   0.34556E+00  -0.19076E+00
   0.24447E+03   0.29898E+02   0.25087E+02   0.34399E+00  -0.19964E+00
   0.24482E+03   0.29899E+02   0.25149E+02   0.35017E+00  -0.19556E+00
   0.24517E+03   0.29903E+02   0.24877E+02   0.35593E+00  -0.20387E+00
   0.24552E+03   0.29906E+02   0.24665E+02   0.36264E+00  -0.22639E+00
   0.24587E+03   0.29910E+02   0.24799E+02   0.37292E+00  -0.23499E+00
   0.24622E+03   0.29918E+02   0.24919E+02   0.38126E+00  -0.23258E+00
   0.24657E+03   0.29924E+02   0.24946E+02   0.38525E+00  -0.23919E+00
   0.24692E+03   0.29928E+02   0.25208E+02   0.39215E+00  -0.24260E+00
   0.24727E+03   0.29933E+02   0.25407E+02   0.40049E+00  -0.23313E+00
   0.24762E+03   0.29938E+02   0.25497E+02   0.40638E+00  -0.23110E+00
   0.24797E+03   0.29940E+02   0.25707E+02   0.41341E+00  -0.23344E+00
   0.24832E+03   0.29944E+02   0.25864E+02   0.42253E+00  -0.22775E+00
   0.24867E+03   0.29948E+02   0.25843E+02   0.42568E+00  -0.22135E+00
   0.24902E+03   0.29950E+02   0.25955E+02   0.42024E+00  -0.21950E+00
   0.24937E+03   0.29948E+02   0.26125E+02   0.41526E+00  -0.20925E+00
   0.24972E+03   0.29949E+02   0.26292E+02   0.41829E+00  -0.19199E+00
   0.25007E+03   0.29949E+02   0.26624E+02   0.42188E+00  -0.18232E+00
   0.25042E+03   0.29950E+02   0.26876E+02   0.42056E+00  -0.17433E+00
   0.25077E+03   0.29951E+02   0.26916E+02   0.41224E+00  -0.16195E+00
   0.25112E+03   0.29949E+02   0.27026E+02   0.40258E+00  -0.14438E+00
   0.25147E+03   0.29945E+02   0.27263E+02   0.39826E+00  -0.12355E+00
   0.25182E+03   0.29941E+02   0.27455E+02   0.38823E+00  -0.10106E+00
   0.25217E+03   0.29933E+02   0.27607E+02   0.37426E+00  -0.87950E-01
   0.25252E+03   0.29925E+02   0.27451E+02   0.36668E+00  -0.90831E-01
   0.25287E+03   0.29918E+02   0.27176E+02   0.35538E+00  -0.90109E-01
   0.25322E+03   0.29910E+02   0.26985E+02   0.34066E+00  -0.88968E-01
   0.25357E+03   0.29898E+02   0.26576E+02   0.32923E+00  -0.10507E+00
   0.25392E+03   0.29886E+02   0.26381E+02   0.32067E+00  -0.11043E+00
   0.25427E+03   0.29876E+02   0.26607E+02   0.31689E+00  -0.98903E-01
   0.25462E+03   0.29871E+02   0.26728E+02   0.31586E+00  -0.10312E+00
   0.25497E+03   0.29868E+02   0.26478E+02   0.32034E+00  -0.12069E+00
   0.25532E+03   0.29868E+02   0.26295E+02   0.32751E+00  -0.13000E+00
   0.25567E+03   0.29870E+02   0.26273E+02   0.32683E+00  -0.13099E+00
   0.25602E+03   0.29870E+02   0.26144E+02   0.32396E+00  -0.13717E+00
   0.25637E+03   0.29872E+02   0.25998E+02   0.32176E+00  -0.14638E+00
   0.25672E+03   0.29870E+02   0.25837E+02   0.31578E+00  -0.15240E+00
   0.25707E+03   0.29865E+02   0.25584E+02   0.31561E+00  -0.16192E+00
   0.25742E+03   0.29864E+02   0.25261E+02   0.31983E+00  -0.17872E+00
   0.25777E+03   0.29868E+02   0.24986E+02   0.32508E+00  -0.20037E+00
   0.25812E+03   0.29875E+02   0.24897E+02   0.33333E+00  -0.21474E+00
   0.25847E+03   0.29882E+02   0.24892E+02   0.34119E+00  -0.22431E+00
   0.25882E+03   0.29888E+02   0.25036E+02   0.34578E+00  -0.23125E+00
   0.25917E+03   0.29895E+02   0.24950E+02   0.35687E+00  -0.23970E+00
   0.25952E+03   0.29904E+02   0.24768E+02   0.37627E+00  -0.25877E+00
   0.25987E+03   0.29916E+02   0.24738E+02   0.39441E+00  -0.27386E+00
   0.26022E+03   0.29927E+02   0.24917E+02   0.40194E+00  -0.27836E+00
   0.26057E+03   0.29935E+02   0.25346E+02   0.40978E+00  -0.27764E+00
   0.26092E+03   0.29941E+02   0.25660E+02   0.42405E+00  -0.26992E+00
   0.26127E+03   0.29947E+02   0.25789E+02   0.43188E+00  -0.26178E+00
   0.26162E+03   0.29951E+02   0.25737E+02   0.43666E+00  -0.26314E+00
   0.26197E+03   0.29955E+02   0.25698E+02   0.44659E+00  -0.26288E+00
   0.26232E+03   0.29960E+02   0.25648E+02   0.45790E+00  -0.25310E+00
   0.26267E+03   0.29963E+02   0.25891E+02   0.45276E+00  -0.23837E+00
   0.26302E+03   0.29963E+02   0.26563E+02   0.44815E+00  -0.21380E+00
   0.26337E+03   0.29963E+02   0.27262E+02   0.45171E+00  -0.18396E+00
   0.26372E+03   0.29963E+02   0.27370E+02   0.45166E+00  -0.17132E+00
   0.26407E+03   0.29963E+02   0.26833E+02   0.44626E+00  -0.17776E+00
   0.26442E+03   0.29962E+02   0.26385E+02   0.43861E+00  -0.17601E+00
   0.26477E+03   0.29959E+02   0.26473E+02   0.42398E+00  -0.14727E+00
   0.26512E+03   0.29953E+02   0.26561E+02   0.40452E+00  -0.12478E+00
   0.26547E+03   0.29946E+02   0.26616E+02   0.39163E+00  -0.12042E+00
   0.26582E+03   0.29938E+02   0.26817E+02   0.38104E+00  -0.10933E+00
   0.26617E+03   0.29930E+02   0.26840E+02   0.37691E+00  -0.10487E+00
   0.26652E+03   0.29926E+02   0.26635E+02   0.37544E+00  -0.11494E+00
   0.26687E+03   0.29923E+02   0.26368E+02   0.37086E+00  -0.12097E+00
   0.26722E+03   0.29918E+02   0.26187E+02   0.35812E+00  -0.11963E+00
   0.26757E+03   0.29909E+02   0.26082E+02   0.34128E+00  -0.11821E+00
   0.26792E+03   0.29897E+02   0.26093E+02   0.33223E+00  -0.11757E+00
   0.26827E+03   0.29889E+02   0.25969E+02   0.33400E+00  -0.12497E+00
   0.26862E+03   0.29888E+02   0.25642E+02   0.33963E+00  -0.14566E+00
   0.26897E+03   0.29891E+02   0.25417E+02   0.33946E+00  -0.16078E+00
   0.26932E+03   0.29891E+02   0.25370E+02   0.33394E+00  -0.16298E+00
   0.26967E+03   0.29888E+02   0.25388E+02   0.33182E+00  -0.16314E+00
   0.27002E+03   0.29887E+02   0.25382E+02   0.33629E+00  -0.16727E+00
   0.27037E+03   0.29887E+02   0.25337E+02   0.34144E+00  -0.17917E+00
   0.27072E+03   0.29887E+02   0.25447E+02   0.34477E+00  -0.18610E+00
   0.27107E+03   0.29892E+02   0.25275E+02   0.35090E+00  -0.19485E+00
   0.27142E+03   0.29898E+02   0.25203E+02   0.35998E+00  -0.20394E+00
   0.27177E+03   0.29905E+02   0.25277E+02   0.36151E+00  -0.20477E+00
   0.27212E+03   0.29909E+02   0.25108E+02   0.35431E+00  -0.21154E+00
   0.27247E+03   0.29908E+02   0.25432E+02   0.35736E+00  -0.20883E+00
   0.27282E+03   0.29910E+02   0.25616E+02   0.37314E+00  -0.20485E+00
   0.27317E+03   0.29917E+02   0.25378E+02   0.38119E+00  -0.21754E+00
   0.27352E+03   0.29922E+02   0.25304E+02   0.38423E+00  -0.22947E+00
   0.27387E+03   0.29926E+02   0.25277E+02   0.38997E+00  -0.23264E+00
   0.27422E+03   0.29930E+02   0.25375E+02   0.39097E+00  -0.22128E+00
   0.27457E+03   0.29932E+02   0.25594E+02   0.39483E+00  -0.21609E+00
   0.27492E+03   0.29935E+02   0.25814E+02   0.40327E+00  -0.22251E+00
   0.27527E+03   0.29938E+02   0.26104E+02   0.40969E+00  -0.21101E+00
   0.27562E+03   0.29942E+02   0.25978E+02   0.41164E+00  -0.20940E+00
   0.27597E+03   0.29944E+02   0.25803E+02   0.41415E+00  -0.21850E+00
   0.27632E+03   0.29945E+02   0.25939E+02   0.41694E+00  -0.20308E+00
   0.27667E+03   0.29947E+02   0.26047E+02   0.40976E+00  -0.18671E+00
   0.27702E+03   0.29946E+02   0.25997E+02   0.40319E+00  -0.18684E+00
   0.27737E+03   0.29943E+02   0.26105E+02   0.40232E+00  -0.17889E+00
   0.27772E+03   0.29942E+02   0.26293E+02   0.40334E+00  -0.16660E+00
   0.27807E+03   0.29942E+02   0.26468E+02   0.40256E+00  -0.15893E+00
   0.27842E+03   0.29942E+02   0.26510E+02   0.39765E+00  -0.15561E+00
   0.27877E+03   0.29939E+02   0.26213E+02   0.38708E+00  -0.15459E+00
   0.27912E+03   0.29934E+02   0.26269E+02   0.37729E+00  -0.14024E+00
   0.27947E+03   0.29929E+02   0.26338E+02   0.37291E+00  -0.13301E+00
   0.27982E+03   0.29925E+02   0.25918E+02   0.36659E+00  -0.14505E+00
   0.28017E+03   0.29920E+02   0.25483E+02   0.35686E+00  -0.15493E+00
   0.28052E+03   0.29915E+02   0.25462E+02   0.35272E+00  -0.15625E+00
   0.28087E+03   0.29912E+02   0.25496E+02   0.35131E+00  -0.15235E+00
   0.28122E+03   0.29910E+02   0.25234E+02   0.34743E+00  -0.16276E+00
   0.28157E+03   0.29909E+02   0.24890E+02   0.34782E+00  -0.18762E+00
   0.28192E+03   0.29908E+02   0.24865E+02   0.35383E+00  -0.19049E+00
   0.28227E+03   0.29910E+02   0.24977E+02   0.35821E+00  -0.18532E+00
   0.28262E+03   0.29912E+02   0.24832E+02   0.35918E+00  -0.20169E+00
   0.28297E+03   0.29913E+02   0.24766E+02   0.36960E+00  -0.21546E+00
   0.28332E+03   0.29917E+02   0.24990E+02   0.37861E+00  -0.21146E+00
   0.28367E+03   0.29920E+02   0.24969E+02   0.37620E+00  -0.21768E+00
   0.28402E+03   0.29922E+02   0.24691E+02   0.37879E+00  -0.23679E+00
   0.28437E+03   0.29927E+02   0.24748E+02   0.39118E+00  -0.24232E+00
   0.28472E+03   0.29932E+02   0.25063E+02   0.39736E+00  -0.23307E+00
   0.28507E+03   0.29935E+02   0.25144E+02   0.39446E+00  -0.23471E+00
   0.28542E+03   0.29936E+02   0.25011E+02   0.39597E+00  -0.24651E+00
   0.28577E+03   0.29938E+02   0.25098E+02   0.40855E+00  -0.24298E+00
   0.28612E+03   0.29943E+02   0.25462E+02   0.41851E+00  -0.23290E+00
   0.28647E+03   0.29946E+02   0.25857E+02   0.41988E+00  -0.23000E+00
   0.28682E+03   0.29948E+02   0.25826E+02   0.42152E+00  -0.23137E+00
   0.28717E+03   0.29950E+02   0.25621E+02   0.42495E+00  -0.22721E+00
   0.28752E+03   0.29951E+02   0.25783E+02   0.42711E+00  -0.21482E+00
   0.28787E+03   0.29951E+02   0.26013E+02   0.42416E+00  -0.20277E+00
   0.28822E+03   0.29951E+02   0.26260E+02   0.42096E+00  -0.19061E+00
   0.28857E+03   0.29951E+02   0.26625E+02   0.42458E+00  -0.17589E+00
   0.28892E+03   0.29951E+02   0.26938E+02   0.42462E+00  -0.15826E+00
   0.28927E+03   0.29951E+02   0.27032E+02   0.41015E+00  -0.14668E+00
   0.28962E+03   0.29948E+02   0.26812E+02   0.39970E+00  -0.14083E+00
   0.28997E+03   0.29944E+02   0.26758E+02   0.39862E+00  -0.12772E+00
   0.29032E+03   0.29941E+02   0.26881E+02   0.38739E+00  -0.11106E+00
   0.29067E+03   0.29933E+02   0.26726E+02   0.36583E+00  -0.11015E+00
   0.29102E+03   0.29920E+02   0.26533E+02   0.35610E+00  -0.11733E+00
   0.29137E+03   0.29912E+02   0.26534E+02   0.35604E+00  -0.10959E+00
   0.29172E+03   0.29907E+02   0.26535E+02   0.34964E+00  -0.10547E+00
   0.29207E+03   0.29902E+02   0.26333E+02   0.33825E+00  -0.12208E+00
   0.29242E+03   0.29897E+02   0.25990E+02   0.33442E+00  -0.13588E+00
   0.29277E+03   0.29893E+02   0.25909E+02   0.33614E+00  -0.12753E+00
   0.29312E+03   0.29888E+02   0.25975E+02   0.33214E+00  -0.12795E+00
   0.29347E+03   0.29885E+02   0.25796E+02   0.33198E+00  -0.14718E+00
   0.29382E+03   0.29883E+02   0.25643E+02   0.33479E+00  -0.15554E+00
   0.29417E+03   0.29882E+02   0.25375E+02   0.33578E+00  -0.16495E+00
   0.29452E+03   0.29883E+02   0.24914E+02   0.33491E+00  -0.18512E+00
   0.29487E+03   0.29883E+02   0.24801E+02   0.33505E+00  -0.19432E+00
   0.29522E+03   0.29885E+02   0.24972E+02   0.34217E+00  -0.19960E+00
   0.29557E+03   0.29890E+02   0.25161E+02   0.35204E+00  -0.20460E+00
   0.29592E+03   0.29896E+02   0.25252E+02   0.35838E+00  -0.21088E+00
   0.29627E+03   0.29902E+02   0.25396E+02   0.36403E+00  -0.22224E+00
   0.29662E+03   0.29909E+02   0.25633E+02   0.37880E+00  -0.21965E+00
   0.29697E+03   0.29919E+02   0.25689E+02   0.38980E+00  -0.22006E+00
   0.29732E+03   0.29925E+02   0.25887E+02   0.38807E+00  -0.22063E+00
   0.29767E+03   0.29928E+02   0.26002E+02   0.38687E+00  -0.21237E+00
   0.29802E+03   0.29929E+02   0.26007E+02   0.39209E+00  -0.21005E+00
   0.29837E+03   0.29932E+02   0.25861E+02   0.39856E+00  -0.21233E+00
   0.29872E+03   0.29934E+02   0.25662E+02   0.39590E+00  -0.21819E+00
   0.29907E+03   0.29935E+02   0.25707E+02   0.39598E+00  -0.21914E+00
   0.29942E+03   0.29938E+02   0.25809E+02   0.40277E+00  -0.20829E+00
   0.29977E+03   0.29939E+02   0.26153E+02   0.40109E+00  -0.19451E+00
   0.30012E+03   0.29940E+02   0.26350E+02   0.40149E+00  -0.19070E+00
   0.30047E+03   0.29942E+02   0.26042E+02   0.40676E+00  -0.19644E+00
   0.30082E+03   0.29943E+02   0.25735E+02   0.40879E+00  -0.19882E+00
   0.30118E+03   0.29944E+02   0.26006E+02   0.40574E+00  -0.18514E+00
   0.30153E+03   0.29943E+02   0.26210E+02   0.40124E+00  -0.16997E+00
   0.30188E+03   0.29941E+02   0.26333E+02   0.39975E+00  -0.16182E+00
   0.30223E+03   0.29938E+02   0.26499E+02   0.39380E+00  -0.15398E+00
   0.30258E+03   0.29937E+02   0.26390E+02   0.38540E+00  -0.15046E+00
   0.30293E+03   0.29934E+02   0.26484E+02   0.38333E+00  -0.14136E+00
   0.30328E+03   0.29933E+02   0.26573E+02   0.38297E+00  -0.13198E+00
   0.30363E+03   0.29930E+02   0.26703E+02   0.37395E+00  -0.12363E+00
   0.30398E+03   0.29924E+02   0.26815E+02   0.36218E+00  -0.11456E+00
   0.30433E+03   0.29916E+02   0.26743E+02   0.35143E+00  -0.11629E+00
   0.30468E+03   0.29908E+02   0.26772E+02   0.34607E+00  -0.11165E+00
   0.30503E+03   0.29903E+02   0.26746E+02   0.34634E+00  -0.10816E+00
   0.30538E+03   0.29899E+02   0.26544E+02   0.34077E+00  -0.11988E+00
   0.30573E+03   0.29894E+02   0.26397E+02   0.33017E+00  -0.12297E+00
   0.30608E+03   0.29888E+02   0.26286E+02   0.32272E+00  -0.12317E+00
   0.30643E+03   0.29883E+02   0.25974E+02   0.31996E+00  -0.13647E+00
   0.30678E+03   0.29880E+02   0.25727E+02   0.31956E+00  -0.14527E+00
   0.30713E+03   0.29877E+02   0.25570E+02   0.32019E+00  -0.15354E+00
   0.30748E+03   0.29875E+02   0.25416E+02   0.32292E+00  -0.16620E+00
   0.30783E+03   0.29873E+02   0.25424E+02   0.32937E+00  -0.17223E+00
   0.30818E+03   0.29875E+02   0.25457E+02   0.33866E+00  -0.18256E+00
   0.30853E+03   0.29882E+02   0.25276E+02   0.34563E+00  -0.19755E+00
   0.30888E+03   0.29890E+02   0.25133E+02   0.35083E+00  -0.21100E+00
   0.30923E+03   0.29897E+02   0.25104E+02   0.35623E+00  -0.22010E+00
   0.30958E+03   0.29902E+02   0.25039E+02   0.36031E+00  -0.22033E+00
   0.30993E+03   0.29908E+02   0.24957E+02   0.36803E+00  -0.22717E+00
   0.31028E+03   0.29915E+02   0.24979E+02   0.37527E+00  -0.23737E+00
   0.31063E+03   0.29919E+02   0.25429E+02   0.38007E+00  -0.23245E+00
   0.31098E+03   0.29924E+02   0.25717E+02   0.38905E+00  -0.23007E+00
   0.31133E+03   0.29930E+02   0.25722E+02   0.40209E+00  -0.23782E+00
   0.31168E+03   0.29936E+02   0.25563E+02   0.41034E+00  -0.24714E+00
   0.31203E+03   0.29941E+02   0.25454E+02   0.41129E+00  -0.25063E+00
   0.31238E+03   0.29944E+02   0.25592E+02   0.41364E+00  -0.24369E+00
   0.31273E+03   0.29946E+02   0.26042E+02   0.41941E+00  -0.22659E+00
   0.31308E+03   0.29947E+02   0.26476E+02   0.42537E+00  -0.21161E+00
   0.31343E+03   0.29950E+02   0.26683E+02   0.42857E+00  -0.20331E+00
   0.31378E+03   0.29953E+02   0.26860E+02   0.42756E+00  -0.19303E+00
   0.31413E+03   0.29953E+02   0.26884E+02   0.42489E+00  -0.17829E+00
   0.31448E+03   0.29953E+02   0.26866E+02   0.42363E+00  -0.16190E+00
   0.31483E+03   0.29952E+02   0.26629E+02   0.41658E+00  -0.15636E+00
   0.31518E+03   0.29949E+02   0.26311E+02   0.40209E+00  -0.15762E+00
   0.31553E+03   0.29944E+02   0.26111E+02   0.38634E+00  -0.15544E+00
   0.31588E+03   0.29938E+02   0.26233E+02   0.37891E+00  -0.14398E+00
   0.31623E+03   0.29933E+02   0.26369E+02   0.38132E+00  -0.13292E+00
   0.31658E+03   0.29929E+02   0.26266E+02   0.37575E+00  -0.13735E+00
   0.31693E+03   0.29926E+02   0.26018E+02   0.36689E+00  -0.14638E+00
   0.31728E+03   0.29923E+02   0.25808E+02   0.36190E+00  -0.14668E+00
   0.31763E+03   0.29919E+02   0.25845E+02   0.36001E+00  -0.14125E+00
   0.31798E+03   0.29916E+02   0.25877E+02   0.35861E+00  -0.13909E+00
   0.31833E+03   0.29913E+02   0.25668E+02   0.35489E+00  -0.14977E+00
   0.31868E+03   0.29908E+02   0.25762E+02   0.34914E+00  -0.15062E+00
   0.31903E+03   0.29904E+02   0.25999E+02   0.34583E+00  -0.13979E+00
   0.31938E+03   0.29902E+02   0.25840E+02   0.35099E+00  -0.14902E+00
   0.31973E+03   0.29903E+02   0.25627E+02   0.35434E+00  -0.16756E+00
   0.32008E+03   0.29902E+02   0.25680E+02   0.35334E+00  -0.16946E+00
   0.32043E+03   0.29901E+02   0.25815E+02   0.34913E+00  -0.16550E+00
   0.32078E+03   0.29900E+02   0.25817E+02   0.34641E+00  -0.16855E+00
   0.32113E+03   0.29899E+02   0.25757E+02   0.35105E+00  -0.17356E+00
   0.32148E+03   0.29900E+02   0.25636E+02   0.35663E+00  -0.17822E+00
   0.32183E+03   0.29903E+02   0.25541E+02   0.35517E+00  -0.18433E+00
   0.32218E+03   0.29904E+02   0.25380E+02   0.35494E+00  -0.19692E+00
   0.32253E+03   0.29905E+02   0.25173E+02   0.35896E+00  -0.20524E+00
   0.32288E+03   0.29908E+02   0.25041E+02   0.36332E+00  -0.20766E+00
   0.32323E+03   0.29912E+02   0.24728E+02   0.36380E+00  -0.22323E+00
   0.32358E+03   0.29912E+02   0.24669E+02   0.36325E+00  -0.23715E+00
   0.32393E+03   0.29914E+02   0.24916E+02   0.37755E+00  -0.23681E+00
   0.32428E+03   0.29922E+02   0.25210E+02   0.39680E+00  -0.23303E+00
   0.32463E+03   0.29931E+02   0.25501E+02   0.40302E+00  -0.23511E+00
   0.32498E+03   0.29936E+02   0.25410E+02   0.40471E+00  -0.24275E+00
   0.32533E+03   0.29940E+02   0.25277E+02   0.41065E+00  -0.23877E+00
   0.32568E+03   0.29944E+02   0.25526E+02   0.41809E+00  -0.22656E+00
   0.32603E+03   0.29948E+02   0.25682E+02   0.42154E+00  -0.22267E+00
   0.32638E+03   0.29949E+02   0.25802E+02   0.41971E+00  -0.21781E+00
   0.32673E+03   0.29948E+02   0.26243E+02   0.42148E+00  -0.20242E+00
   0.32708E+03   0.29949E+02   0.26417E+02   0.42272E+00  -0.19144E+00
   0.32743E+03   0.29950E+02   0.26267E+02   0.41848E+00  -0.19228E+00
   0.32778E+03   0.29950E+02   0.26145E+02   0.41516E+00  -0.19181E+00
   0.32813E+03   0.29949E+02   0.26234E+02   0.41443E+00  -0.17680E+00
   0.32848E+03   0.29947E+02   0.26321E+02   0.40740E+00  -0.16333E+00
   0.32883E+03   0.29943E+02   0.26101E+02   0.39700E+00  -0.16733E+00
   0.32918E+03   0.29939E+02   0.25922E+02   0.39320E+00  -0.17242E+00
   0.32953E+03   0.29936E+02   0.25973E+02   0.39292E+00  -0.16322E+00
   0.32988E+03   0.29936E+02   0.26099E+02   0.38742E+00  -0.15039E+00
   0.33023E+03   0.29935E+02   0.25914E+02   0.37825E+00  -0.15580E+00
   0.33058E+03   0.29929E+02   0.25790E+02   0.37579E+00  -0.15815E+00
   0.33093E+03   0.29927E+02   0.25897E+02   0.37612E+00  -0.14594E+00
   0.33128E+03   0.29925E+02   0.25860E+02   0.36834E+00  -0.14698E+00
   0.33163E+03   0.29922E+02   0.25804E+02   0.36397E+00  -0.15434E+00
   0.33198E+03   0.29918E+02   0.25793E+02   0.36462E+00  -0.15171E+00
   0.33233E+03   0.29914E+02   0.25840E+02   0.36410E+00  -0.14611E+00
   0.33268E+03   0.29914E+02   0.25633E+02   0.35836E+00  -0.15630E+00
   0.33303E+03   0.29912E+02   0.25338E+02   0.34935E+00  -0.17477E+00
   0.33338E+03   0.29908E+02   0.25289E+02   0.35315E+00  -0.17157E+00
   0.33373E+03   0.29907E+02   0.25373E+02   0.35725E+00  -0.16579E+00
   0.33408E+03   0.29906E+02   0.25499E+02   0.35325E+00  -0.17207E+00
   0.33443E+03   0.29904E+02   0.25603E+02   0.35315E+00  -0.17515E+00
   0.33478E+03   0.29905E+02   0.25790E+02   0.36022E+00  -0.17241E+00
   0.33513E+03   0.29908E+02   0.26029E+02   0.36599E+00  -0.16376E+00
   0.33548E+03   0.29911E+02   0.25964E+02   0.36396E+00  -0.16761E+00
   0.33583E+03   0.29911E+02   0.25836E+02   0.36281E+00  -0.17806E+00
   0.33618E+03   0.29911E+02   0.25777E+02   0.36638E+00  -0.17778E+00
   0.33653E+03   0.29912E+02   0.25649E+02   0.36282E+00  -0.17893E+00
   0.33688E+03   0.29911E+02   0.25662E+02   0.35531E+00  -0.18540E+00
   0.33723E+03   0.29908E+02   0.25968E+02   0.35892E+00  -0.17741E+00
   0.33758E+03   0.29910E+02   0.26337E+02   0.36892E+00  -0.16370E+00
   0.33793E+03   0.29915E+02   0.26301E+02   0.36875E+00  -0.16932E+00
   0.33828E+03   0.29916E+02   0.25819E+02   0.36450E+00  -0.18627E+00
   0.33863E+03   0.29915E+02   0.25329E+02   0.36741E+00  -0.19575E+00
   0.33898E+03   0.29917E+02   0.25248E+02   0.37310E+00  -0.19132E+00
   0.33933E+03   0.29919E+02   0.25265E+02   0.36679E+00  -0.19209E+00
   0.33968E+03   0.29916E+02   0.25397E+02   0.35977E+00  -0.19979E+00
   0.34003E+03   0.29916E+02   0.25684E+02   0.37116E+00  -0.19305E+00
   0.34038E+03   0.29921E+02   0.25788E+02   0.38038E+00  -0.18879E+00
   0.34073E+03   0.29924E+02   0.25900E+02   0.38350E+00  -0.19782E+00
   0.34108E+03   0.29928E+02   0.25867E+02   0.39095E+00  -0.19974E+00
   0.34143E+03   0.29931E+02   0.25652E+02   0.39459E+00  -0.19766E+00
   0.34178E+03   0.29933E+02   0.25468E+02   0.38953E+00  -0.19896E+00
   0.34213E+03   0.29931E+02   0.25410E+02   0.38086E+00  -0.20424E+00
   0.34248E+03   0.29929E+02   0.25394E+02   0.38046E+00  -0.20176E+00
   0.34283E+03   0.29929E+02   0.25496E+02   0.38656E+00  -0.19141E+00
   0.34318E+03   0.29931E+02   0.25566E+02   0.38949E+00  -0.19623E+00
   0.34353E+03   0.29932E+02   0.25453E+02   0.38740E+00  -0.20320E+00
   0.34388E+03   0.29931E+02   0.25405E+02   0.38983E+00  -0.20211E+00
   0.34423E+03   0.29933E+02   0.25380E+02   0.39757E+00  -0.20445E+00
   0.34458E+03   0.29935E+02   0.25476E+02   0.39796E+00  -0.20504E+00
   0.34493E+03   0.29936E+02   0.25553E+02   0.39374E+00  -0.20259E+00
   0.34528E+03   0.29936E+02   0.25437E+02   0.39463E+00  -0.20485E+00
   0.34563E+03   0.29938E+02   0.25256E+02   0.39760E+00  -0.20477E+00
   0.34598E+03   0.29939E+02   0.25065E+02   0.39593E+00  -0.20811E+00
   0.34633E+03   0.29939E+02   0.24730E+02   0.39577E+00  -0.22276E+00
   0.34668E+03   0.29939E+02   0.24835E+02   0.39890E+00  -0.22109E+00
   0.34703E+03   0.29939E+02   0.25373E+02   0.40263E+00  -0.20678E+00
   0.34738E+03   0.29940E+02   0.25597E+02   0.40401E+00  -0.20606E+00
   0.34773E+03   0.29941E+02   0.25555E+02   0.40610E+00  -0.21045E+00
   0.34808E+03   0.29943E+02   0.25419E+02   0.41158E+00  -0.21085E+00
   0.34843E+03   0.29946E+02   0.25417E+02   0.41323E+00  -0.20549E+00
   0.34878E+03   0.29946E+02   0.25510E+02   0.40866E+00  -0.19528E+00
   0.34913E+03   0.29945E+02   0.25453E+02   0.40530E+00  -0.19263E+00
   0.34948E+03   0.29943E+02   0.25545E+02   0.40185E+00  -0.18741E+00
   0.34983E+03   0.29941E+02   0.25703E+02   0.39725E+00  -0.18075E+00
   0.35018E+03   0.29940E+02   0.25577E+02   0.39330E+00  -0.18629E+00
   0.35053E+03   0.29939E+02   0.25532E+02   0.39413E+00  -0.18727E+00
   0.35088E+03   0.29939E+02   0.25683E+02   0.39741E+00  -0.17683E+00
   0.35123E+03   0.29937E+02   0.25897E+02   0.39336E+00  -0.16805E+00
   0.35158E+03   0.29935E+02   0.25955E+02   0.38782E+00  -0.16811E+00
   0.35193E+03   0.29933E+02   0.26054E+02   0.38409E+00  -0.16385E+00
   0.35228E+03   0.29933E+02   0.26242E+02   0.38597E+00  -0.15321E+00
   0.35263E+03   0.29932E+02   0.26293E+02   0.38277E+00  -0.14507E+00
   0.35298E+03   0.29929E+02   0.26300E+02   0.37444E+00  -0.14373E+00
   0.35333E+03   0.29924E+02   0.26162E+02   0.36830E+00  -0.14428E+00
   0.35368E+03   0.29918E+02   0.26027E+02   0.36421E+00  -0.14228E+00
   0.35403E+03   0.29915E+02   0.25851E+02   0.35825E+00  -0.14778E+00
   0.35438E+03   0.29911E+02   0.25758E+02   0.34879E+00  -0.15287E+00
   0.35473E+03   0.29906E+02   0.25868E+02   0.34825E+00  -0.14755E+00
   0.35508E+03   0.29904E+02   0.25770E+02   0.35100E+00  -0.15091E+00
   0.35543E+03   0.29902E+02   0.25574E+02   0.34978E+00  -0.16273E+00
   0.35578E+03   0.29902E+02   0.25537E+02   0.34877E+00  -0.16971E+00
   0.35613E+03   0.29903E+02   0.25474E+02   0.35422E+00  -0.17552E+00
   0.35648E+03   0.29905E+02   0.25656E+02   0.35841E+00  -0.17077E+00
   0.35683E+03   0.29905E+02   0.25808E+02   0.35525E+00  -0.16889E+00
   0.35718E+03   0.29905E+02   0.25851E+02   0.35697E+00  -0.17241E+00
   0.35753E+03   0.29908E+02   0.25833E+02   0.36059E+00  -0.17313E+00
   0.35788E+03   0.29910E+02   0.25448E+02   0.36106E+00  -0.18733E+00
   0.35823E+03   0.29912E+02   0.25190E+02   0.36190E+00  -0.20129E+00
   0.35858E+03   0.29912E+02   0.25438E+02   0.36145E+00  -0.19554E+00
   0.35893E+03   0.29911E+02   0.25911E+02   0.36604E+00  -0.18325E+00
   0.35928E+03   0.29911E+02   0.26005E+02   0.36807E+00  -0.18257E+00
   0.35963E+03   0.29913E+02   0.25591E+02   0.36949E+00  -0.20137E+00
   0.35998E+03   0.29917E+02   0.25266E+02   0.37826E+00  -0.21723E+00
   0.36033E+03   0.29921E+02   0.25197E+02   0.38629E+00  -0.22101E+00
   0.36068E+03   0.29925E+02   0.24812E+02   0.38699E+00  -0.23302E+00
   0.36103E+03   0.29928E+02   0.24708E+02   0.38385E+00  -0.24022E+00
   0.36138E+03   0.29928E+02   0.25294E+02   0.38668E+00  -0.22707E+00
   0.36173E+03   0.29930E+02   0.25771E+02   0.39376E+00  -0.21174E+00
   0.36208E+03   0.29934E+02   0.25751E+02   0.40454E+00  -0.21851E+00
   0.36243E+03   0.29939E+02   0.25508E+02   0.41973E+00  -0.23509E+00
   0.36278E+03   0.29945E+02   0.25507E+02   0.42844E+00  -0.23450E+00
   0.36313E+03   0.29949E+02   0.25745E+02   0.42288E+00  -0.22016E+00
   0.36348E+03   0.29949E+02   0.25951E+02   0.41497E+00  -0.21206E+00
   0.36383E+03   0.29948E+02   0.26067E+02   0.41304E+00  -0.20178E+00
   0.36418E+03   0.29948E+02   0.26080E+02   0.41553E+00  -0.18981E+00
   0.36453E+03   0.29948E+02   0.26215E+02   0.41473E+00  -0.18768E+00
   0.36488E+03   0.29948E+02   0.26368E+02   0.41249E+00  -0.18156E+00
   0.36523E+03   0.29949E+02   0.26318E+02   0.41225E+00  -0.17102E+00
   0.36558E+03   0.29948E+02   0.26182E+02   0.40673E+00  -0.16674E+00
   0.36593E+03   0.29945E+02   0.26066E+02   0.39267E+00  -0.16282E+00
   0.36628E+03   0.29938E+02   0.25982E+02   0.37771E+00  -0.15664E+00
   0.36663E+03   0.29932E+02   0.25867E+02   0.37863E+00  -0.15453E+00
   0.36698E+03   0.29930E+02   0.25866E+02   0.38587E+00  -0.15393E+00
   0.36733E+03   0.29930E+02   0.26153E+02   0.37945E+00  -0.14443E+00
   0.36768E+03   0.29927E+02   0.26308E+02   0.36733E+00  -0.13843E+00
   0.36803E+03   0.29922E+02   0.26227E+02   0.36497E+00  -0.13633E+00
   0.36838E+03   0.29919E+02   0.26275E+02   0.36644E+00  -0.12793E+00
   0.36873E+03   0.29916E+02   0.26278E+02   0.36307E+00  -0.13222E+00
   0.36908E+03   0.29912E+02   0.26179E+02   0.35810E+00  -0.14074E+00
   0.36943E+03   0.29908E+02   0.25966E+02   0.35268E+00  -0.14584E+00
   0.36978E+03   0.29902E+02   0.25613E+02   0.34621E+00  -0.15119E+00
   0.37013E+03   0.29897E+02   0.25448E+02   0.33823E+00  -0.15222E+00
   0.37048E+03   0.29891E+02   0.25557E+02   0.33566E+00  -0.15442E+00
   0.37083E+03   0.29890E+02   0.25511E+02   0.34209E+00  -0.16094E+00
   0.37118E+03   0.29894E+02   0.25281E+02   0.34588E+00  -0.17715E+00
   0.37153E+03   0.29897E+02   0.25140E+02   0.34732E+00  -0.19255E+00
   0.37188E+03   0.29900E+02   0.25312E+02   0.35101E+00  -0.18748E+00
   0.37223E+03   0.29903E+02   0.25323E+02   0.35297E+00  -0.18619E+00
   0.37258E+03   0.29905E+02   0.24905E+02   0.35589E+00  -0.20423E+00
   0.37293E+03   0.29909E+02   0.24541E+02   0.35983E+00  -0.22425E+00
   0.37328E+03   0.29913E+02   0.24497E+02   0.36246E+00  -0.23198E+00
   0.37363E+03   0.29915E+02   0.24791E+02   0.37067E+00  -0.22952E+00
   0.37398E+03   0.29920E+02   0.24815E+02   0.38190E+00  -0.23826E+00
   0.37433E+03   0.29924E+02   0.24337E+02   0.38797E+00  -0.26224E+00
   0.37468E+03   0.29929E+02   0.24152E+02   0.39298E+00  -0.27827E+00
   0.37503E+03   0.29933E+02   0.24722E+02   0.40323E+00  -0.27312E+00
   0.37538E+03   0.29939E+02   0.25162E+02   0.42222E+00  -0.26585E+00
   0.37573E+03   0.29947E+02   0.25163E+02   0.43807E+00  -0.27092E+00
   0.37608E+03   0.29952E+02   0.25432E+02   0.44246E+00  -0.27539E+00
   0.37643E+03   0.29956E+02   0.25918E+02   0.44475E+00  -0.25999E+00
   0.37678E+03   0.29959E+02   0.26175E+02   0.44888E+00  -0.23990E+00
   0.37713E+03   0.29962E+02   0.26070E+02   0.45637E+00  -0.23546E+00
   0.37748E+03   0.29964E+02   0.26375E+02   0.46186E+00  -0.22408E+00
   0.37783E+03   0.29965E+02   0.26640E+02   0.45253E+00  -0.20504E+00
   0.37818E+03   0.29963E+02   0.26481E+02   0.43573E+00  -0.19338E+00
   0.37853E+03   0.29961E+02   0.26586E+02   0.43482E+00  -0.17726E+00
   0.37888E+03   0.29959E+02   0.26843E+02   0.43764E+00  -0.15532E+00
   0.37923E+03   0.29957E+02   0.26989E+02   0.42625E+00  -0.14189E+00
   0.37958E+03   0.29953E+02   0.26901E+02   0.40961E+00  -0.13805E+00
   0.37993E+03   0.29949E+02   0.26610E+02   0.39832E+00  -0.13337E+00
   0.38028E+03   0.29945E+02   0.26576E+02   0.39009E+00  -0.11347E+00
   0.38063E+03   0.29938E+02   0.26933E+02   0.38141E+00  -0.94002E-01
   0.38098E+03   0.29931E+02   0.26928E+02   0.36843E+00  -0.96104E-01
   0.38133E+03   0.29922E+02   0.26857E+02   0.35447E+00  -0.94987E-01
   0.38168E+03   0.29911E+02   0.26811E+02   0.35096E+00  -0.92826E-01
   0.38203E+03   0.29903E+02   0.26740E+02   0.34576E+00  -0.93380E-01
   0.38238E+03   0.29899E+02   0.26707E+02   0.33590E+00  -0.92903E-01
   0.38273E+03   0.29893E+02   0.26405E+02   0.32551E+00  -0.10881E+00
   0.38308E+03   0.29885E+02   0.26187E+02   0.31960E+00  -0.11727E+00
   0.38343E+03   0.29876E+02   0.26164E+02   0.31423E+00  -0.10864E+00
   0.38378E+03   0.29868E+02   0.25998E+02   0.31123E+00  -0.12278E+00
   0.38413E+03   0.29863E+02   0.25881E+02   0.31745E+00  -0.14040E+00
   0.38448E+03   0.29863E+02   0.25841E+02   0.32437E+00  -0.14339E+00
   0.38483E+03   0.29867E+02   0.25535E+02   0.32123E+00  -0.15862E+00
   0.38518E+03   0.29868E+02   0.25148E+02   0.31560E+00  -0.18074E+00
   0.38553E+03   0.29867E+02   0.24950E+02   0.32453E+00  -0.19133E+00
   0.38588E+03   0.29873E+02   0.24953E+02   0.33438E+00  -0.19209E+00
   0.38623E+03   0.29883E+02   0.24894E+02   0.33308E+00  -0.20452E+00
   0.38658E+03   0.29885E+02   0.24760E+02   0.33612E+00  -0.22716E+00
   0.38693E+03   0.29889E+02   0.24802E+02   0.35394E+00  -0.23446E+00
   0.38728E+03   0.29899E+02   0.25077E+02   0.36855E+00  -0.23102E+00
   0.38763E+03   0.29909E+02   0.25213E+02   0.37762E+00  -0.24561E+00
   0.38798E+03   0.29917E+02   0.25320E+02   0.38477E+00  -0.25731E+00
   0.38833E+03   0.29924E+02   0.25374E+02   0.39489E+00  -0.25038E+00
   0.38868E+03   0.29933E+02   0.25328E+02   0.40366E+00  -0.24882E+00
   0.38903E+03   0.29939E+02   0.25415E+02   0.40781E+00  -0.25340E+00
   0.38938E+03   0.29943E+02   0.25653E+02   0.41512E+00  -0.24711E+00
   0.38973E+03   0.29946E+02   0.25884E+02   0.42467E+00  -0.23561E+00
   0.39008E+03   0.29950E+02   0.26176E+02   0.43070E+00  -0.23190E+00
   0.39043E+03   0.29952E+02   0.26403E+02   0.43199E+00  -0.22929E+00
   0.39078E+03   0.29954E+02   0.26268E+02   0.43370E+00  -0.22400E+00
   0.39113E+03   0.29956E+02   0.25975E+02   0.43647E+00  -0.22191E+00
   0.39148E+03   0.29957E+02   0.26045E+02   0.43495E+00  -0.21002E+00
   0.39183E+03   0.29956E+02   0.26415E+02   0.42558E+00  -0.18787E+00
   0.39218E+03   0.29955E+02   0.26310E+02   0.42208E+00  -0.17921E+00
   0.39253E+03   0.29954E+02   0.26158E+02   0.42342E+00  -0.17719E+00
   0.39288E+03   0.29953E+02   0.26187E+02   0.41815E+00  -0.17028E+00
   0.39323E+03   0.29948E+02   0.26230E+02   0.40716E+00  -0.16135E+00
   0.39358E+03   0.29945E+02   0.26325E+02   0.40819E+00  -0.15300E+00
   0.39393E+03   0.29944E+02   0.26440E+02   0.40442E+00  -0.14443E+00
   0.39428E+03   0.29941E+02   0.26461E+02   0.38814E+00  -0.13633E+00
   0.39463E+03   0.29936E+02   0.26312E+02   0.37720E+00  -0.13597E+00
   0.39498E+03   0.29930E+02   0.26367E+02   0.37561E+00  -0.12705E+00
   0.39533E+03   0.29927E+02   0.26431E+02   0.37283E+00  -0.11541E+00
   0.39568E+03   0.29923E+02   0.26242E+02   0.36308E+00  -0.13006E+00
   0.39603E+03   0.29920E+02   0.26124E+02   0.35436E+00  -0.13561E+00
   0.39638E+03   0.29912E+02   0.26235E+02   0.34183E+00  -0.12119E+00
   0.39673E+03   0.29904E+02   0.26411E+02   0.34064E+00  -0.11384E+00
   0.39708E+03   0.29899E+02   0.26398E+02   0.34061E+00  -0.11836E+00
   0.39743E+03   0.29895E+02   0.26080E+02   0.33923E+00  -0.13595E+00
   0.39778E+03   0.29895E+02   0.25476E+02   0.33518E+00  -0.15734E+00
   0.39813E+03   0.29892E+02   0.25127E+02   0.32619E+00  -0.17048E+00
   0.39848E+03   0.29885E+02   0.25213E+02   0.32926E+00  -0.16744E+00
   0.39883E+03   0.29884E+02   0.25458E+02   0.33369E+00  -0.16013E+00
   0.39918E+03   0.29885E+02   0.25706E+02   0.33369E+00  -0.16586E+00
   0.39953E+03   0.29884E+02   0.25598E+02   0.34108E+00  -0.18262E+00
   0.39988E+03   0.29890E+02   0.25310E+02   0.35248E+00  -0.19549E+00
   0.40023E+03   0.29899E+02   0.25039E+02   0.35835E+00  -0.20494E+00
   0.40058E+03   0.29906E+02   0.24819E+02   0.36424E+00  -0.21830E+00
   0.40093E+03   0.29909E+02   0.24578E+02   0.36086E+00  -0.22938E+00
   0.40128E+03   0.29908E+02   0.24558E+02   0.35392E+00  -0.23252E+00
   0.40163E+03   0.29908E+02   0.24745E+02   0.36328E+00  -0.23600E+00
   0.40198E+03   0.29915E+02   0.24739E+02   0.38320E+00  -0.25105E+00
   0.40233E+03   0.29924E+02   0.24811E+02   0.39878E+00  -0.26361E+00
   0.40268E+03   0.29933E+02   0.25127E+02   0.40965E+00  -0.26568E+00
   0.40303E+03   0.29940E+02   0.25268E+02   0.41802E+00  -0.27019E+00
   0.40338E+03   0.29946E+02   0.25168E+02   0.42406E+00  -0.26787E+00
   0.40373E+03   0.29949E+02   0.25358E+02   0.42744E+00  -0.25991E+00
   0.40408E+03   0.29952E+02   0.25672E+02   0.43813E+00  -0.25228E+00
   0.40443E+03   0.29956E+02   0.26011E+02   0.44581E+00  -0.23729E+00
   0.40478E+03   0.29959E+02   0.26156E+02   0.44710E+00  -0.23096E+00
   0.40513E+03   0.29961E+02   0.26297E+02   0.44871E+00  -0.22340E+00
   0.40548E+03   0.29961E+02   0.26601E+02   0.44929E+00  -0.20265E+00
   0.40583E+03   0.29961E+02   0.26632E+02   0.44392E+00  -0.19028E+00
   0.40618E+03   0.29960E+02   0.26586E+02   0.43469E+00  -0.18269E+00
   0.40653E+03   0.29959E+02   0.26567E+02   0.43110E+00  -0.17080E+00
   0.40688E+03   0.29957E+02   0.26518E+02   0.42268E+00  -0.15965E+00
   0.40723E+03   0.29952E+02   0.26510E+02   0.41344E+00  -0.14723E+00
   0.40758E+03   0.29949E+02   0.26553E+02   0.40406E+00  -0.13876E+00
   0.40793E+03   0.29945E+02   0.26664E+02   0.39617E+00  -0.12859E+00
   0.40828E+03   0.29940E+02   0.26737E+02   0.38762E+00  -0.11760E+00
   0.40863E+03   0.29934E+02   0.26748E+02   0.37745E+00  -0.11216E+00
   0.40898E+03   0.29929E+02   0.26737E+02   0.37033E+00  -0.10977E+00
   0.40933E+03   0.29923E+02   0.26683E+02   0.36461E+00  -0.10912E+00
   0.40968E+03   0.29916E+02   0.26679E+02   0.35677E+00  -0.10686E+00
   0.41003E+03   0.29908E+02   0.26572E+02   0.34633E+00  -0.11025E+00
   0.41038E+03   0.29899E+02   0.26510E+02   0.33978E+00  -0.11175E+00
   0.41073E+03   0.29894E+02   0.26628E+02   0.33711E+00  -0.10860E+00
   0.41108E+03   0.29889E+02   0.26542E+02   0.33161E+00  -0.11259E+00
   0.41143E+03   0.29883E+02   0.26432E+02   0.32918E+00  -0.11928E+00
   0.41178E+03   0.29880E+02   0.26369E+02   0.32765E+00  -0.12585E+00
   0.41213E+03   0.29878E+02   0.25901E+02   0.32399E+00  -0.14127E+00
   0.41248E+03   0.29872E+02   0.25571E+02   0.32028E+00  -0.15473E+00
   0.41283E+03   0.29867E+02   0.25613E+02   0.32132E+00  -0.15703E+00
   0.41318E+03   0.29869E+02   0.25602E+02   0.32418E+00  -0.16158E+00
   0.41353E+03   0.29872E+02   0.25479E+02   0.32839E+00  -0.17814E+00
   0.41388E+03   0.29875E+02   0.25329E+02   0.33659E+00  -0.19830E+00
   0.41423E+03   0.29881E+02   0.25297E+02   0.34206E+00  -0.20253E+00
   0.41458E+03   0.29889E+02   0.25271E+02   0.35219E+00  -0.20714E+00
   0.41493E+03   0.29898E+02   0.25075E+02   0.35976E+00  -0.22719E+00
   0.41528E+03   0.29905E+02   0.24989E+02   0.36400E+00  -0.23612E+00
   0.41563E+03   0.29910E+02   0.25283E+02   0.36994E+00  -0.23268E+00
   0.41598E+03   0.29916E+02   0.25639E+02   0.38075E+00  -0.23154E+00
   0.41633E+03   0.29923E+02   0.25749E+02   0.39136E+00  -0.23193E+00
   0.41668E+03   0.29929E+02   0.25704E+02   0.39825E+00  -0.23581E+00
   0.41703E+03   0.29935E+02   0.25773E+02   0.40678E+00  -0.23798E+00
   0.41738E+03   0.29940E+02   0.25708E+02   0.40921E+00  -0.23513E+00
   0.41773E+03   0.29943E+02   0.25582E+02   0.41076E+00  -0.23665E+00
   0.41808E+03   0.29945E+02   0.25469E+02   0.41652E+00  -0.24051E+00
   0.41843E+03   0.29947E+02   0.25543E+02   0.41915E+00  -0.23251E+00
   0.41878E+03   0.29949E+02   0.25784E+02   0.42111E+00  -0.22530E+00
   0.41913E+03   0.29951E+02   0.26155E+02   0.42172E+00  -0.21889E+00
   0.41948E+03   0.29952E+02   0.26520E+02   0.42906E+00  -0.20204E+00
   0.41983E+03   0.29953E+02   0.26729E+02   0.43705E+00  -0.18637E+00
