          74
  0.175000000000000        1312500.00000000     
         319
  0.525000000000000        3937500.00000000     
         186
  0.875000000000000        6562500.00000000     
         440
   1.22500000000000        9187500.00000000     
         430
   1.57500000000000        11812500.0000000     
          81
   1.92500000000000        14437500.0000000     
         110
   2.27500000000000        17062500.0000000     
         287
   2.62500000000000        19687500.0000000     
         521
   2.97500000000000        22312500.0000000     
          61
   3.32500000000000        24937500.0000000     
         443
   3.67500000000000        27562500.0000000     
         490
   4.02500000000000        30187500.0000000     
         429
   4.37500000000000        32812500.0000000     
         383
   4.72500000000000        35437500.0000000     
          48
   5.07500000000000        38062500.0000000     
         432
   5.42500000000000        40687500.0000000     
          52
   5.77500000000000        43312500.0000000     
         169
   6.12500000000000        45937500.0000000     
         267
   6.47500000000000        48562500.0000000     
         447
   6.82500000000000        51187500.0000000     
         512
   7.17500000000000        53812500.0000000     
         441
   7.52500000000000        56437500.0000000     
         310
   7.87500000000000        59062500.0000000     
          35
   8.22500000000000        61687500.0000000     
          83
   8.57500000000000        64312500.0000000     
          42
   8.92500000000000        66937500.0000000     
         277
   9.27500000000000        69562500.0000000     
          76
   9.62499999999999        72187500.0000000     
         527
   9.97499999999999        74812500.0000000     
         374
   10.3250000000000        77437500.0000000     
         353
   10.6750000000000        80062500.0000000     
         171
   11.0250000000000        82687500.0000000     
         336
   11.3750000000000        85312499.9999999     
         538
   11.7250000000000        87937499.9999999     
         377
   12.0750000000000        90562499.9999999     
          74
   12.4250000000000        93187499.9999999     
         305
   12.7750000000000        95812499.9999999     
          28
   13.1250000000000        98437499.9999999     
         193
   13.4750000000000        101062500.000000     
         269
   13.8250000000000        103687500.000000     
          62
   14.1750000000000        106312500.000000     
         397
   14.5250000000000        108937500.000000     
         414
   14.8750000000000        111562500.000000     
         190
   15.2250000000000        114187500.000000     
          11
   15.5750000000000        116812500.000000     
         477
   15.9250000000000        119437500.000000     
         360
   16.2750000000000        122062500.000000     
         145
   16.6250000000000        124687500.000000     
         270
   16.9750000000000        127312500.000000     
          50
   17.3250000000000        129937500.000000     
         420
   17.6750000000000        132562500.000000     
         230
   18.0250000000000        135187500.000000     
         522
   18.3750000000000        137812500.000000     
         412
   18.7250000000000        140437500.000000     
         147
   19.0750000000000        143062500.000000     
         402
   19.4250000000000        145687500.000000     
         363
   19.7750000000000        148312500.000000     
         505
   20.1250000000000        150937500.000000     
         376
   20.4750000000000        153562500.000000     
         364
   20.8250000000000        156187500.000000     
         218
   21.1750000000000        158812500.000000     
         318
   21.5250000000000        161437500.000000     
         187
   21.8750000000000        164062500.000000     
         216
   22.2250000000000        166687500.000000     
          20
   22.5750000000000        169312500.000000     
         527
   22.9250000000000        171937500.000000     
          62
   23.2750000000000        174562500.000000     
         301
   23.6250000000000        177187500.000000     
         143
   23.9750000000000        179812500.000000     
         453
   24.3250000000000        182437500.000000     
          63
   24.6750000000000        185062500.000000     
         153
   25.0250000000000        187687500.000000     
         294
   25.3750000000000        190312500.000000     
          28
   25.7250000000000        192937500.000000     
         356
   26.0750000000000        195562500.000000     
         427
   26.4250000000000        198187500.000000     
         478
   26.7750000000000        200812500.000000     
          94
   27.1250000000000        203437500.000000     
          37
   27.4750000000000        206062500.000000     
         402
   27.8250000000000        208687500.000000     
         198
   28.1750000000000        211312500.000000     
         277
   28.5250000000000        213937500.000000     
         103
   28.8750000000000        216562500.000000     
         114
   29.2250000000000        219187500.000000     
         529
   29.5750000000000        221812500.000000     
         505
   29.9250000000000        224437500.000000     
         449
   30.2750000000000        227062500.000000     
          34
   30.6250000000000        229687500.000000     
         278
   30.9750000000001        232312500.000000     
         243
   31.3250000000001        234937500.000000     
          13
   31.6750000000001        237562500.000000     
         190
   32.0250000000001        240187500.000000     
         353
   32.3750000000001        242812500.000000     
         319
   32.7250000000001        245437500.000000     
         391
   33.0750000000001        248062500.000000     
         229
   33.4250000000001        250687500.000000     
         109
   33.7750000000001        253312500.000000     
         539
   34.1250000000001        255937500.000000     
         116
   34.4750000000001        258562500.000000     
         519
   34.8250000000001        261187500.000001     
         163
   35.1750000000001        263812500.000001     
         276
   35.5250000000001        266437500.000001     
         193
   35.8750000000001        269062500.000001     
         320
   36.2250000000001        271687500.000001     
         516
   36.5750000000001        274312500.000001     
         327
   36.9250000000001        276937500.000001     
         443
   37.2750000000001        279562500.000001     
         215
   37.6250000000001        282187500.000001     
         491
   37.9750000000001        284812500.000001     
         147
   38.3250000000001        287437500.000001     
         142
   38.6750000000001        290062500.000001     
         200
   39.0250000000001        292687500.000001     
          21
   39.3750000000001        295312500.000001     
         401
   39.7250000000001        297937500.000001     
         328
   40.0750000000001        300562500.000001     
         518
   40.4250000000001        303187500.000001     
         234
   40.7750000000001        305812500.000001     
          93
   41.1250000000001        308437500.000001     
          14
   41.4750000000001        311062500.000001     
         325
   41.8250000000001        313687500.000001     
          44
   42.1750000000001        316312500.000001     
         310
   42.5250000000001        318937500.000001     
         444
   42.8750000000001        321562500.000001     
         385
   43.2250000000001        324187500.000001     
         504
   43.5750000000001        326812500.000001     
         413
   43.9250000000001        329437500.000001     
          27
   44.2750000000001        332062500.000001     
          45
   44.6250000000001        334687500.000001     
         383
   44.9750000000001        337312500.000001     
         417
   45.3250000000001        339937500.000001     
         433
   45.6750000000001        342562500.000001     
         454
   46.0250000000001        345187500.000001     
         516
   46.3750000000001        347812500.000001     
         524
   46.7250000000001        350437500.000001     
          45
   47.0750000000001        353062500.000001     
         348
   47.4250000000001        355687500.000001     
         483
   47.7750000000001        358312500.000001     
         230
   48.1250000000001        360937500.000001     
         453
   48.4750000000001        363562500.000001     
         241
   48.8250000000001        366187500.000001     
         178
   49.1750000000001        368812500.000001     
         111
   49.5250000000001        371437500.000001     
          40
   49.8750000000001        374062500.000001     
         478
   50.2250000000001        376687500.000001     
          26
   50.5750000000001        379312500.000001     
         118
   50.9250000000001        381937500.000001     
         464
   51.2750000000001        384562500.000001     
         132
   51.6250000000001        387187500.000001     
         252
   51.9750000000001        389812500.000001     
         362
   52.3250000000001        392437500.000001     
         307
   52.6750000000001        395062500.000001     
          80
   53.0250000000001        397687500.000001     
         144
   53.3750000000001        400312500.000001     
         200
   53.7250000000001        402937500.000001     
          83
   54.0750000000001        405562500.000001     
         102
   54.4250000000001        408187500.000001     
         102
   54.7750000000001        410812500.000001     
         187
   55.1250000000001        413437500.000001     
         127
   55.4750000000002        416062500.000001     
         222
   55.8250000000002        418687500.000001     
          76
   56.1750000000002        421312500.000001     
         338
   56.5250000000002        423937500.000001     
         254
   56.8750000000002        426562500.000001     
         444
   57.2250000000002        429187500.000001     
          87
   57.5750000000002        431812500.000001     
         154
   57.9250000000002        434437500.000001     
         494
   58.2750000000002        437062500.000001     
         250
   58.6250000000002        439687500.000001     
          99
   58.9750000000002        442312500.000001     
         428
   59.3250000000002        444937500.000001     
         341
   59.6750000000002        447562500.000001     
          65
   60.0250000000002        450187500.000001     
         222
   60.3750000000002        452812500.000001     
          22
   60.7250000000002        455437500.000001     
         386
   61.0750000000002        458062500.000001     
         274
   61.4250000000002        460687500.000001     
         139
   61.7750000000002        463312500.000001     
          87
   62.1250000000002        465937500.000001     
         109
   62.4750000000002        468562500.000001     
         261
   62.8250000000002        471187500.000001     
         524
   63.1750000000002        473812500.000001     
         524
   63.5250000000002        476437500.000001     
         305
   63.8750000000002        479062500.000001     
         337
   64.2250000000002        481687500.000001     
         193
   64.5750000000002        484312500.000001     
          42
   64.9250000000002        486937500.000001     
         242
   65.2750000000002        489562500.000001     
         442
   65.6250000000002        492187500.000001     
         166
   65.9750000000002        494812500.000001     
         198
   66.3250000000001        497437500.000001     
         477
   66.6750000000001        500062500.000001     
          26
   67.0250000000001        502687500.000001     
         100
   67.3750000000001        505312500.000001     
         468
   67.7250000000001        507937500.000001     
         128
   68.0750000000001        510562500.000001     
         108
   68.4250000000001        513187500.000001     
         120
   68.7750000000001        515812500.000001     
         145
   69.1250000000001        518437500.000001     
         212
   69.4750000000001        521062500.000001     
         397
   69.8250000000001        523687500.000001     
         416
   70.1750000000001        526312500.000001     
          86
   70.5250000000001        528937500.000001     
         187
   70.8750000000001        531562500.000001     
         423
   71.2250000000001        534187500.000000     
         473
   71.5750000000001        536812500.000000     
         136
   71.9250000000001        539437500.000000     
         158
   72.2750000000000        542062500.000000     
         363
   72.6250000000000        544687500.000000     
          10
   72.9750000000000        547312500.000000     
         235
   73.3250000000000        549937500.000000     
         280
   73.6750000000000        552562500.000000     
         296
   74.0250000000000        555187500.000000     
         299
   74.3750000000000        557812500.000000     
          78
   74.7250000000000        560437500.000000     
         486
   75.0750000000000        563062500.000000     
           4
   75.4250000000000        565687500.000000     
         449
   75.7750000000000        568312500.000000     
         500
   76.1250000000000        570937500.000000     
          17
   76.4750000000000        573562500.000000     
         424
   76.8250000000000        576187500.000000     
         473
   77.1750000000000        578812500.000000     
         165
   77.5250000000000        581437500.000000     
          51
   77.8750000000000        584062500.000000     
         466
   78.2250000000000        586687500.000000     
         511
   78.5749999999999        589312500.000000     
         396
   78.9249999999999        591937500.000000     
         460
   79.2749999999999        594562500.000000     
         455
   79.6249999999999        597187500.000000     
         477
   79.9749999999999        599812499.999999     
         276
   80.3249999999999        602437499.999999     
          27
   80.6749999999999        605062499.999999     
         432
   81.0249999999999        607687499.999999     
         484
   81.3749999999999        610312499.999999     
         154
   81.7249999999999        612937499.999999     
         306
   82.0749999999999        615562499.999999     
         344
   82.4249999999999        618187499.999999     
         476
   82.7749999999999        620812499.999999     
         473
   83.1249999999999        623437499.999999     
         327
   83.4749999999999        626062499.999999     
         161
   83.8249999999999        628687499.999999     
         394
   84.1749999999999        631312499.999999     
          83
   84.5249999999998        633937499.999999     
         260
   84.8749999999998        636562499.999999     
         372
   85.2249999999998        639187499.999999     
         484
   85.5749999999998        641812499.999999     
          81
   85.9249999999998        644437499.999999     
          13
   86.2749999999998        647062499.999999     
          95
   86.6249999999998        649687499.999999     
         471
   86.9749999999998        652312499.999999     
         244
   87.3249999999998        654937499.999999     
         368
   87.6749999999998        657562499.999998     
          70
   88.0249999999998        660187499.999998     
          24
   88.3749999999998        662812499.999998     
         353
   88.7249999999998        665437499.999998     
         451
   89.0749999999998        668062499.999998     
         518
   89.4249999999998        670687499.999998     
         461
   89.7749999999998        673312499.999998     
         100
   90.1249999999998        675937499.999998     
         375
   90.4749999999998        678562499.999998     
         226
   90.8249999999997        681187499.999998     
         200
   91.1749999999997        683812499.999998     
         369
   91.5249999999997        686437499.999998     
         202
   91.8749999999997        689062499.999998     
         497
   92.2249999999997        691687499.999998     
         267
   92.5749999999997        694312499.999998     
          79
   92.9249999999997        696937499.999998     
         256
   93.2749999999997        699562499.999998     
         246
   93.6249999999997        702187499.999998     
         103
   93.9749999999997        704812499.999998     
          66
   94.3249999999997        707437499.999998     
         299
   94.6749999999997        710062499.999998     
         513
   95.0249999999997        712687499.999998     
         144
   95.3749999999997        715312499.999997     
          46
   95.7249999999997        717937499.999997     
          85
   96.0749999999997        720562499.999997     
         536
   96.4249999999997        723187499.999997     
          68
   96.7749999999997        725812499.999997     
         508
   97.1249999999996        728437499.999997     
         479
   97.4749999999996        731062499.999997     
          44
   97.8249999999996        733687499.999997     
         361
   98.1749999999996        736312499.999997     
         462
   98.5249999999996        738937499.999997     
         175
   98.8749999999996        741562499.999997     
         305
   99.2249999999996        744187499.999997     
          96
   99.5749999999996        746812499.999997     
         497
   99.9249999999996        749437499.999997     
         424
   100.275000000000        752062499.999997     
         390
   100.625000000000        754687499.999997     
         418
   100.975000000000        757312499.999997     
         170
   101.325000000000        759937499.999997     
         102
   101.675000000000        762562499.999997     
         317
   102.025000000000        765187499.999997     
          32
   102.375000000000        767812499.999997     
         290
   102.725000000000        770437499.999997     
         466
   103.075000000000        773062499.999997     
         372
   103.425000000000        775687499.999997     
         497
   103.775000000000        778312499.999997     
         505
   104.125000000000        780937499.999996     
         378
   104.475000000000        783562499.999996     
         341
   104.825000000000        786187499.999996     
         125
   105.175000000000        788812499.999996     
         434
   105.525000000000        791437499.999996     
         396
   105.875000000000        794062499.999996     
         449
   106.224999999999        796687499.999996     
         488
   106.574999999999        799312499.999996     
         260
   106.924999999999        801937499.999996     
         272
   107.274999999999        804562499.999996     
         182
   107.624999999999        807187499.999996     
         538
   107.974999999999        809812499.999996     
         323
   108.324999999999        812437499.999996     
         393
   108.674999999999        815062499.999996     
         251
   109.024999999999        817687499.999996     
         341
   109.374999999999        820312499.999996     
         183
   109.724999999999        822937499.999996     
         136
   110.074999999999        825562499.999996     
         519
   110.424999999999        828187499.999996     
          13
   110.774999999999        830812499.999996     
         106
   111.124999999999        833437499.999996     
         440
   111.474999999999        836062499.999996     
          94
   111.824999999999        838687499.999996     
         505
   112.174999999999        841312499.999995     
         496
   112.524999999999        843937499.999995     
         447
   112.874999999999        846562499.999995     
         184
   113.224999999999        849187499.999995     
         328
   113.574999999999        851812499.999995     
         346
   113.924999999999        854437499.999995     
         308
   114.274999999999        857062499.999995     
         514
   114.624999999999        859687499.999995     
         114
   114.974999999999        862312499.999995     
         525
   115.324999999999        864937499.999995     
         393
   115.674999999999        867562499.999995     
         224
   116.024999999999        870187499.999995     
         476
   116.374999999999        872812499.999995     
         262
   116.724999999999        875437499.999995     
         439
   117.074999999999        878062499.999995     
         121
   117.424999999999        880687499.999995     
         254
   117.774999999999        883312499.999995     
         338
   118.124999999999        885937499.999995     
         253
   118.474999999999        888562499.999995     
         194
   118.824999999999        891187499.999995     
         375
   119.174999999999        893812499.999995     
         185
   119.524999999999        896437499.999995     
         395
   119.874999999999        899062499.999995     
         417
   120.224999999999        901687499.999995     
         423
   120.574999999999        904312499.999995     
         123
   120.924999999999        906937499.999994     
         124
   121.274999999999        909562499.999994     
         393
   121.624999999999        912187499.999994     
         202
   121.974999999999        914812499.999994     
          40
   122.324999999999        917437499.999994     
         122
   122.674999999999        920062499.999994     
         292
   123.024999999999        922687499.999994     
         281
   123.374999999999        925312499.999994     
         141
   123.724999999999        927937499.999994     
          11
   124.074999999999        930562499.999994     
         209
   124.424999999999        933187499.999994     
         253
   124.774999999999        935812499.999994     
         279
   125.124999999999        938437499.999994     
         323
   125.474999999999        941062499.999994     
         178
   125.824999999999        943687499.999994     
         123
   126.174999999999        946312499.999994     
          41
   126.524999999999        948937499.999994     
         470
   126.874999999999        951562499.999994     
         466
   127.224999999999        954187499.999994     
         532
   127.574999999999        956812499.999994     
           3
   127.924999999999        959437499.999994     
         262
   128.274999999999        962062499.999993     
         308
   128.624999999999        964687499.999993     
         330
   128.974999999999        967312499.999993     
          13
   129.324999999999        969937499.999993     
         239
   129.674999999999        972562499.999993     
         321
   130.024999999999        975187499.999993     
         185
   130.374999999999        977812499.999993     
         480
   130.724999999999        980437499.999993     
         279
   131.074999999999        983062499.999993     
         380
   131.424999999999        985687499.999993     
         405
   131.774999999999        988312499.999993     
          63
   132.124999999999        990937499.999993     
          57
   132.474999999999        993562499.999993     
         472
   132.824999999999        996187499.999993     
         112
   133.174999999999        998812499.999993     
         158
   133.524999999999        1001437499.99999     
          63
   133.874999999999        1004062499.99999     
         292
   134.224999999999        1006687499.99999     
         453
   134.574999999999        1009312499.99999     
         439
   134.924999999999        1011937499.99999     
          68
   135.274999999999        1014562499.99999     
           2
   135.624999999999        1017187499.99999     
         481
   135.974999999999        1019812499.99999     
         267
   136.324999999999        1022437499.99999     
          79
   136.674999999999        1025062499.99999     
          19
   137.024999999999        1027687499.99999     
          56
   137.374999999999        1030312499.99999     
         261
   137.724999999999        1032937499.99999     
         497
   138.074999999999        1035562499.99999     
         346
   138.424999999999        1038187499.99999     
         371
   138.774999999999        1040812499.99999     
         278
   139.124999999999        1043437499.99999     
         459
   139.474999999999        1046062499.99999     
           8
   139.824999999999        1048687499.99999     
          62
   140.174999999999        1051312499.99999     
         405
   140.524999999999        1053937499.99999     
         525
   140.874999999999        1056562499.99999     
         325
   141.224999999999        1059187499.99999     
         154
   141.574999999999        1061812499.99999     
         144
   141.924999999999        1064437499.99999     
         358
   142.274999999999        1067062499.99999     
         189
   142.624999999999        1069687499.99999     
         451
   142.974999999999        1072312499.99999     
           0
   143.324999999999        1074937499.99999     
         306
   143.674999999999        1077562499.99999     
         114
   144.024999999999        1080187499.99999     
         274
   144.374999999999        1082812499.99999     
          67
   144.724999999999        1085437499.99999     
         165
   145.074999999999        1088062499.99999     
         312
   145.424999999999        1090687499.99999     
          55
   145.774999999999        1093312499.99999     
         133
   146.124999999999        1095937499.99999     
          62
   146.474999999999        1098562499.99999     
         288
   146.824999999999        1101187499.99999     
         303
   147.174999999999        1103812499.99999     
         109
   147.524999999999        1106437499.99999     
         457
   147.874999999999        1109062499.99999     
         127
   148.224999999999        1111687499.99999     
         336
   148.574999999999        1114312499.99999     
          45
   148.924999999999        1116937499.99999     
         393
   149.274999999999        1119562499.99999     
         219
   149.624999999999        1122187499.99999     
         425
   149.974999999999        1124812499.99999     
         468
   150.324999999999        1127437499.99999     
         146
   150.674999999999        1130062499.99999     
         498
   151.024999999999        1132687499.99999     
         246
   151.374999999999        1135312499.99999     
          54
   151.724999999999        1137937499.99999     
         414
   152.074999999999        1140562499.99999     
         254
   152.424999999999        1143187499.99999     
         229
   152.774999999999        1145812499.99999     
         465
   153.124999999999        1148437499.99999     
         314
   153.474999999999        1151062499.99999     
         299
   153.824999999999        1153687499.99999     
         465
   154.174999999999        1156312499.99999     
         518
   154.524999999999        1158937499.99999     
         480
   154.874999999999        1161562499.99999     
         429
   155.224999999999        1164187499.99999     
           9
   155.574999999999        1166812499.99999     
          88
   155.924999999999        1169437499.99999     
         209
   156.274999999999        1172062499.99999     
         310
   156.624999999999        1174687499.99999     
          20
   156.974999999999        1177312499.99999     
         381
   157.324999999999        1179937499.99999     
         246
   157.674999999999        1182562499.99999     
          90
   158.024999999999        1185187499.99999     
         128
   158.374999999999        1187812499.99999     
         120
   158.724999999999        1190437499.99999     
         129
   159.074999999999        1193062499.99999     
         518
   159.424999999999        1195687499.99999     
         106
   159.774999999999        1198312499.99999     
         190
   160.124999999999        1200937499.99999     
          48
   160.474999999999        1203562499.99999     
         103
   160.824999999999        1206187499.99999     
         273
   161.174999999999        1208812499.99999     
         465
   161.524999999999        1211437499.99999     
         445
   161.874999999999        1214062499.99999     
         208
   162.224999999999        1216687499.99999     
         417
   162.574999999999        1219312499.99999     
         200
   162.924999999999        1221937499.99999     
          84
   163.274999999999        1224562499.99999     
         414
   163.624999999999        1227187499.99999     
         536
   163.974999999999        1229812499.99999     
         534
   164.324999999999        1232437499.99999     
          58
   164.674999999999        1235062499.99999     
         388
   165.024999999999        1237687499.99999     
         275
   165.374999999999        1240312499.99999     
         312
   165.724999999999        1242937499.99999     
         311
   166.074999999999        1245562499.99999     
         128
   166.424999999999        1248187499.99999     
         190
   166.774999999998        1250812499.99999     
         410
   167.124999999998        1253437499.99999     
         348
   167.474999999998        1256062499.99999     
         469
   167.824999999998        1258687499.99999     
         310
   168.174999999998        1261312499.99999     
         494
   168.524999999998        1263937499.99999     
         511
   168.874999999998        1266562499.99999     
         241
   169.224999999998        1269187499.99999     
         419
   169.574999999998        1271812499.99999     
          59
   169.924999999998        1274437499.99999     
         219
   170.274999999998        1277062499.99999     
          27
   170.624999999998        1279687499.99999     
         170
   170.974999999998        1282312499.99999     
         519
   171.324999999998        1284937499.99999     
         226
   171.674999999998        1287562499.99999     
         420
   172.024999999998        1290187499.99999     
          45
   172.374999999998        1292812499.99999     
         196
   172.724999999998        1295437499.99999     
         328
   173.074999999998        1298062499.99999     
         280
   173.424999999998        1300687499.99999     
         350
   173.774999999998        1303312499.99999     
          59
   174.124999999998        1305937499.99999     
         137
   174.474999999998        1308562499.99999     
         294
   174.824999999998        1311187499.99999     
         136
   175.174999999998        1313812499.99999     
          29
   175.524999999998        1316437499.99999     
         218
   175.874999999998        1319062499.99999     
         523
   176.224999999998        1321687499.99999     
          51
   176.574999999998        1324312499.99999     
         503
   176.924999999998        1326937499.99999     
         529
   177.274999999998        1329562499.99999     
         155
   177.624999999998        1332187499.99999     
           7
   177.974999999998        1334812499.99999     
           7
   178.324999999998        1337437499.99999     
         330
   178.674999999998        1340062499.99999     
         106
   179.024999999998        1342687499.99999     
          41
   179.374999999998        1345312499.99999     
         198
   179.724999999998        1347937499.99999     
         181
   180.074999999998        1350562499.99999     
         215
   180.424999999998        1353187499.99999     
          92
   180.774999999998        1355812499.99999     
         300
   181.124999999998        1358437499.99999     
         429
   181.474999999998        1361062499.99999     
         209
   181.824999999998        1363687499.99999     
         206
   182.174999999998        1366312499.99999     
         391
   182.524999999998        1368937499.99999     
         460
   182.874999999998        1371562499.99999     
         371
   183.224999999998        1374187499.99999     
         466
   183.574999999998        1376812499.99999     
          16
   183.924999999998        1379437499.99999     
         165
   184.274999999998        1382062499.99999     
         429
   184.624999999998        1384687499.99999     
          98
   184.974999999998        1387312499.99999     
         512
   185.324999999998        1389937499.99999     
         146
   185.674999999998        1392562499.99999     
         422
   186.024999999998        1395187499.99999     
         420
   186.374999999998        1397812499.99999     
         449
   186.724999999998        1400437499.99999     
         438
   187.074999999998        1403062499.99999     
          59
   187.424999999998        1405687499.99999     
         407
   187.774999999998        1408312499.99999     
         284
   188.124999999998        1410937499.99999     
          38
   188.474999999998        1413562499.99999     
         310
   188.824999999998        1416187499.99999     
         514
   189.174999999998        1418812499.99999     
         445
   189.524999999998        1421437499.99999     
         135
   189.874999999998        1424062499.99999     
         217
   190.224999999998        1426687499.99999     
         366
   190.574999999998        1429312499.99999     
         232
   190.924999999998        1431937499.99999     
         374
   191.274999999998        1434562499.99999     
         515
   191.624999999998        1437187499.99999     
         137
   191.974999999998        1439812499.99999     
          67
   192.324999999998        1442437499.99999     
         288
   192.674999999998        1445062499.99999     
          67
   193.024999999998        1447687499.99999     
          27
   193.374999999998        1450312499.99999     
          50
   193.724999999998        1452937499.99999     
         273
   194.074999999998        1455562499.99999     
          35
   194.424999999998        1458187499.99999     
         289
   194.774999999998        1460812499.99999     
         527
   195.124999999998        1463437499.99999     
         274
   195.474999999998        1466062499.99999     
         230
   195.824999999998        1468687499.99999     
         526
   196.174999999998        1471312499.99999     
         320
   196.524999999998        1473937499.99999     
         245
   196.874999999998        1476562499.99998     
          37
   197.224999999998        1479187499.99998     
          20
   197.574999999998        1481812499.99998     
          89
   197.924999999998        1484437499.99998     
         241
   198.274999999998        1487062499.99998     
         296
   198.624999999998        1489687499.99998     
         124
   198.974999999998        1492312499.99998     
         179
   199.324999999998        1494937499.99998     
         362
   199.674999999998        1497562499.99998     
          51
   200.024999999998        1500187499.99998     
         253
   200.374999999998        1502812499.99998     
          79
   200.724999999998        1505437499.99998     
         450
   201.074999999998        1508062499.99998     
          75
   201.424999999998        1510687499.99998     
         181
   201.774999999998        1513312499.99998     
         447
   202.124999999998        1515937499.99998     
         324
   202.474999999998        1518562499.99998     
         452
   202.824999999998        1521187499.99998     
         483
   203.174999999998        1523812499.99998     
         336
   203.524999999998        1526437499.99998     
         310
   203.874999999998        1529062499.99998     
         251
   204.224999999998        1531687499.99998     
         149
   204.574999999998        1534312499.99998     
          59
   204.924999999998        1536937499.99998     
         431
   205.274999999998        1539562499.99998     
         185
   205.624999999998        1542187499.99998     
         233
   205.974999999998        1544812499.99998     
         169
   206.324999999998        1547437499.99998     
         227
   206.674999999998        1550062499.99998     
         218
   207.024999999998        1552687499.99998     
         403
   207.374999999998        1555312499.99998     
         173
   207.724999999998        1557937499.99998     
         198
   208.074999999998        1560562499.99998     
          94
   208.424999999998        1563187499.99998     
         102
   208.774999999998        1565812499.99998     
         491
   209.124999999998        1568437499.99998     
         268
   209.474999999998        1571062499.99998     
         476
   209.824999999998        1573687499.99998     
         272
   210.174999999998        1576312499.99998     
         287
   210.524999999998        1578937499.99998     
         307
   210.874999999998        1581562499.99998     
         355
   211.224999999998        1584187499.99998     
         209
   211.574999999998        1586812499.99998     
         121
   211.924999999998        1589437499.99998     
         371
   212.274999999998        1592062499.99998     
         277
   212.624999999998        1594687499.99998     
         267
   212.974999999998        1597312499.99998     
         325
   213.324999999998        1599937499.99998     
         233
   213.674999999998        1602562499.99998     
         436
   214.024999999998        1605187499.99998     
         340
   214.374999999998        1607812499.99998     
         395
   214.724999999998        1610437499.99998     
          58
   215.074999999998        1613062499.99998     
         501
   215.424999999998        1615687499.99998     
         199
   215.774999999998        1618312499.99998     
         162
   216.124999999998        1620937499.99998     
         417
   216.474999999998        1623562499.99998     
          87
   216.824999999998        1626187499.99998     
         439
   217.174999999998        1628812499.99998     
          96
   217.524999999998        1631437499.99998     
         413
   217.874999999998        1634062499.99998     
         175
   218.224999999998        1636687499.99998     
         261
   218.574999999998        1639312499.99998     
         463
   218.924999999998        1641937499.99998     
         123
   219.274999999998        1644562499.99998     
         319
   219.624999999998        1647187499.99998     
          44
   219.974999999998        1649812499.99998     
         332
   220.324999999998        1652437499.99998     
         108
   220.674999999998        1655062499.99998     
         295
   221.024999999998        1657687499.99998     
         358
   221.374999999998        1660312499.99998     
         176
   221.724999999998        1662937499.99998     
          66
   222.074999999998        1665562499.99998     
          48
   222.424999999998        1668187499.99998     
         262
   222.774999999998        1670812499.99998     
         102
   223.124999999998        1673437499.99998     
          97
   223.474999999998        1676062499.99998     
          60
   223.824999999998        1678687499.99998     
         106
   224.174999999998        1681312499.99998     
         155
   224.524999999998        1683937499.99998     
           4
   224.874999999998        1686562499.99998     
         395
   225.224999999998        1689187499.99998     
         443
   225.574999999998        1691812499.99998     
         146
   225.924999999998        1694437499.99998     
         503
   226.274999999998        1697062499.99998     
         464
   226.624999999998        1699687499.99998     
         303
   226.974999999998        1702312499.99998     
         340
   227.324999999998        1704937499.99998     
         329
   227.674999999998        1707562499.99998     
         386
   228.024999999998        1710187499.99998     
         141
   228.374999999997        1712812499.99998     
         215
   228.724999999997        1715437499.99998     
         374
   229.074999999997        1718062499.99998     
         510
   229.424999999997        1720687499.99998     
          36
   229.774999999997        1723312499.99998     
          85
   230.124999999997        1725937499.99998     
         135
   230.474999999997        1728562499.99998     
         474
   230.824999999997        1731187499.99998     
         315
   231.174999999997        1733812499.99998     
          32
   231.524999999997        1736437499.99998     
         393
   231.874999999997        1739062499.99998     
         280
   232.224999999997        1741687499.99998     
         295
   232.574999999997        1744312499.99998     
         405
   232.924999999997        1746937499.99998     
         531
   233.274999999997        1749562499.99998     
         354
   233.624999999997        1752187499.99998     
         216
   233.974999999997        1754812499.99998     
          18
   234.324999999997        1757437499.99998     
         195
   234.674999999997        1760062499.99998     
         347
   235.024999999997        1762687499.99998     
         416
   235.374999999997        1765312499.99998     
         332
   235.724999999997        1767937499.99998     
          64
   236.074999999997        1770562499.99998     
         297
   236.424999999997        1773187499.99998     
         255
   236.774999999997        1775812499.99998     
         511
   237.124999999997        1778437499.99998     
         223
   237.474999999997        1781062499.99998     
         255
   237.824999999997        1783687499.99998     
         350
   238.174999999997        1786312499.99998     
         161
   238.524999999997        1788937499.99998     
         285
   238.874999999997        1791562499.99998     
         143
   239.224999999997        1794187499.99998     
         218
   239.574999999997        1796812499.99998     
         371
   239.924999999997        1799437499.99998     
         428
   240.274999999997        1802062499.99998     
         450
   240.624999999997        1804687499.99998     
         288
   240.974999999997        1807312499.99998     
         157
   241.324999999997        1809937499.99998     
           0
   241.674999999997        1812562499.99998     
         117
   242.024999999997        1815187499.99998     
         272
   242.374999999997        1817812499.99998     
         202
   242.724999999997        1820437499.99998     
         129
   243.074999999997        1823062499.99998     
         355
   243.424999999997        1825687499.99998     
         434
   243.774999999997        1828312499.99998     
          12
   244.124999999997        1830937499.99998     
         407
   244.474999999997        1833562499.99998     
         411
   244.824999999997        1836187499.99998     
         143
   245.174999999997        1838812499.99998     
         330
   245.524999999997        1841437499.99998     
         453
   245.874999999997        1844062499.99998     
         491
   246.224999999997        1846687499.99998     
         111
   246.574999999997        1849312499.99998     
         398
   246.924999999997        1851937499.99998     
         270
   247.274999999997        1854562499.99998     
         499
   247.624999999997        1857187499.99998     
          57
   247.974999999997        1859812499.99998     
          89
   248.324999999997        1862437499.99998     
         534
   248.674999999997        1865062499.99998     
         179
   249.024999999997        1867687499.99998     
         211
   249.374999999997        1870312499.99998     
         390
   249.724999999997        1872937499.99998     
         252
   250.074999999997        1875562499.99998     
         118
   250.424999999997        1878187499.99998     
         168
   250.774999999997        1880812499.99998     
         417
   251.124999999997        1883437499.99998     
         147
   251.474999999997        1886062499.99998     
         147
   251.824999999997        1888687499.99998     
          88
   252.174999999997        1891312499.99998     
          83
   252.524999999997        1893937499.99998     
         499
   252.874999999997        1896562499.99998     
         119
   253.224999999997        1899187499.99998     
         267
   253.574999999997        1901812499.99998     
          51
   253.924999999997        1904437499.99998     
         292
   254.274999999997        1907062499.99998     
         527
   254.624999999997        1909687499.99998     
          65
   254.974999999997        1912312499.99998     
         360
   255.324999999997        1914937499.99998     
         310
   255.674999999997        1917562499.99998     
         346
   256.024999999997        1920187499.99998     
         260
   256.374999999997        1922812499.99998     
         502
   256.724999999997        1925437499.99998     
         321
   257.074999999997        1928062499.99998     
         296
   257.424999999997        1930687499.99998     
         313
   257.774999999997        1933312499.99998     
         303
   258.124999999997        1935937499.99998     
         530
   258.474999999997        1938562499.99998     
         467
   258.824999999997        1941187499.99998     
          28
   259.174999999997        1943812499.99998     
          55
   259.524999999997        1946437499.99998     
          62
   259.874999999997        1949062499.99998     
         461
   260.224999999997        1951687499.99998     
         303
   260.574999999997        1954312499.99998     
         384
   260.924999999997        1956937499.99998     
          22
   261.274999999997        1959562499.99998     
         405
   261.624999999997        1962187499.99998     
          22
   261.974999999997        1964812499.99998     
         304
   262.324999999997        1967437499.99998     
         338
   262.674999999998        1970062499.99998     
          49
   263.024999999998        1972687499.99998     
         442
   263.374999999998        1975312499.99998     
         256
   263.724999999998        1977937499.99998     
         176
   264.074999999998        1980562499.99998     
         342
   264.424999999998        1983187499.99998     
         220
   264.774999999998        1985812499.99998     
          92
   265.124999999998        1988437499.99998     
         476
   265.474999999998        1991062499.99998     
         365
   265.824999999998        1993687499.99998     
         293
   266.174999999998        1996312499.99998     
          83
   266.524999999998        1998937499.99998     
         334
   266.874999999998        2001562499.99998     
         188
   267.224999999998        2004187499.99998     
         100
   267.574999999998        2006812499.99998     
         331
   267.924999999998        2009437499.99998     
         318
   268.274999999998        2012062499.99998     
         290
   268.624999999998        2014687499.99998     
         481
   268.974999999998        2017312499.99998     
         224
   269.324999999998        2019937499.99998     
         351
   269.674999999998        2022562499.99998     
         191
   270.024999999998        2025187499.99998     
         431
   270.374999999998        2027812499.99998     
         422
   270.724999999998        2030437499.99999     
         447
   271.074999999998        2033062499.99999     
           4
   271.424999999998        2035687499.99999     
         287
   271.774999999998        2038312499.99999     
         260
   272.124999999998        2040937499.99999     
         215
   272.474999999998        2043562499.99999     
         340
   272.824999999998        2046187499.99999     
         507
   273.174999999998        2048812499.99999     
          29
   273.524999999998        2051437499.99999     
          67
   273.874999999998        2054062499.99999     
         410
   274.224999999998        2056687499.99999     
         519
   274.574999999998        2059312499.99999     
          50
   274.924999999998        2061937499.99999     
         107
   275.274999999998        2064562499.99999     
         143
   275.624999999998        2067187499.99999     
         421
   275.974999999998        2069812499.99999     
         265
   276.324999999998        2072437499.99999     
         297
   276.674999999998        2075062499.99999     
         249
   277.024999999998        2077687499.99999     
         477
   277.374999999998        2080312499.99999     
         319
   277.724999999998        2082937499.99999     
         391
   278.074999999999        2085562499.99999     
         532
   278.424999999999        2088187499.99999     
          30
   278.774999999999        2090812499.99999     
          44
   279.124999999999        2093437499.99999     
          24
   279.474999999999        2096062499.99999     
          73
   279.824999999999        2098687499.99999     
         504
   280.174999999999        2101312499.99999     
         470
   280.524999999999        2103937499.99999     
         528
   280.874999999999        2106562499.99999     
         294
   281.224999999999        2109187499.99999     
          12
   281.574999999999        2111812499.99999     
         332
   281.924999999999        2114437499.99999     
          48
   282.274999999999        2117062499.99999     
           7
   282.624999999999        2119687499.99999     
         293
   282.974999999999        2122312499.99999     
         398
   283.324999999999        2124937499.99999     
         385
   283.674999999999        2127562499.99999     
         282
   284.024999999999        2130187499.99999     
         212
   284.374999999999        2132812499.99999     
         160
   284.724999999999        2135437499.99999     
         380
   285.074999999999        2138062499.99999     
         393
   285.424999999999        2140687499.99999     
           0
   285.774999999999        2143312499.99999     
         117
   286.124999999999        2145937499.99999     
         231
   286.474999999999        2148562499.99999     
           9
   286.824999999999        2151187499.99999     
          83
   287.174999999999        2153812499.99999     
         106
   287.524999999999        2156437499.99999     
          52
   287.874999999999        2159062499.99999     
         117
   288.224999999999        2161687499.99999     
         206
   288.574999999999        2164312499.99999     
         228
   288.924999999999        2166937499.99999     
         260
   289.274999999999        2169562499.99999     
         411
   289.624999999999        2172187499.99999     
         138
   289.974999999999        2174812499.99999     
         299
   290.324999999999        2177437499.99999     
         300
   290.674999999999        2180062499.99999     
         278
   291.024999999999        2182687500.00000     
         441
   291.374999999999        2185312500.00000     
         126
   291.724999999999        2187937500.00000     
          11
   292.074999999999        2190562500.00000     
         411
   292.424999999999        2193187500.00000     
         107
   292.774999999999        2195812500.00000     
         246
   293.124999999999        2198437500.00000     
         185
   293.475000000000        2201062500.00000     
         244
   293.825000000000        2203687500.00000     
         447
   294.175000000000        2206312500.00000     
         379
   294.525000000000        2208937500.00000     
         106
   294.875000000000        2211562500.00000     
         324
   295.225000000000        2214187500.00000     
         505
   295.575000000000        2216812500.00000     
         204
   295.925000000000        2219437500.00000     
         442
   296.275000000000        2222062500.00000     
         325
   296.625000000000        2224687500.00000     
         387
   296.975000000000        2227312500.00000     
         489
   297.325000000000        2229937500.00000     
          26
   297.675000000000        2232562500.00000     
         317
   298.025000000000        2235187500.00000     
          86
   298.375000000000        2237812500.00000     
         346
   298.725000000000        2240437500.00000     
          35
   299.075000000000        2243062500.00000     
         452
   299.425000000000        2245687500.00000     
         477
   299.775000000000        2248312500.00000     
         493
   300.125000000000        2250937500.00000     
          93
   300.475000000000        2253562500.00000     
          37
   300.825000000000        2256187500.00000     
         216
   301.175000000000        2258812500.00000     
         350
   301.525000000000        2261437500.00000     
          88
   301.875000000000        2264062500.00000     
           1
   302.225000000000        2266687500.00000     
         524
   302.575000000000        2269312500.00000     
         407
   302.925000000000        2271937500.00000     
         494
   303.275000000000        2274562500.00000     
          98
   303.625000000000        2277187500.00000     
         348
   303.975000000000        2279812500.00000     
         443
   304.325000000000        2282437500.00000     
         375
   304.675000000000        2285062500.00000     
         480
   305.025000000000        2287687500.00000     
         500
   305.375000000000        2290312500.00000     
         332
   305.725000000000        2292937500.00000     
         342
   306.075000000000        2295562500.00000     
          12
   306.425000000000        2298187500.00000     
         333
   306.775000000000        2300812500.00000     
           8
   307.125000000000        2303437500.00000     
          42
   307.475000000000        2306062500.00000     
         173
   307.825000000000        2308687500.00000     
         310
   308.175000000000        2311312500.00000     
         366
   308.525000000000        2313937500.00000     
         160
   308.875000000001        2316562500.00000     
         526
   309.225000000001        2319187500.00000     
         175
   309.575000000001        2321812500.00000     
         237
   309.925000000001        2324437500.00000     
         155
   310.275000000001        2327062500.00000     
         292
   310.625000000001        2329687500.00000     
         488
   310.975000000001        2332312500.00000     
         368
   311.325000000001        2334937500.00001     
          85
   311.675000000001        2337562500.00001     
         212
   312.025000000001        2340187500.00001     
         340
   312.375000000001        2342812500.00001     
           4
   312.725000000001        2345437500.00001     
         413
   313.075000000001        2348062500.00001     
         242
   313.425000000001        2350687500.00001     
         299
   313.775000000001        2353312500.00001     
         159
   314.125000000001        2355937500.00001     
         523
   314.475000000001        2358562500.00001     
         350
   314.825000000001        2361187500.00001     
          68
   315.175000000001        2363812500.00001     
         313
   315.525000000001        2366437500.00001     
         196
   315.875000000001        2369062500.00001     
         348
   316.225000000001        2371687500.00001     
         354
   316.575000000001        2374312500.00001     
         425
   316.925000000001        2376937500.00001     
         282
   317.275000000001        2379562500.00001     
         212
   317.625000000001        2382187500.00001     
         420
   317.975000000001        2384812500.00001     
         509
   318.325000000001        2387437500.00001     
         292
   318.675000000001        2390062500.00001     
         126
   319.025000000001        2392687500.00001     
         534
   319.375000000001        2395312500.00001     
         458
   319.725000000001        2397937500.00001     
         205
   320.075000000001        2400562500.00001     
         338
   320.425000000001        2403187500.00001     
         416
   320.775000000001        2405812500.00001     
         431
   321.125000000001        2408437500.00001     
         500
   321.475000000001        2411062500.00001     
         371
   321.825000000001        2413687500.00001     
          83
   322.175000000001        2416312500.00001     
         127
   322.525000000001        2418937500.00001     
         200
   322.875000000001        2421562500.00001     
         269
   323.225000000001        2424187500.00001     
         483
   323.575000000001        2426812500.00001     
         498
   323.925000000001        2429437500.00001     
         147
   324.275000000002        2432062500.00001     
         457
   324.625000000002        2434687500.00001     
         177
   324.975000000002        2437312500.00001     
         440
   325.325000000002        2439937500.00001     
         470
   325.675000000002        2442562500.00001     
         388
   326.025000000002        2445187500.00001     
         112
   326.375000000002        2447812500.00001     
          32
   326.725000000002        2450437500.00001     
          75
   327.075000000002        2453062500.00001     
          21
   327.425000000002        2455687500.00001     
         182
   327.775000000002        2458312500.00001     
           2
   328.125000000002        2460937500.00001     
          75
   328.475000000002        2463562500.00001     
         515
   328.825000000002        2466187500.00001     
         239
   329.175000000002        2468812500.00001     
         498
   329.525000000002        2471437500.00001     
         352
   329.875000000002        2474062500.00001     
         269
   330.225000000002        2476687500.00001     
         317
   330.575000000002        2479312500.00001     
         342
   330.925000000002        2481937500.00001     
           1
   331.275000000002        2484562500.00001     
         319
   331.625000000002        2487187500.00001     
          14
   331.975000000002        2489812500.00002     
         413
   332.325000000002        2492437500.00002     
         294
   332.675000000002        2495062500.00002     
         369
   333.025000000002        2497687500.00002     
          72
   333.375000000002        2500312500.00002     
          39
   333.725000000002        2502937500.00002     
         406
   334.075000000002        2505562500.00002     
         531
   334.425000000002        2508187500.00002     
         422
   334.775000000002        2510812500.00002     
         324
   335.125000000002        2513437500.00002     
          76
   335.475000000002        2516062500.00002     
          19
   335.825000000002        2518687500.00002     
          76
   336.175000000002        2521312500.00002     
         329
   336.525000000002        2523937500.00002     
         307
   336.875000000002        2526562500.00002     
         376
   337.225000000002        2529187500.00002     
         343
   337.575000000002        2531812500.00002     
          42
   337.925000000002        2534437500.00002     
         361
   338.275000000002        2537062500.00002     
          25
   338.625000000002        2539687500.00002     
         508
   338.975000000002        2542312500.00002     
         342
   339.325000000002        2544937500.00002     
         442
   339.675000000003        2547562500.00002     
         492
   340.025000000003        2550187500.00002     
         364
   340.375000000003        2552812500.00002     
         467
   340.725000000003        2555437500.00002     
         534
   341.075000000003        2558062500.00002     
         485
   341.425000000003        2560687500.00002     
         411
   341.775000000003        2563312500.00002     
         503
   342.125000000003        2565937500.00002     
         424
   342.475000000003        2568562500.00002     
         406
   342.825000000003        2571187500.00002     
         198
   343.175000000003        2573812500.00002     
         455
   343.525000000003        2576437500.00002     
         334
   343.875000000003        2579062500.00002     
         141
   344.225000000003        2581687500.00002     
         297
   344.575000000003        2584312500.00002     
         289
   344.925000000003        2586937500.00002     
         287
   345.275000000003        2589562500.00002     
         473
   345.625000000003        2592187500.00002     
         143
   345.975000000003        2594812500.00002     
         201
   346.325000000003        2597437500.00002     
         489
   346.675000000003        2600062500.00002     
         446
   347.025000000003        2602687500.00002     
         199
   347.375000000003        2605312500.00002     
         500
   347.725000000003        2607937500.00002     
         290
   348.075000000003        2610562500.00002     
         530
   348.425000000003        2613187500.00002     
         127
   348.775000000003        2615812500.00002     
          53
   349.125000000003        2618437500.00002     
         310
   349.475000000003        2621062500.00002     
         484
   349.825000000003        2623687500.00002     
          12
   350.175000000003        2626312500.00002     
         224
   350.525000000003        2628937500.00002     
         540
   350.875000000003        2631562500.00002     
         483
   351.225000000003        2634187500.00002     
         198
   351.575000000003        2636812500.00002     
          46
   351.925000000003        2639437500.00002     
          45
   352.275000000003        2642062500.00002     
         430
   352.625000000003        2644687500.00003     
         451
   352.975000000003        2647312500.00003     
          43
   353.325000000003        2649937500.00003     
         455
   353.675000000003        2652562500.00003     
         424
   354.025000000003        2655187500.00003     
          81
   354.375000000003        2657812500.00003     
         480
   354.725000000003        2660437500.00003     
          25
   355.075000000004        2663062500.00003     
         521
   355.425000000004        2665687500.00003     
         276
   355.775000000004        2668312500.00003     
         123
   356.125000000004        2670937500.00003     
         240
   356.475000000004        2673562500.00003     
         330
   356.825000000004        2676187500.00003     
         512
   357.175000000004        2678812500.00003     
         388
   357.525000000004        2681437500.00003     
         327
   357.875000000004        2684062500.00003     
         323
   358.225000000004        2686687500.00003     
         376
   358.575000000004        2689312500.00003     
          88
   358.925000000004        2691937500.00003     
         158
   359.275000000004        2694562500.00003     
         385
   359.625000000004        2697187500.00003     
         468
   359.975000000004        2699812500.00003     
         164
   360.325000000004        2702437500.00003     
         286
   360.675000000004        2705062500.00003     
         443
   361.025000000004        2707687500.00003     
         219
   361.375000000004        2710312500.00003     
         338
   361.725000000004        2712937500.00003     
         355
   362.075000000004        2715562500.00003     
          94
   362.425000000004        2718187500.00003     
          40
   362.775000000004        2720812500.00003     
         248
   363.125000000004        2723437500.00003     
         372
   363.475000000004        2726062500.00003     
         302
   363.825000000004        2728687500.00003     
         198
   364.175000000004        2731312500.00003     
         382
   364.525000000004        2733937500.00003     
         524
   364.875000000004        2736562500.00003     
          79
   365.225000000004        2739187500.00003     
         433
   365.575000000004        2741812500.00003     
         523
   365.925000000004        2744437500.00003     
         177
   366.275000000004        2747062500.00003     
         188
   366.625000000004        2749687500.00003     
         245
   366.975000000004        2752312500.00003     
         240
   367.325000000004        2754937500.00003     
          21
   367.675000000004        2757562500.00003     
         171
   368.025000000004        2760187500.00003     
         222
   368.375000000004        2762812500.00003     
         322
   368.725000000004        2765437500.00003     
          13
   369.075000000004        2768062500.00003     
          22
   369.425000000004        2770687500.00003     
         447
   369.775000000004        2773312500.00003     
         273
   370.125000000004        2775937500.00003     
          58
   370.475000000005        2778562500.00003     
         177
   370.825000000005        2781187500.00003     
          67
   371.175000000005        2783812500.00003     
           5
   371.525000000005        2786437500.00003     
         261
   371.875000000005        2789062500.00003     
         402
   372.225000000005        2791687500.00003     
         361
   372.575000000005        2794312500.00003     
         425
   372.925000000005        2796937500.00003     
         450
   373.275000000005        2799562500.00004     
         496
   373.625000000005        2802187500.00004     
         327
   373.975000000005        2804812500.00004     
         401
   374.325000000005        2807437500.00004     
         538
   374.675000000005        2810062500.00004     
         215
   375.025000000005        2812687500.00004     
          95
   375.375000000005        2815312500.00004     
         141
   375.725000000005        2817937500.00004     
         495
   376.075000000005        2820562500.00004     
           2
   376.425000000005        2823187500.00004     
         113
   376.775000000005        2825812500.00004     
         181
   377.125000000005        2828437500.00004     
          98
   377.475000000005        2831062500.00004     
          12
   377.825000000005        2833687500.00004     
           0
   378.175000000005        2836312500.00004     
         357
   378.525000000005        2838937500.00004     
         228
   378.875000000005        2841562500.00004     
         537
   379.225000000005        2844187500.00004     
         273
   379.575000000005        2846812500.00004     
         144
   379.925000000005        2849437500.00004     
         444
   380.275000000005        2852062500.00004     
         145
   380.625000000005        2854687500.00004     
         419
   380.975000000005        2857312500.00004     
         242
   381.325000000005        2859937500.00004     
          10
   381.675000000005        2862562500.00004     
         131
   382.025000000005        2865187500.00004     
         342
   382.375000000005        2867812500.00004     
         247
   382.725000000005        2870437500.00004     
         224
   383.075000000005        2873062500.00004     
         191
   383.425000000005        2875687500.00004     
         359
   383.775000000005        2878312500.00004     
         462
   384.125000000005        2880937500.00004     
          91
   384.475000000005        2883562500.00004     
         186
   384.825000000005        2886187500.00004     
         119
   385.175000000005        2888812500.00004     
          38
   385.525000000005        2891437500.00004     
         257
   385.875000000006        2894062500.00004     
         136
   386.225000000006        2896687500.00004     
         456
   386.575000000006        2899312500.00004     
         303
   386.925000000006        2901937500.00004     
         230
   387.275000000006        2904562500.00004     
         345
   387.625000000006        2907187500.00004     
         206
   387.975000000006        2909812500.00004     
         247
   388.325000000006        2912437500.00004     
         299
   388.675000000006        2915062500.00004     
         135
   389.025000000006        2917687500.00004     
         531
   389.375000000006        2920312500.00004     
         426
   389.725000000006        2922937500.00004     
         445
   390.075000000006        2925562500.00004     
         427
   390.425000000006        2928187500.00004     
         247
   390.775000000006        2930812500.00004     
         194
   391.125000000006        2933437500.00004     
         408
   391.475000000006        2936062500.00004     
         128
   391.825000000006        2938687500.00004     
         295
   392.175000000006        2941312500.00004     
         178
   392.525000000006        2943937500.00004     
         184
   392.875000000006        2946562500.00004     
         280
   393.225000000006        2949187500.00004     
         450
   393.575000000006        2951812500.00005     
         363
   393.925000000006        2954437500.00005     
          48
   394.275000000006        2957062500.00005     
         316
   394.625000000006        2959687500.00005     
         218
   394.975000000006        2962312500.00005     
         200
   395.325000000006        2964937500.00005     
         233
   395.675000000006        2967562500.00005     
         168
   396.025000000006        2970187500.00005     
         228
   396.375000000006        2972812500.00005     
          99
   396.725000000006        2975437500.00005     
          38
   397.075000000006        2978062500.00005     
         473
   397.425000000006        2980687500.00005     
         305
   397.775000000006        2983312500.00005     
         128
   398.125000000006        2985937500.00005     
         441
   398.475000000006        2988562500.00005     
         261
   398.825000000006        2991187500.00005     
         214
   399.175000000006        2993812500.00005     
         289
   399.525000000006        2996437500.00005     
          21
   399.875000000006        2999062500.00005     
         272
   400.225000000006        3001687500.00005     
          21
   400.575000000006        3004312500.00005     
         267
   400.925000000006        3006937500.00005     
         325
   401.275000000007        3009562500.00005     
          89
   401.625000000007        3012187500.00005     
         464
   401.975000000007        3014812500.00005     
         293
   402.325000000007        3017437500.00005     
         170
   402.675000000007        3020062500.00005     
         534
   403.025000000007        3022687500.00005     
          74
   403.375000000007        3025312500.00005     
         310
   403.725000000007        3027937500.00005     
          21
   404.075000000007        3030562500.00005     
         536
   404.425000000007        3033187500.00005     
         200
   404.775000000007        3035812500.00005     
         363
   405.125000000007        3038437500.00005     
         239
   405.475000000007        3041062500.00005     
         125
   405.825000000007        3043687500.00005     
         409
   406.175000000007        3046312500.00005     
         369
   406.525000000007        3048937500.00005     
          75
   406.875000000007        3051562500.00005     
         239
   407.225000000007        3054187500.00005     
         224
   407.575000000007        3056812500.00005     
         307
   407.925000000007        3059437500.00005     
         351
   408.275000000007        3062062500.00005     
           2
   408.625000000007        3064687500.00005     
         167
   408.975000000007        3067312500.00005     
         331
   409.325000000007        3069937500.00005     
           2
   409.675000000007        3072562500.00005     
         334
   410.025000000007        3075187500.00005     
         412
   410.375000000007        3077812500.00005     
         343
   410.725000000007        3080437500.00005     
         482
   411.075000000007        3083062500.00005     
         516
   411.425000000007        3085687500.00005     
         171
   411.775000000007        3088312500.00005     
         286
   412.125000000007        3090937500.00005     
         173
   412.475000000007        3093562500.00005     
         234
   412.825000000007        3096187500.00005     
         357
   413.175000000007        3098812500.00005     
         468
   413.525000000007        3101437500.00005     
         133
   413.875000000007        3104062500.00005     
         458
   414.225000000007        3106687500.00006     
         493
   414.575000000007        3109312500.00006     
         532
   414.925000000007        3111937500.00006     
         224
   415.275000000007        3114562500.00006     
         516
   415.625000000007        3117187500.00006     
         132
   415.975000000007        3119812500.00006     
         524
   416.325000000007        3122437500.00006     
         158
   416.675000000008        3125062500.00006     
         525
   417.025000000008        3127687500.00006     
         301
   417.375000000008        3130312500.00006     
          16
   417.725000000008        3132937500.00006     
         301
   418.075000000008        3135562500.00006     
         310
   418.425000000008        3138187500.00006     
         258
   418.775000000008        3140812500.00006     
         213
   419.125000000008        3143437500.00006     
         386
   419.475000000008        3146062500.00006     
          32
   419.825000000008        3148687500.00006     
