         179
  0.175000000000000        1312500.00000000     
         326
  0.525000000000000        3937500.00000000     
         210
  0.875000000000000        6562500.00000000     
         169
   1.22500000000000        9187500.00000000     
         197
   1.57500000000000        11812500.0000000     
         152
   1.92500000000000        14437500.0000000     
         170
   2.27500000000000        17062500.0000000     
         323
   2.62500000000000        19687500.0000000     
         234
   2.97500000000000        22312500.0000000     
         191
   3.32500000000000        24937500.0000000     
         244
   3.67500000000000        27562500.0000000     
          79
   4.02500000000000        30187500.0000000     
         223
   4.37500000000000        32812500.0000000     
         337
   4.72500000000000        35437500.0000000     
         195
   5.07500000000000        38062500.0000000     
         440
   5.42500000000000        40687500.0000000     
         107
   5.77500000000000        43312500.0000000     
         209
   6.12500000000000        45937500.0000000     
         160
   6.47500000000000        48562500.0000000     
         268
   6.82500000000000        51187500.0000000     
         221
   7.17500000000000        53812500.0000000     
         243
   7.52500000000000        56437500.0000000     
         482
   7.87500000000000        59062500.0000000     
         504
   8.22500000000000        61687500.0000000     
         360
   8.57500000000000        64312500.0000000     
         378
   8.92500000000000        66937500.0000000     
         463
   9.27500000000000        69562500.0000000     
           2
   9.62499999999999        72187500.0000000     
          84
   9.97499999999999        74812500.0000000     
         446
   10.3250000000000        77437500.0000000     
         366
   10.6750000000000        80062500.0000000     
         433
   11.0250000000000        82687500.0000000     
         462
   11.3750000000000        85312499.9999999     
         463
   11.7250000000000        87937499.9999999     
         182
   12.0750000000000        90562499.9999999     
          17
   12.4250000000000        93187499.9999999     
         122
   12.7750000000000        95812499.9999999     
           3
   13.1250000000000        98437499.9999999     
         520
   13.4750000000000        101062500.000000     
         105
   13.8250000000000        103687500.000000     
         164
   14.1750000000000        106312500.000000     
           7
   14.5250000000000        108937500.000000     
          26
   14.8750000000000        111562500.000000     
          39
   15.2250000000000        114187500.000000     
          30
   15.5750000000000        116812500.000000     
         497
   15.9250000000000        119437500.000000     
         424
   16.2750000000000        122062500.000000     
         533
   16.6250000000000        124687500.000000     
         297
   16.9750000000000        127312500.000000     
          67
   17.3250000000000        129937500.000000     
         511
   17.6750000000000        132562500.000000     
         275
   18.0250000000000        135187500.000000     
          31
   18.3750000000000        137812500.000000     
         170
   18.7250000000000        140437500.000000     
         307
   19.0750000000000        143062500.000000     
         467
   19.4250000000000        145687500.000000     
         294
   19.7750000000000        148312500.000000     
         434
   20.1250000000000        150937500.000000     
         120
   20.4750000000000        153562500.000000     
         246
   20.8250000000000        156187500.000000     
         310
   21.1750000000000        158812500.000000     
          88
   21.5250000000000        161437500.000000     
         340
   21.8750000000000        164062500.000000     
         401
   22.2250000000000        166687500.000000     
         220
   22.5750000000000        169312500.000000     
         479
   22.9250000000000        171937500.000000     
         258
   23.2750000000000        174562500.000000     
          46
   23.6250000000000        177187500.000000     
         222
   23.9750000000000        179812500.000000     
         120
   24.3250000000000        182437500.000000     
         194
   24.6750000000000        185062500.000000     
         332
   25.0250000000000        187687500.000000     
           9
   25.3750000000000        190312500.000000     
         304
   25.7250000000000        192937500.000000     
          72
   26.0750000000000        195562500.000000     
          53
   26.4250000000000        198187500.000000     
         271
   26.7750000000000        200812500.000000     
         216
   27.1250000000000        203437500.000000     
         186
   27.4750000000000        206062500.000000     
         404
   27.8250000000000        208687500.000000     
         441
   28.1750000000000        211312500.000000     
         276
   28.5250000000000        213937500.000000     
          29
   28.8750000000000        216562500.000000     
         155
   29.2250000000000        219187500.000000     
          83
   29.5750000000000        221812500.000000     
         357
   29.9250000000000        224437500.000000     
         455
   30.2750000000000        227062500.000000     
         303
   30.6250000000000        229687500.000000     
         320
   30.9750000000001        232312500.000000     
         124
   31.3250000000001        234937500.000000     
          32
   31.6750000000001        237562500.000000     
         386
   32.0250000000001        240187500.000000     
          24
   32.3750000000001        242812500.000000     
         502
   32.7250000000001        245437500.000000     
         418
   33.0750000000001        248062500.000000     
          85
   33.4250000000001        250687500.000000     
          61
   33.7750000000001        253312500.000000     
          17
   34.1250000000001        255937500.000000     
         398
   34.4750000000001        258562500.000000     
         127
   34.8250000000001        261187500.000001     
          20
   35.1750000000001        263812500.000001     
         441
   35.5250000000001        266437500.000001     
         125
   35.8750000000001        269062500.000001     
         537
   36.2250000000001        271687500.000001     
         372
   36.5750000000001        274312500.000001     
          14
   36.9250000000001        276937500.000001     
         102
   37.2750000000001        279562500.000001     
         529
   37.6250000000001        282187500.000001     
         240
   37.9750000000001        284812500.000001     
         495
   38.3250000000001        287437500.000001     
         407
   38.6750000000001        290062500.000001     
          81
   39.0250000000001        292687500.000001     
         234
   39.3750000000001        295312500.000001     
         307
   39.7250000000001        297937500.000001     
         141
   40.0750000000001        300562500.000001     
         158
   40.4250000000001        303187500.000001     
          45
   40.7750000000001        305812500.000001     
           6
   41.1250000000001        308437500.000001     
         143
   41.4750000000001        311062500.000001     
         463
   41.8250000000001        313687500.000001     
          38
   42.1750000000001        316312500.000001     
         271
   42.5250000000001        318937500.000001     
          37
   42.8750000000001        321562500.000001     
         249
   43.2250000000001        324187500.000001     
          82
   43.5750000000001        326812500.000001     
         178
   43.9250000000001        329437500.000001     
         170
   44.2750000000001        332062500.000001     
         374
   44.6250000000001        334687500.000001     
          99
   44.9750000000001        337312500.000001     
           4
   45.3250000000001        339937500.000001     
         483
   45.6750000000001        342562500.000001     
         142
   46.0250000000001        345187500.000001     
         386
   46.3750000000001        347812500.000001     
         163
   46.7250000000001        350437500.000001     
         121
   47.0750000000001        353062500.000001     
         506
   47.4250000000001        355687500.000001     
         155
   47.7750000000001        358312500.000001     
         102
   48.1250000000001        360937500.000001     
         500
   48.4750000000001        363562500.000001     
         103
   48.8250000000001        366187500.000001     
         195
   49.1750000000001        368812500.000001     
         133
   49.5250000000001        371437500.000001     
         185
   49.8750000000001        374062500.000001     
         503
   50.2250000000001        376687500.000001     
         492
   50.5750000000001        379312500.000001     
         162
   50.9250000000001        381937500.000001     
         324
   51.2750000000001        384562500.000001     
         327
   51.6250000000001        387187500.000001     
          35
   51.9750000000001        389812500.000001     
         105
   52.3250000000001        392437500.000001     
          49
   52.6750000000001        395062500.000001     
         466
   53.0250000000001        397687500.000001     
         388
   53.3750000000001        400312500.000001     
         120
   53.7250000000001        402937500.000001     
         165
   54.0750000000001        405562500.000001     
         150
   54.4250000000001        408187500.000001     
         291
   54.7750000000001        410812500.000001     
          41
   55.1250000000001        413437500.000001     
         387
   55.4750000000002        416062500.000001     
         480
   55.8250000000002        418687500.000001     
          61
   56.1750000000002        421312500.000001     
         258
   56.5250000000002        423937500.000001     
         447
   56.8750000000002        426562500.000001     
         125
   57.2250000000002        429187500.000001     
         370
   57.5750000000002        431812500.000001     
         141
   57.9250000000002        434437500.000001     
         181
   58.2750000000002        437062500.000001     
         341
   58.6250000000002        439687500.000001     
         297
   58.9750000000002        442312500.000001     
         183
   59.3250000000002        444937500.000001     
         248
   59.6750000000002        447562500.000001     
         203
   60.0250000000002        450187500.000001     
         339
   60.3750000000002        452812500.000001     
         276
   60.7250000000002        455437500.000001     
          49
   61.0750000000002        458062500.000001     
         329
   61.4250000000002        460687500.000001     
           9
   61.7750000000002        463312500.000001     
         248
   62.1250000000002        465937500.000001     
         253
   62.4750000000002        468562500.000001     
         371
   62.8250000000002        471187500.000001     
         238
   63.1750000000002        473812500.000001     
         156
   63.5250000000002        476437500.000001     
          91
   63.8750000000002        479062500.000001     
         271
   64.2250000000002        481687500.000001     
          14
   64.5750000000002        484312500.000001     
           1
   64.9250000000002        486937500.000001     
          43
   65.2750000000002        489562500.000001     
         121
   65.6250000000002        492187500.000001     
         317
   65.9750000000002        494812500.000001     
          77
   66.3250000000001        497437500.000001     
         314
   66.6750000000001        500062500.000001     
          58
   67.0250000000001        502687500.000001     
         165
   67.3750000000001        505312500.000001     
         476
   67.7250000000001        507937500.000001     
         187
   68.0750000000001        510562500.000001     
         311
   68.4250000000001        513187500.000001     
         253
   68.7750000000001        515812500.000001     
         166
   69.1250000000001        518437500.000001     
         210
   69.4750000000001        521062500.000001     
         327
   69.8250000000001        523687500.000001     
         433
   70.1750000000001        526312500.000001     
         525
   70.5250000000001        528937500.000001     
         401
   70.8750000000001        531562500.000001     
         444
   71.2250000000001        534187500.000000     
          62
   71.5750000000001        536812500.000000     
         234
   71.9250000000001        539437500.000000     
         272
   72.2750000000000        542062500.000000     
         485
   72.6250000000000        544687500.000000     
         265
   72.9750000000000        547312500.000000     
         320
   73.3250000000000        549937500.000000     
         306
   73.6750000000000        552562500.000000     
         145
   74.0250000000000        555187500.000000     
         459
   74.3750000000000        557812500.000000     
         118
   74.7250000000000        560437500.000000     
         514
   75.0750000000000        563062500.000000     
         388
   75.4250000000000        565687500.000000     
         274
   75.7750000000000        568312500.000000     
         179
   76.1250000000000        570937500.000000     
         160
   76.4750000000000        573562500.000000     
          90
   76.8250000000000        576187500.000000     
         385
   77.1750000000000        578812500.000000     
         121
   77.5250000000000        581437500.000000     
          27
   77.8750000000000        584062500.000000     
         538
   78.2250000000000        586687500.000000     
         401
   78.5749999999999        589312500.000000     
          55
   78.9249999999999        591937500.000000     
         286
   79.2749999999999        594562500.000000     
         498
   79.6249999999999        597187500.000000     
         410
   79.9749999999999        599812499.999999     
         481
   80.3249999999999        602437499.999999     
         206
   80.6749999999999        605062499.999999     
          32
   81.0249999999999        607687499.999999     
         156
   81.3749999999999        610312499.999999     
          24
   81.7249999999999        612937499.999999     
         433
   82.0749999999999        615562499.999999     
         405
   82.4249999999999        618187499.999999     
         243
   82.7749999999999        620812499.999999     
         129
   83.1249999999999        623437499.999999     
         222
   83.4749999999999        626062499.999999     
         380
   83.8249999999999        628687499.999999     
         448
   84.1749999999999        631312499.999999     
          26
   84.5249999999998        633937499.999999     
          31
   84.8749999999998        636562499.999999     
         504
   85.2249999999998        639187499.999999     
          13
   85.5749999999998        641812499.999999     
         199
   85.9249999999998        644437499.999999     
         467
   86.2749999999998        647062499.999999     
          14
   86.6249999999998        649687499.999999     
         261
   86.9749999999998        652312499.999999     
         128
   87.3249999999998        654937499.999999     
         131
   87.6749999999998        657562499.999998     
         165
   88.0249999999998        660187499.999998     
         214
   88.3749999999998        662812499.999998     
         478
   88.7249999999998        665437499.999998     
         127
   89.0749999999998        668062499.999998     
         245
   89.4249999999998        670687499.999998     
         143
   89.7749999999998        673312499.999998     
         471
   90.1249999999998        675937499.999998     
         144
   90.4749999999998        678562499.999998     
         505
   90.8249999999997        681187499.999998     
         120
   91.1749999999997        683812499.999998     
         238
   91.5249999999997        686437499.999998     
         240
   91.8749999999997        689062499.999998     
          74
   92.2249999999997        691687499.999998     
         294
   92.5749999999997        694312499.999998     
         459
   92.9249999999997        696937499.999998     
         160
   93.2749999999997        699562499.999998     
         289
   93.6249999999997        702187499.999998     
          40
   93.9749999999997        704812499.999998     
         223
   94.3249999999997        707437499.999998     
         345
   94.6749999999997        710062499.999998     
         229
   95.0249999999997        712687499.999998     
         347
   95.3749999999997        715312499.999997     
          54
   95.7249999999997        717937499.999997     
          79
   96.0749999999997        720562499.999997     
         211
   96.4249999999997        723187499.999997     
         398
   96.7749999999997        725812499.999997     
          17
   97.1249999999996        728437499.999997     
         140
   97.4749999999996        731062499.999997     
         227
   97.8249999999996        733687499.999997     
         457
   98.1749999999996        736312499.999997     
         513
   98.5249999999996        738937499.999997     
         391
   98.8749999999996        741562499.999997     
         391
   99.2249999999996        744187499.999997     
           2
   99.5749999999996        746812499.999997     
         431
   99.9249999999996        749437499.999997     
          37
   100.275000000000        752062499.999997     
         275
   100.625000000000        754687499.999997     
         456
   100.975000000000        757312499.999997     
         110
   101.325000000000        759937499.999997     
         346
   101.675000000000        762562499.999997     
         463
   102.025000000000        765187499.999997     
         393
   102.375000000000        767812499.999997     
         488
   102.725000000000        770437499.999997     
           0
   103.075000000000        773062499.999997     
         440
   103.425000000000        775687499.999997     
          69
   103.775000000000        778312499.999997     
         453
   104.125000000000        780937499.999996     
         370
   104.475000000000        783562499.999996     
         204
   104.825000000000        786187499.999996     
          41
   105.175000000000        788812499.999996     
         454
   105.525000000000        791437499.999996     
         175
   105.875000000000        794062499.999996     
         312
   106.224999999999        796687499.999996     
         488
   106.574999999999        799312499.999996     
         333
   106.924999999999        801937499.999996     
          66
   107.274999999999        804562499.999996     
         425
   107.624999999999        807187499.999996     
         196
   107.974999999999        809812499.999996     
         454
   108.324999999999        812437499.999996     
         488
   108.674999999999        815062499.999996     
          10
   109.024999999999        817687499.999996     
          54
   109.374999999999        820312499.999996     
          62
   109.724999999999        822937499.999996     
         165
   110.074999999999        825562499.999996     
          73
   110.424999999999        828187499.999996     
         181
   110.774999999999        830812499.999996     
         426
   111.124999999999        833437499.999996     
         427
   111.474999999999        836062499.999996     
         440
   111.824999999999        838687499.999996     
          60
   112.174999999999        841312499.999995     
         290
   112.524999999999        843937499.999995     
         325
   112.874999999999        846562499.999995     
         412
   113.224999999999        849187499.999995     
         184
   113.574999999999        851812499.999995     
         503
   113.924999999999        854437499.999995     
         324
   114.274999999999        857062499.999995     
         275
   114.624999999999        859687499.999995     
           1
   114.974999999999        862312499.999995     
         127
   115.324999999999        864937499.999995     
         105
   115.674999999999        867562499.999995     
         159
   116.024999999999        870187499.999995     
         344
   116.374999999999        872812499.999995     
         161
   116.724999999999        875437499.999995     
         346
   117.074999999999        878062499.999995     
         103
   117.424999999999        880687499.999995     
         172
   117.774999999999        883312499.999995     
         102
   118.124999999999        885937499.999995     
         429
   118.474999999999        888562499.999995     
         411
   118.824999999999        891187499.999995     
         221
   119.174999999999        893812499.999995     
         362
   119.524999999999        896437499.999995     
         527
   119.874999999999        899062499.999995     
         137
   120.224999999999        901687499.999995     
         464
   120.574999999999        904312499.999995     
         293
   120.924999999999        906937499.999994     
         171
   121.274999999999        909562499.999994     
         239
   121.624999999999        912187499.999994     
         357
   121.974999999999        914812499.999994     
         456
   122.324999999999        917437499.999994     
         137
   122.674999999999        920062499.999994     
         482
   123.024999999999        922687499.999994     
         178
   123.374999999999        925312499.999994     
         350
   123.724999999999        927937499.999994     
         195
   124.074999999999        930562499.999994     
         521
   124.424999999999        933187499.999994     
         216
   124.774999999999        935812499.999994     
         274
   125.124999999999        938437499.999994     
         418
   125.474999999999        941062499.999994     
         473
   125.824999999999        943687499.999994     
         360
   126.174999999999        946312499.999994     
         269
   126.524999999999        948937499.999994     
         399
   126.874999999999        951562499.999994     
         370
   127.224999999999        954187499.999994     
         451
   127.574999999999        956812499.999994     
         321
   127.924999999999        959437499.999994     
         220
   128.274999999999        962062499.999993     
         420
   128.624999999999        964687499.999993     
         477
   128.974999999999        967312499.999993     
         497
   129.324999999999        969937499.999993     
          55
   129.674999999999        972562499.999993     
         208
   130.024999999999        975187499.999993     
          86
   130.374999999999        977812499.999993     
         540
   130.724999999999        980437499.999993     
         185
   131.074999999999        983062499.999993     
         396
   131.424999999999        985687499.999993     
         460
   131.774999999999        988312499.999993     
         430
   132.124999999999        990937499.999993     
          68
   132.474999999999        993562499.999993     
         531
   132.824999999999        996187499.999993     
         506
   133.174999999999        998812499.999993     
         296
   133.524999999999        1001437499.99999     
           0
   133.874999999999        1004062499.99999     
         331
   134.224999999999        1006687499.99999     
         426
   134.574999999999        1009312499.99999     
         387
   134.924999999999        1011937499.99999     
         359
   135.274999999999        1014562499.99999     
         176
   135.624999999999        1017187499.99999     
         418
   135.974999999999        1019812499.99999     
          42
   136.324999999999        1022437499.99999     
          65
   136.674999999999        1025062499.99999     
         327
   137.024999999999        1027687499.99999     
          15
   137.374999999999        1030312499.99999     
         107
   137.724999999999        1032937499.99999     
         356
   138.074999999999        1035562499.99999     
          69
   138.424999999999        1038187499.99999     
         216
   138.774999999999        1040812499.99999     
          15
   139.124999999999        1043437499.99999     
          60
   139.474999999999        1046062499.99999     
          19
   139.824999999999        1048687499.99999     
         331
   140.174999999999        1051312499.99999     
         261
   140.524999999999        1053937499.99999     
         329
   140.874999999999        1056562499.99999     
         226
   141.224999999999        1059187499.99999     
         291
   141.574999999999        1061812499.99999     
         496
   141.924999999999        1064437499.99999     
         407
   142.274999999999        1067062499.99999     
         147
   142.624999999999        1069687499.99999     
         208
   142.974999999999        1072312499.99999     
         175
   143.324999999999        1074937499.99999     
          49
   143.674999999999        1077562499.99999     
         456
   144.024999999999        1080187499.99999     
         394
   144.374999999999        1082812499.99999     
         460
   144.724999999999        1085437499.99999     
          10
   145.074999999999        1088062499.99999     
         422
   145.424999999999        1090687499.99999     
         310
   145.774999999999        1093312499.99999     
         204
   146.124999999999        1095937499.99999     
          56
   146.474999999999        1098562499.99999     
         374
   146.824999999999        1101187499.99999     
         171
   147.174999999999        1103812499.99999     
         342
   147.524999999999        1106437499.99999     
         409
   147.874999999999        1109062499.99999     
         241
   148.224999999999        1111687499.99999     
         487
   148.574999999999        1114312499.99999     
         106
   148.924999999999        1116937499.99999     
          98
   149.274999999999        1119562499.99999     
         204
   149.624999999999        1122187499.99999     
         496
   149.974999999999        1124812499.99999     
         147
   150.324999999999        1127437499.99999     
         318
   150.674999999999        1130062499.99999     
         476
   151.024999999999        1132687499.99999     
         151
   151.374999999999        1135312499.99999     
         245
   151.724999999999        1137937499.99999     
         213
   152.074999999999        1140562499.99999     
         416
   152.424999999999        1143187499.99999     
          82
   152.774999999999        1145812499.99999     
         277
   153.124999999999        1148437499.99999     
         269
   153.474999999999        1151062499.99999     
          33
   153.824999999999        1153687499.99999     
          35
   154.174999999999        1156312499.99999     
         128
   154.524999999999        1158937499.99999     
         235
   154.874999999999        1161562499.99999     
         498
   155.224999999999        1164187499.99999     
         150
   155.574999999999        1166812499.99999     
         218
   155.924999999999        1169437499.99999     
         496
   156.274999999999        1172062499.99999     
          36
   156.624999999999        1174687499.99999     
         241
   156.974999999999        1177312499.99999     
         493
   157.324999999999        1179937499.99999     
         251
   157.674999999999        1182562499.99999     
         499
   158.024999999999        1185187499.99999     
         236
   158.374999999999        1187812499.99999     
         340
   158.724999999999        1190437499.99999     
          24
   159.074999999999        1193062499.99999     
          25
   159.424999999999        1195687499.99999     
         469
   159.774999999999        1198312499.99999     
         195
   160.124999999999        1200937499.99999     
         147
   160.474999999999        1203562499.99999     
         534
   160.824999999999        1206187499.99999     
         440
   161.174999999999        1208812499.99999     
          38
   161.524999999999        1211437499.99999     
         322
   161.874999999999        1214062499.99999     
         367
   162.224999999999        1216687499.99999     
         462
   162.574999999999        1219312499.99999     
         129
   162.924999999999        1221937499.99999     
         421
   163.274999999999        1224562499.99999     
         185
   163.624999999999        1227187499.99999     
         160
   163.974999999999        1229812499.99999     
         331
   164.324999999999        1232437499.99999     
         513
   164.674999999999        1235062499.99999     
          86
   165.024999999999        1237687499.99999     
         242
   165.374999999999        1240312499.99999     
          77
   165.724999999999        1242937499.99999     
         116
   166.074999999999        1245562499.99999     
         416
   166.424999999999        1248187499.99999     
         518
   166.774999999998        1250812499.99999     
          42
   167.124999999998        1253437499.99999     
          80
   167.474999999998        1256062499.99999     
         483
   167.824999999998        1258687499.99999     
         274
   168.174999999998        1261312499.99999     
          63
   168.524999999998        1263937499.99999     
         499
   168.874999999998        1266562499.99999     
         258
   169.224999999998        1269187499.99999     
         261
   169.574999999998        1271812499.99999     
         498
   169.924999999998        1274437499.99999     
         273
   170.274999999998        1277062499.99999     
         291
   170.624999999998        1279687499.99999     
          60
   170.974999999998        1282312499.99999     
         264
   171.324999999998        1284937499.99999     
         247
   171.674999999998        1287562499.99999     
         140
   172.024999999998        1290187499.99999     
         194
   172.374999999998        1292812499.99999     
         315
   172.724999999998        1295437499.99999     
         172
   173.074999999998        1298062499.99999     
          21
   173.424999999998        1300687499.99999     
         145
   173.774999999998        1303312499.99999     
         205
   174.124999999998        1305937499.99999     
         113
   174.474999999998        1308562499.99999     
         503
   174.824999999998        1311187499.99999     
         352
   175.174999999998        1313812499.99999     
         175
   175.524999999998        1316437499.99999     
         136
   175.874999999998        1319062499.99999     
           9
   176.224999999998        1321687499.99999     
         102
   176.574999999998        1324312499.99999     
         488
   176.924999999998        1326937499.99999     
         207
   177.274999999998        1329562499.99999     
         384
   177.624999999998        1332187499.99999     
         195
   177.974999999998        1334812499.99999     
         372
   178.324999999998        1337437499.99999     
         431
   178.674999999998        1340062499.99999     
         152
   179.024999999998        1342687499.99999     
          83
   179.374999999998        1345312499.99999     
         431
   179.724999999998        1347937499.99999     
         474
   180.074999999998        1350562499.99999     
         447
   180.424999999998        1353187499.99999     
         346
   180.774999999998        1355812499.99999     
         182
   181.124999999998        1358437499.99999     
         318
   181.474999999998        1361062499.99999     
         135
   181.824999999998        1363687499.99999     
         403
   182.174999999998        1366312499.99999     
         237
   182.524999999998        1368937499.99999     
          53
   182.874999999998        1371562499.99999     
         391
   183.224999999998        1374187499.99999     
         436
   183.574999999998        1376812499.99999     
         308
   183.924999999998        1379437499.99999     
         418
   184.274999999998        1382062499.99999     
         431
   184.624999999998        1384687499.99999     
         504
   184.974999999998        1387312499.99999     
         160
   185.324999999998        1389937499.99999     
         234
   185.674999999998        1392562499.99999     
          39
   186.024999999998        1395187499.99999     
         132
   186.374999999998        1397812499.99999     
          65
   186.724999999998        1400437499.99999     
         187
   187.074999999998        1403062499.99999     
          24
   187.424999999998        1405687499.99999     
          67
   187.774999999998        1408312499.99999     
         258
   188.124999999998        1410937499.99999     
         457
   188.474999999998        1413562499.99999     
          12
   188.824999999998        1416187499.99999     
         527
   189.174999999998        1418812499.99999     
         149
   189.524999999998        1421437499.99999     
         156
   189.874999999998        1424062499.99999     
           6
   190.224999999998        1426687499.99999     
         414
   190.574999999998        1429312499.99999     
          83
   190.924999999998        1431937499.99999     
         539
   191.274999999998        1434562499.99999     
         199
   191.624999999998        1437187499.99999     
         440
   191.974999999998        1439812499.99999     
         451
   192.324999999998        1442437499.99999     
         507
   192.674999999998        1445062499.99999     
         118
   193.024999999998        1447687499.99999     
         525
   193.374999999998        1450312499.99999     
         465
   193.724999999998        1452937499.99999     
         232
   194.074999999998        1455562499.99999     
         310
   194.424999999998        1458187499.99999     
         335
   194.774999999998        1460812499.99999     
         524
   195.124999999998        1463437499.99999     
         480
   195.474999999998        1466062499.99999     
         157
   195.824999999998        1468687499.99999     
         201
   196.174999999998        1471312499.99999     
         535
   196.524999999998        1473937499.99999     
          25
   196.874999999998        1476562499.99998     
         139
   197.224999999998        1479187499.99998     
          58
   197.574999999998        1481812499.99998     
         354
   197.924999999998        1484437499.99998     
         176
   198.274999999998        1487062499.99998     
         321
   198.624999999998        1489687499.99998     
         320
   198.974999999998        1492312499.99998     
         263
   199.324999999998        1494937499.99998     
         144
   199.674999999998        1497562499.99998     
         212
   200.024999999998        1500187499.99998     
         238
   200.374999999998        1502812499.99998     
         379
   200.724999999998        1505437499.99998     
         152
   201.074999999998        1508062499.99998     
         455
   201.424999999998        1510687499.99998     
         182
   201.774999999998        1513312499.99998     
         403
   202.124999999998        1515937499.99998     
           1
   202.474999999998        1518562499.99998     
         456
   202.824999999998        1521187499.99998     
         481
   203.174999999998        1523812499.99998     
         319
   203.524999999998        1526437499.99998     
         316
   203.874999999998        1529062499.99998     
         322
   204.224999999998        1531687499.99998     
         187
   204.574999999998        1534312499.99998     
         151
   204.924999999998        1536937499.99998     
         302
   205.274999999998        1539562499.99998     
          13
   205.624999999998        1542187499.99998     
         371
   205.974999999998        1544812499.99998     
         427
   206.324999999998        1547437499.99998     
         539
   206.674999999998        1550062499.99998     
         166
   207.024999999998        1552687499.99998     
         104
   207.374999999998        1555312499.99998     
         287
   207.724999999998        1557937499.99998     
         177
   208.074999999998        1560562499.99998     
         105
   208.424999999998        1563187499.99998     
         520
   208.774999999998        1565812499.99998     
         445
   209.124999999998        1568437499.99998     
          36
   209.474999999998        1571062499.99998     
          84
   209.824999999998        1573687499.99998     
          87
   210.174999999998        1576312499.99998     
         202
   210.524999999998        1578937499.99998     
         169
   210.874999999998        1581562499.99998     
         106
   211.224999999998        1584187499.99998     
          69
   211.574999999998        1586812499.99998     
         372
   211.924999999998        1589437499.99998     
         478
   212.274999999998        1592062499.99998     
         488
   212.624999999998        1594687499.99998     
         149
   212.974999999998        1597312499.99998     
          42
   213.324999999998        1599937499.99998     
         268
   213.674999999998        1602562499.99998     
         397
   214.024999999998        1605187499.99998     
         353
   214.374999999998        1607812499.99998     
         413
   214.724999999998        1610437499.99998     
         244
   215.074999999998        1613062499.99998     
         226
   215.424999999998        1615687499.99998     
         140
   215.774999999998        1618312499.99998     
         383
   216.124999999998        1620937499.99998     
         291
   216.474999999998        1623562499.99998     
         415
   216.824999999998        1626187499.99998     
         100
   217.174999999998        1628812499.99998     
         359
   217.524999999998        1631437499.99998     
         147
   217.874999999998        1634062499.99998     
         296
   218.224999999998        1636687499.99998     
         235
   218.574999999998        1639312499.99998     
         324
   218.924999999998        1641937499.99998     
          82
   219.274999999998        1644562499.99998     
         136
   219.624999999998        1647187499.99998     
          72
   219.974999999998        1649812499.99998     
         526
   220.324999999998        1652437499.99998     
         483
   220.674999999998        1655062499.99998     
         492
   221.024999999998        1657687499.99998     
         458
   221.374999999998        1660312499.99998     
         301
   221.724999999998        1662937499.99998     
         419
   222.074999999998        1665562499.99998     
         306
   222.424999999998        1668187499.99998     
         391
   222.774999999998        1670812499.99998     
         430
   223.124999999998        1673437499.99998     
          95
   223.474999999998        1676062499.99998     
         417
   223.824999999998        1678687499.99998     
         182
   224.174999999998        1681312499.99998     
         125
   224.524999999998        1683937499.99998     
          72
   224.874999999998        1686562499.99998     
         195
   225.224999999998        1689187499.99998     
         251
   225.574999999998        1691812499.99998     
         531
   225.924999999998        1694437499.99998     
         192
   226.274999999998        1697062499.99998     
         309
   226.624999999998        1699687499.99998     
         329
   226.974999999998        1702312499.99998     
         137
   227.324999999998        1704937499.99998     
         237
   227.674999999998        1707562499.99998     
         120
   228.024999999998        1710187499.99998     
         419
   228.374999999997        1712812499.99998     
         391
   228.724999999997        1715437499.99998     
         300
   229.074999999997        1718062499.99998     
         410
   229.424999999997        1720687499.99998     
         175
   229.774999999997        1723312499.99998     
         352
   230.124999999997        1725937499.99998     
         369
   230.474999999997        1728562499.99998     
         283
   230.824999999997        1731187499.99998     
         417
   231.174999999997        1733812499.99998     
         294
   231.524999999997        1736437499.99998     
         519
   231.874999999997        1739062499.99998     
          83
   232.224999999997        1741687499.99998     
         399
   232.574999999997        1744312499.99998     
         129
   232.924999999997        1746937499.99998     
          23
   233.274999999997        1749562499.99998     
         305
   233.624999999997        1752187499.99998     
         199
   233.974999999997        1754812499.99998     
         108
   234.324999999997        1757437499.99998     
         499
   234.674999999997        1760062499.99998     
          30
   235.024999999997        1762687499.99998     
         343
   235.374999999997        1765312499.99998     
         178
   235.724999999997        1767937499.99998     
         115
   236.074999999997        1770562499.99998     
         480
   236.424999999997        1773187499.99998     
         404
   236.774999999997        1775812499.99998     
          24
   237.124999999997        1778437499.99998     
         345
   237.474999999997        1781062499.99998     
          81
   237.824999999997        1783687499.99998     
         307
   238.174999999997        1786312499.99998     
         347
   238.524999999997        1788937499.99998     
         141
   238.874999999997        1791562499.99998     
         297
   239.224999999997        1794187499.99998     
         293
   239.574999999997        1796812499.99998     
         458
   239.924999999997        1799437499.99998     
         485
   240.274999999997        1802062499.99998     
          54
   240.624999999997        1804687499.99998     
         124
   240.974999999997        1807312499.99998     
         393
   241.324999999997        1809937499.99998     
         190
   241.674999999997        1812562499.99998     
         218
   242.024999999997        1815187499.99998     
         162
   242.374999999997        1817812499.99998     
         440
   242.724999999997        1820437499.99998     
         467
   243.074999999997        1823062499.99998     
         266
   243.424999999997        1825687499.99998     
         446
   243.774999999997        1828312499.99998     
         520
   244.124999999997        1830937499.99998     
          82
   244.474999999997        1833562499.99998     
          73
   244.824999999997        1836187499.99998     
         414
   245.174999999997        1838812499.99998     
         297
   245.524999999997        1841437499.99998     
         135
   245.874999999997        1844062499.99998     
         415
   246.224999999997        1846687499.99998     
         257
   246.574999999997        1849312499.99998     
           7
   246.924999999997        1851937499.99998     
         362
   247.274999999997        1854562499.99998     
         415
   247.624999999997        1857187499.99998     
          74
   247.974999999997        1859812499.99998     
         381
   248.324999999997        1862437499.99998     
         199
   248.674999999997        1865062499.99998     
         436
   249.024999999997        1867687499.99998     
          91
   249.374999999997        1870312499.99998     
         497
   249.724999999997        1872937499.99998     
         222
   250.074999999997        1875562499.99998     
         443
   250.424999999997        1878187499.99998     
          41
   250.774999999997        1880812499.99998     
         416
   251.124999999997        1883437499.99998     
           6
   251.474999999997        1886062499.99998     
         369
   251.824999999997        1888687499.99998     
         298
   252.174999999997        1891312499.99998     
         126
   252.524999999997        1893937499.99998     
         321
   252.874999999997        1896562499.99998     
         471
   253.224999999997        1899187499.99998     
         521
   253.574999999997        1901812499.99998     
         400
   253.924999999997        1904437499.99998     
         490
   254.274999999997        1907062499.99998     
          43
   254.624999999997        1909687499.99998     
         403
   254.974999999997        1912312499.99998     
         190
   255.324999999997        1914937499.99998     
         303
   255.674999999997        1917562499.99998     
         507
   256.024999999997        1920187499.99998     
         288
   256.374999999997        1922812499.99998     
         267
   256.724999999997        1925437499.99998     
         469
   257.074999999997        1928062499.99998     
          51
   257.424999999997        1930687499.99998     
         374
   257.774999999997        1933312499.99998     
         255
   258.124999999997        1935937499.99998     
         195
   258.474999999997        1938562499.99998     
         277
   258.824999999997        1941187499.99998     
          34
   259.174999999997        1943812499.99998     
         374
   259.524999999997        1946437499.99998     
         531
   259.874999999997        1949062499.99998     
          23
   260.224999999997        1951687499.99998     
         183
   260.574999999997        1954312499.99998     
         516
   260.924999999997        1956937499.99998     
         150
   261.274999999997        1959562499.99998     
          57
   261.624999999997        1962187499.99998     
         491
   261.974999999997        1964812499.99998     
         429
   262.324999999997        1967437499.99998     
         364
   262.674999999998        1970062499.99998     
         294
   263.024999999998        1972687499.99998     
          64
   263.374999999998        1975312499.99998     
         243
   263.724999999998        1977937499.99998     
         334
   264.074999999998        1980562499.99998     
          48
   264.424999999998        1983187499.99998     
          65
   264.774999999998        1985812499.99998     
         182
   265.124999999998        1988437499.99998     
         152
   265.474999999998        1991062499.99998     
         304
   265.824999999998        1993687499.99998     
         530
   266.174999999998        1996312499.99998     
         488
   266.524999999998        1998937499.99998     
         363
   266.874999999998        2001562499.99998     
         253
   267.224999999998        2004187499.99998     
         536
   267.574999999998        2006812499.99998     
         485
   267.924999999998        2009437499.99998     
         217
   268.274999999998        2012062499.99998     
         286
   268.624999999998        2014687499.99998     
         532
   268.974999999998        2017312499.99998     
         513
   269.324999999998        2019937499.99998     
         197
   269.674999999998        2022562499.99998     
          65
   270.024999999998        2025187499.99998     
         227
   270.374999999998        2027812499.99998     
         342
   270.724999999998        2030437499.99999     
          38
   271.074999999998        2033062499.99999     
         433
   271.424999999998        2035687499.99999     
         466
   271.774999999998        2038312499.99999     
         426
   272.124999999998        2040937499.99999     
         231
   272.474999999998        2043562499.99999     
         332
   272.824999999998        2046187499.99999     
         216
   273.174999999998        2048812499.99999     
         183
   273.524999999998        2051437499.99999     
          22
   273.874999999998        2054062499.99999     
         433
   274.224999999998        2056687499.99999     
         312
   274.574999999998        2059312499.99999     
         465
   274.924999999998        2061937499.99999     
         197
   275.274999999998        2064562499.99999     
         160
   275.624999999998        2067187499.99999     
         480
   275.974999999998        2069812499.99999     
         198
   276.324999999998        2072437499.99999     
         201
   276.674999999998        2075062499.99999     
         391
   277.024999999998        2077687499.99999     
         505
   277.374999999998        2080312499.99999     
         519
   277.724999999998        2082937499.99999     
         538
   278.074999999999        2085562499.99999     
         175
   278.424999999999        2088187499.99999     
         224
   278.774999999999        2090812499.99999     
          63
   279.124999999999        2093437499.99999     
          81
   279.474999999999        2096062499.99999     
         419
   279.824999999999        2098687499.99999     
         366
   280.174999999999        2101312499.99999     
          10
   280.524999999999        2103937499.99999     
         478
   280.874999999999        2106562499.99999     
         422
   281.224999999999        2109187499.99999     
         432
   281.574999999999        2111812499.99999     
         427
   281.924999999999        2114437499.99999     
         498
   282.274999999999        2117062499.99999     
          12
   282.624999999999        2119687499.99999     
         358
   282.974999999999        2122312499.99999     
          91
   283.324999999999        2124937499.99999     
         375
   283.674999999999        2127562499.99999     
         197
   284.024999999999        2130187499.99999     
          47
   284.374999999999        2132812499.99999     
         481
   284.724999999999        2135437499.99999     
         373
   285.074999999999        2138062499.99999     
         525
   285.424999999999        2140687499.99999     
          48
   285.774999999999        2143312499.99999     
         431
   286.124999999999        2145937499.99999     
         413
   286.474999999999        2148562499.99999     
         193
   286.824999999999        2151187499.99999     
         316
   287.174999999999        2153812499.99999     
         251
   287.524999999999        2156437499.99999     
          78
   287.874999999999        2159062499.99999     
         131
   288.224999999999        2161687499.99999     
         119
   288.574999999999        2164312499.99999     
         288
   288.924999999999        2166937499.99999     
         396
   289.274999999999        2169562499.99999     
         428
   289.624999999999        2172187499.99999     
         360
   289.974999999999        2174812499.99999     
          44
   290.324999999999        2177437499.99999     
         310
   290.674999999999        2180062499.99999     
          62
   291.024999999999        2182687500.00000     
          95
   291.374999999999        2185312500.00000     
         168
   291.724999999999        2187937500.00000     
         161
   292.074999999999        2190562500.00000     
         500
   292.424999999999        2193187500.00000     
         379
   292.774999999999        2195812500.00000     
         527
   293.124999999999        2198437500.00000     
         147
   293.475000000000        2201062500.00000     
         164
   293.825000000000        2203687500.00000     
         342
   294.175000000000        2206312500.00000     
          56
   294.525000000000        2208937500.00000     
         209
   294.875000000000        2211562500.00000     
         169
   295.225000000000        2214187500.00000     
         163
   295.575000000000        2216812500.00000     
         130
   295.925000000000        2219437500.00000     
          38
   296.275000000000        2222062500.00000     
         508
   296.625000000000        2224687500.00000     
         313
   296.975000000000        2227312500.00000     
         135
   297.325000000000        2229937500.00000     
          75
   297.675000000000        2232562500.00000     
         358
   298.025000000000        2235187500.00000     
         146
   298.375000000000        2237812500.00000     
         152
   298.725000000000        2240437500.00000     
         331
   299.075000000000        2243062500.00000     
         188
   299.425000000000        2245687500.00000     
         179
   299.775000000000        2248312500.00000     
         454
   300.125000000000        2250937500.00000     
         219
   300.475000000000        2253562500.00000     
         163
   300.825000000000        2256187500.00000     
         540
   301.175000000000        2258812500.00000     
         167
   301.525000000000        2261437500.00000     
         326
   301.875000000000        2264062500.00000     
         220
   302.225000000000        2266687500.00000     
         141
   302.575000000000        2269312500.00000     
         389
   302.925000000000        2271937500.00000     
         356
   303.275000000000        2274562500.00000     
          12
   303.625000000000        2277187500.00000     
         529
   303.975000000000        2279812500.00000     
         205
   304.325000000000        2282437500.00000     
         347
   304.675000000000        2285062500.00000     
          40
   305.025000000000        2287687500.00000     
          79
   305.375000000000        2290312500.00000     
         272
   305.725000000000        2292937500.00000     
         393
   306.075000000000        2295562500.00000     
          88
   306.425000000000        2298187500.00000     
         450
   306.775000000000        2300812500.00000     
         213
   307.125000000000        2303437500.00000     
         505
   307.475000000000        2306062500.00000     
         184
   307.825000000000        2308687500.00000     
         315
   308.175000000000        2311312500.00000     
          40
   308.525000000000        2313937500.00000     
         337
   308.875000000001        2316562500.00000     
         275
   309.225000000001        2319187500.00000     
         334
   309.575000000001        2321812500.00000     
         270
   309.925000000001        2324437500.00000     
          41
   310.275000000001        2327062500.00000     
         267
   310.625000000001        2329687500.00000     
         393
   310.975000000001        2332312500.00000     
         516
   311.325000000001        2334937500.00001     
          22
   311.675000000001        2337562500.00001     
         404
   312.025000000001        2340187500.00001     
         389
   312.375000000001        2342812500.00001     
         183
   312.725000000001        2345437500.00001     
         431
   313.075000000001        2348062500.00001     
          87
   313.425000000001        2350687500.00001     
         134
   313.775000000001        2353312500.00001     
         278
   314.125000000001        2355937500.00001     
         498
   314.475000000001        2358562500.00001     
         493
   314.825000000001        2361187500.00001     
         344
   315.175000000001        2363812500.00001     
         196
   315.525000000001        2366437500.00001     
         239
   315.875000000001        2369062500.00001     
          83
   316.225000000001        2371687500.00001     
         126
   316.575000000001        2374312500.00001     
         261
   316.925000000001        2376937500.00001     
         223
   317.275000000001        2379562500.00001     
         266
   317.625000000001        2382187500.00001     
         112
   317.975000000001        2384812500.00001     
         417
   318.325000000001        2387437500.00001     
          95
   318.675000000001        2390062500.00001     
         300
   319.025000000001        2392687500.00001     
         380
   319.375000000001        2395312500.00001     
         122
   319.725000000001        2397937500.00001     
         120
   320.075000000001        2400562500.00001     
         234
   320.425000000001        2403187500.00001     
          81
   320.775000000001        2405812500.00001     
          23
   321.125000000001        2408437500.00001     
         478
   321.475000000001        2411062500.00001     
         324
   321.825000000001        2413687500.00001     
         168
   322.175000000001        2416312500.00001     
         114
   322.525000000001        2418937500.00001     
         196
   322.875000000001        2421562500.00001     
         510
   323.225000000001        2424187500.00001     
         118
   323.575000000001        2426812500.00001     
         262
   323.925000000001        2429437500.00001     
         111
   324.275000000002        2432062500.00001     
         320
   324.625000000002        2434687500.00001     
         503
   324.975000000002        2437312500.00001     
          93
   325.325000000002        2439937500.00001     
         533
   325.675000000002        2442562500.00001     
         448
   326.025000000002        2445187500.00001     
           6
   326.375000000002        2447812500.00001     
         393
   326.725000000002        2450437500.00001     
         529
   327.075000000002        2453062500.00001     
         486
   327.425000000002        2455687500.00001     
         160
   327.775000000002        2458312500.00001     
          90
   328.125000000002        2460937500.00001     
         107
   328.475000000002        2463562500.00001     
         120
   328.825000000002        2466187500.00001     
          45
   329.175000000002        2468812500.00001     
         432
   329.525000000002        2471437500.00001     
         232
   329.875000000002        2474062500.00001     
         469
   330.225000000002        2476687500.00001     
         255
   330.575000000002        2479312500.00001     
         523
   330.925000000002        2481937500.00001     
          50
   331.275000000002        2484562500.00001     
         171
   331.625000000002        2487187500.00001     
         451
   331.975000000002        2489812500.00002     
          54
   332.325000000002        2492437500.00002     
          95
   332.675000000002        2495062500.00002     
         394
   333.025000000002        2497687500.00002     
          45
   333.375000000002        2500312500.00002     
         270
   333.725000000002        2502937500.00002     
          90
   334.075000000002        2505562500.00002     
         503
   334.425000000002        2508187500.00002     
         435
   334.775000000002        2510812500.00002     
          74
   335.125000000002        2513437500.00002     
         390
   335.475000000002        2516062500.00002     
         465
   335.825000000002        2518687500.00002     
          34
   336.175000000002        2521312500.00002     
          43
   336.525000000002        2523937500.00002     
         306
   336.875000000002        2526562500.00002     
         366
   337.225000000002        2529187500.00002     
         114
   337.575000000002        2531812500.00002     
         144
   337.925000000002        2534437500.00002     
         167
   338.275000000002        2537062500.00002     
         265
   338.625000000002        2539687500.00002     
          60
   338.975000000002        2542312500.00002     
         167
   339.325000000002        2544937500.00002     
          84
   339.675000000003        2547562500.00002     
         426
   340.025000000003        2550187500.00002     
          58
   340.375000000003        2552812500.00002     
         181
   340.725000000003        2555437500.00002     
         298
   341.075000000003        2558062500.00002     
         384
   341.425000000003        2560687500.00002     
         201
   341.775000000003        2563312500.00002     
         238
   342.125000000003        2565937500.00002     
         243
   342.475000000003        2568562500.00002     
         293
   342.825000000003        2571187500.00002     
         436
   343.175000000003        2573812500.00002     
          10
   343.525000000003        2576437500.00002     
          30
   343.875000000003        2579062500.00002     
         276
   344.225000000003        2581687500.00002     
         348
   344.575000000003        2584312500.00002     
         459
   344.925000000003        2586937500.00002     
          63
   345.275000000003        2589562500.00002     
         114
   345.625000000003        2592187500.00002     
         347
   345.975000000003        2594812500.00002     
         123
   346.325000000003        2597437500.00002     
         275
   346.675000000003        2600062500.00002     
          82
   347.025000000003        2602687500.00002     
          24
   347.375000000003        2605312500.00002     
         348
   347.725000000003        2607937500.00002     
         388
   348.075000000003        2610562500.00002     
         243
   348.425000000003        2613187500.00002     
         311
   348.775000000003        2615812500.00002     
         459
   349.125000000003        2618437500.00002     
         434
   349.475000000003        2621062500.00002     
         207
   349.825000000003        2623687500.00002     
         396
   350.175000000003        2626312500.00002     
         172
   350.525000000003        2628937500.00002     
         120
   350.875000000003        2631562500.00002     
         421
   351.225000000003        2634187500.00002     
         248
   351.575000000003        2636812500.00002     
         376
   351.925000000003        2639437500.00002     
          76
   352.275000000003        2642062500.00002     
         170
   352.625000000003        2644687500.00003     
         305
   352.975000000003        2647312500.00003     
         175
   353.325000000003        2649937500.00003     
         227
   353.675000000003        2652562500.00003     
         411
   354.025000000003        2655187500.00003     
         528
   354.375000000003        2657812500.00003     
         253
   354.725000000003        2660437500.00003     
         257
   355.075000000004        2663062500.00003     
         498
   355.425000000004        2665687500.00003     
          65
   355.775000000004        2668312500.00003     
          90
   356.125000000004        2670937500.00003     
         491
   356.475000000004        2673562500.00003     
         179
   356.825000000004        2676187500.00003     
         505
   357.175000000004        2678812500.00003     
         486
   357.525000000004        2681437500.00003     
          23
   357.875000000004        2684062500.00003     
         301
   358.225000000004        2686687500.00003     
         175
   358.575000000004        2689312500.00003     
         415
   358.925000000004        2691937500.00003     
         428
   359.275000000004        2694562500.00003     
          42
   359.625000000004        2697187500.00003     
         432
   359.975000000004        2699812500.00003     
         325
   360.325000000004        2702437500.00003     
          70
   360.675000000004        2705062500.00003     
         102
   361.025000000004        2707687500.00003     
         435
   361.375000000004        2710312500.00003     
         405
   361.725000000004        2712937500.00003     
         255
   362.075000000004        2715562500.00003     
         101
   362.425000000004        2718187500.00003     
         106
   362.775000000004        2720812500.00003     
         280
   363.125000000004        2723437500.00003     
         511
   363.475000000004        2726062500.00003     
         224
   363.825000000004        2728687500.00003     
         445
   364.175000000004        2731312500.00003     
         367
   364.525000000004        2733937500.00003     
         535
   364.875000000004        2736562500.00003     
         127
   365.225000000004        2739187500.00003     
          23
   365.575000000004        2741812500.00003     
         345
   365.925000000004        2744437500.00003     
         525
   366.275000000004        2747062500.00003     
         246
   366.625000000004        2749687500.00003     
         517
   366.975000000004        2752312500.00003     
         166
   367.325000000004        2754937500.00003     
         397
   367.675000000004        2757562500.00003     
         356
   368.025000000004        2760187500.00003     
         228
   368.375000000004        2762812500.00003     
         373
   368.725000000004        2765437500.00003     
          71
   369.075000000004        2768062500.00003     
          69
   369.425000000004        2770687500.00003     
         510
   369.775000000004        2773312500.00003     
         511
   370.125000000004        2775937500.00003     
         220
   370.475000000005        2778562500.00003     
         213
   370.825000000005        2781187500.00003     
         114
   371.175000000005        2783812500.00003     
          89
   371.525000000005        2786437500.00003     
         145
   371.875000000005        2789062500.00003     
         403
   372.225000000005        2791687500.00003     
         343
   372.575000000005        2794312500.00003     
         326
   372.925000000005        2796937500.00003     
         252
   373.275000000005        2799562500.00004     
         406
   373.625000000005        2802187500.00004     
         205
   373.975000000005        2804812500.00004     
         538
   374.325000000005        2807437500.00004     
          23
   374.675000000005        2810062500.00004     
          49
   375.025000000005        2812687500.00004     
           0
   375.375000000005        2815312500.00004     
         260
   375.725000000005        2817937500.00004     
          64
   376.075000000005        2820562500.00004     
          99
   376.425000000005        2823187500.00004     
         213
   376.775000000005        2825812500.00004     
         350
   377.125000000005        2828437500.00004     
         171
   377.475000000005        2831062500.00004     
          60
   377.825000000005        2833687500.00004     
         449
   378.175000000005        2836312500.00004     
          42
   378.525000000005        2838937500.00004     
         441
   378.875000000005        2841562500.00004     
         285
   379.225000000005        2844187500.00004     
          53
   379.575000000005        2846812500.00004     
          26
   379.925000000005        2849437500.00004     
          85
   380.275000000005        2852062500.00004     
         464
   380.625000000005        2854687500.00004     
         255
   380.975000000005        2857312500.00004     
         371
   381.325000000005        2859937500.00004     
         507
   381.675000000005        2862562500.00004     
         125
   382.025000000005        2865187500.00004     
         338
   382.375000000005        2867812500.00004     
         213
   382.725000000005        2870437500.00004     
           4
   383.075000000005        2873062500.00004     
         233
   383.425000000005        2875687500.00004     
         156
   383.775000000005        2878312500.00004     
         140
   384.125000000005        2880937500.00004     
         464
   384.475000000005        2883562500.00004     
         161
   384.825000000005        2886187500.00004     
         442
   385.175000000005        2888812500.00004     
         230
   385.525000000005        2891437500.00004     
         242
   385.875000000006        2894062500.00004     
          92
   386.225000000006        2896687500.00004     
         122
   386.575000000006        2899312500.00004     
         364
   386.925000000006        2901937500.00004     
         509
   387.275000000006        2904562500.00004     
         397
   387.625000000006        2907187500.00004     
         113
   387.975000000006        2909812500.00004     
         370
   388.325000000006        2912437500.00004     
         521
   388.675000000006        2915062500.00004     
         497
   389.025000000006        2917687500.00004     
         512
   389.375000000006        2920312500.00004     
          50
   389.725000000006        2922937500.00004     
         328
   390.075000000006        2925562500.00004     
         178
   390.425000000006        2928187500.00004     
         500
   390.775000000006        2930812500.00004     
         136
   391.125000000006        2933437500.00004     
         373
   391.475000000006        2936062500.00004     
         379
   391.825000000006        2938687500.00004     
         271
   392.175000000006        2941312500.00004     
         150
   392.525000000006        2943937500.00004     
         468
   392.875000000006        2946562500.00004     
          36
   393.225000000006        2949187500.00004     
         536
   393.575000000006        2951812500.00005     
          85
   393.925000000006        2954437500.00005     
         157
   394.275000000006        2957062500.00005     
         116
   394.625000000006        2959687500.00005     
         439
   394.975000000006        2962312500.00005     
          60
   395.325000000006        2964937500.00005     
         196
   395.675000000006        2967562500.00005     
         178
   396.025000000006        2970187500.00005     
         100
   396.375000000006        2972812500.00005     
         211
   396.725000000006        2975437500.00005     
         388
   397.075000000006        2978062500.00005     
         528
   397.425000000006        2980687500.00005     
         513
   397.775000000006        2983312500.00005     
           4
   398.125000000006        2985937500.00005     
         459
   398.475000000006        2988562500.00005     
         384
   398.825000000006        2991187500.00005     
         516
   399.175000000006        2993812500.00005     
         423
   399.525000000006        2996437500.00005     
          47
   399.875000000006        2999062500.00005     
         102
   400.225000000006        3001687500.00005     
         385
   400.575000000006        3004312500.00005     
         458
   400.925000000006        3006937500.00005     
         139
   401.275000000007        3009562500.00005     
         274
   401.625000000007        3012187500.00005     
         128
   401.975000000007        3014812500.00005     
         138
   402.325000000007        3017437500.00005     
         245
   402.675000000007        3020062500.00005     
          56
   403.025000000007        3022687500.00005     
         389
   403.375000000007        3025312500.00005     
         177
   403.725000000007        3027937500.00005     
         143
   404.075000000007        3030562500.00005     
          11
   404.425000000007        3033187500.00005     
           0
   404.775000000007        3035812500.00005     
         220
   405.125000000007        3038437500.00005     
         337
   405.475000000007        3041062500.00005     
         126
   405.825000000007        3043687500.00005     
         321
   406.175000000007        3046312500.00005     
         259
   406.525000000007        3048937500.00005     
          12
   406.875000000007        3051562500.00005     
         257
   407.225000000007        3054187500.00005     
          56
   407.575000000007        3056812500.00005     
         129
   407.925000000007        3059437500.00005     
           1
   408.275000000007        3062062500.00005     
         338
   408.625000000007        3064687500.00005     
         417
   408.975000000007        3067312500.00005     
         134
   409.325000000007        3069937500.00005     
          67
   409.675000000007        3072562500.00005     
         338
   410.025000000007        3075187500.00005     
         188
   410.375000000007        3077812500.00005     
         275
   410.725000000007        3080437500.00005     
         477
   411.075000000007        3083062500.00005     
         540
   411.425000000007        3085687500.00005     
         398
   411.775000000007        3088312500.00005     
         369
   412.125000000007        3090937500.00005     
         357
   412.475000000007        3093562500.00005     
         396
   412.825000000007        3096187500.00005     
         202
   413.175000000007        3098812500.00005     
         183
   413.525000000007        3101437500.00005     
         290
   413.875000000007        3104062500.00005     
         512
   414.225000000007        3106687500.00006     
         254
   414.575000000007        3109312500.00006     
         483
   414.925000000007        3111937500.00006     
         261
   415.275000000007        3114562500.00006     
         187
   415.625000000007        3117187500.00006     
         354
   415.975000000007        3119812500.00006     
         493
   416.325000000007        3122437500.00006     
         342
   416.675000000008        3125062500.00006     
          81
   417.025000000008        3127687500.00006     
         393
   417.375000000008        3130312500.00006     
         355
   417.725000000008        3132937500.00006     
         338
   418.075000000008        3135562500.00006     
         463
   418.425000000008        3138187500.00006     
         352
   418.775000000008        3140812500.00006     
         512
   419.125000000008        3143437500.00006     
         463
   419.475000000008        3146062500.00006     
         219
   419.825000000008        3148687500.00006     
