       time        TW        TE         hW        hE
   0.17500E+00   0.29402E+02   0.29372E+02   0.41414E-02  -0.25131E-01
   0.52500E+00   0.28630E+02   0.27867E+02   0.30216E-01  -0.91826E-01
   0.87500E+00   0.28457E+02   0.26246E+02   0.67909E-01  -0.17674E+00
   0.12250E+01   0.28596E+02   0.24750E+02   0.11399E+00  -0.26850E+00
   0.15750E+01   0.28905E+02   0.23439E+02   0.17198E+00  -0.35905E+00
   0.19250E+01   0.29226E+02   0.22960E+02   0.23166E+00  -0.42819E+00
   0.22750E+01   0.29494E+02   0.23093E+02   0.30200E+00  -0.48804E+00
   0.26250E+01   0.29688E+02   0.23115E+02   0.37857E+00  -0.55394E+00
   0.29750E+01   0.29816E+02   0.23320E+02   0.45418E+00  -0.60385E+00
   0.33250E+01   0.29899E+02   0.23824E+02   0.52872E+00  -0.63090E+00
   0.36750E+01   0.29946E+02   0.24612E+02   0.59663E+00  -0.63732E+00
   0.40250E+01   0.29970E+02   0.25597E+02   0.65331E+00  -0.61263E+00
   0.43750E+01   0.29981E+02   0.26442E+02   0.69950E+00  -0.57038E+00
   0.47250E+01   0.29988E+02   0.27103E+02   0.73682E+00  -0.51404E+00
   0.50750E+01   0.29993E+02   0.27633E+02   0.76423E+00  -0.43831E+00
   0.54250E+01   0.29996E+02   0.28091E+02   0.76670E+00  -0.36653E+00
   0.57750E+01   0.29998E+02   0.28468E+02   0.74335E+00  -0.30041E+00
   0.61250E+01   0.29998E+02   0.28781E+02   0.70363E+00  -0.22651E+00
   0.64750E+01   0.29998E+02   0.29041E+02   0.65323E+00  -0.15318E+00
   0.68250E+01   0.29996E+02   0.29001E+02   0.60013E+00  -0.10123E+00
   0.71750E+01   0.29992E+02   0.28973E+02   0.55039E+00  -0.60228E-01
   0.75250E+01   0.29986E+02   0.29122E+02   0.50574E+00  -0.16011E-01
   0.78750E+01   0.29979E+02   0.28998E+02   0.46380E+00   0.84076E-02
   0.82250E+01   0.29968E+02   0.28691E+02   0.42260E+00   0.10675E-01
   0.85750E+01   0.29954E+02   0.28578E+02   0.38776E+00   0.22600E-01
   0.89250E+01   0.29939E+02   0.28528E+02   0.36364E+00   0.32469E-01
   0.92750E+01   0.29925E+02   0.28346E+02   0.34182E+00   0.18387E-01
   0.96250E+01   0.29907E+02   0.28236E+02   0.32664E+00   0.82079E-02
   0.99750E+01   0.29895E+02   0.28084E+02   0.32337E+00  -0.44241E-03
   0.10325E+02   0.29885E+02   0.27925E+02   0.31890E+00  -0.16180E-01
   0.10675E+02   0.29872E+02   0.27769E+02   0.31333E+00  -0.26419E-01
   0.11025E+02   0.29865E+02   0.27469E+02   0.30914E+00  -0.45211E-01
   0.11375E+02   0.29856E+02   0.27309E+02   0.30257E+00  -0.55811E-01
   0.11725E+02   0.29846E+02   0.27174E+02   0.29728E+00  -0.61607E-01
   0.12075E+02   0.29838E+02   0.26849E+02   0.28742E+00  -0.86249E-01
   0.12425E+02   0.29824E+02   0.26544E+02   0.28099E+00  -0.10225E+00
   0.12775E+02   0.29815E+02   0.26263E+02   0.27909E+00  -0.11749E+00
   0.13125E+02   0.29805E+02   0.26105E+02   0.27650E+00  -0.13208E+00
   0.13475E+02   0.29798E+02   0.25852E+02   0.27640E+00  -0.14782E+00
   0.13825E+02   0.29798E+02   0.25627E+02   0.28000E+00  -0.17489E+00
   0.14175E+02   0.29801E+02   0.25529E+02   0.29250E+00  -0.19008E+00
   0.14525E+02   0.29815E+02   0.25237E+02   0.30382E+00  -0.20821E+00
   0.14875E+02   0.29830E+02   0.24916E+02   0.30861E+00  -0.23770E+00
   0.15225E+02   0.29845E+02   0.24844E+02   0.32475E+00  -0.25542E+00
   0.15575E+02   0.29864E+02   0.24807E+02   0.34516E+00  -0.26808E+00
   0.15925E+02   0.29882E+02   0.24739E+02   0.35619E+00  -0.28576E+00
   0.16275E+02   0.29898E+02   0.24641E+02   0.37404E+00  -0.30687E+00
   0.16625E+02   0.29914E+02   0.24696E+02   0.39992E+00  -0.32189E+00
   0.16975E+02   0.29930E+02   0.25075E+02   0.42383E+00  -0.32484E+00
   0.17325E+02   0.29943E+02   0.25299E+02   0.44148E+00  -0.33025E+00
   0.17675E+02   0.29953E+02   0.25471E+02   0.46035E+00  -0.33761E+00
   0.18025E+02   0.29961E+02   0.25801E+02   0.48070E+00  -0.32823E+00
   0.18375E+02   0.29968E+02   0.26409E+02   0.49621E+00  -0.30399E+00
   0.18725E+02   0.29973E+02   0.27166E+02   0.50665E+00  -0.28296E+00
   0.19075E+02   0.29976E+02   0.27789E+02   0.51347E+00  -0.25732E+00
   0.19425E+02   0.29978E+02   0.28272E+02   0.51617E+00  -0.22034E+00
   0.19775E+02   0.29980E+02   0.28099E+02   0.50954E+00  -0.19516E+00
   0.20125E+02   0.29979E+02   0.27642E+02   0.49200E+00  -0.17913E+00
   0.20475E+02   0.29976E+02   0.27824E+02   0.47265E+00  -0.14632E+00
   0.20825E+02   0.29972E+02   0.28058E+02   0.45637E+00  -0.10943E+00
   0.21175E+02   0.29966E+02   0.27977E+02   0.43624E+00  -0.90695E-01
   0.21525E+02   0.29957E+02   0.27988E+02   0.41097E+00  -0.79669E-01
   0.21875E+02   0.29948E+02   0.27890E+02   0.39191E+00  -0.67848E-01
   0.22225E+02   0.29939E+02   0.27444E+02   0.37845E+00  -0.68839E-01
   0.22575E+02   0.29929E+02   0.27180E+02   0.36205E+00  -0.70471E-01
   0.22925E+02   0.29918E+02   0.27205E+02   0.34502E+00  -0.63419E-01
   0.23275E+02   0.29908E+02   0.27165E+02   0.33160E+00  -0.61521E-01
   0.23625E+02   0.29895E+02   0.27176E+02   0.32334E+00  -0.61095E-01
   0.23975E+02   0.29882E+02   0.27191E+02   0.31938E+00  -0.64054E-01
   0.24325E+02   0.29876E+02   0.27174E+02   0.31815E+00  -0.68208E-01
   0.24675E+02   0.29872E+02   0.26936E+02   0.31727E+00  -0.82382E-01
   0.25025E+02   0.29868E+02   0.26593E+02   0.31384E+00  -0.10226E+00
   0.25375E+02   0.29860E+02   0.26323E+02   0.30166E+00  -0.10927E+00
   0.25725E+02   0.29853E+02   0.25947E+02   0.29428E+00  -0.12277E+00
   0.26075E+02   0.29845E+02   0.25660E+02   0.29256E+00  -0.13939E+00
   0.26425E+02   0.29838E+02   0.25397E+02   0.29409E+00  -0.15218E+00
   0.26775E+02   0.29835E+02   0.25119E+02   0.30041E+00  -0.17276E+00
   0.27125E+02   0.29839E+02   0.25117E+02   0.31240E+00  -0.18985E+00
   0.27475E+02   0.29853E+02   0.24948E+02   0.32317E+00  -0.21122E+00
   0.27825E+02   0.29863E+02   0.24512E+02   0.32766E+00  -0.23443E+00
   0.28175E+02   0.29870E+02   0.24402E+02   0.33713E+00  -0.24686E+00
   0.28525E+02   0.29881E+02   0.24496E+02   0.35125E+00  -0.25706E+00
   0.28875E+02   0.29894E+02   0.24656E+02   0.36481E+00  -0.26512E+00
   0.29225E+02   0.29906E+02   0.24770E+02   0.37921E+00  -0.28164E+00
   0.29575E+02   0.29918E+02   0.24700E+02   0.39724E+00  -0.29852E+00
   0.29925E+02   0.29929E+02   0.24812E+02   0.41075E+00  -0.29910E+00
   0.30275E+02   0.29938E+02   0.25016E+02   0.42104E+00  -0.30359E+00
   0.30625E+02   0.29946E+02   0.25281E+02   0.43865E+00  -0.30556E+00
   0.30975E+02   0.29954E+02   0.25717E+02   0.45514E+00  -0.29376E+00
   0.31325E+02   0.29960E+02   0.25937E+02   0.46210E+00  -0.28865E+00
   0.31675E+02   0.29964E+02   0.26408E+02   0.47046E+00  -0.27429E+00
   0.32025E+02   0.29968E+02   0.26986E+02   0.48254E+00  -0.24818E+00
   0.32375E+02   0.29971E+02   0.27043E+02   0.48861E+00  -0.23364E+00
   0.32725E+02   0.29972E+02   0.27034E+02   0.48417E+00  -0.22148E+00
   0.33075E+02   0.29972E+02   0.27153E+02   0.47549E+00  -0.20173E+00
   0.33425E+02   0.29971E+02   0.27052E+02   0.46441E+00  -0.17810E+00
   0.33775E+02   0.29969E+02   0.26718E+02   0.45212E+00  -0.16232E+00
   0.34125E+02   0.29966E+02   0.26477E+02   0.43882E+00  -0.15897E+00
   0.34475E+02   0.29961E+02   0.26623E+02   0.42575E+00  -0.13963E+00
   0.34825E+02   0.29955E+02   0.26795E+02   0.41291E+00  -0.11397E+00
   0.35175E+02   0.29950E+02   0.26765E+02   0.40340E+00  -0.11036E+00
   0.35525E+02   0.29944E+02   0.26793E+02   0.39457E+00  -0.10526E+00
   0.35875E+02   0.29938E+02   0.26794E+02   0.38249E+00  -0.95019E-01
   0.36225E+02   0.29930E+02   0.26758E+02   0.37061E+00  -0.93759E-01
   0.36575E+02   0.29923E+02   0.26774E+02   0.36094E+00  -0.90459E-01
   0.36925E+02   0.29915E+02   0.26774E+02   0.35223E+00  -0.88188E-01
   0.37275E+02   0.29908E+02   0.26631E+02   0.34153E+00  -0.92635E-01
   0.37625E+02   0.29902E+02   0.26708E+02   0.32940E+00  -0.89115E-01
   0.37975E+02   0.29892E+02   0.27012E+02   0.32068E+00  -0.77482E-01
   0.38325E+02   0.29880E+02   0.27136E+02   0.31997E+00  -0.71932E-01
   0.38675E+02   0.29873E+02   0.27143E+02   0.32000E+00  -0.78366E-01
   0.39025E+02   0.29868E+02   0.27006E+02   0.31327E+00  -0.91465E-01
   0.39375E+02   0.29858E+02   0.26776E+02   0.30221E+00  -0.10171E+00
   0.39725E+02   0.29849E+02   0.26631E+02   0.29882E+00  -0.10553E+00
   0.40075E+02   0.29842E+02   0.26455E+02   0.29970E+00  -0.11284E+00
   0.40425E+02   0.29835E+02   0.26158E+02   0.29749E+00  -0.13127E+00
   0.40775E+02   0.29833E+02   0.25862E+02   0.29458E+00  -0.15179E+00
   0.41125E+02   0.29836E+02   0.25639E+02   0.29792E+00  -0.16404E+00
   0.41475E+02   0.29841E+02   0.25294E+02   0.30805E+00  -0.17922E+00
   0.41825E+02   0.29849E+02   0.24861E+02   0.31662E+00  -0.20306E+00
   0.42175E+02   0.29856E+02   0.24640E+02   0.32277E+00  -0.22358E+00
   0.42525E+02   0.29863E+02   0.24516E+02   0.33439E+00  -0.24121E+00
   0.42875E+02   0.29875E+02   0.24393E+02   0.34712E+00  -0.25791E+00
   0.43225E+02   0.29889E+02   0.24244E+02   0.36206E+00  -0.27786E+00
   0.43575E+02   0.29904E+02   0.24121E+02   0.38122E+00  -0.30102E+00
   0.43925E+02   0.29917E+02   0.24243E+02   0.39642E+00  -0.31284E+00
   0.44275E+02   0.29929E+02   0.24695E+02   0.41168E+00  -0.31228E+00
   0.44625E+02   0.29940E+02   0.24900E+02   0.43145E+00  -0.31997E+00
   0.44975E+02   0.29949E+02   0.25119E+02   0.45096E+00  -0.32510E+00
   0.45325E+02   0.29957E+02   0.25919E+02   0.46360E+00  -0.30636E+00
   0.45675E+02   0.29963E+02   0.26702E+02   0.47717E+00  -0.28321E+00
   0.46025E+02   0.29968E+02   0.27138E+02   0.49084E+00  -0.26817E+00
   0.46375E+02   0.29972E+02   0.27389E+02   0.49671E+00  -0.25028E+00
   0.46725E+02   0.29974E+02   0.27786E+02   0.49536E+00  -0.22655E+00
   0.47075E+02   0.29974E+02   0.28199E+02   0.48879E+00  -0.19640E+00
   0.47425E+02   0.29973E+02   0.28440E+02   0.47516E+00  -0.16169E+00
   0.47775E+02   0.29971E+02   0.28429E+02   0.46266E+00  -0.13875E+00
   0.48125E+02   0.29968E+02   0.28039E+02   0.44837E+00  -0.12455E+00
   0.48475E+02   0.29963E+02   0.27648E+02   0.42385E+00  -0.10784E+00
   0.48825E+02   0.29954E+02   0.27378E+02   0.40345E+00  -0.97931E-01
   0.49175E+02   0.29946E+02   0.27183E+02   0.39391E+00  -0.89547E-01
   0.49525E+02   0.29939E+02   0.27160E+02   0.37866E+00  -0.79386E-01
   0.49875E+02   0.29929E+02   0.27050E+02   0.35986E+00  -0.84416E-01
   0.50225E+02   0.29916E+02   0.26902E+02   0.34753E+00  -0.88920E-01
   0.50575E+02   0.29908E+02   0.26916E+02   0.34433E+00  -0.78520E-01
   0.50925E+02   0.29905E+02   0.26929E+02   0.34509E+00  -0.78772E-01
   0.51275E+02   0.29900E+02   0.26906E+02   0.33826E+00  -0.87642E-01
   0.51625E+02   0.29892E+02   0.26715E+02   0.32722E+00  -0.93713E-01
   0.51975E+02   0.29882E+02   0.26451E+02   0.32046E+00  -0.10073E+00
   0.52325E+02   0.29873E+02   0.26446E+02   0.31827E+00  -0.10133E+00
   0.52675E+02   0.29866E+02   0.26612E+02   0.31461E+00  -0.10119E+00
   0.53025E+02   0.29861E+02   0.26635E+02   0.31337E+00  -0.10865E+00
   0.53375E+02   0.29858E+02   0.26309E+02   0.31219E+00  -0.12810E+00
   0.53725E+02   0.29856E+02   0.26086E+02   0.30880E+00  -0.14266E+00
   0.54075E+02   0.29853E+02   0.26032E+02   0.30812E+00  -0.14248E+00
   0.54425E+02   0.29850E+02   0.25903E+02   0.31366E+00  -0.15153E+00
   0.54775E+02   0.29852E+02   0.25635E+02   0.31742E+00  -0.17084E+00
   0.55125E+02   0.29856E+02   0.25413E+02   0.31638E+00  -0.18555E+00
   0.55475E+02   0.29860E+02   0.25358E+02   0.31854E+00  -0.19635E+00
   0.55825E+02   0.29866E+02   0.25332E+02   0.32887E+00  -0.20186E+00
   0.56175E+02   0.29877E+02   0.25093E+02   0.34027E+00  -0.21264E+00
   0.56525E+02   0.29888E+02   0.24737E+02   0.34715E+00  -0.23687E+00
   0.56875E+02   0.29895E+02   0.24400E+02   0.35205E+00  -0.25734E+00
   0.57225E+02   0.29900E+02   0.24182E+02   0.36256E+00  -0.26986E+00
   0.57575E+02   0.29909E+02   0.24214E+02   0.38197E+00  -0.28487E+00
   0.57925E+02   0.29921E+02   0.24257E+02   0.40169E+00  -0.30326E+00
   0.58275E+02   0.29932E+02   0.24192E+02   0.41521E+00  -0.32434E+00
   0.58625E+02   0.29941E+02   0.24035E+02   0.42762E+00  -0.34167E+00
   0.58975E+02   0.29949E+02   0.24287E+02   0.44733E+00  -0.34304E+00
   0.59325E+02   0.29958E+02   0.24674E+02   0.46903E+00  -0.33791E+00
   0.59675E+02   0.29965E+02   0.25114E+02   0.48753E+00  -0.33135E+00
   0.60025E+02   0.29970E+02   0.25634E+02   0.49888E+00  -0.32051E+00
   0.60375E+02   0.29974E+02   0.26168E+02   0.50453E+00  -0.30201E+00
   0.60725E+02   0.29977E+02   0.26905E+02   0.51511E+00  -0.27174E+00
   0.61075E+02   0.29979E+02   0.27546E+02   0.52289E+00  -0.23698E+00
   0.61425E+02   0.29980E+02   0.27883E+02   0.51872E+00  -0.20610E+00
   0.61775E+02   0.29980E+02   0.27737E+02   0.50681E+00  -0.18483E+00
   0.62125E+02   0.29978E+02   0.27599E+02   0.48931E+00  -0.16636E+00
   0.62475E+02   0.29975E+02   0.27767E+02   0.47214E+00  -0.13279E+00
   0.62825E+02   0.29971E+02   0.27798E+02   0.45510E+00  -0.10565E+00
   0.63175E+02   0.29966E+02   0.27554E+02   0.43252E+00  -0.10213E+00
   0.63525E+02   0.29958E+02   0.27419E+02   0.40527E+00  -0.89610E-01
   0.63875E+02   0.29946E+02   0.27458E+02   0.38676E+00  -0.66294E-01
   0.64225E+02   0.29935E+02   0.27379E+02   0.37598E+00  -0.61308E-01
   0.64575E+02   0.29925E+02   0.27263E+02   0.36786E+00  -0.67563E-01
   0.64925E+02   0.29919E+02   0.27155E+02   0.35659E+00  -0.70814E-01
   0.65275E+02   0.29908E+02   0.26970E+02   0.33951E+00  -0.75997E-01
   0.65625E+02   0.29896E+02   0.26884E+02   0.32768E+00  -0.71758E-01
   0.65975E+02   0.29884E+02   0.26957E+02   0.32256E+00  -0.66268E-01
   0.66325E+02   0.29875E+02   0.26872E+02   0.32364E+00  -0.76511E-01
   0.66675E+02   0.29871E+02   0.26564E+02   0.31889E+00  -0.96481E-01
   0.67025E+02   0.29864E+02   0.26348E+02   0.30911E+00  -0.11064E+00
   0.67375E+02   0.29854E+02   0.26255E+02   0.30770E+00  -0.11315E+00
   0.67725E+02   0.29853E+02   0.26248E+02   0.31259E+00  -0.11561E+00
   0.68075E+02   0.29855E+02   0.26103E+02   0.31099E+00  -0.13240E+00
   0.68425E+02   0.29852E+02   0.25698E+02   0.30397E+00  -0.15715E+00
   0.68775E+02   0.29846E+02   0.25469E+02   0.30456E+00  -0.16721E+00
   0.69125E+02   0.29849E+02   0.25533E+02   0.31713E+00  -0.16633E+00
   0.69475E+02   0.29858E+02   0.25480E+02   0.32661E+00  -0.17829E+00
   0.69825E+02   0.29865E+02   0.25012E+02   0.32563E+00  -0.21000E+00
   0.70175E+02   0.29870E+02   0.24559E+02   0.32635E+00  -0.23264E+00
   0.70525E+02   0.29877E+02   0.24512E+02   0.33561E+00  -0.23831E+00
   0.70875E+02   0.29885E+02   0.24279E+02   0.34795E+00  -0.25694E+00
   0.71225E+02   0.29895E+02   0.24159E+02   0.36512E+00  -0.28246E+00
   0.71575E+02   0.29908E+02   0.24244E+02   0.38322E+00  -0.29942E+00
   0.71925E+02   0.29920E+02   0.24275E+02   0.39405E+00  -0.31289E+00
   0.72275E+02   0.29930E+02   0.24343E+02   0.41019E+00  -0.32546E+00
   0.72625E+02   0.29940E+02   0.24326E+02   0.43582E+00  -0.33722E+00
   0.72975E+02   0.29951E+02   0.24576E+02   0.46008E+00  -0.33957E+00
   0.73325E+02   0.29960E+02   0.25010E+02   0.47092E+00  -0.33492E+00
   0.73675E+02   0.29966E+02   0.25477E+02   0.47971E+00  -0.32678E+00
   0.74025E+02   0.29970E+02   0.26140E+02   0.49516E+00  -0.29707E+00
   0.74375E+02   0.29974E+02   0.26545E+02   0.51231E+00  -0.26965E+00
   0.74725E+02   0.29978E+02   0.26844E+02   0.51780E+00  -0.25710E+00
   0.75075E+02   0.29979E+02   0.27431E+02   0.51154E+00  -0.23345E+00
   0.75425E+02   0.29979E+02   0.27636E+02   0.50449E+00  -0.20413E+00
   0.75775E+02   0.29978E+02   0.27673E+02   0.49484E+00  -0.17244E+00
   0.76125E+02   0.29976E+02   0.27854E+02   0.47859E+00  -0.14285E+00
   0.76475E+02   0.29972E+02   0.27949E+02   0.45508E+00  -0.11985E+00
   0.76825E+02   0.29967E+02   0.27980E+02   0.43433E+00  -0.95139E-01
   0.77175E+02   0.29960E+02   0.27765E+02   0.42159E+00  -0.83098E-01
   0.77525E+02   0.29954E+02   0.27506E+02   0.40470E+00  -0.79004E-01
   0.77875E+02   0.29947E+02   0.27309E+02   0.38192E+00  -0.73474E-01
   0.78225E+02   0.29936E+02   0.27128E+02   0.36110E+00  -0.69586E-01
   0.78575E+02   0.29919E+02   0.26971E+02   0.34394E+00  -0.66796E-01
   0.78925E+02   0.29902E+02   0.26864E+02   0.33388E+00  -0.69389E-01
   0.79275E+02   0.29893E+02   0.26675E+02   0.33227E+00  -0.81737E-01
   0.79625E+02   0.29888E+02   0.26347E+02   0.32862E+00  -0.10314E+00
   0.79975E+02   0.29881E+02   0.26251E+02   0.32367E+00  -0.10642E+00
   0.80325E+02   0.29877E+02   0.26221E+02   0.32185E+00  -0.10132E+00
   0.80675E+02   0.29873E+02   0.26231E+02   0.32037E+00  -0.10840E+00
   0.81025E+02   0.29868E+02   0.26312E+02   0.32191E+00  -0.11332E+00
   0.81375E+02   0.29866E+02   0.26313E+02   0.32097E+00  -0.11892E+00
   0.81725E+02   0.29866E+02   0.26083E+02   0.31990E+00  -0.13126E+00
   0.82075E+02   0.29867E+02   0.25693E+02   0.31975E+00  -0.14984E+00
   0.82425E+02   0.29866E+02   0.25377E+02   0.31527E+00  -0.16517E+00
   0.82775E+02   0.29859E+02   0.25398E+02   0.30994E+00  -0.16356E+00
   0.83125E+02   0.29855E+02   0.25368E+02   0.31218E+00  -0.17283E+00
   0.83475E+02   0.29858E+02   0.25171E+02   0.31841E+00  -0.19489E+00
   0.83825E+02   0.29865E+02   0.24955E+02   0.32905E+00  -0.21336E+00
   0.84175E+02   0.29875E+02   0.24738E+02   0.34036E+00  -0.23255E+00
   0.84525E+02   0.29885E+02   0.24603E+02   0.35114E+00  -0.24708E+00
   0.84875E+02   0.29895E+02   0.24804E+02   0.36152E+00  -0.24843E+00
   0.85225E+02   0.29905E+02   0.24837E+02   0.37138E+00  -0.25883E+00
   0.85575E+02   0.29914E+02   0.24643E+02   0.38444E+00  -0.27393E+00
   0.85925E+02   0.29924E+02   0.24812E+02   0.39581E+00  -0.27684E+00
   0.86275E+02   0.29932E+02   0.25211E+02   0.41092E+00  -0.27610E+00
   0.86625E+02   0.29941E+02   0.25605E+02   0.42986E+00  -0.27090E+00
   0.86975E+02   0.29949E+02   0.26025E+02   0.44201E+00  -0.26500E+00
   0.87325E+02   0.29955E+02   0.26447E+02   0.44228E+00  -0.25542E+00
   0.87675E+02   0.29958E+02   0.26899E+02   0.44596E+00  -0.23569E+00
   0.88025E+02   0.29960E+02   0.27262E+02   0.45645E+00  -0.21453E+00
   0.88375E+02   0.29962E+02   0.27521E+02   0.46086E+00  -0.19629E+00
   0.88725E+02   0.29964E+02   0.27788E+02   0.45366E+00  -0.17995E+00
   0.89075E+02   0.29962E+02   0.27605E+02   0.44030E+00  -0.16821E+00
   0.89425E+02   0.29959E+02   0.27425E+02   0.42741E+00  -0.14446E+00
   0.89775E+02   0.29955E+02   0.27205E+02   0.41357E+00  -0.12692E+00
   0.90125E+02   0.29949E+02   0.26691E+02   0.40045E+00  -0.13417E+00
   0.90475E+02   0.29945E+02   0.26200E+02   0.38983E+00  -0.14138E+00
   0.90825E+02   0.29936E+02   0.26101E+02   0.37340E+00  -0.13630E+00
   0.91175E+02   0.29927E+02   0.26390E+02   0.36756E+00  -0.12045E+00
   0.91525E+02   0.29925E+02   0.26461E+02   0.36738E+00  -0.11419E+00
   0.91875E+02   0.29921E+02   0.26487E+02   0.36048E+00  -0.11913E+00
   0.92225E+02   0.29917E+02   0.26451E+02   0.35651E+00  -0.11803E+00
   0.92575E+02   0.29916E+02   0.26093E+02   0.35146E+00  -0.12319E+00
   0.92925E+02   0.29911E+02   0.25804E+02   0.34904E+00  -0.13097E+00
   0.93275E+02   0.29906E+02   0.25765E+02   0.34581E+00  -0.13270E+00
   0.93625E+02   0.29898E+02   0.25771E+02   0.33711E+00  -0.13619E+00
   0.93975E+02   0.29891E+02   0.25731E+02   0.33042E+00  -0.14211E+00
   0.94325E+02   0.29888E+02   0.25560E+02   0.32978E+00  -0.15687E+00
   0.94675E+02   0.29887E+02   0.25396E+02   0.33405E+00  -0.16800E+00
   0.95025E+02   0.29888E+02   0.25468E+02   0.34404E+00  -0.16786E+00
   0.95375E+02   0.29890E+02   0.25632E+02   0.34840E+00  -0.17093E+00
   0.95725E+02   0.29894E+02   0.25704E+02   0.34527E+00  -0.17636E+00
   0.96075E+02   0.29898E+02   0.25553E+02   0.34650E+00  -0.18533E+00
   0.96425E+02   0.29899E+02   0.25339E+02   0.35130E+00  -0.19714E+00
   0.96775E+02   0.29899E+02   0.25395E+02   0.35328E+00  -0.19577E+00
   0.97125E+02   0.29902E+02   0.25452E+02   0.35748E+00  -0.19584E+00
   0.97475E+02   0.29905E+02   0.25336E+02   0.36276E+00  -0.20974E+00
   0.97825E+02   0.29909E+02   0.25240E+02   0.36584E+00  -0.21710E+00
   0.98175E+02   0.29911E+02   0.25274E+02   0.36675E+00  -0.21784E+00
   0.98525E+02   0.29914E+02   0.25304E+02   0.37466E+00  -0.22334E+00
   0.98875E+02   0.29920E+02   0.25534E+02   0.38744E+00  -0.22173E+00
   0.99225E+02   0.29928E+02   0.26094E+02   0.39485E+00  -0.20995E+00
   0.99575E+02   0.29933E+02   0.26344E+02   0.39714E+00  -0.20508E+00
   0.99925E+02   0.29935E+02   0.26300E+02   0.40150E+00  -0.20490E+00
   0.10027E+03   0.29937E+02   0.26190E+02   0.40856E+00  -0.20095E+00
   0.10062E+03   0.29940E+02   0.26069E+02   0.40674E+00  -0.19706E+00
   0.10097E+03   0.29940E+02   0.26036E+02   0.40338E+00  -0.19508E+00
   0.10132E+03   0.29939E+02   0.26232E+02   0.39968E+00  -0.18440E+00
   0.10167E+03   0.29938E+02   0.26458E+02   0.39344E+00  -0.17199E+00
   0.10202E+03   0.29937E+02   0.26344E+02   0.39259E+00  -0.17189E+00
   0.10237E+03   0.29937E+02   0.26081E+02   0.39213E+00  -0.17555E+00
   0.10272E+03   0.29935E+02   0.25959E+02   0.38957E+00  -0.17376E+00
   0.10307E+03   0.29934E+02   0.25943E+02   0.38880E+00  -0.17142E+00
   0.10342E+03   0.29933E+02   0.25883E+02   0.38558E+00  -0.17217E+00
   0.10377E+03   0.29930E+02   0.25854E+02   0.37866E+00  -0.16943E+00
   0.10412E+03   0.29926E+02   0.26065E+02   0.37430E+00  -0.15797E+00
   0.10447E+03   0.29923E+02   0.26146E+02   0.37633E+00  -0.15494E+00
   0.10482E+03   0.29923E+02   0.26080E+02   0.37977E+00  -0.15900E+00
   0.10517E+03   0.29925E+02   0.26150E+02   0.37892E+00  -0.15883E+00
   0.10552E+03   0.29924E+02   0.26300E+02   0.37283E+00  -0.15230E+00
   0.10587E+03   0.29921E+02   0.26317E+02   0.36729E+00  -0.14240E+00
   0.10622E+03   0.29917E+02   0.26073E+02   0.36030E+00  -0.14569E+00
   0.10657E+03   0.29912E+02   0.25857E+02   0.35489E+00  -0.15461E+00
   0.10692E+03   0.29911E+02   0.25736E+02   0.35517E+00  -0.16059E+00
   0.10727E+03   0.29909E+02   0.25935E+02   0.35346E+00  -0.15920E+00
   0.10762E+03   0.29908E+02   0.26003E+02   0.35140E+00  -0.15617E+00
   0.10797E+03   0.29907E+02   0.25866E+02   0.35020E+00  -0.16118E+00
   0.10832E+03   0.29904E+02   0.26003E+02   0.35259E+00  -0.16118E+00
   0.10867E+03   0.29904E+02   0.25972E+02   0.35316E+00  -0.16203E+00
   0.10902E+03   0.29902E+02   0.25670E+02   0.35413E+00  -0.17433E+00
   0.10937E+03   0.29905E+02   0.25477E+02   0.36291E+00  -0.18580E+00
   0.10972E+03   0.29909E+02   0.25332E+02   0.36068E+00  -0.19292E+00
   0.11007E+03   0.29907E+02   0.25222E+02   0.35254E+00  -0.19707E+00
   0.11042E+03   0.29906E+02   0.24936E+02   0.35534E+00  -0.20837E+00
   0.11077E+03   0.29909E+02   0.24516E+02   0.36182E+00  -0.22620E+00
   0.11112E+03   0.29913E+02   0.24431E+02   0.37108E+00  -0.23796E+00
   0.11147E+03   0.29918E+02   0.24453E+02   0.38048E+00  -0.25101E+00
   0.11182E+03   0.29923E+02   0.24444E+02   0.38874E+00  -0.26390E+00
   0.11217E+03   0.29930E+02   0.24547E+02   0.39938E+00  -0.26762E+00
   0.11252E+03   0.29937E+02   0.24619E+02   0.41003E+00  -0.27359E+00
   0.11287E+03   0.29942E+02   0.24853E+02   0.41818E+00  -0.27248E+00
   0.11322E+03   0.29947E+02   0.25423E+02   0.42914E+00  -0.25905E+00
   0.11357E+03   0.29952E+02   0.25730E+02   0.44355E+00  -0.25365E+00
   0.11392E+03   0.29957E+02   0.25907E+02   0.45090E+00  -0.24837E+00
   0.11427E+03   0.29960E+02   0.26361E+02   0.45079E+00  -0.23292E+00
   0.11462E+03   0.29961E+02   0.26657E+02   0.44688E+00  -0.21540E+00
   0.11497E+03   0.29961E+02   0.26736E+02   0.44600E+00  -0.19792E+00
   0.11532E+03   0.29961E+02   0.26738E+02   0.44447E+00  -0.18480E+00
   0.11567E+03   0.29960E+02   0.26860E+02   0.43471E+00  -0.17355E+00
   0.11602E+03   0.29956E+02   0.27154E+02   0.42493E+00  -0.15031E+00
   0.11637E+03   0.29954E+02   0.27184E+02   0.41870E+00  -0.13494E+00
   0.11672E+03   0.29952E+02   0.26916E+02   0.40780E+00  -0.13387E+00
   0.11707E+03   0.29946E+02   0.26758E+02   0.39164E+00  -0.12528E+00
   0.11742E+03   0.29937E+02   0.26715E+02   0.38005E+00  -0.11309E+00
   0.11777E+03   0.29928E+02   0.26681E+02   0.37215E+00  -0.10409E+00
   0.11812E+03   0.29923E+02   0.26583E+02   0.36514E+00  -0.10630E+00
   0.11847E+03   0.29918E+02   0.26434E+02   0.35468E+00  -0.11448E+00
   0.11882E+03   0.29911E+02   0.26330E+02   0.34551E+00  -0.11215E+00
   0.11917E+03   0.29904E+02   0.26406E+02   0.33945E+00  -0.10305E+00
   0.11952E+03   0.29896E+02   0.26477E+02   0.33829E+00  -0.10361E+00
   0.11987E+03   0.29894E+02   0.26393E+02   0.34102E+00  -0.11481E+00
   0.12022E+03   0.29894E+02   0.26262E+02   0.33501E+00  -0.12448E+00
   0.12057E+03   0.29888E+02   0.26016E+02   0.32718E+00  -0.13335E+00
   0.12092E+03   0.29880E+02   0.25899E+02   0.32684E+00  -0.13955E+00
   0.12127E+03   0.29878E+02   0.25843E+02   0.33108E+00  -0.14294E+00
   0.12162E+03   0.29877E+02   0.25702E+02   0.32959E+00  -0.15673E+00
   0.12197E+03   0.29876E+02   0.25558E+02   0.32540E+00  -0.17152E+00
   0.12232E+03   0.29874E+02   0.25475E+02   0.32830E+00  -0.17818E+00
   0.12267E+03   0.29878E+02   0.25332E+02   0.33918E+00  -0.18622E+00
   0.12302E+03   0.29884E+02   0.25087E+02   0.34481E+00  -0.20421E+00
   0.12337E+03   0.29889E+02   0.24924E+02   0.34831E+00  -0.22329E+00
   0.12372E+03   0.29894E+02   0.24846E+02   0.35212E+00  -0.22838E+00
   0.12407E+03   0.29900E+02   0.24757E+02   0.35918E+00  -0.23885E+00
   0.12442E+03   0.29908E+02   0.24779E+02   0.37339E+00  -0.25170E+00
   0.12477E+03   0.29917E+02   0.25128E+02   0.38514E+00  -0.25375E+00
   0.12512E+03   0.29925E+02   0.25462E+02   0.39461E+00  -0.25367E+00
   0.12547E+03   0.29932E+02   0.25512E+02   0.40502E+00  -0.25313E+00
   0.12582E+03   0.29939E+02   0.25353E+02   0.41620E+00  -0.25917E+00
   0.12617E+03   0.29944E+02   0.25554E+02   0.42381E+00  -0.25726E+00
   0.12652E+03   0.29949E+02   0.25654E+02   0.43215E+00  -0.25287E+00
   0.12687E+03   0.29953E+02   0.25307E+02   0.43390E+00  -0.26169E+00
   0.12722E+03   0.29954E+02   0.25321E+02   0.43569E+00  -0.25785E+00
   0.12757E+03   0.29956E+02   0.25526E+02   0.44284E+00  -0.24600E+00
   0.12792E+03   0.29958E+02   0.25586E+02   0.44436E+00  -0.24258E+00
   0.12827E+03   0.29960E+02   0.25765E+02   0.44632E+00  -0.23371E+00
   0.12862E+03   0.29961E+02   0.25985E+02   0.44891E+00  -0.22078E+00
   0.12897E+03   0.29962E+02   0.26296E+02   0.44891E+00  -0.20150E+00
   0.12932E+03   0.29962E+02   0.26653E+02   0.45019E+00  -0.18095E+00
   0.12967E+03   0.29962E+02   0.26767E+02   0.44468E+00  -0.17306E+00
   0.13002E+03   0.29959E+02   0.26861E+02   0.43689E+00  -0.16042E+00
   0.13037E+03   0.29957E+02   0.26624E+02   0.43009E+00  -0.15160E+00
   0.13072E+03   0.29954E+02   0.26388E+02   0.41426E+00  -0.14933E+00
   0.13107E+03   0.29949E+02   0.26369E+02   0.39805E+00  -0.13817E+00
   0.13142E+03   0.29943E+02   0.26403E+02   0.38918E+00  -0.12646E+00
   0.13177E+03   0.29938E+02   0.26555E+02   0.37986E+00  -0.11587E+00
   0.13212E+03   0.29931E+02   0.26674E+02   0.36806E+00  -0.10832E+00
   0.13247E+03   0.29924E+02   0.26521E+02   0.36433E+00  -0.11448E+00
   0.13282E+03   0.29920E+02   0.26379E+02   0.36142E+00  -0.11892E+00
   0.13317E+03   0.29913E+02   0.26453E+02   0.35582E+00  -0.11380E+00
   0.13352E+03   0.29907E+02   0.26375E+02   0.34763E+00  -0.11453E+00
   0.13387E+03   0.29900E+02   0.26214E+02   0.33855E+00  -0.12109E+00
   0.13422E+03   0.29893E+02   0.26178E+02   0.33456E+00  -0.12232E+00
   0.13457E+03   0.29888E+02   0.26091E+02   0.33171E+00  -0.12767E+00
   0.13492E+03   0.29886E+02   0.25974E+02   0.33014E+00  -0.13735E+00
   0.13527E+03   0.29885E+02   0.25800E+02   0.33223E+00  -0.14771E+00
   0.13562E+03   0.29884E+02   0.25404E+02   0.33204E+00  -0.16564E+00
   0.13597E+03   0.29881E+02   0.25139E+02   0.32770E+00  -0.17655E+00
   0.13632E+03   0.29879E+02   0.25097E+02   0.32862E+00  -0.18236E+00
   0.13667E+03   0.29880E+02   0.24991E+02   0.33479E+00  -0.19406E+00
   0.13702E+03   0.29884E+02   0.24729E+02   0.34466E+00  -0.21185E+00
   0.13737E+03   0.29891E+02   0.24618E+02   0.35253E+00  -0.22892E+00
   0.13772E+03   0.29897E+02   0.24779E+02   0.36130E+00  -0.23635E+00
   0.13807E+03   0.29906E+02   0.24675E+02   0.37089E+00  -0.24656E+00
   0.13842E+03   0.29914E+02   0.24544E+02   0.38011E+00  -0.26003E+00
   0.13877E+03   0.29922E+02   0.24949E+02   0.39216E+00  -0.26023E+00
   0.13912E+03   0.29929E+02   0.25425E+02   0.39992E+00  -0.25315E+00
   0.13947E+03   0.29935E+02   0.25577E+02   0.41233E+00  -0.25405E+00
   0.13982E+03   0.29942E+02   0.25753E+02   0.42537E+00  -0.25821E+00
   0.14017E+03   0.29948E+02   0.26056E+02   0.43338E+00  -0.24996E+00
   0.14052E+03   0.29953E+02   0.26529E+02   0.43625E+00  -0.23164E+00
   0.14087E+03   0.29955E+02   0.26831E+02   0.43451E+00  -0.21802E+00
   0.14122E+03   0.29957E+02   0.26837E+02   0.43645E+00  -0.20624E+00
   0.14157E+03   0.29957E+02   0.26770E+02   0.43528E+00  -0.19404E+00
   0.14192E+03   0.29956E+02   0.26838E+02   0.43036E+00  -0.18121E+00
   0.14227E+03   0.29955E+02   0.27200E+02   0.42375E+00  -0.16204E+00
   0.14262E+03   0.29953E+02   0.27502E+02   0.41771E+00  -0.13934E+00
   0.14297E+03   0.29950E+02   0.27501E+02   0.40976E+00  -0.12472E+00
   0.14332E+03   0.29945E+02   0.27224E+02   0.39873E+00  -0.12142E+00
   0.14367E+03   0.29939E+02   0.27218E+02   0.38573E+00  -0.11227E+00
   0.14402E+03   0.29932E+02   0.27289E+02   0.37718E+00  -0.10061E+00
   0.14437E+03   0.29926E+02   0.27070E+02   0.37340E+00  -0.99631E-01
   0.14472E+03   0.29922E+02   0.26931E+02   0.35819E+00  -0.10163E+00
   0.14507E+03   0.29909E+02   0.26768E+02   0.33827E+00  -0.10186E+00
   0.14542E+03   0.29895E+02   0.26722E+02   0.33373E+00  -0.95565E-01
   0.14577E+03   0.29888E+02   0.26810E+02   0.33538E+00  -0.91576E-01
   0.14612E+03   0.29885E+02   0.26712E+02   0.33337E+00  -0.10261E+00
   0.14647E+03   0.29882E+02   0.26602E+02   0.33007E+00  -0.11593E+00
   0.14682E+03   0.29878E+02   0.26351E+02   0.32266E+00  -0.12353E+00
   0.14717E+03   0.29872E+02   0.26091E+02   0.31771E+00  -0.12637E+00
   0.14752E+03   0.29870E+02   0.25926E+02   0.31792E+00  -0.13397E+00
   0.14787E+03   0.29870E+02   0.25702E+02   0.31616E+00  -0.14865E+00
   0.14822E+03   0.29869E+02   0.25811E+02   0.31459E+00  -0.14949E+00
   0.14857E+03   0.29868E+02   0.25873E+02   0.31660E+00  -0.15182E+00
   0.14892E+03   0.29866E+02   0.25674E+02   0.32250E+00  -0.16780E+00
   0.14927E+03   0.29870E+02   0.25791E+02   0.33403E+00  -0.17460E+00
   0.14962E+03   0.29877E+02   0.25845E+02   0.33853E+00  -0.18227E+00
   0.14997E+03   0.29882E+02   0.25752E+02   0.33797E+00  -0.19114E+00
   0.15032E+03   0.29886E+02   0.25849E+02   0.34241E+00  -0.18997E+00
   0.15067E+03   0.29891E+02   0.25623E+02   0.34895E+00  -0.19711E+00
   0.15102E+03   0.29896E+02   0.25476E+02   0.35504E+00  -0.20566E+00
   0.15137E+03   0.29901E+02   0.25754E+02   0.35963E+00  -0.20718E+00
   0.15172E+03   0.29905E+02   0.25798E+02   0.36654E+00  -0.21417E+00
   0.15207E+03   0.29911E+02   0.25955E+02   0.37418E+00  -0.21244E+00
   0.15242E+03   0.29917E+02   0.26142E+02   0.37853E+00  -0.20739E+00
   0.15277E+03   0.29921E+02   0.25969E+02   0.38114E+00  -0.21185E+00
   0.15312E+03   0.29923E+02   0.25989E+02   0.38638E+00  -0.20835E+00
   0.15347E+03   0.29927E+02   0.25765E+02   0.39546E+00  -0.21457E+00
   0.15382E+03   0.29932E+02   0.25487E+02   0.39876E+00  -0.22648E+00
   0.15417E+03   0.29934E+02   0.25558E+02   0.39850E+00  -0.22428E+00
   0.15452E+03   0.29936E+02   0.25622E+02   0.39686E+00  -0.21856E+00
   0.15487E+03   0.29938E+02   0.25907E+02   0.39845E+00  -0.20502E+00
   0.15522E+03   0.29939E+02   0.26095E+02   0.40538E+00  -0.19921E+00
   0.15557E+03   0.29941E+02   0.26191E+02   0.41036E+00  -0.19886E+00
   0.15592E+03   0.29943E+02   0.26448E+02   0.41492E+00  -0.18679E+00
   0.15627E+03   0.29946E+02   0.26678E+02   0.41478E+00  -0.17629E+00
   0.15662E+03   0.29946E+02   0.26640E+02   0.40744E+00  -0.16836E+00
   0.15697E+03   0.29945E+02   0.26820E+02   0.39708E+00  -0.14756E+00
   0.15732E+03   0.29942E+02   0.27052E+02   0.38898E+00  -0.12957E+00
   0.15767E+03   0.29937E+02   0.26652E+02   0.38133E+00  -0.13602E+00
   0.15802E+03   0.29931E+02   0.26296E+02   0.37424E+00  -0.14439E+00
   0.15837E+03   0.29928E+02   0.26157E+02   0.36840E+00  -0.14478E+00
   0.15872E+03   0.29923E+02   0.25970E+02   0.35764E+00  -0.14532E+00
   0.15907E+03   0.29914E+02   0.25827E+02   0.34824E+00  -0.14528E+00
   0.15942E+03   0.29905E+02   0.25614E+02   0.34548E+00  -0.15382E+00
   0.15977E+03   0.29901E+02   0.25638E+02   0.34994E+00  -0.15790E+00
   0.16012E+03   0.29903E+02   0.25713E+02   0.35779E+00  -0.16247E+00
   0.16047E+03   0.29908E+02   0.25687E+02   0.36171E+00  -0.17484E+00
   0.16082E+03   0.29911E+02   0.25632E+02   0.36336E+00  -0.17623E+00
   0.16117E+03   0.29912E+02   0.25437E+02   0.36147E+00  -0.17665E+00
   0.16152E+03   0.29910E+02   0.25383E+02   0.35793E+00  -0.17841E+00
   0.16187E+03   0.29907E+02   0.25454E+02   0.35807E+00  -0.17810E+00
   0.16222E+03   0.29908E+02   0.25570E+02   0.36313E+00  -0.18217E+00
   0.16257E+03   0.29911E+02   0.25788E+02   0.36843E+00  -0.18222E+00
   0.16292E+03   0.29914E+02   0.25766E+02   0.36866E+00  -0.18639E+00
   0.16327E+03   0.29914E+02   0.25668E+02   0.36380E+00  -0.19120E+00
   0.16362E+03   0.29913E+02   0.25652E+02   0.36799E+00  -0.18979E+00
   0.16397E+03   0.29917E+02   0.25618E+02   0.37311E+00  -0.19300E+00
   0.16432E+03   0.29918E+02   0.25709E+02   0.37134E+00  -0.19386E+00
   0.16467E+03   0.29918E+02   0.25656E+02   0.37328E+00  -0.19633E+00
   0.16502E+03   0.29919E+02   0.25328E+02   0.37469E+00  -0.20667E+00
   0.16537E+03   0.29921E+02   0.25367E+02   0.37739E+00  -0.20441E+00
   0.16572E+03   0.29922E+02   0.25540E+02   0.38018E+00  -0.20023E+00
   0.16607E+03   0.29925E+02   0.25515E+02   0.38436E+00  -0.20765E+00
   0.16642E+03   0.29929E+02   0.25655E+02   0.39062E+00  -0.20708E+00
   0.16677E+03   0.29931E+02   0.25691E+02   0.39327E+00  -0.20709E+00
   0.16712E+03   0.29932E+02   0.25657E+02   0.39566E+00  -0.21045E+00
   0.16747E+03   0.29936E+02   0.25505E+02   0.39999E+00  -0.21052E+00
   0.16782E+03   0.29937E+02   0.25534E+02   0.40021E+00  -0.21048E+00
   0.16817E+03   0.29938E+02   0.25776E+02   0.40084E+00  -0.20401E+00
   0.16852E+03   0.29939E+02   0.25981E+02   0.40179E+00  -0.19038E+00
   0.16887E+03   0.29939E+02   0.26131E+02   0.40121E+00  -0.18627E+00
   0.16922E+03   0.29941E+02   0.26099E+02   0.40261E+00  -0.18816E+00
   0.16957E+03   0.29943E+02   0.26294E+02   0.40138E+00  -0.17543E+00
   0.16992E+03   0.29941E+02   0.26515E+02   0.39500E+00  -0.16125E+00
   0.17027E+03   0.29937E+02   0.26478E+02   0.39171E+00  -0.15452E+00
   0.17062E+03   0.29934E+02   0.26351E+02   0.38739E+00  -0.14970E+00
   0.17097E+03   0.29932E+02   0.26198E+02   0.37881E+00  -0.15244E+00
   0.17132E+03   0.29927E+02   0.26133E+02   0.37208E+00  -0.15299E+00
   0.17167E+03   0.29923E+02   0.26001E+02   0.36727E+00  -0.15171E+00
   0.17202E+03   0.29919E+02   0.25910E+02   0.36418E+00  -0.15333E+00
   0.17237E+03   0.29916E+02   0.25742E+02   0.36258E+00  -0.15784E+00
   0.17272E+03   0.29913E+02   0.25569E+02   0.35682E+00  -0.16443E+00
   0.17307E+03   0.29908E+02   0.25646E+02   0.35434E+00  -0.16412E+00
   0.17342E+03   0.29908E+02   0.25667E+02   0.36435E+00  -0.16398E+00
   0.17377E+03   0.29912E+02   0.25850E+02   0.36605E+00  -0.16229E+00
   0.17412E+03   0.29913E+02   0.26164E+02   0.36434E+00  -0.15697E+00
   0.17447E+03   0.29913E+02   0.26141E+02   0.36414E+00  -0.15753E+00
   0.17482E+03   0.29913E+02   0.26017E+02   0.36206E+00  -0.16029E+00
   0.17517E+03   0.29914E+02   0.26016E+02   0.36268E+00  -0.15893E+00
   0.17552E+03   0.29913E+02   0.25941E+02   0.35755E+00  -0.15789E+00
   0.17587E+03   0.29912E+02   0.25788E+02   0.35155E+00  -0.16244E+00
   0.17622E+03   0.29909E+02   0.25572E+02   0.34557E+00  -0.16872E+00
   0.17657E+03   0.29904E+02   0.25287E+02   0.34460E+00  -0.17905E+00
   0.17692E+03   0.29903E+02   0.25124E+02   0.34764E+00  -0.19052E+00
   0.17727E+03   0.29902E+02   0.25075E+02   0.35177E+00  -0.19736E+00
   0.17762E+03   0.29904E+02   0.25087E+02   0.35936E+00  -0.20671E+00
   0.17797E+03   0.29908E+02   0.25113E+02   0.36614E+00  -0.21414E+00
   0.17832E+03   0.29914E+02   0.25178E+02   0.37244E+00  -0.21664E+00
   0.17867E+03   0.29917E+02   0.25285E+02   0.37951E+00  -0.22067E+00
   0.17902E+03   0.29923E+02   0.25599E+02   0.39093E+00  -0.21541E+00
   0.17937E+03   0.29930E+02   0.25747E+02   0.39578E+00  -0.21221E+00
   0.17972E+03   0.29932E+02   0.25636E+02   0.39833E+00  -0.21749E+00
   0.18007E+03   0.29935E+02   0.25585E+02   0.40081E+00  -0.21691E+00
   0.18042E+03   0.29937E+02   0.25281E+02   0.39754E+00  -0.22078E+00
   0.18077E+03   0.29938E+02   0.25212E+02   0.39964E+00  -0.22090E+00
   0.18112E+03   0.29939E+02   0.25364E+02   0.40127E+00  -0.21793E+00
   0.18147E+03   0.29939E+02   0.25218E+02   0.40071E+00  -0.22109E+00
   0.18182E+03   0.29940E+02   0.25151E+02   0.40526E+00  -0.22329E+00
   0.18217E+03   0.29943E+02   0.25135E+02   0.40743E+00  -0.22991E+00
   0.18252E+03   0.29945E+02   0.25131E+02   0.40926E+00  -0.22405E+00
   0.18287E+03   0.29947E+02   0.25166E+02   0.41340E+00  -0.21563E+00
   0.18322E+03   0.29948E+02   0.25456E+02   0.41602E+00  -0.21274E+00
   0.18357E+03   0.29949E+02   0.25889E+02   0.41705E+00  -0.19568E+00
   0.18392E+03   0.29949E+02   0.25841E+02   0.41619E+00  -0.19231E+00
   0.18427E+03   0.29949E+02   0.25703E+02   0.41686E+00  -0.19721E+00
   0.18462E+03   0.29948E+02   0.25812E+02   0.41549E+00  -0.18185E+00
   0.18497E+03   0.29946E+02   0.25729E+02   0.41099E+00  -0.17802E+00
   0.18532E+03   0.29945E+02   0.25660E+02   0.40266E+00  -0.17974E+00
   0.18567E+03   0.29943E+02   0.25876E+02   0.39539E+00  -0.16675E+00
   0.18602E+03   0.29939E+02   0.26037E+02   0.39125E+00  -0.15751E+00
   0.18637E+03   0.29936E+02   0.26211E+02   0.38915E+00  -0.14935E+00
   0.18672E+03   0.29934E+02   0.26223E+02   0.38704E+00  -0.14698E+00
   0.18707E+03   0.29931E+02   0.26042E+02   0.38232E+00  -0.15141E+00
   0.18742E+03   0.29929E+02   0.25890E+02   0.37631E+00  -0.15069E+00
   0.18777E+03   0.29925E+02   0.25802E+02   0.36750E+00  -0.14861E+00
   0.18812E+03   0.29922E+02   0.25772E+02   0.35932E+00  -0.14936E+00
   0.18847E+03   0.29916E+02   0.25875E+02   0.35450E+00  -0.14225E+00
   0.18882E+03   0.29911E+02   0.25850E+02   0.35416E+00  -0.14380E+00
   0.18917E+03   0.29910E+02   0.25836E+02   0.35154E+00  -0.14940E+00
   0.18952E+03   0.29907E+02   0.25897E+02   0.35210E+00  -0.14909E+00
   0.18987E+03   0.29905E+02   0.25867E+02   0.35638E+00  -0.15385E+00
   0.19022E+03   0.29906E+02   0.25876E+02   0.35607E+00  -0.15486E+00
   0.19057E+03   0.29905E+02   0.25953E+02   0.35122E+00  -0.15465E+00
   0.19092E+03   0.29901E+02   0.25911E+02   0.34657E+00  -0.15687E+00
   0.19127E+03   0.29899E+02   0.25868E+02   0.34799E+00  -0.15473E+00
   0.19162E+03   0.29900E+02   0.25956E+02   0.35050E+00  -0.15163E+00
   0.19197E+03   0.29901E+02   0.25806E+02   0.34713E+00  -0.16066E+00
   0.19232E+03   0.29900E+02   0.25646E+02   0.34453E+00  -0.16865E+00
   0.19267E+03   0.29899E+02   0.25600E+02   0.34552E+00  -0.16742E+00
   0.19302E+03   0.29898E+02   0.25630E+02   0.34417E+00  -0.17075E+00
   0.19337E+03   0.29899E+02   0.25702E+02   0.34564E+00  -0.17404E+00
   0.19372E+03   0.29900E+02   0.25578E+02   0.35035E+00  -0.18215E+00
   0.19407E+03   0.29901E+02   0.25455E+02   0.35519E+00  -0.19295E+00
   0.19442E+03   0.29904E+02   0.25545E+02   0.35841E+00  -0.19074E+00
   0.19477E+03   0.29907E+02   0.25518E+02   0.36549E+00  -0.19662E+00
   0.19512E+03   0.29912E+02   0.25401E+02   0.37054E+00  -0.20634E+00
   0.19547E+03   0.29916E+02   0.25446E+02   0.36910E+00  -0.20594E+00
   0.19582E+03   0.29917E+02   0.25509E+02   0.37186E+00  -0.20549E+00
   0.19617E+03   0.29920E+02   0.25221E+02   0.37766E+00  -0.21178E+00
   0.19652E+03   0.29923E+02   0.24954E+02   0.38233E+00  -0.22467E+00
   0.19687E+03   0.29926E+02   0.24836E+02   0.38809E+00  -0.23696E+00
   0.19722E+03   0.29929E+02   0.24866E+02   0.39367E+00  -0.24104E+00
   0.19757E+03   0.29932E+02   0.25235E+02   0.39567E+00  -0.23285E+00
   0.19792E+03   0.29935E+02   0.25395E+02   0.40405E+00  -0.23247E+00
   0.19827E+03   0.29939E+02   0.25139E+02   0.41276E+00  -0.24310E+00
   0.19862E+03   0.29943E+02   0.24885E+02   0.41630E+00  -0.24783E+00
   0.19897E+03   0.29947E+02   0.24956E+02   0.42086E+00  -0.24762E+00
   0.19932E+03   0.29949E+02   0.25260E+02   0.42622E+00  -0.23784E+00
   0.19967E+03   0.29953E+02   0.25289E+02   0.42936E+00  -0.23051E+00
   0.20002E+03   0.29955E+02   0.25328E+02   0.42536E+00  -0.22892E+00
   0.20037E+03   0.29954E+02   0.25533E+02   0.42155E+00  -0.22073E+00
   0.20072E+03   0.29954E+02   0.25458E+02   0.42676E+00  -0.21437E+00
   0.20107E+03   0.29955E+02   0.25687E+02   0.43618E+00  -0.20824E+00
   0.20142E+03   0.29957E+02   0.25969E+02   0.43506E+00  -0.20191E+00
   0.20177E+03   0.29956E+02   0.25935E+02   0.42756E+00  -0.19549E+00
   0.20212E+03   0.29955E+02   0.25902E+02   0.41772E+00  -0.18328E+00
   0.20247E+03   0.29952E+02   0.25956E+02   0.40917E+00  -0.16903E+00
   0.20282E+03   0.29948E+02   0.26110E+02   0.41115E+00  -0.15630E+00
   0.20317E+03   0.29947E+02   0.26182E+02   0.40961E+00  -0.15052E+00
   0.20352E+03   0.29945E+02   0.26153E+02   0.39839E+00  -0.15120E+00
   0.20387E+03   0.29941E+02   0.26102E+02   0.38686E+00  -0.14547E+00
   0.20422E+03   0.29934E+02   0.26152E+02   0.37969E+00  -0.13366E+00
   0.20457E+03   0.29929E+02   0.26205E+02   0.37585E+00  -0.12674E+00
   0.20492E+03   0.29924E+02   0.26288E+02   0.37049E+00  -0.12942E+00
   0.20527E+03   0.29919E+02   0.26295E+02   0.36424E+00  -0.13559E+00
   0.20562E+03   0.29915E+02   0.26194E+02   0.36038E+00  -0.13216E+00
   0.20597E+03   0.29912E+02   0.26182E+02   0.35592E+00  -0.12720E+00
   0.20632E+03   0.29908E+02   0.26085E+02   0.35038E+00  -0.13463E+00
   0.20667E+03   0.29903E+02   0.26094E+02   0.34692E+00  -0.13434E+00
   0.20702E+03   0.29899E+02   0.26270E+02   0.34275E+00  -0.12748E+00
   0.20737E+03   0.29895E+02   0.26301E+02   0.33874E+00  -0.13196E+00
   0.20772E+03   0.29893E+02   0.26099E+02   0.33993E+00  -0.13756E+00
   0.20807E+03   0.29893E+02   0.25771E+02   0.33623E+00  -0.14867E+00
   0.20842E+03   0.29888E+02   0.25721E+02   0.33189E+00  -0.15392E+00
   0.20877E+03   0.29886E+02   0.25649E+02   0.33218E+00  -0.15485E+00
   0.20912E+03   0.29884E+02   0.25543E+02   0.33289E+00  -0.16893E+00
   0.20947E+03   0.29884E+02   0.25476E+02   0.33947E+00  -0.18252E+00
   0.20982E+03   0.29890E+02   0.25101E+02   0.34174E+00  -0.19740E+00
   0.21017E+03   0.29892E+02   0.24996E+02   0.34188E+00  -0.20720E+00
   0.21052E+03   0.29896E+02   0.25096E+02   0.35049E+00  -0.20594E+00
   0.21087E+03   0.29902E+02   0.25013E+02   0.35952E+00  -0.21240E+00
   0.21122E+03   0.29906E+02   0.25041E+02   0.36726E+00  -0.22161E+00
   0.21157E+03   0.29911E+02   0.25136E+02   0.37390E+00  -0.22881E+00
   0.21192E+03   0.29917E+02   0.25220E+02   0.38092E+00  -0.23430E+00
   0.21227E+03   0.29924E+02   0.25445E+02   0.39127E+00  -0.23187E+00
   0.21262E+03   0.29930E+02   0.25548E+02   0.40003E+00  -0.23370E+00
   0.21297E+03   0.29935E+02   0.25528E+02   0.40326E+00  -0.23659E+00
   0.21332E+03   0.29938E+02   0.25610E+02   0.40566E+00  -0.23361E+00
   0.21367E+03   0.29941E+02   0.25486E+02   0.41242E+00  -0.23956E+00
   0.21402E+03   0.29944E+02   0.25347E+02   0.41914E+00  -0.24326E+00
   0.21437E+03   0.29947E+02   0.25279E+02   0.42010E+00  -0.24134E+00
   0.21472E+03   0.29948E+02   0.25270E+02   0.41938E+00  -0.24197E+00
   0.21507E+03   0.29948E+02   0.25602E+02   0.42246E+00  -0.22546E+00
   0.21542E+03   0.29950E+02   0.25900E+02   0.42686E+00  -0.20900E+00
   0.21577E+03   0.29953E+02   0.26031E+02   0.43103E+00  -0.20700E+00
   0.21612E+03   0.29954E+02   0.25954E+02   0.43327E+00  -0.20520E+00
   0.21647E+03   0.29955E+02   0.25777E+02   0.42979E+00  -0.20030E+00
   0.21682E+03   0.29955E+02   0.26023E+02   0.42482E+00  -0.18196E+00
   0.21717E+03   0.29953E+02   0.26278E+02   0.41928E+00  -0.16498E+00
   0.21752E+03   0.29951E+02   0.26167E+02   0.41172E+00  -0.16271E+00
   0.21787E+03   0.29948E+02   0.26284E+02   0.40132E+00  -0.15126E+00
   0.21822E+03   0.29943E+02   0.26368E+02   0.39440E+00  -0.14228E+00
   0.21857E+03   0.29940E+02   0.26367E+02   0.39268E+00  -0.13596E+00
   0.21892E+03   0.29937E+02   0.26578E+02   0.38684E+00  -0.12285E+00
   0.21927E+03   0.29932E+02   0.26560E+02   0.37794E+00  -0.12398E+00
   0.21962E+03   0.29928E+02   0.26407E+02   0.36626E+00  -0.12244E+00
   0.21997E+03   0.29921E+02   0.26308E+02   0.35200E+00  -0.11902E+00
   0.22032E+03   0.29911E+02   0.26238E+02   0.34772E+00  -0.11942E+00
   0.22067E+03   0.29905E+02   0.26332E+02   0.34720E+00  -0.11069E+00
   0.22102E+03   0.29901E+02   0.26415E+02   0.34291E+00  -0.11268E+00
   0.22137E+03   0.29896E+02   0.26339E+02   0.33519E+00  -0.12291E+00
   0.22172E+03   0.29890E+02   0.26038E+02   0.33074E+00  -0.13565E+00
   0.22207E+03   0.29888E+02   0.25645E+02   0.33200E+00  -0.14776E+00
   0.22242E+03   0.29888E+02   0.25480E+02   0.32906E+00  -0.15135E+00
   0.22277E+03   0.29886E+02   0.25630E+02   0.32528E+00  -0.15369E+00
   0.22312E+03   0.29881E+02   0.25817E+02   0.32712E+00  -0.15030E+00
   0.22347E+03   0.29880E+02   0.25710E+02   0.33374E+00  -0.15774E+00
   0.22382E+03   0.29882E+02   0.25613E+02   0.33910E+00  -0.17553E+00
   0.22417E+03   0.29888E+02   0.25515E+02   0.34293E+00  -0.18356E+00
   0.22452E+03   0.29892E+02   0.25289E+02   0.34706E+00  -0.19162E+00
   0.22487E+03   0.29894E+02   0.25130E+02   0.34947E+00  -0.20060E+00
   0.22522E+03   0.29897E+02   0.25035E+02   0.34888E+00  -0.20908E+00
   0.22557E+03   0.29899E+02   0.24731E+02   0.35202E+00  -0.22708E+00
   0.22592E+03   0.29903E+02   0.24588E+02   0.36046E+00  -0.24191E+00
   0.22627E+03   0.29908E+02   0.24791E+02   0.37265E+00  -0.24708E+00
   0.22662E+03   0.29916E+02   0.24880E+02   0.38783E+00  -0.25604E+00
   0.22697E+03   0.29926E+02   0.24913E+02   0.39838E+00  -0.26623E+00
   0.22732E+03   0.29933E+02   0.24919E+02   0.40362E+00  -0.27330E+00
   0.22767E+03   0.29939E+02   0.24983E+02   0.41303E+00  -0.27276E+00
   0.22802E+03   0.29945E+02   0.25473E+02   0.42507E+00  -0.25867E+00
   0.22837E+03   0.29951E+02   0.25740E+02   0.43574E+00  -0.25324E+00
   0.22872E+03   0.29955E+02   0.26027E+02   0.44243E+00  -0.24745E+00
   0.22907E+03   0.29958E+02   0.26287E+02   0.44458E+00  -0.23475E+00
   0.22942E+03   0.29959E+02   0.26217E+02   0.44693E+00  -0.22648E+00
   0.22977E+03   0.29960E+02   0.26283E+02   0.44730E+00  -0.21546E+00
   0.23012E+03   0.29962E+02   0.26353E+02   0.44465E+00  -0.20400E+00
   0.23047E+03   0.29962E+02   0.26471E+02   0.43666E+00  -0.18887E+00
   0.23082E+03   0.29960E+02   0.26311E+02   0.42608E+00  -0.17739E+00
   0.23117E+03   0.29957E+02   0.26354E+02   0.41895E+00  -0.16447E+00
   0.23152E+03   0.29955E+02   0.26391E+02   0.41492E+00  -0.15105E+00
   0.23187E+03   0.29952E+02   0.26280E+02   0.40811E+00  -0.14643E+00
   0.23222E+03   0.29947E+02   0.26286E+02   0.39878E+00  -0.14050E+00
   0.23257E+03   0.29941E+02   0.26163E+02   0.38874E+00  -0.13551E+00
   0.23292E+03   0.29936E+02   0.26061E+02   0.37979E+00  -0.13378E+00
   0.23327E+03   0.29931E+02   0.26048E+02   0.37456E+00  -0.13050E+00
   0.23362E+03   0.29927E+02   0.25800E+02   0.36600E+00  -0.13744E+00
   0.23397E+03   0.29922E+02   0.25604E+02   0.35605E+00  -0.14111E+00
   0.23432E+03   0.29916E+02   0.25886E+02   0.35542E+00  -0.12908E+00
   0.23467E+03   0.29913E+02   0.26125E+02   0.35487E+00  -0.12094E+00
   0.23502E+03   0.29910E+02   0.26003E+02   0.35099E+00  -0.13154E+00
   0.23537E+03   0.29907E+02   0.25954E+02   0.34931E+00  -0.13980E+00
   0.23572E+03   0.29904E+02   0.26044E+02   0.34437E+00  -0.13447E+00
   0.23607E+03   0.29899E+02   0.26124E+02   0.34353E+00  -0.12902E+00
   0.23642E+03   0.29897E+02   0.26184E+02   0.34235E+00  -0.13286E+00
   0.23677E+03   0.29893E+02   0.25950E+02   0.33805E+00  -0.14913E+00
   0.23712E+03   0.29888E+02   0.25642E+02   0.33373E+00  -0.15683E+00
   0.23747E+03   0.29885E+02   0.25543E+02   0.32921E+00  -0.15897E+00
   0.23782E+03   0.29883E+02   0.25574E+02   0.33022E+00  -0.16425E+00
   0.23817E+03   0.29884E+02   0.25649E+02   0.33702E+00  -0.16571E+00
   0.23852E+03   0.29886E+02   0.25800E+02   0.34068E+00  -0.16952E+00
   0.23887E+03   0.29887E+02   0.25765E+02   0.34181E+00  -0.17952E+00
   0.23922E+03   0.29891E+02   0.25624E+02   0.34730E+00  -0.18736E+00
   0.23957E+03   0.29896E+02   0.25575E+02   0.35657E+00  -0.19539E+00
   0.23992E+03   0.29902E+02   0.25560E+02   0.36427E+00  -0.19895E+00
   0.24027E+03   0.29906E+02   0.25472E+02   0.36374E+00  -0.20336E+00
   0.24062E+03   0.29909E+02   0.25383E+02   0.36147E+00  -0.21520E+00
   0.24097E+03   0.29913E+02   0.25371E+02   0.36650E+00  -0.21679E+00
   0.24132E+03   0.29917E+02   0.25267E+02   0.37581E+00  -0.21972E+00
   0.24167E+03   0.29922E+02   0.25104E+02   0.38228E+00  -0.23018E+00
   0.24202E+03   0.29926E+02   0.25229E+02   0.38503E+00  -0.23036E+00
   0.24237E+03   0.29930E+02   0.25543E+02   0.39394E+00  -0.22651E+00
   0.24272E+03   0.29935E+02   0.25605E+02   0.40216E+00  -0.22508E+00
   0.24307E+03   0.29938E+02   0.25806E+02   0.40401E+00  -0.22156E+00
   0.24342E+03   0.29941E+02   0.26024E+02   0.41156E+00  -0.21678E+00
   0.24377E+03   0.29944E+02   0.26221E+02   0.41752E+00  -0.20612E+00
   0.24412E+03   0.29946E+02   0.26174E+02   0.41867E+00  -0.20428E+00
   0.24447E+03   0.29947E+02   0.25857E+02   0.41597E+00  -0.21254E+00
   0.24482E+03   0.29947E+02   0.25498E+02   0.41248E+00  -0.21494E+00
   0.24517E+03   0.29946E+02   0.25491E+02   0.40617E+00  -0.20426E+00
   0.24552E+03   0.29944E+02   0.25908E+02   0.40274E+00  -0.18454E+00
   0.24587E+03   0.29944E+02   0.26014E+02   0.40292E+00  -0.17843E+00
   0.24622E+03   0.29944E+02   0.26172E+02   0.40262E+00  -0.17560E+00
   0.24657E+03   0.29945E+02   0.26335E+02   0.40424E+00  -0.16541E+00
   0.24692E+03   0.29944E+02   0.26202E+02   0.39902E+00  -0.16209E+00
   0.24727E+03   0.29941E+02   0.26036E+02   0.39447E+00  -0.15756E+00
   0.24762E+03   0.29938E+02   0.26153E+02   0.39122E+00  -0.14804E+00
   0.24797E+03   0.29936E+02   0.26175E+02   0.38032E+00  -0.14479E+00
   0.24832E+03   0.29930E+02   0.25932E+02   0.36593E+00  -0.14786E+00
   0.24867E+03   0.29922E+02   0.25864E+02   0.36296E+00  -0.14869E+00
   0.24902E+03   0.29919E+02   0.25954E+02   0.36574E+00  -0.14192E+00
   0.24937E+03   0.29917E+02   0.25976E+02   0.36368E+00  -0.14250E+00
   0.24972E+03   0.29914E+02   0.25873E+02   0.35968E+00  -0.15595E+00
   0.25007E+03   0.29911E+02   0.25839E+02   0.35532E+00  -0.15736E+00
   0.25042E+03   0.29909E+02   0.25993E+02   0.35661E+00  -0.14692E+00
   0.25077E+03   0.29909E+02   0.26107E+02   0.35886E+00  -0.14955E+00
   0.25112E+03   0.29909E+02   0.26091E+02   0.35452E+00  -0.15375E+00
   0.25147E+03   0.29908E+02   0.26049E+02   0.35187E+00  -0.15011E+00
   0.25182E+03   0.29907E+02   0.25951E+02   0.35077E+00  -0.15236E+00
   0.25217E+03   0.29904E+02   0.25730E+02   0.34692E+00  -0.15900E+00
   0.25252E+03   0.29900E+02   0.25558E+02   0.34429E+00  -0.16777E+00
   0.25287E+03   0.29898E+02   0.25390E+02   0.34491E+00  -0.17898E+00
   0.25322E+03   0.29896E+02   0.25042E+02   0.34555E+00  -0.19182E+00
   0.25357E+03   0.29896E+02   0.24819E+02   0.34636E+00  -0.20753E+00
   0.25392E+03   0.29898E+02   0.24797E+02   0.35104E+00  -0.21791E+00
   0.25427E+03   0.29904E+02   0.24890E+02   0.36359E+00  -0.22028E+00
   0.25462E+03   0.29911E+02   0.24886E+02   0.37453E+00  -0.22815E+00
   0.25497E+03   0.29917E+02   0.24687E+02   0.37789E+00  -0.24329E+00
   0.25532E+03   0.29923E+02   0.24561E+02   0.38363E+00  -0.24984E+00
   0.25567E+03   0.29929E+02   0.24706E+02   0.39583E+00  -0.24769E+00
   0.25602E+03   0.29935E+02   0.24955E+02   0.40424E+00  -0.24519E+00
   0.25637E+03   0.29939E+02   0.25034E+02   0.40704E+00  -0.24753E+00
   0.25672E+03   0.29942E+02   0.24843E+02   0.41566E+00  -0.25954E+00
   0.25707E+03   0.29946E+02   0.25005E+02   0.42439E+00  -0.26186E+00
   0.25742E+03   0.29950E+02   0.25663E+02   0.43113E+00  -0.24646E+00
   0.25777E+03   0.29953E+02   0.25796E+02   0.43678E+00  -0.24240E+00
   0.25812E+03   0.29956E+02   0.25771E+02   0.44163E+00  -0.24250E+00
   0.25847E+03   0.29958E+02   0.26012E+02   0.44225E+00  -0.22492E+00
   0.25882E+03   0.29958E+02   0.26280E+02   0.43911E+00  -0.21141E+00
   0.25917E+03   0.29958E+02   0.26442E+02   0.44233E+00  -0.20172E+00
   0.25952E+03   0.29959E+02   0.26294E+02   0.44286E+00  -0.19288E+00
   0.25987E+03   0.29959E+02   0.26309E+02   0.43389E+00  -0.18265E+00
   0.26022E+03   0.29956E+02   0.26502E+02   0.42047E+00  -0.16363E+00
   0.26057E+03   0.29953E+02   0.26444E+02   0.40992E+00  -0.15124E+00
   0.26092E+03   0.29950E+02   0.26534E+02   0.40535E+00  -0.13834E+00
   0.26127E+03   0.29946E+02   0.26774E+02   0.40231E+00  -0.12675E+00
   0.26162E+03   0.29940E+02   0.26854E+02   0.39435E+00  -0.12088E+00
   0.26197E+03   0.29935E+02   0.26748E+02   0.38225E+00  -0.11861E+00
   0.26232E+03   0.29931E+02   0.26621E+02   0.37202E+00  -0.11804E+00
   0.26267E+03   0.29925E+02   0.26658E+02   0.36522E+00  -0.10760E+00
   0.26302E+03   0.29921E+02   0.26529E+02   0.35352E+00  -0.10302E+00
   0.26337E+03   0.29913E+02   0.26438E+02   0.33797E+00  -0.10770E+00
   0.26372E+03   0.29901E+02   0.26587E+02   0.33531E+00  -0.10322E+00
   0.26407E+03   0.29893E+02   0.26558E+02   0.33922E+00  -0.10308E+00
   0.26442E+03   0.29891E+02   0.26303E+02   0.33371E+00  -0.11826E+00
   0.26477E+03   0.29885E+02   0.25990E+02   0.32402E+00  -0.13694E+00
   0.26512E+03   0.29877E+02   0.25751E+02   0.32331E+00  -0.14353E+00
   0.26547E+03   0.29877E+02   0.25846E+02   0.32436E+00  -0.13474E+00
   0.26582E+03   0.29880E+02   0.25810E+02   0.32177E+00  -0.14370E+00
   0.26617E+03   0.29879E+02   0.25488E+02   0.32041E+00  -0.16831E+00
   0.26652E+03   0.29877E+02   0.25317E+02   0.32727E+00  -0.17329E+00
   0.26687E+03   0.29878E+02   0.25327E+02   0.33442E+00  -0.17229E+00
   0.26722E+03   0.29880E+02   0.25332E+02   0.33742E+00  -0.18761E+00
   0.26757E+03   0.29883E+02   0.25258E+02   0.34556E+00  -0.20423E+00
   0.26792E+03   0.29889E+02   0.25113E+02   0.35239E+00  -0.21302E+00
   0.26827E+03   0.29895E+02   0.25261E+02   0.35310E+00  -0.21403E+00
   0.26862E+03   0.29901E+02   0.25083E+02   0.35737E+00  -0.22562E+00
   0.26897E+03   0.29908E+02   0.24534E+02   0.36864E+00  -0.24804E+00
   0.26932E+03   0.29915E+02   0.24434E+02   0.37909E+00  -0.25708E+00
   0.26967E+03   0.29922E+02   0.24354E+02   0.38545E+00  -0.26676E+00
   0.27002E+03   0.29926E+02   0.24283E+02   0.38556E+00  -0.28028E+00
   0.27037E+03   0.29930E+02   0.24329E+02   0.40056E+00  -0.28612E+00
   0.27072E+03   0.29938E+02   0.24409E+02   0.42137E+00  -0.29143E+00
   0.27107E+03   0.29946E+02   0.24598E+02   0.42998E+00  -0.29723E+00
   0.27142E+03   0.29951E+02   0.24741E+02   0.44169E+00  -0.30276E+00
   0.27177E+03   0.29957E+02   0.25089E+02   0.45826E+00  -0.29481E+00
   0.27212E+03   0.29963E+02   0.25576E+02   0.47379E+00  -0.27714E+00
   0.27247E+03   0.29967E+02   0.26016E+02   0.47784E+00  -0.26797E+00
   0.27282E+03   0.29969E+02   0.26631E+02   0.47573E+00  -0.24834E+00
   0.27317E+03   0.29971E+02   0.27265E+02   0.47920E+00  -0.21406E+00
   0.27352E+03   0.29973E+02   0.27418E+02   0.48246E+00  -0.18987E+00
   0.27387E+03   0.29972E+02   0.27078E+02   0.47192E+00  -0.18183E+00
   0.27422E+03   0.29970E+02   0.26837E+02   0.45432E+00  -0.16714E+00
   0.27457E+03   0.29966E+02   0.26677E+02   0.44017E+00  -0.14671E+00
   0.27492E+03   0.29961E+02   0.26547E+02   0.42646E+00  -0.13493E+00
   0.27527E+03   0.29956E+02   0.26426E+02   0.40856E+00  -0.12985E+00
   0.27562E+03   0.29950E+02   0.26425E+02   0.39055E+00  -0.12402E+00
   0.27597E+03   0.29942E+02   0.26602E+02   0.38353E+00  -0.10620E+00
   0.27632E+03   0.29936E+02   0.26660E+02   0.37735E+00  -0.96223E-01
   0.27667E+03   0.29930E+02   0.26375E+02   0.36840E+00  -0.10996E+00
   0.27702E+03   0.29925E+02   0.26315E+02   0.36371E+00  -0.11058E+00
   0.27737E+03   0.29917E+02   0.26565E+02   0.35773E+00  -0.96755E-01
   0.27772E+03   0.29910E+02   0.26658E+02   0.34930E+00  -0.91272E-01
   0.27807E+03   0.29904E+02   0.26624E+02   0.33950E+00  -0.96978E-01
   0.27842E+03   0.29896E+02   0.26434E+02   0.33412E+00  -0.10899E+00
   0.27877E+03   0.29890E+02   0.26320E+02   0.33032E+00  -0.10621E+00
   0.27912E+03   0.29883E+02   0.26348E+02   0.32216E+00  -0.10426E+00
   0.27947E+03   0.29875E+02   0.26287E+02   0.31964E+00  -0.11936E+00
   0.27982E+03   0.29873E+02   0.26024E+02   0.32102E+00  -0.13162E+00
   0.28017E+03   0.29868E+02   0.25674E+02   0.31500E+00  -0.14595E+00
   0.28052E+03   0.29858E+02   0.25362E+02   0.30833E+00  -0.16187E+00
   0.28087E+03   0.29855E+02   0.25255E+02   0.31465E+00  -0.16897E+00
   0.28122E+03   0.29861E+02   0.25420E+02   0.32697E+00  -0.17294E+00
   0.28157E+03   0.29868E+02   0.25281E+02   0.33238E+00  -0.18616E+00
   0.28192E+03   0.29873E+02   0.24884E+02   0.33262E+00  -0.21065E+00
   0.28227E+03   0.29877E+02   0.24765E+02   0.33856E+00  -0.22135E+00
   0.28262E+03   0.29887E+02   0.24634E+02   0.35344E+00  -0.22934E+00
   0.28297E+03   0.29899E+02   0.24307E+02   0.36296E+00  -0.25352E+00
   0.28332E+03   0.29906E+02   0.24196E+02   0.36646E+00  -0.27064E+00
   0.28367E+03   0.29912E+02   0.24446E+02   0.37606E+00  -0.27410E+00
   0.28402E+03   0.29921E+02   0.24571E+02   0.39162E+00  -0.27936E+00
   0.28437E+03   0.29931E+02   0.24421E+02   0.40689E+00  -0.29436E+00
   0.28472E+03   0.29939E+02   0.24428E+02   0.42198E+00  -0.30851E+00
   0.28507E+03   0.29947E+02   0.24674E+02   0.43599E+00  -0.30675E+00
   0.28542E+03   0.29954E+02   0.25075E+02   0.44986E+00  -0.29796E+00
   0.28577E+03   0.29960E+02   0.25397E+02   0.45915E+00  -0.29443E+00
   0.28612E+03   0.29963E+02   0.25726E+02   0.46626E+00  -0.28381E+00
   0.28647E+03   0.29966E+02   0.26195E+02   0.47947E+00  -0.26291E+00
   0.28682E+03   0.29969E+02   0.26776E+02   0.48557E+00  -0.24206E+00
   0.28717E+03   0.29972E+02   0.27121E+02   0.48336E+00  -0.22568E+00
   0.28752E+03   0.29972E+02   0.26803E+02   0.48276E+00  -0.21793E+00
   0.28787E+03   0.29972E+02   0.26612E+02   0.47625E+00  -0.20265E+00
   0.28822E+03   0.29970E+02   0.27030E+02   0.46174E+00  -0.17040E+00
   0.28857E+03   0.29967E+02   0.27209E+02   0.44738E+00  -0.14830E+00
   0.28892E+03   0.29963E+02   0.26983E+02   0.43551E+00  -0.13998E+00
   0.28927E+03   0.29960E+02   0.26933E+02   0.42799E+00  -0.12528E+00
   0.28962E+03   0.29955E+02   0.27123E+02   0.41123E+00  -0.10360E+00
   0.28997E+03   0.29948E+02   0.27384E+02   0.39368E+00  -0.83042E-01
   0.29032E+03   0.29942E+02   0.27562E+02   0.38806E+00  -0.66913E-01
   0.29067E+03   0.29935E+02   0.27591E+02   0.37565E+00  -0.59689E-01
   0.29102E+03   0.29924E+02   0.27383E+02   0.35514E+00  -0.66825E-01
   0.29137E+03   0.29910E+02   0.27107E+02   0.33854E+00  -0.75310E-01
   0.29172E+03   0.29901E+02   0.26978E+02   0.33025E+00  -0.73363E-01
   0.29207E+03   0.29895E+02   0.26837E+02   0.32040E+00  -0.74816E-01
   0.29242E+03   0.29881E+02   0.26623E+02   0.30895E+00  -0.88057E-01
   0.29277E+03   0.29863E+02   0.26329E+02   0.30115E+00  -0.10467E+00
   0.29312E+03   0.29854E+02   0.26193E+02   0.30180E+00  -0.11132E+00
   0.29347E+03   0.29855E+02   0.26262E+02   0.31249E+00  -0.11668E+00
   0.29382E+03   0.29857E+02   0.26070E+02   0.31757E+00  -0.13484E+00
   0.29417E+03   0.29859E+02   0.25707E+02   0.31545E+00  -0.14958E+00
   0.29452E+03   0.29859E+02   0.25613E+02   0.31036E+00  -0.15285E+00
   0.29487E+03   0.29859E+02   0.25533E+02   0.31359E+00  -0.15986E+00
   0.29522E+03   0.29861E+02   0.25296E+02   0.31892E+00  -0.17219E+00
   0.29557E+03   0.29862E+02   0.25283E+02   0.32404E+00  -0.18428E+00
   0.29592E+03   0.29866E+02   0.25362E+02   0.33190E+00  -0.19682E+00
   0.29627E+03   0.29872E+02   0.25283E+02   0.33561E+00  -0.20728E+00
   0.29662E+03   0.29879E+02   0.25161E+02   0.34135E+00  -0.21848E+00
   0.29697E+03   0.29889E+02   0.25037E+02   0.35011E+00  -0.23064E+00
   0.29732E+03   0.29899E+02   0.24964E+02   0.36169E+00  -0.23924E+00
   0.29767E+03   0.29907E+02   0.24943E+02   0.36907E+00  -0.24717E+00
   0.29802E+03   0.29913E+02   0.24753E+02   0.37730E+00  -0.26320E+00
   0.29837E+03   0.29921E+02   0.25047E+02   0.39384E+00  -0.26851E+00
   0.29872E+03   0.29931E+02   0.25776E+02   0.41038E+00  -0.26037E+00
   0.29907E+03   0.29939E+02   0.26072E+02   0.41687E+00  -0.25950E+00
   0.29942E+03   0.29944E+02   0.25989E+02   0.42428E+00  -0.25961E+00
   0.29977E+03   0.29949E+02   0.26091E+02   0.43836E+00  -0.25347E+00
   0.30012E+03   0.29954E+02   0.26601E+02   0.44736E+00  -0.23560E+00
   0.30047E+03   0.29958E+02   0.27240E+02   0.44820E+00  -0.21215E+00
   0.30082E+03   0.29959E+02   0.27707E+02   0.44782E+00  -0.19460E+00
   0.30118E+03   0.29960E+02   0.27773E+02   0.44670E+00  -0.17547E+00
   0.30153E+03   0.29960E+02   0.27594E+02   0.43829E+00  -0.16221E+00
   0.30188E+03   0.29959E+02   0.27106E+02   0.42522E+00  -0.16379E+00
   0.30223E+03   0.29955E+02   0.26821E+02   0.41429E+00  -0.15306E+00
   0.30258E+03   0.29949E+02   0.26884E+02   0.40613E+00  -0.12932E+00
   0.30293E+03   0.29945E+02   0.26856E+02   0.39166E+00  -0.12173E+00
   0.30328E+03   0.29938E+02   0.26631E+02   0.37257E+00  -0.12718E+00
   0.30363E+03   0.29930E+02   0.26271E+02   0.36357E+00  -0.13077E+00
   0.30398E+03   0.29926E+02   0.26438E+02   0.36453E+00  -0.11508E+00
   0.30433E+03   0.29922E+02   0.26829E+02   0.36336E+00  -0.96025E-01
   0.30468E+03   0.29916E+02   0.26920E+02   0.35958E+00  -0.10218E+00
   0.30503E+03   0.29911E+02   0.26840E+02   0.35182E+00  -0.11003E+00
   0.30538E+03   0.29907E+02   0.26621E+02   0.34366E+00  -0.11224E+00
   0.30573E+03   0.29902E+02   0.26313E+02   0.33711E+00  -0.12004E+00
   0.30608E+03   0.29893E+02   0.26041E+02   0.33059E+00  -0.12713E+00
   0.30643E+03   0.29884E+02   0.26099E+02   0.32747E+00  -0.12502E+00
   0.30678E+03   0.29879E+02   0.26209E+02   0.32524E+00  -0.12384E+00
   0.30713E+03   0.29876E+02   0.26233E+02   0.31828E+00  -0.13317E+00
   0.30748E+03   0.29868E+02   0.26287E+02   0.31853E+00  -0.13748E+00
   0.30783E+03   0.29869E+02   0.26093E+02   0.33245E+00  -0.14506E+00
   0.30818E+03   0.29877E+02   0.25796E+02   0.33673E+00  -0.16252E+00
   0.30853E+03   0.29880E+02   0.25633E+02   0.32813E+00  -0.17268E+00
   0.30888E+03   0.29876E+02   0.25619E+02   0.32414E+00  -0.17574E+00
   0.30923E+03   0.29873E+02   0.25593E+02   0.33239E+00  -0.17549E+00
   0.30958E+03   0.29878E+02   0.25400E+02   0.33984E+00  -0.18692E+00
   0.30993E+03   0.29884E+02   0.25089E+02   0.34164E+00  -0.21579E+00
   0.31028E+03   0.29891E+02   0.25024E+02   0.34684E+00  -0.22544E+00
   0.31063E+03   0.29897E+02   0.24870E+02   0.35808E+00  -0.22896E+00
   0.31098E+03   0.29905E+02   0.24511E+02   0.36877E+00  -0.25018E+00
   0.31133E+03   0.29912E+02   0.24641E+02   0.37438E+00  -0.26150E+00
   0.31168E+03   0.29918E+02   0.24739E+02   0.38417E+00  -0.26789E+00
   0.31203E+03   0.29925E+02   0.24551E+02   0.39954E+00  -0.27995E+00
   0.31238E+03   0.29934E+02   0.24679E+02   0.41367E+00  -0.28508E+00
   0.31273E+03   0.29943E+02   0.24794E+02   0.42579E+00  -0.29004E+00
   0.31308E+03   0.29949E+02   0.24907E+02   0.43687E+00  -0.29154E+00
   0.31343E+03   0.29954E+02   0.25445E+02   0.44676E+00  -0.27758E+00
   0.31378E+03   0.29959E+02   0.26009E+02   0.45471E+00  -0.26176E+00
   0.31413E+03   0.29962E+02   0.26356E+02   0.46244E+00  -0.25153E+00
   0.31448E+03   0.29965E+02   0.26605E+02   0.47162E+00  -0.24165E+00
   0.31483E+03   0.29967E+02   0.26872E+02   0.47090E+00  -0.22161E+00
   0.31518E+03   0.29969E+02   0.27100E+02   0.46314E+00  -0.19875E+00
   0.31553E+03   0.29968E+02   0.27347E+02   0.45817E+00  -0.18180E+00
   0.31588E+03   0.29966E+02   0.27538E+02   0.45064E+00  -0.15594E+00
   0.31623E+03   0.29963E+02   0.27387E+02   0.43551E+00  -0.13854E+00
   0.31658E+03   0.29958E+02   0.27159E+02   0.42074E+00  -0.13594E+00
   0.31693E+03   0.29954E+02   0.27264E+02   0.41011E+00  -0.11730E+00
   0.31728E+03   0.29950E+02   0.27286E+02   0.39662E+00  -0.97260E-01
   0.31763E+03   0.29942E+02   0.27058E+02   0.38113E+00  -0.97049E-01
   0.31798E+03   0.29930E+02   0.27016E+02   0.36632E+00  -0.92583E-01
   0.31833E+03   0.29920E+02   0.27148E+02   0.35572E+00  -0.75406E-01
   0.31868E+03   0.29912E+02   0.27145E+02   0.34861E+00  -0.73100E-01
   0.31903E+03   0.29903E+02   0.26847E+02   0.34205E+00  -0.90928E-01
   0.31938E+03   0.29897E+02   0.26510E+02   0.33434E+00  -0.10249E+00
   0.31973E+03   0.29890E+02   0.26318E+02   0.32357E+00  -0.10343E+00
   0.32008E+03   0.29882E+02   0.26347E+02   0.31610E+00  -0.10440E+00
   0.32043E+03   0.29874E+02   0.26424E+02   0.31533E+00  -0.10481E+00
   0.32078E+03   0.29869E+02   0.26366E+02   0.31746E+00  -0.11160E+00
   0.32113E+03   0.29865E+02   0.26194E+02   0.31743E+00  -0.12678E+00
   0.32148E+03   0.29864E+02   0.26042E+02   0.31743E+00  -0.13656E+00
   0.32183E+03   0.29864E+02   0.26053E+02   0.31854E+00  -0.13660E+00
   0.32218E+03   0.29869E+02   0.26007E+02   0.31832E+00  -0.14049E+00
   0.32253E+03   0.29870E+02   0.25798E+02   0.31541E+00  -0.15389E+00
   0.32288E+03   0.29864E+02   0.25731E+02   0.31244E+00  -0.16047E+00
   0.32323E+03   0.29857E+02   0.25634E+02   0.31338E+00  -0.16711E+00
   0.32358E+03   0.29859E+02   0.25496E+02   0.32620E+00  -0.18034E+00
   0.32393E+03   0.29871E+02   0.25430E+02   0.33833E+00  -0.19584E+00
   0.32428E+03   0.29880E+02   0.25342E+02   0.33521E+00  -0.20902E+00
   0.32463E+03   0.29883E+02   0.25331E+02   0.33538E+00  -0.20994E+00
   0.32498E+03   0.29887E+02   0.25345E+02   0.34888E+00  -0.21203E+00
   0.32533E+03   0.29896E+02   0.25076E+02   0.36274E+00  -0.22848E+00
   0.32568E+03   0.29905E+02   0.24867E+02   0.36915E+00  -0.24566E+00
   0.32603E+03   0.29913E+02   0.24976E+02   0.38044E+00  -0.25471E+00
   0.32638E+03   0.29921E+02   0.25097E+02   0.39047E+00  -0.25547E+00
   0.32673E+03   0.29928E+02   0.25152E+02   0.39727E+00  -0.25673E+00
   0.32708E+03   0.29935E+02   0.25623E+02   0.40818E+00  -0.25675E+00
   0.32743E+03   0.29942E+02   0.26271E+02   0.41834E+00  -0.24360E+00
   0.32778E+03   0.29947E+02   0.26486E+02   0.42701E+00  -0.23112E+00
   0.32813E+03   0.29951E+02   0.26642E+02   0.43508E+00  -0.22813E+00
   0.32848E+03   0.29955E+02   0.26838E+02   0.44314E+00  -0.21802E+00
   0.32883E+03   0.29958E+02   0.27204E+02   0.44135E+00  -0.19447E+00
   0.32918E+03   0.29958E+02   0.27392E+02   0.42802E+00  -0.17692E+00
   0.32953E+03   0.29955E+02   0.27078E+02   0.41857E+00  -0.16904E+00
   0.32988E+03   0.29952E+02   0.26888E+02   0.41502E+00  -0.15522E+00
   0.33023E+03   0.29949E+02   0.27085E+02   0.40680E+00  -0.13784E+00
   0.33058E+03   0.29945E+02   0.27170E+02   0.39880E+00  -0.13062E+00
   0.33093E+03   0.29941E+02   0.26974E+02   0.38956E+00  -0.12952E+00
   0.33128E+03   0.29934E+02   0.26890E+02   0.37754E+00  -0.12293E+00
   0.33163E+03   0.29927E+02   0.26918E+02   0.37047E+00  -0.11104E+00
   0.33198E+03   0.29921E+02   0.26803E+02   0.36146E+00  -0.11084E+00
   0.33233E+03   0.29916E+02   0.26684E+02   0.35449E+00  -0.11569E+00
   0.33268E+03   0.29911E+02   0.26564E+02   0.35088E+00  -0.11420E+00
   0.33303E+03   0.29904E+02   0.26398E+02   0.34509E+00  -0.11644E+00
   0.33338E+03   0.29900E+02   0.26301E+02   0.33567E+00  -0.11851E+00
   0.33373E+03   0.29895E+02   0.26213E+02   0.32769E+00  -0.12133E+00
   0.33408E+03   0.29889E+02   0.26177E+02   0.32974E+00  -0.12541E+00
   0.33443E+03   0.29884E+02   0.26213E+02   0.33081E+00  -0.12410E+00
   0.33478E+03   0.29880E+02   0.26060E+02   0.32701E+00  -0.13511E+00
   0.33513E+03   0.29880E+02   0.25670E+02   0.32600E+00  -0.15784E+00
   0.33548E+03   0.29882E+02   0.25486E+02   0.32782E+00  -0.16202E+00
   0.33583E+03   0.29879E+02   0.25422E+02   0.32740E+00  -0.16444E+00
   0.33618E+03   0.29876E+02   0.25210E+02   0.32776E+00  -0.18037E+00
   0.33653E+03   0.29877E+02   0.24956E+02   0.33271E+00  -0.19891E+00
   0.33688E+03   0.29883E+02   0.24745E+02   0.34195E+00  -0.21597E+00
   0.33723E+03   0.29890E+02   0.24628E+02   0.34552E+00  -0.22556E+00
   0.33758E+03   0.29894E+02   0.24540E+02   0.35147E+00  -0.23694E+00
   0.33793E+03   0.29903E+02   0.24315E+02   0.36511E+00  -0.25373E+00
   0.33828E+03   0.29913E+02   0.24195E+02   0.37475E+00  -0.26847E+00
   0.33863E+03   0.29920E+02   0.24319E+02   0.38361E+00  -0.28078E+00
   0.33898E+03   0.29927E+02   0.24482E+02   0.39624E+00  -0.28650E+00
   0.33933E+03   0.29935E+02   0.24744E+02   0.41502E+00  -0.28695E+00
   0.33968E+03   0.29944E+02   0.24772E+02   0.43069E+00  -0.29748E+00
   0.34003E+03   0.29951E+02   0.24773E+02   0.43823E+00  -0.30623E+00
   0.34038E+03   0.29955E+02   0.25256E+02   0.44766E+00  -0.29543E+00
   0.34073E+03   0.29960E+02   0.25600E+02   0.46427E+00  -0.28349E+00
   0.34108E+03   0.29965E+02   0.25518E+02   0.47589E+00  -0.28551E+00
   0.34143E+03   0.29968E+02   0.25739E+02   0.47851E+00  -0.28099E+00
   0.34178E+03   0.29970E+02   0.25819E+02   0.47731E+00  -0.26712E+00
   0.34213E+03   0.29971E+02   0.25728E+02   0.47787E+00  -0.25226E+00
   0.34248E+03   0.29972E+02   0.26231E+02   0.48099E+00  -0.22990E+00
   0.34283E+03   0.29972E+02   0.26768E+02   0.48166E+00  -0.20825E+00
   0.34318E+03   0.29972E+02   0.27013E+02   0.47416E+00  -0.18735E+00
   0.34353E+03   0.29970E+02   0.26966E+02   0.46410E+00  -0.17385E+00
   0.34388E+03   0.29968E+02   0.26706E+02   0.45636E+00  -0.16540E+00
   0.34423E+03   0.29966E+02   0.26725E+02   0.44278E+00  -0.13898E+00
   0.34458E+03   0.29962E+02   0.26851E+02   0.42701E+00  -0.11609E+00
   0.34493E+03   0.29956E+02   0.26739E+02   0.40971E+00  -0.11267E+00
   0.34528E+03   0.29947E+02   0.26726E+02   0.39181E+00  -0.10119E+00
   0.34563E+03   0.29939E+02   0.26810E+02   0.38170E+00  -0.90004E-01
   0.34598E+03   0.29932E+02   0.26893E+02   0.37464E+00  -0.88136E-01
   0.34633E+03   0.29925E+02   0.26924E+02   0.36485E+00  -0.85848E-01
   0.34668E+03   0.29916E+02   0.26774E+02   0.35349E+00  -0.89949E-01
   0.34703E+03   0.29906E+02   0.26627E+02   0.34337E+00  -0.93828E-01
   0.34738E+03   0.29896E+02   0.26467E+02   0.33412E+00  -0.97312E-01
   0.34773E+03   0.29889E+02   0.26336E+02   0.32653E+00  -0.10231E+00
   0.34808E+03   0.29883E+02   0.26191E+02   0.32344E+00  -0.11078E+00
   0.34843E+03   0.29875E+02   0.26150E+02   0.32169E+00  -0.11662E+00
   0.34878E+03   0.29870E+02   0.26133E+02   0.31905E+00  -0.11851E+00
   0.34913E+03   0.29867E+02   0.25839E+02   0.31468E+00  -0.13573E+00
   0.34948E+03   0.29865E+02   0.25513E+02   0.31782E+00  -0.15454E+00
   0.34983E+03   0.29868E+02   0.25335E+02   0.32141E+00  -0.16079E+00
   0.35018E+03   0.29868E+02   0.25273E+02   0.31763E+00  -0.16865E+00
   0.35053E+03   0.29866E+02   0.25281E+02   0.32056E+00  -0.17869E+00
   0.35088E+03   0.29870E+02   0.25420E+02   0.33239E+00  -0.18298E+00
   0.35123E+03   0.29877E+02   0.25569E+02   0.33774E+00  -0.18490E+00
   0.35158E+03   0.29881E+02   0.25521E+02   0.34303E+00  -0.19670E+00
   0.35193E+03   0.29888E+02   0.25652E+02   0.35402E+00  -0.20323E+00
   0.35228E+03   0.29896E+02   0.25704E+02   0.36178E+00  -0.20288E+00
   0.35263E+03   0.29904E+02   0.25609E+02   0.36688E+00  -0.21353E+00
   0.35298E+03   0.29911E+02   0.25187E+02   0.36617E+00  -0.23113E+00
   0.35333E+03   0.29914E+02   0.24675E+02   0.36442E+00  -0.24383E+00
   0.35368E+03   0.29915E+02   0.24651E+02   0.37295E+00  -0.24470E+00
   0.35403E+03   0.29921E+02   0.24558E+02   0.38500E+00  -0.25466E+00
   0.35438E+03   0.29927E+02   0.24339E+02   0.39235E+00  -0.27531E+00
   0.35473E+03   0.29932E+02   0.24393E+02   0.40348E+00  -0.28650E+00
   0.35508E+03   0.29939E+02   0.24701E+02   0.41827E+00  -0.28708E+00
   0.35543E+03   0.29946E+02   0.25036E+02   0.43165E+00  -0.27866E+00
   0.35578E+03   0.29952E+02   0.25229E+02   0.44587E+00  -0.27830E+00
   0.35613E+03   0.29957E+02   0.25541E+02   0.45742E+00  -0.27490E+00
   0.35648E+03   0.29962E+02   0.25915E+02   0.46431E+00  -0.25435E+00
   0.35683E+03   0.29966E+02   0.26194E+02   0.46746E+00  -0.24221E+00
   0.35718E+03   0.29967E+02   0.26708E+02   0.46704E+00  -0.22490E+00
   0.35753E+03   0.29967E+02   0.27224E+02   0.47014E+00  -0.19271E+00
   0.35788E+03   0.29968E+02   0.27368E+02   0.46342E+00  -0.17639E+00
   0.35823E+03   0.29966E+02   0.27040E+02   0.44564E+00  -0.17230E+00
   0.35858E+03   0.29962E+02   0.26755E+02   0.43123E+00  -0.15536E+00
   0.35893E+03   0.29959E+02   0.26910E+02   0.42473E+00  -0.12836E+00
   0.35928E+03   0.29955E+02   0.27215E+02   0.41207E+00  -0.10846E+00
   0.35963E+03   0.29948E+02   0.27259E+02   0.39189E+00  -0.99072E-01
   0.35998E+03   0.29938E+02   0.27006E+02   0.37734E+00  -0.98176E-01
   0.36033E+03   0.29929E+02   0.26865E+02   0.36898E+00  -0.94442E-01
   0.36068E+03   0.29921E+02   0.26894E+02   0.36150E+00  -0.84302E-01
   0.36103E+03   0.29915E+02   0.26712E+02   0.35043E+00  -0.92640E-01
   0.36138E+03   0.29908E+02   0.26465E+02   0.33824E+00  -0.10284E+00
   0.36173E+03   0.29896E+02   0.26363E+02   0.32799E+00  -0.97453E-01
   0.36208E+03   0.29886E+02   0.26371E+02   0.32152E+00  -0.95389E-01
   0.36243E+03   0.29876E+02   0.26205E+02   0.32072E+00  -0.10871E+00
   0.36278E+03   0.29872E+02   0.25963E+02   0.32783E+00  -0.12773E+00
   0.36313E+03   0.29872E+02   0.25872E+02   0.32973E+00  -0.13719E+00
   0.36348E+03   0.29871E+02   0.25749E+02   0.32620E+00  -0.14428E+00
   0.36383E+03   0.29871E+02   0.25616E+02   0.32219E+00  -0.15542E+00
   0.36418E+03   0.29872E+02   0.25662E+02   0.32691E+00  -0.16031E+00
   0.36453E+03   0.29875E+02   0.25793E+02   0.33475E+00  -0.15903E+00
   0.36488E+03   0.29878E+02   0.25717E+02   0.33214E+00  -0.16688E+00
   0.36523E+03   0.29878E+02   0.25441E+02   0.33206E+00  -0.18429E+00
   0.36558E+03   0.29881E+02   0.25248E+02   0.34002E+00  -0.19205E+00
   0.36593E+03   0.29886E+02   0.25272E+02   0.34308E+00  -0.19097E+00
   0.36628E+03   0.29891E+02   0.25321E+02   0.33987E+00  -0.19831E+00
   0.36663E+03   0.29892E+02   0.25327E+02   0.34103E+00  -0.20848E+00
   0.36698E+03   0.29894E+02   0.25386E+02   0.35387E+00  -0.21297E+00
   0.36733E+03   0.29902E+02   0.25600E+02   0.36956E+00  -0.21449E+00
   0.36768E+03   0.29911E+02   0.25593E+02   0.37667E+00  -0.22644E+00
   0.36803E+03   0.29919E+02   0.25184E+02   0.38095E+00  -0.24446E+00
   0.36838E+03   0.29924E+02   0.25207E+02   0.38699E+00  -0.24037E+00
   0.36873E+03   0.29928E+02   0.25480E+02   0.39581E+00  -0.22921E+00
   0.36908E+03   0.29932E+02   0.25610E+02   0.39924E+00  -0.23078E+00
   0.36943E+03   0.29935E+02   0.25762E+02   0.40694E+00  -0.23280E+00
   0.36978E+03   0.29940E+02   0.25710E+02   0.41988E+00  -0.23460E+00
   0.37013E+03   0.29945E+02   0.25705E+02   0.42476E+00  -0.23249E+00
   0.37048E+03   0.29948E+02   0.25943E+02   0.42221E+00  -0.22465E+00
   0.37083E+03   0.29950E+02   0.26453E+02   0.42463E+00  -0.20845E+00
   0.37118E+03   0.29952E+02   0.26776E+02   0.42816E+00  -0.18548E+00
   0.37153E+03   0.29952E+02   0.26644E+02   0.42083E+00  -0.17987E+00
   0.37188E+03   0.29951E+02   0.26832E+02   0.41481E+00  -0.17020E+00
   0.37223E+03   0.29950E+02   0.26943E+02   0.41504E+00  -0.15315E+00
   0.37258E+03   0.29950E+02   0.26878E+02   0.41022E+00  -0.14448E+00
   0.37293E+03   0.29946E+02   0.26743E+02   0.39603E+00  -0.13641E+00
   0.37328E+03   0.29938E+02   0.26601E+02   0.37745E+00  -0.13050E+00
   0.37363E+03   0.29928E+02   0.26797E+02   0.36907E+00  -0.11307E+00
   0.37398E+03   0.29922E+02   0.26918E+02   0.36840E+00  -0.10413E+00
   0.37433E+03   0.29918E+02   0.26852E+02   0.36267E+00  -0.11290E+00
   0.37468E+03   0.29913E+02   0.26662E+02   0.35330E+00  -0.11515E+00
   0.37503E+03   0.29906E+02   0.26733E+02   0.34559E+00  -0.10487E+00
   0.37538E+03   0.29900E+02   0.26834E+02   0.34020E+00  -0.95472E-01
   0.37573E+03   0.29896E+02   0.26701E+02   0.33295E+00  -0.10267E+00
   0.37608E+03   0.29892E+02   0.26627E+02   0.32698E+00  -0.11096E+00
   0.37643E+03   0.29888E+02   0.26643E+02   0.32288E+00  -0.10791E+00
   0.37678E+03   0.29881E+02   0.26758E+02   0.31768E+00  -0.98998E-01
   0.37713E+03   0.29871E+02   0.26660E+02   0.31398E+00  -0.10599E+00
   0.37748E+03   0.29866E+02   0.26318E+02   0.31638E+00  -0.12734E+00
   0.37783E+03   0.29864E+02   0.26085E+02   0.31517E+00  -0.13664E+00
   0.37818E+03   0.29860E+02   0.25901E+02   0.30783E+00  -0.14807E+00
   0.37853E+03   0.29856E+02   0.25700E+02   0.30899E+00  -0.16163E+00
   0.37888E+03   0.29857E+02   0.25580E+02   0.31862E+00  -0.16520E+00
   0.37923E+03   0.29862E+02   0.25245E+02   0.32416E+00  -0.18397E+00
   0.37958E+03   0.29868E+02   0.24719E+02   0.32421E+00  -0.21426E+00
   0.37993E+03   0.29872E+02   0.24406E+02   0.33073E+00  -0.23589E+00
   0.38028E+03   0.29881E+02   0.24129E+02   0.34801E+00  -0.25480E+00
   0.38063E+03   0.29893E+02   0.23995E+02   0.36267E+00  -0.27369E+00
   0.38098E+03   0.29904E+02   0.24122E+02   0.37149E+00  -0.29356E+00
   0.38133E+03   0.29913E+02   0.24323E+02   0.38236E+00  -0.30597E+00
   0.38168E+03   0.29924E+02   0.24511E+02   0.40518E+00  -0.31121E+00
   0.38203E+03   0.29936E+02   0.24667E+02   0.43090E+00  -0.32011E+00
   0.38238E+03   0.29947E+02   0.25003E+02   0.44970E+00  -0.32618E+00
   0.38273E+03   0.29956E+02   0.25775E+02   0.46256E+00  -0.31382E+00
   0.38308E+03   0.29962E+02   0.26668E+02   0.47503E+00  -0.28703E+00
   0.38343E+03   0.29967E+02   0.27079E+02   0.48710E+00  -0.26548E+00
   0.38378E+03   0.29971E+02   0.27345E+02   0.49142E+00  -0.24832E+00
   0.38413E+03   0.29973E+02   0.27673E+02   0.49252E+00  -0.22864E+00
   0.38448E+03   0.29974E+02   0.27755E+02   0.48990E+00  -0.20753E+00
   0.38483E+03   0.29974E+02   0.27572E+02   0.47943E+00  -0.18606E+00
   0.38518E+03   0.29972E+02   0.27643E+02   0.46130E+00  -0.16430E+00
   0.38553E+03   0.29967E+02   0.28007E+02   0.44806E+00  -0.13680E+00
   0.38588E+03   0.29963E+02   0.28216E+02   0.43472E+00  -0.10792E+00
   0.38623E+03   0.29957E+02   0.28003E+02   0.41693E+00  -0.98444E-01
   0.38658E+03   0.29952E+02   0.27522E+02   0.40472E+00  -0.10020E+00
   0.38693E+03   0.29947E+02   0.27346E+02   0.39326E+00  -0.85832E-01
   0.38728E+03   0.29938E+02   0.27219E+02   0.37350E+00  -0.72729E-01
   0.38763E+03   0.29926E+02   0.27006E+02   0.35141E+00  -0.78158E-01
   0.38798E+03   0.29914E+02   0.26899E+02   0.33935E+00  -0.76241E-01
   0.38833E+03   0.29900E+02   0.26835E+02   0.33320E+00  -0.73576E-01
   0.38868E+03   0.29889E+02   0.26720E+02   0.32821E+00  -0.85793E-01
   0.38903E+03   0.29884E+02   0.26554E+02   0.32538E+00  -0.99686E-01
   0.38938E+03   0.29882E+02   0.26524E+02   0.32623E+00  -0.10274E+00
   0.38973E+03   0.29877E+02   0.26611E+02   0.32353E+00  -0.98971E-01
   0.39008E+03   0.29871E+02   0.26481E+02   0.31902E+00  -0.10938E+00
   0.39043E+03   0.29866E+02   0.26240E+02   0.31586E+00  -0.12429E+00
   0.39078E+03   0.29863E+02   0.25997E+02   0.31578E+00  -0.13687E+00
   0.39113E+03   0.29867E+02   0.25732E+02   0.31851E+00  -0.14904E+00
   0.39148E+03   0.29866E+02   0.25540E+02   0.31160E+00  -0.15800E+00
   0.39183E+03   0.29858E+02   0.25242E+02   0.30791E+00  -0.17417E+00
   0.39218E+03   0.29853E+02   0.24957E+02   0.31579E+00  -0.19158E+00
   0.39253E+03   0.29857E+02   0.24947E+02   0.32594E+00  -0.20414E+00
   0.39288E+03   0.29866E+02   0.24895E+02   0.33483E+00  -0.22586E+00
   0.39323E+03   0.29878E+02   0.24650E+02   0.34778E+00  -0.25024E+00
   0.39358E+03   0.29891E+02   0.24610E+02   0.36248E+00  -0.26128E+00
   0.39393E+03   0.29903E+02   0.24532E+02   0.37398E+00  -0.27048E+00
   0.39428E+03   0.29913E+02   0.24415E+02   0.38242E+00  -0.28452E+00
   0.39463E+03   0.29923E+02   0.24686E+02   0.39730E+00  -0.29211E+00
   0.39498E+03   0.29933E+02   0.24777E+02   0.41880E+00  -0.29908E+00
   0.39533E+03   0.29943E+02   0.24791E+02   0.43199E+00  -0.30761E+00
   0.39568E+03   0.29950E+02   0.25276E+02   0.44031E+00  -0.30500E+00
   0.39603E+03   0.29956E+02   0.25853E+02   0.45592E+00  -0.29142E+00
   0.39638E+03   0.29962E+02   0.26183E+02   0.47232E+00  -0.27795E+00
   0.39673E+03   0.29966E+02   0.26358E+02   0.47798E+00  -0.27147E+00
   0.39708E+03   0.29969E+02   0.26462E+02   0.48305E+00  -0.26439E+00
   0.39743E+03   0.29971E+02   0.26476E+02   0.48596E+00  -0.24865E+00
   0.39778E+03   0.29972E+02   0.26538E+02   0.48251E+00  -0.22938E+00
   0.39813E+03   0.29972E+02   0.26977E+02   0.47645E+00  -0.20085E+00
   0.39848E+03   0.29971E+02   0.27214E+02   0.46890E+00  -0.17080E+00
   0.39883E+03   0.29969E+02   0.27133E+02   0.45816E+00  -0.15618E+00
   0.39918E+03   0.29966E+02   0.27343E+02   0.44893E+00  -0.13910E+00
   0.39953E+03   0.29964E+02   0.27385E+02   0.43854E+00  -0.11948E+00
   0.39988E+03   0.29960E+02   0.27119E+02   0.42104E+00  -0.10793E+00
   0.40023E+03   0.29954E+02   0.26872E+02   0.40053E+00  -0.10014E+00
   0.40058E+03   0.29945E+02   0.26676E+02   0.37880E+00  -0.95269E-01
   0.40093E+03   0.29931E+02   0.26660E+02   0.36179E+00  -0.85379E-01
   0.40128E+03   0.29919E+02   0.26778E+02   0.35444E+00  -0.81231E-01
   0.40163E+03   0.29913E+02   0.26778E+02   0.35164E+00  -0.88853E-01
   0.40198E+03   0.29908E+02   0.26723E+02   0.34443E+00  -0.89783E-01
   0.40233E+03   0.29900E+02   0.26759E+02   0.33490E+00  -0.86543E-01
   0.40268E+03   0.29891E+02   0.26787E+02   0.32984E+00  -0.84319E-01
   0.40303E+03   0.29884E+02   0.26806E+02   0.32777E+00  -0.83622E-01
   0.40338E+03   0.29881E+02   0.26789E+02   0.32303E+00  -0.91257E-01
   0.40373E+03   0.29876E+02   0.26559E+02   0.31464E+00  -0.10237E+00
   0.40408E+03   0.29866E+02   0.26178E+02   0.30670E+00  -0.11597E+00
   0.40443E+03   0.29858E+02   0.25869E+02   0.30137E+00  -0.12922E+00
   0.40478E+03   0.29851E+02   0.25720E+02   0.30088E+00  -0.13806E+00
   0.40513E+03   0.29847E+02   0.25671E+02   0.30334E+00  -0.14878E+00
   0.40548E+03   0.29843E+02   0.25655E+02   0.30430E+00  -0.16058E+00
   0.40583E+03   0.29845E+02   0.25544E+02   0.31375E+00  -0.17381E+00
   0.40618E+03   0.29855E+02   0.25186E+02   0.32646E+00  -0.19688E+00
   0.40653E+03   0.29867E+02   0.25075E+02   0.33442E+00  -0.21250E+00
   0.40688E+03   0.29878E+02   0.25024E+02   0.33953E+00  -0.21771E+00
   0.40723E+03   0.29887E+02   0.24822E+02   0.34393E+00  -0.22906E+00
   0.40758E+03   0.29893E+02   0.24997E+02   0.35002E+00  -0.23246E+00
   0.40793E+03   0.29900E+02   0.25079E+02   0.36133E+00  -0.23553E+00
   0.40828E+03   0.29909E+02   0.24961E+02   0.37382E+00  -0.25151E+00
   0.40863E+03   0.29917E+02   0.25055E+02   0.38675E+00  -0.26358E+00
   0.40898E+03   0.29926E+02   0.25383E+02   0.40054E+00  -0.26415E+00
   0.40933E+03   0.29934E+02   0.25719E+02   0.40829E+00  -0.25704E+00
   0.40968E+03   0.29941E+02   0.25804E+02   0.41560E+00  -0.25407E+00
   0.41003E+03   0.29946E+02   0.25945E+02   0.42384E+00  -0.25323E+00
   0.41038E+03   0.29950E+02   0.26085E+02   0.43253E+00  -0.24407E+00
   0.41073E+03   0.29953E+02   0.26055E+02   0.43970E+00  -0.23905E+00
   0.41108E+03   0.29956E+02   0.26392E+02   0.44442E+00  -0.23004E+00
   0.41143E+03   0.29958E+02   0.26769E+02   0.44528E+00  -0.21294E+00
   0.41178E+03   0.29959E+02   0.26985E+02   0.44136E+00  -0.19827E+00
   0.41213E+03   0.29959E+02   0.27088E+02   0.43536E+00  -0.18590E+00
   0.41248E+03   0.29958E+02   0.27067E+02   0.43137E+00  -0.17194E+00
   0.41283E+03   0.29957E+02   0.27155E+02   0.42785E+00  -0.15264E+00
   0.41318E+03   0.29956E+02   0.27097E+02   0.41926E+00  -0.14078E+00
   0.41353E+03   0.29953E+02   0.26854E+02   0.40356E+00  -0.13491E+00
   0.41388E+03   0.29947E+02   0.26641E+02   0.38731E+00  -0.12340E+00
   0.41423E+03   0.29939E+02   0.26730E+02   0.37624E+00  -0.11004E+00
   0.41458E+03   0.29931E+02   0.27011E+02   0.37131E+00  -0.97116E-01
   0.41493E+03   0.29923E+02   0.27132E+02   0.36583E+00  -0.93810E-01
   0.41528E+03   0.29918E+02   0.27158E+02   0.35825E+00  -0.96414E-01
   0.41563E+03   0.29913E+02   0.27035E+02   0.35007E+00  -0.96309E-01
   0.41598E+03   0.29905E+02   0.26773E+02   0.34107E+00  -0.99243E-01
   0.41633E+03   0.29897E+02   0.26622E+02   0.33177E+00  -0.10082E+00
   0.41668E+03   0.29891E+02   0.26481E+02   0.32402E+00  -0.10376E+00
   0.41703E+03   0.29882E+02   0.26365E+02   0.31831E+00  -0.11086E+00
   0.41738E+03   0.29871E+02   0.26216E+02   0.31207E+00  -0.11995E+00
   0.41773E+03   0.29861E+02   0.25977E+02   0.31110E+00  -0.13028E+00
   0.41808E+03   0.29859E+02   0.25856E+02   0.31840E+00  -0.14142E+00
   0.41843E+03   0.29865E+02   0.25631E+02   0.32241E+00  -0.15910E+00
   0.41878E+03   0.29870E+02   0.25398E+02   0.31914E+00  -0.17297E+00
   0.41913E+03   0.29872E+02   0.25500E+02   0.32078E+00  -0.17463E+00
   0.41948E+03   0.29875E+02   0.25460E+02   0.32876E+00  -0.17940E+00
   0.41983E+03   0.29878E+02   0.25480E+02   0.33672E+00  -0.18586E+00
