         329
  0.175000000000000        1312500.00000000     
         312
  0.525000000000000        3937500.00000000     
         356
  0.875000000000000        6562500.00000000     
         134
   1.22500000000000        9187500.00000000     
         505
   1.57500000000000        11812500.0000000     
         455
   1.92500000000000        14437500.0000000     
         244
   2.27500000000000        17062500.0000000     
           5
   2.62500000000000        19687500.0000000     
         437
   2.97500000000000        22312500.0000000     
         435
   3.32500000000000        24937500.0000000     
          45
   3.67500000000000        27562500.0000000     
         478
   4.02500000000000        30187500.0000000     
         287
   4.37500000000000        32812500.0000000     
         401
   4.72500000000000        35437500.0000000     
         417
   5.07500000000000        38062500.0000000     
          27
   5.42500000000000        40687500.0000000     
         152
   5.77500000000000        43312500.0000000     
           7
   6.12500000000000        45937500.0000000     
         476
   6.47500000000000        48562500.0000000     
          57
   6.82500000000000        51187500.0000000     
         151
   7.17500000000000        53812500.0000000     
         277
   7.52500000000000        56437500.0000000     
         473
   7.87500000000000        59062500.0000000     
         227
   8.22500000000000        61687500.0000000     
         403
   8.57500000000000        64312500.0000000     
         170
   8.92500000000000        66937500.0000000     
         229
   9.27500000000000        69562500.0000000     
         411
   9.62499999999999        72187500.0000000     
         210
   9.97499999999999        74812500.0000000     
         351
   10.3250000000000        77437500.0000000     
         391
   10.6750000000000        80062500.0000000     
         169
   11.0250000000000        82687500.0000000     
         350
   11.3750000000000        85312499.9999999     
          82
   11.7250000000000        87937499.9999999     
         211
   12.0750000000000        90562499.9999999     
         259
   12.4250000000000        93187499.9999999     
         333
   12.7750000000000        95812499.9999999     
         218
   13.1250000000000        98437499.9999999     
         528
   13.4750000000000        101062500.000000     
         227
   13.8250000000000        103687500.000000     
          24
   14.1750000000000        106312500.000000     
         465
   14.5250000000000        108937500.000000     
          93
   14.8750000000000        111562500.000000     
         359
   15.2250000000000        114187500.000000     
         395
   15.5750000000000        116812500.000000     
         529
   15.9250000000000        119437500.000000     
         450
   16.2750000000000        122062500.000000     
         387
   16.6250000000000        124687500.000000     
         453
   16.9750000000000        127312500.000000     
          62
   17.3250000000000        129937500.000000     
         204
   17.6750000000000        132562500.000000     
         358
   18.0250000000000        135187500.000000     
         102
   18.3750000000000        137812500.000000     
         239
   18.7250000000000        140437500.000000     
          16
   19.0750000000000        143062500.000000     
         249
   19.4250000000000        145687500.000000     
         428
   19.7750000000000        148312500.000000     
          99
   20.1250000000000        150937500.000000     
         309
   20.4750000000000        153562500.000000     
         317
   20.8250000000000        156187500.000000     
          33
   21.1750000000000        158812500.000000     
         394
   21.5250000000000        161437500.000000     
         518
   21.8750000000000        164062500.000000     
         169
   22.2250000000000        166687500.000000     
         445
   22.5750000000000        169312500.000000     
         134
   22.9250000000000        171937500.000000     
         407
   23.2750000000000        174562500.000000     
          60
   23.6250000000000        177187500.000000     
         509
   23.9750000000000        179812500.000000     
         113
   24.3250000000000        182437500.000000     
          30
   24.6750000000000        185062500.000000     
         381
   25.0250000000000        187687500.000000     
         170
   25.3750000000000        190312500.000000     
         538
   25.7250000000000        192937500.000000     
         104
   26.0750000000000        195562500.000000     
          82
   26.4250000000000        198187500.000000     
         231
   26.7750000000000        200812500.000000     
         436
   27.1250000000000        203437500.000000     
         106
   27.4750000000000        206062500.000000     
         473
   27.8250000000000        208687500.000000     
          57
   28.1750000000000        211312500.000000     
         398
   28.5250000000000        213937500.000000     
          96
   28.8750000000000        216562500.000000     
         425
   29.2250000000000        219187500.000000     
         519
   29.5750000000000        221812500.000000     
         345
   29.9250000000000        224437500.000000     
         445
   30.2750000000000        227062500.000000     
         368
   30.6250000000000        229687500.000000     
         509
   30.9750000000001        232312500.000000     
         260
   31.3250000000001        234937500.000000     
         160
   31.6750000000001        237562500.000000     
          16
   32.0250000000001        240187500.000000     
         412
   32.3750000000001        242812500.000000     
         340
   32.7250000000001        245437500.000000     
         437
   33.0750000000001        248062500.000000     
         169
   33.4250000000001        250687500.000000     
          87
   33.7750000000001        253312500.000000     
         124
   34.1250000000001        255937500.000000     
         115
   34.4750000000001        258562500.000000     
         246
   34.8250000000001        261187500.000001     
         185
   35.1750000000001        263812500.000001     
         396
   35.5250000000001        266437500.000001     
         257
   35.8750000000001        269062500.000001     
         318
   36.2250000000001        271687500.000001     
         508
   36.5750000000001        274312500.000001     
         192
   36.9250000000001        276937500.000001     
         128
   37.2750000000001        279562500.000001     
          92
   37.6250000000001        282187500.000001     
         137
   37.9750000000001        284812500.000001     
          91
   38.3250000000001        287437500.000001     
         500
   38.6750000000001        290062500.000001     
         522
   39.0250000000001        292687500.000001     
         199
   39.3750000000001        295312500.000001     
         105
   39.7250000000001        297937500.000001     
         500
   40.0750000000001        300562500.000001     
         432
   40.4250000000001        303187500.000001     
         230
   40.7750000000001        305812500.000001     
          66
   41.1250000000001        308437500.000001     
         308
   41.4750000000001        311062500.000001     
         493
   41.8250000000001        313687500.000001     
         343
   42.1750000000001        316312500.000001     
         412
   42.5250000000001        318937500.000001     
         133
   42.8750000000001        321562500.000001     
          18
   43.2250000000001        324187500.000001     
         393
   43.5750000000001        326812500.000001     
         213
   43.9250000000001        329437500.000001     
         184
   44.2750000000001        332062500.000001     
         134
   44.6250000000001        334687500.000001     
         470
   44.9750000000001        337312500.000001     
         101
   45.3250000000001        339937500.000001     
         205
   45.6750000000001        342562500.000001     
         323
   46.0250000000001        345187500.000001     
         407
   46.3750000000001        347812500.000001     
         262
   46.7250000000001        350437500.000001     
         294
   47.0750000000001        353062500.000001     
          60
   47.4250000000001        355687500.000001     
          65
   47.7750000000001        358312500.000001     
         412
   48.1250000000001        360937500.000001     
         216
   48.4750000000001        363562500.000001     
         166
   48.8250000000001        366187500.000001     
         271
   49.1750000000001        368812500.000001     
         199
   49.5250000000001        371437500.000001     
         273
   49.8750000000001        374062500.000001     
         233
   50.2250000000001        376687500.000001     
         268
   50.5750000000001        379312500.000001     
          75
   50.9250000000001        381937500.000001     
         410
   51.2750000000001        384562500.000001     
         107
   51.6250000000001        387187500.000001     
         105
   51.9750000000001        389812500.000001     
         432
   52.3250000000001        392437500.000001     
         265
   52.6750000000001        395062500.000001     
         119
   53.0250000000001        397687500.000001     
         178
   53.3750000000001        400312500.000001     
         456
   53.7250000000001        402937500.000001     
         103
   54.0750000000001        405562500.000001     
         351
   54.4250000000001        408187500.000001     
          43
   54.7750000000001        410812500.000001     
         219
   55.1250000000001        413437500.000001     
         156
   55.4750000000002        416062500.000001     
         439
   55.8250000000002        418687500.000001     
         207
   56.1750000000002        421312500.000001     
         431
   56.5250000000002        423937500.000001     
         111
   56.8750000000002        426562500.000001     
         508
   57.2250000000002        429187500.000001     
         477
   57.5750000000002        431812500.000001     
         103
   57.9250000000002        434437500.000001     
         356
   58.2750000000002        437062500.000001     
         252
   58.6250000000002        439687500.000001     
         257
   58.9750000000002        442312500.000001     
         507
   59.3250000000002        444937500.000001     
         461
   59.6750000000002        447562500.000001     
         237
   60.0250000000002        450187500.000001     
         161
   60.3750000000002        452812500.000001     
         291
   60.7250000000002        455437500.000001     
          92
   61.0750000000002        458062500.000001     
         468
   61.4250000000002        460687500.000001     
         212
   61.7750000000002        463312500.000001     
         484
   62.1250000000002        465937500.000001     
          76
   62.4750000000002        468562500.000001     
         122
   62.8250000000002        471187500.000001     
         212
   63.1750000000002        473812500.000001     
         310
   63.5250000000002        476437500.000001     
         135
   63.8750000000002        479062500.000001     
          63
   64.2250000000002        481687500.000001     
          21
   64.5750000000002        484312500.000001     
         342
   64.9250000000002        486937500.000001     
         275
   65.2750000000002        489562500.000001     
         282
   65.6250000000002        492187500.000001     
         163
   65.9750000000002        494812500.000001     
         119
   66.3250000000001        497437500.000001     
         162
   66.6750000000001        500062500.000001     
         301
   67.0250000000001        502687500.000001     
         434
   67.3750000000001        505312500.000001     
         139
   67.7250000000001        507937500.000001     
         265
   68.0750000000001        510562500.000001     
         241
   68.4250000000001        513187500.000001     
         433
   68.7750000000001        515812500.000001     
         351
   69.1250000000001        518437500.000001     
         524
   69.4750000000001        521062500.000001     
          24
   69.8250000000001        523687500.000001     
         292
   70.1750000000001        526312500.000001     
         492
   70.5250000000001        528937500.000001     
         153
   70.8750000000001        531562500.000001     
         290
   71.2250000000001        534187500.000000     
         406
   71.5750000000001        536812500.000000     
         334
   71.9250000000001        539437500.000000     
         144
   72.2750000000000        542062500.000000     
         178
   72.6250000000000        544687500.000000     
           1
   72.9750000000000        547312500.000000     
          21
   73.3250000000000        549937500.000000     
         111
   73.6750000000000        552562500.000000     
          26
   74.0250000000000        555187500.000000     
         387
   74.3750000000000        557812500.000000     
         490
   74.7250000000000        560437500.000000     
         133
   75.0750000000000        563062500.000000     
         409
   75.4250000000000        565687500.000000     
         154
   75.7750000000000        568312500.000000     
         273
   76.1250000000000        570937500.000000     
         395
   76.4750000000000        573562500.000000     
         228
   76.8250000000000        576187500.000000     
         123
   77.1750000000000        578812500.000000     
          53
   77.5250000000000        581437500.000000     
         281
   77.8750000000000        584062500.000000     
         540
   78.2250000000000        586687500.000000     
          48
   78.5749999999999        589312500.000000     
         269
   78.9249999999999        591937500.000000     
         243
   79.2749999999999        594562500.000000     
         326
   79.6249999999999        597187500.000000     
         213
   79.9749999999999        599812499.999999     
          52
   80.3249999999999        602437499.999999     
         111
   80.6749999999999        605062499.999999     
         488
   81.0249999999999        607687499.999999     
         102
   81.3749999999999        610312499.999999     
         105
   81.7249999999999        612937499.999999     
         178
   82.0749999999999        615562499.999999     
         211
   82.4249999999999        618187499.999999     
         377
   82.7749999999999        620812499.999999     
         280
   83.1249999999999        623437499.999999     
          35
   83.4749999999999        626062499.999999     
          81
   83.8249999999999        628687499.999999     
         191
   84.1749999999999        631312499.999999     
         123
   84.5249999999998        633937499.999999     
          40
   84.8749999999998        636562499.999999     
         480
   85.2249999999998        639187499.999999     
         245
   85.5749999999998        641812499.999999     
         192
   85.9249999999998        644437499.999999     
         162
   86.2749999999998        647062499.999999     
         337
   86.6249999999998        649687499.999999     
         272
   86.9749999999998        652312499.999999     
         334
   87.3249999999998        654937499.999999     
         163
   87.6749999999998        657562499.999998     
         393
   88.0249999999998        660187499.999998     
         116
   88.3749999999998        662812499.999998     
         359
   88.7249999999998        665437499.999998     
         277
   89.0749999999998        668062499.999998     
         199
   89.4249999999998        670687499.999998     
         335
   89.7749999999998        673312499.999998     
         306
   90.1249999999998        675937499.999998     
         207
   90.4749999999998        678562499.999998     
         359
   90.8249999999997        681187499.999998     
         197
   91.1749999999997        683812499.999998     
         275
   91.5249999999997        686437499.999998     
         499
   91.8749999999997        689062499.999998     
         242
   92.2249999999997        691687499.999998     
          25
   92.5749999999997        694312499.999998     
          17
   92.9249999999997        696937499.999998     
         404
   93.2749999999997        699562499.999998     
         271
   93.6249999999997        702187499.999998     
         415
   93.9749999999997        704812499.999998     
         455
   94.3249999999997        707437499.999998     
         290
   94.6749999999997        710062499.999998     
          98
   95.0249999999997        712687499.999998     
         154
   95.3749999999997        715312499.999997     
         530
   95.7249999999997        717937499.999997     
         341
   96.0749999999997        720562499.999997     
         518
   96.4249999999997        723187499.999997     
         106
   96.7749999999997        725812499.999997     
         205
   97.1249999999996        728437499.999997     
         289
   97.4749999999996        731062499.999997     
         443
   97.8249999999996        733687499.999997     
          12
   98.1749999999996        736312499.999997     
         151
   98.5249999999996        738937499.999997     
         472
   98.8749999999996        741562499.999997     
         241
   99.2249999999996        744187499.999997     
         169
   99.5749999999996        746812499.999997     
         482
   99.9249999999996        749437499.999997     
         297
   100.275000000000        752062499.999997     
         142
   100.625000000000        754687499.999997     
         408
   100.975000000000        757312499.999997     
         321
   101.325000000000        759937499.999997     
         264
   101.675000000000        762562499.999997     
         243
   102.025000000000        765187499.999997     
         333
   102.375000000000        767812499.999997     
         460
   102.725000000000        770437499.999997     
         272
   103.075000000000        773062499.999997     
         416
   103.425000000000        775687499.999997     
          65
   103.775000000000        778312499.999997     
         296
   104.125000000000        780937499.999996     
         100
   104.475000000000        783562499.999996     
          18
   104.825000000000        786187499.999996     
         325
   105.175000000000        788812499.999996     
          39
   105.525000000000        791437499.999996     
         388
   105.875000000000        794062499.999996     
          57
   106.224999999999        796687499.999996     
         304
   106.574999999999        799312499.999996     
         340
   106.924999999999        801937499.999996     
         233
   107.274999999999        804562499.999996     
         433
   107.624999999999        807187499.999996     
          69
   107.974999999999        809812499.999996     
         124
   108.324999999999        812437499.999996     
         210
   108.674999999999        815062499.999996     
         377
   109.024999999999        817687499.999996     
         495
   109.374999999999        820312499.999996     
          11
   109.724999999999        822937499.999996     
         305
   110.074999999999        825562499.999996     
         532
   110.424999999999        828187499.999996     
         155
   110.774999999999        830812499.999996     
          89
   111.124999999999        833437499.999996     
         263
   111.474999999999        836062499.999996     
          78
   111.824999999999        838687499.999996     
         125
   112.174999999999        841312499.999995     
         266
   112.524999999999        843937499.999995     
          33
   112.874999999999        846562499.999995     
         268
   113.224999999999        849187499.999995     
         527
   113.574999999999        851812499.999995     
           2
   113.924999999999        854437499.999995     
         231
   114.274999999999        857062499.999995     
         363
   114.624999999999        859687499.999995     
         517
   114.974999999999        862312499.999995     
         170
   115.324999999999        864937499.999995     
         311
   115.674999999999        867562499.999995     
         185
   116.024999999999        870187499.999995     
         121
   116.374999999999        872812499.999995     
         455
   116.724999999999        875437499.999995     
         232
   117.074999999999        878062499.999995     
         528
   117.424999999999        880687499.999995     
         147
   117.774999999999        883312499.999995     
         226
   118.124999999999        885937499.999995     
         282
   118.474999999999        888562499.999995     
          85
   118.824999999999        891187499.999995     
         495
   119.174999999999        893812499.999995     
         243
   119.524999999999        896437499.999995     
         416
   119.874999999999        899062499.999995     
         122
   120.224999999999        901687499.999995     
          53
   120.574999999999        904312499.999995     
         380
   120.924999999999        906937499.999994     
         404
   121.274999999999        909562499.999994     
         246
   121.624999999999        912187499.999994     
         321
   121.974999999999        914812499.999994     
         432
   122.324999999999        917437499.999994     
         301
   122.674999999999        920062499.999994     
          88
   123.024999999999        922687499.999994     
         163
   123.374999999999        925312499.999994     
          35
   123.724999999999        927937499.999994     
         217
   124.074999999999        930562499.999994     
          47
   124.424999999999        933187499.999994     
         146
   124.774999999999        935812499.999994     
         325
   125.124999999999        938437499.999994     
         202
   125.474999999999        941062499.999994     
          56
   125.824999999999        943687499.999994     
         438
   126.174999999999        946312499.999994     
         267
   126.524999999999        948937499.999994     
         128
   126.874999999999        951562499.999994     
         104
   127.224999999999        954187499.999994     
         345
   127.574999999999        956812499.999994     
         250
   127.924999999999        959437499.999994     
         133
   128.274999999999        962062499.999993     
         471
   128.624999999999        964687499.999993     
         253
   128.974999999999        967312499.999993     
         122
   129.324999999999        969937499.999993     
          35
   129.674999999999        972562499.999993     
          93
   130.024999999999        975187499.999993     
         168
   130.374999999999        977812499.999993     
          33
   130.724999999999        980437499.999993     
         302
   131.074999999999        983062499.999993     
          25
   131.424999999999        985687499.999993     
         106
   131.774999999999        988312499.999993     
         324
   132.124999999999        990937499.999993     
          29
   132.474999999999        993562499.999993     
           2
   132.824999999999        996187499.999993     
         225
   133.174999999999        998812499.999993     
          22
   133.524999999999        1001437499.99999     
         278
   133.874999999999        1004062499.99999     
         256
   134.224999999999        1006687499.99999     
         361
   134.574999999999        1009312499.99999     
         478
   134.924999999999        1011937499.99999     
         491
   135.274999999999        1014562499.99999     
         131
   135.624999999999        1017187499.99999     
           9
   135.974999999999        1019812499.99999     
         407
   136.324999999999        1022437499.99999     
         502
   136.674999999999        1025062499.99999     
         140
   137.024999999999        1027687499.99999     
         210
   137.374999999999        1030312499.99999     
         132
   137.724999999999        1032937499.99999     
         528
   138.074999999999        1035562499.99999     
         241
   138.424999999999        1038187499.99999     
         478
   138.774999999999        1040812499.99999     
         310
   139.124999999999        1043437499.99999     
         392
   139.474999999999        1046062499.99999     
          39
   139.824999999999        1048687499.99999     
         101
   140.174999999999        1051312499.99999     
          52
   140.524999999999        1053937499.99999     
         432
   140.874999999999        1056562499.99999     
         184
   141.224999999999        1059187499.99999     
         393
   141.574999999999        1061812499.99999     
         109
   141.924999999999        1064437499.99999     
         389
   142.274999999999        1067062499.99999     
         468
   142.624999999999        1069687499.99999     
         461
   142.974999999999        1072312499.99999     
           0
   143.324999999999        1074937499.99999     
         210
   143.674999999999        1077562499.99999     
         105
   144.024999999999        1080187499.99999     
          44
   144.374999999999        1082812499.99999     
         113
   144.724999999999        1085437499.99999     
         391
   145.074999999999        1088062499.99999     
         449
   145.424999999999        1090687499.99999     
         210
   145.774999999999        1093312499.99999     
         499
   146.124999999999        1095937499.99999     
         517
   146.474999999999        1098562499.99999     
         211
   146.824999999999        1101187499.99999     
         532
   147.174999999999        1103812499.99999     
          97
   147.524999999999        1106437499.99999     
         388
   147.874999999999        1109062499.99999     
         170
   148.224999999999        1111687499.99999     
         477
   148.574999999999        1114312499.99999     
         446
   148.924999999999        1116937499.99999     
         276
   149.274999999999        1119562499.99999     
         314
   149.624999999999        1122187499.99999     
         492
   149.974999999999        1124812499.99999     
         171
   150.324999999999        1127437499.99999     
           9
   150.674999999999        1130062499.99999     
         495
   151.024999999999        1132687499.99999     
          48
   151.374999999999        1135312499.99999     
         192
   151.724999999999        1137937499.99999     
         270
   152.074999999999        1140562499.99999     
         132
   152.424999999999        1143187499.99999     
          89
   152.774999999999        1145812499.99999     
         293
   153.124999999999        1148437499.99999     
         253
   153.474999999999        1151062499.99999     
         222
   153.824999999999        1153687499.99999     
         105
   154.174999999999        1156312499.99999     
         299
   154.524999999999        1158937499.99999     
         492
   154.874999999999        1161562499.99999     
          98
   155.224999999999        1164187499.99999     
         135
   155.574999999999        1166812499.99999     
         111
   155.924999999999        1169437499.99999     
         474
   156.274999999999        1172062499.99999     
         454
   156.624999999999        1174687499.99999     
          44
   156.974999999999        1177312499.99999     
         277
   157.324999999999        1179937499.99999     
         137
   157.674999999999        1182562499.99999     
          44
   158.024999999999        1185187499.99999     
          59
   158.374999999999        1187812499.99999     
         500
   158.724999999999        1190437499.99999     
         532
   159.074999999999        1193062499.99999     
         182
   159.424999999999        1195687499.99999     
          70
   159.774999999999        1198312499.99999     
         200
   160.124999999999        1200937499.99999     
         410
   160.474999999999        1203562499.99999     
          43
   160.824999999999        1206187499.99999     
         389
   161.174999999999        1208812499.99999     
          93
   161.524999999999        1211437499.99999     
          81
   161.874999999999        1214062499.99999     
         516
   162.224999999999        1216687499.99999     
          29
   162.574999999999        1219312499.99999     
         388
   162.924999999999        1221937499.99999     
         377
   163.274999999999        1224562499.99999     
         407
   163.624999999999        1227187499.99999     
           3
   163.974999999999        1229812499.99999     
         272
   164.324999999999        1232437499.99999     
           6
   164.674999999999        1235062499.99999     
         457
   165.024999999999        1237687499.99999     
         225
   165.374999999999        1240312499.99999     
          67
   165.724999999999        1242937499.99999     
           8
   166.074999999999        1245562499.99999     
         515
   166.424999999999        1248187499.99999     
         229
   166.774999999998        1250812499.99999     
         174
   167.124999999998        1253437499.99999     
          94
   167.474999999998        1256062499.99999     
         487
   167.824999999998        1258687499.99999     
         435
   168.174999999998        1261312499.99999     
         464
   168.524999999998        1263937499.99999     
         287
   168.874999999998        1266562499.99999     
         395
   169.224999999998        1269187499.99999     
         170
   169.574999999998        1271812499.99999     
         248
   169.924999999998        1274437499.99999     
         364
   170.274999999998        1277062499.99999     
         296
   170.624999999998        1279687499.99999     
         457
   170.974999999998        1282312499.99999     
         517
   171.324999999998        1284937499.99999     
         314
   171.674999999998        1287562499.99999     
         154
   172.024999999998        1290187499.99999     
         222
   172.374999999998        1292812499.99999     
          61
   172.724999999998        1295437499.99999     
         191
   173.074999999998        1298062499.99999     
         459
   173.424999999998        1300687499.99999     
         138
   173.774999999998        1303312499.99999     
         231
   174.124999999998        1305937499.99999     
          43
   174.474999999998        1308562499.99999     
         510
   174.824999999998        1311187499.99999     
         148
   175.174999999998        1313812499.99999     
         459
   175.524999999998        1316437499.99999     
         301
   175.874999999998        1319062499.99999     
          44
   176.224999999998        1321687499.99999     
         242
   176.574999999998        1324312499.99999     
         349
   176.924999999998        1326937499.99999     
         292
   177.274999999998        1329562499.99999     
         341
   177.624999999998        1332187499.99999     
         236
   177.974999999998        1334812499.99999     
         458
   178.324999999998        1337437499.99999     
         501
   178.674999999998        1340062499.99999     
         269
   179.024999999998        1342687499.99999     
         117
   179.374999999998        1345312499.99999     
         514
   179.724999999998        1347937499.99999     
         285
   180.074999999998        1350562499.99999     
         524
   180.424999999998        1353187499.99999     
         501
   180.774999999998        1355812499.99999     
         320
   181.124999999998        1358437499.99999     
         163
   181.474999999998        1361062499.99999     
         407
   181.824999999998        1363687499.99999     
          13
   182.174999999998        1366312499.99999     
         126
   182.524999999998        1368937499.99999     
         405
   182.874999999998        1371562499.99999     
          12
   183.224999999998        1374187499.99999     
         434
   183.574999999998        1376812499.99999     
         236
   183.924999999998        1379437499.99999     
         505
   184.274999999998        1382062499.99999     
         470
   184.624999999998        1384687499.99999     
         167
   184.974999999998        1387312499.99999     
          33
   185.324999999998        1389937499.99999     
          50
   185.674999999998        1392562499.99999     
         378
   186.024999999998        1395187499.99999     
          90
   186.374999999998        1397812499.99999     
         500
   186.724999999998        1400437499.99999     
         199
   187.074999999998        1403062499.99999     
          99
   187.424999999998        1405687499.99999     
         479
   187.774999999998        1408312499.99999     
         536
   188.124999999998        1410937499.99999     
         243
   188.474999999998        1413562499.99999     
         197
   188.824999999998        1416187499.99999     
         378
   189.174999999998        1418812499.99999     
         323
   189.524999999998        1421437499.99999     
         335
   189.874999999998        1424062499.99999     
          55
   190.224999999998        1426687499.99999     
         353
   190.574999999998        1429312499.99999     
         192
   190.924999999998        1431937499.99999     
         198
   191.274999999998        1434562499.99999     
         466
   191.624999999998        1437187499.99999     
         277
   191.974999999998        1439812499.99999     
         125
   192.324999999998        1442437499.99999     
         502
   192.674999999998        1445062499.99999     
         199
   193.024999999998        1447687499.99999     
         392
   193.374999999998        1450312499.99999     
         259
   193.724999999998        1452937499.99999     
         534
   194.074999999998        1455562499.99999     
         446
   194.424999999998        1458187499.99999     
         287
   194.774999999998        1460812499.99999     
         118
   195.124999999998        1463437499.99999     
         193
   195.474999999998        1466062499.99999     
         360
   195.824999999998        1468687499.99999     
         132
   196.174999999998        1471312499.99999     
         170
   196.524999999998        1473937499.99999     
         211
   196.874999999998        1476562499.99998     
         268
   197.224999999998        1479187499.99998     
         369
   197.574999999998        1481812499.99998     
         199
   197.924999999998        1484437499.99998     
         421
   198.274999999998        1487062499.99998     
         284
   198.624999999998        1489687499.99998     
         240
   198.974999999998        1492312499.99998     
         315
   199.324999999998        1494937499.99998     
         266
   199.674999999998        1497562499.99998     
          25
   200.024999999998        1500187499.99998     
          65
   200.374999999998        1502812499.99998     
          98
   200.724999999998        1505437499.99998     
         376
   201.074999999998        1508062499.99998     
         311
   201.424999999998        1510687499.99998     
         512
   201.774999999998        1513312499.99998     
         518
   202.124999999998        1515937499.99998     
         292
   202.474999999998        1518562499.99998     
         433
   202.824999999998        1521187499.99998     
          37
   203.174999999998        1523812499.99998     
         370
   203.524999999998        1526437499.99998     
         397
   203.874999999998        1529062499.99998     
          44
   204.224999999998        1531687499.99998     
         284
   204.574999999998        1534312499.99998     
         313
   204.924999999998        1536937499.99998     
          55
   205.274999999998        1539562499.99998     
         175
   205.624999999998        1542187499.99998     
         303
   205.974999999998        1544812499.99998     
         514
   206.324999999998        1547437499.99998     
         156
   206.674999999998        1550062499.99998     
         251
   207.024999999998        1552687499.99998     
          78
   207.374999999998        1555312499.99998     
         350
   207.724999999998        1557937499.99998     
         502
   208.074999999998        1560562499.99998     
         295
   208.424999999998        1563187499.99998     
         213
   208.774999999998        1565812499.99998     
         433
   209.124999999998        1568437499.99998     
         127
   209.474999999998        1571062499.99998     
          77
   209.824999999998        1573687499.99998     
         173
   210.174999999998        1576312499.99998     
          19
   210.524999999998        1578937499.99998     
         181
   210.874999999998        1581562499.99998     
         343
   211.224999999998        1584187499.99998     
         403
   211.574999999998        1586812499.99998     
         185
   211.924999999998        1589437499.99998     
         172
   212.274999999998        1592062499.99998     
         347
   212.624999999998        1594687499.99998     
         491
   212.974999999998        1597312499.99998     
         214
   213.324999999998        1599937499.99998     
         445
   213.674999999998        1602562499.99998     
         331
   214.024999999998        1605187499.99998     
         352
   214.374999999998        1607812499.99998     
         411
   214.724999999998        1610437499.99998     
         434
   215.074999999998        1613062499.99998     
         469
   215.424999999998        1615687499.99998     
          99
   215.774999999998        1618312499.99998     
          39
   216.124999999998        1620937499.99998     
         174
   216.474999999998        1623562499.99998     
         481
   216.824999999998        1626187499.99998     
         126
   217.174999999998        1628812499.99998     
         327
   217.524999999998        1631437499.99998     
         249
   217.874999999998        1634062499.99998     
         306
   218.224999999998        1636687499.99998     
         259
   218.574999999998        1639312499.99998     
         181
   218.924999999998        1641937499.99998     
         312
   219.274999999998        1644562499.99998     
          60
   219.624999999998        1647187499.99998     
         253
   219.974999999998        1649812499.99998     
         329
   220.324999999998        1652437499.99998     
         273
   220.674999999998        1655062499.99998     
         114
   221.024999999998        1657687499.99998     
           2
   221.374999999998        1660312499.99998     
         423
   221.724999999998        1662937499.99998     
         493
   222.074999999998        1665562499.99998     
         301
   222.424999999998        1668187499.99998     
         140
   222.774999999998        1670812499.99998     
         230
   223.124999999998        1673437499.99998     
         335
   223.474999999998        1676062499.99998     
         277
   223.824999999998        1678687499.99998     
         276
   224.174999999998        1681312499.99998     
         282
   224.524999999998        1683937499.99998     
         328
   224.874999999998        1686562499.99998     
         493
   225.224999999998        1689187499.99998     
         327
   225.574999999998        1691812499.99998     
         352
   225.924999999998        1694437499.99998     
         460
   226.274999999998        1697062499.99998     
         329
   226.624999999998        1699687499.99998     
           4
   226.974999999998        1702312499.99998     
         534
   227.324999999998        1704937499.99998     
          46
   227.674999999998        1707562499.99998     
         168
   228.024999999998        1710187499.99998     
          28
   228.374999999997        1712812499.99998     
         495
   228.724999999997        1715437499.99998     
         232
   229.074999999997        1718062499.99998     
         309
   229.424999999997        1720687499.99998     
         109
   229.774999999997        1723312499.99998     
          47
   230.124999999997        1725937499.99998     
         174
   230.474999999997        1728562499.99998     
         198
   230.824999999997        1731187499.99998     
         109
   231.174999999997        1733812499.99998     
         288
   231.524999999997        1736437499.99998     
         203
   231.874999999997        1739062499.99998     
         175
   232.224999999997        1741687499.99998     
          91
   232.574999999997        1744312499.99998     
         123
   232.924999999997        1746937499.99998     
         403
   233.274999999997        1749562499.99998     
         145
   233.624999999997        1752187499.99998     
         351
   233.974999999997        1754812499.99998     
         320
   234.324999999997        1757437499.99998     
         529
   234.674999999997        1760062499.99998     
         272
   235.024999999997        1762687499.99998     
         532
   235.374999999997        1765312499.99998     
         467
   235.724999999997        1767937499.99998     
         128
   236.074999999997        1770562499.99998     
         267
   236.424999999997        1773187499.99998     
         403
   236.774999999997        1775812499.99998     
          50
   237.124999999997        1778437499.99998     
         395
   237.474999999997        1781062499.99998     
         172
   237.824999999997        1783687499.99998     
         382
   238.174999999997        1786312499.99998     
         478
   238.524999999997        1788937499.99998     
         351
   238.874999999997        1791562499.99998     
         483
   239.224999999997        1794187499.99998     
         307
   239.574999999997        1796812499.99998     
         192
   239.924999999997        1799437499.99998     
         167
   240.274999999997        1802062499.99998     
         251
   240.624999999997        1804687499.99998     
         481
   240.974999999997        1807312499.99998     
         537
   241.324999999997        1809937499.99998     
          88
   241.674999999997        1812562499.99998     
         474
   242.024999999997        1815187499.99998     
         244
   242.374999999997        1817812499.99998     
         239
   242.724999999997        1820437499.99998     
         127
   243.074999999997        1823062499.99998     
         413
   243.424999999997        1825687499.99998     
         222
   243.774999999997        1828312499.99998     
         352
   244.124999999997        1830937499.99998     
         120
   244.474999999997        1833562499.99998     
         343
   244.824999999997        1836187499.99998     
         239
   245.174999999997        1838812499.99998     
          42
   245.524999999997        1841437499.99998     
          15
   245.874999999997        1844062499.99998     
         536
   246.224999999997        1846687499.99998     
          41
   246.574999999997        1849312499.99998     
         367
   246.924999999997        1851937499.99998     
          30
   247.274999999997        1854562499.99998     
          36
   247.624999999997        1857187499.99998     
         495
   247.974999999997        1859812499.99998     
         534
   248.324999999997        1862437499.99998     
         399
   248.674999999997        1865062499.99998     
         242
   249.024999999997        1867687499.99998     
         271
   249.374999999997        1870312499.99998     
          28
   249.724999999997        1872937499.99998     
          12
   250.074999999997        1875562499.99998     
         522
   250.424999999997        1878187499.99998     
         460
   250.774999999997        1880812499.99998     
         473
   251.124999999997        1883437499.99998     
         411
   251.474999999997        1886062499.99998     
         119
   251.824999999997        1888687499.99998     
         138
   252.174999999997        1891312499.99998     
         130
   252.524999999997        1893937499.99998     
          10
   252.874999999997        1896562499.99998     
         191
   253.224999999997        1899187499.99998     
         245
   253.574999999997        1901812499.99998     
         148
   253.924999999997        1904437499.99998     
          53
   254.274999999997        1907062499.99998     
         365
   254.624999999997        1909687499.99998     
         409
   254.974999999997        1912312499.99998     
         345
   255.324999999997        1914937499.99998     
         454
   255.674999999997        1917562499.99998     
         262
   256.024999999997        1920187499.99998     
          17
   256.374999999997        1922812499.99998     
         187
   256.724999999997        1925437499.99998     
         131
   257.074999999997        1928062499.99998     
         418
   257.424999999997        1930687499.99998     
         514
   257.774999999997        1933312499.99998     
         441
   258.124999999997        1935937499.99998     
           8
   258.474999999997        1938562499.99998     
         186
   258.824999999997        1941187499.99998     
         259
   259.174999999997        1943812499.99998     
         169
   259.524999999997        1946437499.99998     
         416
   259.874999999997        1949062499.99998     
         282
   260.224999999997        1951687499.99998     
         277
   260.574999999997        1954312499.99998     
         290
   260.924999999997        1956937499.99998     
         456
   261.274999999997        1959562499.99998     
         250
   261.624999999997        1962187499.99998     
          59
   261.974999999997        1964812499.99998     
          59
   262.324999999997        1967437499.99998     
         349
   262.674999999998        1970062499.99998     
         171
   263.024999999998        1972687499.99998     
         304
   263.374999999998        1975312499.99998     
         319
   263.724999999998        1977937499.99998     
          16
   264.074999999998        1980562499.99998     
         521
   264.424999999998        1983187499.99998     
         367
   264.774999999998        1985812499.99998     
         409
   265.124999999998        1988437499.99998     
         400
   265.474999999998        1991062499.99998     
         324
   265.824999999998        1993687499.99998     
         493
   266.174999999998        1996312499.99998     
         269
   266.524999999998        1998937499.99998     
         351
   266.874999999998        2001562499.99998     
         142
   267.224999999998        2004187499.99998     
         428
   267.574999999998        2006812499.99998     
         369
   267.924999999998        2009437499.99998     
           9
   268.274999999998        2012062499.99998     
         244
   268.624999999998        2014687499.99998     
         136
   268.974999999998        2017312499.99998     
         128
   269.324999999998        2019937499.99998     
         435
   269.674999999998        2022562499.99998     
          33
   270.024999999998        2025187499.99998     
         255
   270.374999999998        2027812499.99998     
         382
   270.724999999998        2030437499.99999     
         337
   271.074999999998        2033062499.99999     
         476
   271.424999999998        2035687499.99999     
         239
   271.774999999998        2038312499.99999     
         118
   272.124999999998        2040937499.99999     
         514
   272.474999999998        2043562499.99999     
         434
   272.824999999998        2046187499.99999     
         115
   273.174999999998        2048812499.99999     
         215
   273.524999999998        2051437499.99999     
         450
   273.874999999998        2054062499.99999     
          36
   274.224999999998        2056687499.99999     
         269
   274.574999999998        2059312499.99999     
         166
   274.924999999998        2061937499.99999     
         425
   275.274999999998        2064562499.99999     
          66
   275.624999999998        2067187499.99999     
         251
   275.974999999998        2069812499.99999     
          65
   276.324999999998        2072437499.99999     
         391
   276.674999999998        2075062499.99999     
         277
   277.024999999998        2077687499.99999     
         246
   277.374999999998        2080312499.99999     
         392
   277.724999999998        2082937499.99999     
          88
   278.074999999999        2085562499.99999     
         205
   278.424999999999        2088187499.99999     
         390
   278.774999999999        2090812499.99999     
         193
   279.124999999999        2093437499.99999     
         191
   279.474999999999        2096062499.99999     
          72
   279.824999999999        2098687499.99999     
           2
   280.174999999999        2101312499.99999     
         367
   280.524999999999        2103937499.99999     
         320
   280.874999999999        2106562499.99999     
          90
   281.224999999999        2109187499.99999     
          97
   281.574999999999        2111812499.99999     
         431
   281.924999999999        2114437499.99999     
         406
   282.274999999999        2117062499.99999     
         508
   282.624999999999        2119687499.99999     
         439
   282.974999999999        2122312499.99999     
         449
   283.324999999999        2124937499.99999     
         274
   283.674999999999        2127562499.99999     
         532
   284.024999999999        2130187499.99999     
         523
   284.374999999999        2132812499.99999     
         291
   284.724999999999        2135437499.99999     
         427
   285.074999999999        2138062499.99999     
         218
   285.424999999999        2140687499.99999     
         171
   285.774999999999        2143312499.99999     
         441
   286.124999999999        2145937499.99999     
          78
   286.474999999999        2148562499.99999     
         163
   286.824999999999        2151187499.99999     
         164
   287.174999999999        2153812499.99999     
         382
   287.524999999999        2156437499.99999     
         140
   287.874999999999        2159062499.99999     
          61
   288.224999999999        2161687499.99999     
         111
   288.574999999999        2164312499.99999     
         109
   288.924999999999        2166937499.99999     
         112
   289.274999999999        2169562499.99999     
         223
   289.624999999999        2172187499.99999     
         314
   289.974999999999        2174812499.99999     
          76
   290.324999999999        2177437499.99999     
         176
   290.674999999999        2180062499.99999     
         186
   291.024999999999        2182687500.00000     
          96
   291.374999999999        2185312500.00000     
         277
   291.724999999999        2187937500.00000     
         327
   292.074999999999        2190562500.00000     
          26
   292.424999999999        2193187500.00000     
          81
   292.774999999999        2195812500.00000     
         506
   293.124999999999        2198437500.00000     
         524
   293.475000000000        2201062500.00000     
          42
   293.825000000000        2203687500.00000     
          39
   294.175000000000        2206312500.00000     
         225
   294.525000000000        2208937500.00000     
         373
   294.875000000000        2211562500.00000     
         201
   295.225000000000        2214187500.00000     
          48
   295.575000000000        2216812500.00000     
         482
   295.925000000000        2219437500.00000     
         405
   296.275000000000        2222062500.00000     
         161
   296.625000000000        2224687500.00000     
          28
   296.975000000000        2227312500.00000     
         524
   297.325000000000        2229937500.00000     
         212
   297.675000000000        2232562500.00000     
          12
   298.025000000000        2235187500.00000     
         438
   298.375000000000        2237812500.00000     
         495
   298.725000000000        2240437500.00000     
         495
   299.075000000000        2243062500.00000     
         372
   299.425000000000        2245687500.00000     
          89
   299.775000000000        2248312500.00000     
         234
   300.125000000000        2250937500.00000     
         124
   300.475000000000        2253562500.00000     
          13
   300.825000000000        2256187500.00000     
         264
   301.175000000000        2258812500.00000     
         291
   301.525000000000        2261437500.00000     
         355
   301.875000000000        2264062500.00000     
         356
   302.225000000000        2266687500.00000     
         442
   302.575000000000        2269312500.00000     
         308
   302.925000000000        2271937500.00000     
         468
   303.275000000000        2274562500.00000     
         128
   303.625000000000        2277187500.00000     
         348
   303.975000000000        2279812500.00000     
         352
   304.325000000000        2282437500.00000     
         389
   304.675000000000        2285062500.00000     
         414
   305.025000000000        2287687500.00000     
          10
   305.375000000000        2290312500.00000     
         181
   305.725000000000        2292937500.00000     
          34
   306.075000000000        2295562500.00000     
         185
   306.425000000000        2298187500.00000     
           2
   306.775000000000        2300812500.00000     
           6
   307.125000000000        2303437500.00000     
         176
   307.475000000000        2306062500.00000     
         358
   307.825000000000        2308687500.00000     
         445
   308.175000000000        2311312500.00000     
         263
   308.525000000000        2313937500.00000     
         374
   308.875000000001        2316562500.00000     
         443
   309.225000000001        2319187500.00000     
         256
   309.575000000001        2321812500.00000     
         340
   309.925000000001        2324437500.00000     
         203
   310.275000000001        2327062500.00000     
         329
   310.625000000001        2329687500.00000     
         311
   310.975000000001        2332312500.00000     
         421
   311.325000000001        2334937500.00001     
         429
   311.675000000001        2337562500.00001     
           4
   312.025000000001        2340187500.00001     
         119
   312.375000000001        2342812500.00001     
         415
   312.725000000001        2345437500.00001     
         465
   313.075000000001        2348062500.00001     
         126
   313.425000000001        2350687500.00001     
         437
   313.775000000001        2353312500.00001     
         128
   314.125000000001        2355937500.00001     
         314
   314.475000000001        2358562500.00001     
         396
   314.825000000001        2361187500.00001     
         403
   315.175000000001        2363812500.00001     
         387
   315.525000000001        2366437500.00001     
         346
   315.875000000001        2369062500.00001     
         164
   316.225000000001        2371687500.00001     
          74
   316.575000000001        2374312500.00001     
         329
   316.925000000001        2376937500.00001     
         475
   317.275000000001        2379562500.00001     
         275
   317.625000000001        2382187500.00001     
         365
   317.975000000001        2384812500.00001     
         348
   318.325000000001        2387437500.00001     
         312
   318.675000000001        2390062500.00001     
         101
   319.025000000001        2392687500.00001     
         186
   319.375000000001        2395312500.00001     
         389
   319.725000000001        2397937500.00001     
         428
   320.075000000001        2400562500.00001     
         321
   320.425000000001        2403187500.00001     
         252
   320.775000000001        2405812500.00001     
         448
   321.125000000001        2408437500.00001     
         276
   321.475000000001        2411062500.00001     
          14
   321.825000000001        2413687500.00001     
         389
   322.175000000001        2416312500.00001     
         127
   322.525000000001        2418937500.00001     
          15
   322.875000000001        2421562500.00001     
         304
   323.225000000001        2424187500.00001     
         227
   323.575000000001        2426812500.00001     
          82
   323.925000000001        2429437500.00001     
         287
   324.275000000002        2432062500.00001     
         535
   324.625000000002        2434687500.00001     
         231
   324.975000000002        2437312500.00001     
         438
   325.325000000002        2439937500.00001     
         404
   325.675000000002        2442562500.00001     
         349
   326.025000000002        2445187500.00001     
         253
   326.375000000002        2447812500.00001     
         224
   326.725000000002        2450437500.00001     
         137
   327.075000000002        2453062500.00001     
          28
   327.425000000002        2455687500.00001     
         301
   327.775000000002        2458312500.00001     
         503
   328.125000000002        2460937500.00001     
         363
   328.475000000002        2463562500.00001     
         519
   328.825000000002        2466187500.00001     
         452
   329.175000000002        2468812500.00001     
         297
   329.525000000002        2471437500.00001     
         366
   329.875000000002        2474062500.00001     
         121
   330.225000000002        2476687500.00001     
         473
   330.575000000002        2479312500.00001     
         269
   330.925000000002        2481937500.00001     
         115
   331.275000000002        2484562500.00001     
         212
   331.625000000002        2487187500.00001     
         477
   331.975000000002        2489812500.00002     
         424
   332.325000000002        2492437500.00002     
         109
   332.675000000002        2495062500.00002     
          19
   333.025000000002        2497687500.00002     
         129
   333.375000000002        2500312500.00002     
         509
   333.725000000002        2502937500.00002     
         538
   334.075000000002        2505562500.00002     
         253
   334.425000000002        2508187500.00002     
         107
   334.775000000002        2510812500.00002     
          75
   335.125000000002        2513437500.00002     
         246
   335.475000000002        2516062500.00002     
         463
   335.825000000002        2518687500.00002     
          13
   336.175000000002        2521312500.00002     
         388
   336.525000000002        2523937500.00002     
         377
   336.875000000002        2526562500.00002     
         288
   337.225000000002        2529187500.00002     
         138
   337.575000000002        2531812500.00002     
          79
   337.925000000002        2534437500.00002     
         434
   338.275000000002        2537062500.00002     
         398
   338.625000000002        2539687500.00002     
         248
   338.975000000002        2542312500.00002     
         208
   339.325000000002        2544937500.00002     
         358
   339.675000000003        2547562500.00002     
         247
   340.025000000003        2550187500.00002     
          34
   340.375000000003        2552812500.00002     
         122
   340.725000000003        2555437500.00002     
         241
   341.075000000003        2558062500.00002     
         214
   341.425000000003        2560687500.00002     
         520
   341.775000000003        2563312500.00002     
         272
   342.125000000003        2565937500.00002     
          70
   342.475000000003        2568562500.00002     
         153
   342.825000000003        2571187500.00002     
         492
   343.175000000003        2573812500.00002     
         425
   343.525000000003        2576437500.00002     
         248
   343.875000000003        2579062500.00002     
          92
   344.225000000003        2581687500.00002     
         469
   344.575000000003        2584312500.00002     
         138
   344.925000000003        2586937500.00002     
          16
   345.275000000003        2589562500.00002     
         266
   345.625000000003        2592187500.00002     
         323
   345.975000000003        2594812500.00002     
         482
   346.325000000003        2597437500.00002     
         219
   346.675000000003        2600062500.00002     
          45
   347.025000000003        2602687500.00002     
         121
   347.375000000003        2605312500.00002     
         422
   347.725000000003        2607937500.00002     
         241
   348.075000000003        2610562500.00002     
         207
   348.425000000003        2613187500.00002     
         261
   348.775000000003        2615812500.00002     
         101
   349.125000000003        2618437500.00002     
         172
   349.475000000003        2621062500.00002     
           2
   349.825000000003        2623687500.00002     
         479
   350.175000000003        2626312500.00002     
         255
   350.525000000003        2628937500.00002     
         310
   350.875000000003        2631562500.00002     
         155
   351.225000000003        2634187500.00002     
         172
   351.575000000003        2636812500.00002     
         118
   351.925000000003        2639437500.00002     
          67
   352.275000000003        2642062500.00002     
         152
   352.625000000003        2644687500.00003     
         262
   352.975000000003        2647312500.00003     
          89
   353.325000000003        2649937500.00003     
         214
   353.675000000003        2652562500.00003     
         330
   354.025000000003        2655187500.00003     
         312
   354.375000000003        2657812500.00003     
          20
   354.725000000003        2660437500.00003     
         264
   355.075000000004        2663062500.00003     
         385
   355.425000000004        2665687500.00003     
         323
   355.775000000004        2668312500.00003     
         435
   356.125000000004        2670937500.00003     
         123
   356.475000000004        2673562500.00003     
         532
   356.825000000004        2676187500.00003     
         341
   357.175000000004        2678812500.00003     
         500
   357.525000000004        2681437500.00003     
         288
   357.875000000004        2684062500.00003     
         167
   358.225000000004        2686687500.00003     
         108
   358.575000000004        2689312500.00003     
         227
   358.925000000004        2691937500.00003     
         413
   359.275000000004        2694562500.00003     
         471
   359.625000000004        2697187500.00003     
         337
   359.975000000004        2699812500.00003     
           9
   360.325000000004        2702437500.00003     
          75
   360.675000000004        2705062500.00003     
          13
   361.025000000004        2707687500.00003     
          31
   361.375000000004        2710312500.00003     
         385
   361.725000000004        2712937500.00003     
         333
   362.075000000004        2715562500.00003     
         533
   362.425000000004        2718187500.00003     
         362
   362.775000000004        2720812500.00003     
         211
   363.125000000004        2723437500.00003     
         498
   363.475000000004        2726062500.00003     
          88
   363.825000000004        2728687500.00003     
         327
   364.175000000004        2731312500.00003     
         420
   364.525000000004        2733937500.00003     
         115
   364.875000000004        2736562500.00003     
         298
   365.225000000004        2739187500.00003     
         434
   365.575000000004        2741812500.00003     
         504
   365.925000000004        2744437500.00003     
         280
   366.275000000004        2747062500.00003     
         510
   366.625000000004        2749687500.00003     
         232
   366.975000000004        2752312500.00003     
         320
   367.325000000004        2754937500.00003     
         210
   367.675000000004        2757562500.00003     
         110
   368.025000000004        2760187500.00003     
         359
   368.375000000004        2762812500.00003     
         524
   368.725000000004        2765437500.00003     
         250
   369.075000000004        2768062500.00003     
         326
   369.425000000004        2770687500.00003     
         398
   369.775000000004        2773312500.00003     
         128
   370.125000000004        2775937500.00003     
          61
   370.475000000005        2778562500.00003     
          53
   370.825000000005        2781187500.00003     
         499
   371.175000000005        2783812500.00003     
         151
   371.525000000005        2786437500.00003     
         146
   371.875000000005        2789062500.00003     
         318
   372.225000000005        2791687500.00003     
         197
   372.575000000005        2794312500.00003     
         367
   372.925000000005        2796937500.00003     
         275
   373.275000000005        2799562500.00004     
         453
   373.625000000005        2802187500.00004     
          29
   373.975000000005        2804812500.00004     
          27
   374.325000000005        2807437500.00004     
         511
   374.675000000005        2810062500.00004     
         201
   375.025000000005        2812687500.00004     
         197
   375.375000000005        2815312500.00004     
          31
   375.725000000005        2817937500.00004     
          63
   376.075000000005        2820562500.00004     
         272
   376.425000000005        2823187500.00004     
         360
   376.775000000005        2825812500.00004     
         326
   377.125000000005        2828437500.00004     
         159
   377.475000000005        2831062500.00004     
          53
   377.825000000005        2833687500.00004     
         521
   378.175000000005        2836312500.00004     
         461
   378.525000000005        2838937500.00004     
         471
   378.875000000005        2841562500.00004     
         333
   379.225000000005        2844187500.00004     
          16
   379.575000000005        2846812500.00004     
         425
   379.925000000005        2849437500.00004     
         145
   380.275000000005        2852062500.00004     
         238
   380.625000000005        2854687500.00004     
         448
   380.975000000005        2857312500.00004     
          34
   381.325000000005        2859937500.00004     
         337
   381.675000000005        2862562500.00004     
         367
   382.025000000005        2865187500.00004     
         272
   382.375000000005        2867812500.00004     
          11
   382.725000000005        2870437500.00004     
          18
   383.075000000005        2873062500.00004     
         393
   383.425000000005        2875687500.00004     
         227
   383.775000000005        2878312500.00004     
         535
   384.125000000005        2880937500.00004     
         296
   384.475000000005        2883562500.00004     
         349
   384.825000000005        2886187500.00004     
          14
   385.175000000005        2888812500.00004     
         309
   385.525000000005        2891437500.00004     
         166
   385.875000000006        2894062500.00004     
         268
   386.225000000006        2896687500.00004     
         423
   386.575000000006        2899312500.00004     
          75
   386.925000000006        2901937500.00004     
          24
   387.275000000006        2904562500.00004     
         266
   387.625000000006        2907187500.00004     
         472
   387.975000000006        2909812500.00004     
         103
   388.325000000006        2912437500.00004     
         160
   388.675000000006        2915062500.00004     
         186
   389.025000000006        2917687500.00004     
         137
   389.375000000006        2920312500.00004     
         515
   389.725000000006        2922937500.00004     
         481
   390.075000000006        2925562500.00004     
         504
   390.425000000006        2928187500.00004     
         516
   390.775000000006        2930812500.00004     
         197
   391.125000000006        2933437500.00004     
         362
   391.475000000006        2936062500.00004     
          50
   391.825000000006        2938687500.00004     
         424
   392.175000000006        2941312500.00004     
         125
   392.525000000006        2943937500.00004     
         256
   392.875000000006        2946562500.00004     
         348
   393.225000000006        2949187500.00004     
         525
   393.575000000006        2951812500.00005     
         287
   393.925000000006        2954437500.00005     
         342
   394.275000000006        2957062500.00005     
         307
   394.625000000006        2959687500.00005     
         311
   394.975000000006        2962312500.00005     
         197
   395.325000000006        2964937500.00005     
         440
   395.675000000006        2967562500.00005     
         500
   396.025000000006        2970187500.00005     
         341
   396.375000000006        2972812500.00005     
         356
   396.725000000006        2975437500.00005     
         148
   397.075000000006        2978062500.00005     
         137
   397.425000000006        2980687500.00005     
         256
   397.775000000006        2983312500.00005     
         239
   398.125000000006        2985937500.00005     
         211
   398.475000000006        2988562500.00005     
         186
   398.825000000006        2991187500.00005     
         297
   399.175000000006        2993812500.00005     
         529
   399.525000000006        2996437500.00005     
         450
   399.875000000006        2999062500.00005     
         443
   400.225000000006        3001687500.00005     
         222
   400.575000000006        3004312500.00005     
         155
   400.925000000006        3006937500.00005     
         523
   401.275000000007        3009562500.00005     
         206
   401.625000000007        3012187500.00005     
         497
   401.975000000007        3014812500.00005     
         262
   402.325000000007        3017437500.00005     
         480
   402.675000000007        3020062500.00005     
         324
   403.025000000007        3022687500.00005     
         468
   403.375000000007        3025312500.00005     
         199
   403.725000000007        3027937500.00005     
          70
   404.075000000007        3030562500.00005     
         145
   404.425000000007        3033187500.00005     
         392
   404.775000000007        3035812500.00005     
         374
   405.125000000007        3038437500.00005     
         190
   405.475000000007        3041062500.00005     
         386
   405.825000000007        3043687500.00005     
         291
   406.175000000007        3046312500.00005     
         273
   406.525000000007        3048937500.00005     
         436
   406.875000000007        3051562500.00005     
         137
   407.225000000007        3054187500.00005     
         317
   407.575000000007        3056812500.00005     
          69
   407.925000000007        3059437500.00005     
         257
   408.275000000007        3062062500.00005     
         270
   408.625000000007        3064687500.00005     
         462
   408.975000000007        3067312500.00005     
         345
   409.325000000007        3069937500.00005     
          43
   409.675000000007        3072562500.00005     
          53
   410.025000000007        3075187500.00005     
         349
   410.375000000007        3077812500.00005     
          52
   410.725000000007        3080437500.00005     
         168
   411.075000000007        3083062500.00005     
         182
   411.425000000007        3085687500.00005     
         340
   411.775000000007        3088312500.00005     
         400
   412.125000000007        3090937500.00005     
         176
   412.475000000007        3093562500.00005     
         134
   412.825000000007        3096187500.00005     
         411
   413.175000000007        3098812500.00005     
         174
   413.525000000007        3101437500.00005     
         404
   413.875000000007        3104062500.00005     
          47
   414.225000000007        3106687500.00006     
         349
   414.575000000007        3109312500.00006     
         391
   414.925000000007        3111937500.00006     
          28
   415.275000000007        3114562500.00006     
         297
   415.625000000007        3117187500.00006     
         152
   415.975000000007        3119812500.00006     
         214
   416.325000000007        3122437500.00006     
         144
   416.675000000008        3125062500.00006     
          42
   417.025000000008        3127687500.00006     
         403
   417.375000000008        3130312500.00006     
          92
   417.725000000008        3132937500.00006     
         452
   418.075000000008        3135562500.00006     
         105
   418.425000000008        3138187500.00006     
          82
   418.775000000008        3140812500.00006     
         344
   419.125000000008        3143437500.00006     
         173
   419.475000000008        3146062500.00006     
         253
   419.825000000008        3148687500.00006     
