       time        TW        TE         hW        hE
   0.17500E+00   0.29466E+02   0.29281E+02   0.33867E-02  -0.27738E-01
   0.52500E+00   0.28696E+02   0.27774E+02   0.27632E-01  -0.95240E-01
   0.87500E+00   0.28478E+02   0.26095E+02   0.67067E-01  -0.18052E+00
   0.12250E+01   0.28624E+02   0.24621E+02   0.11277E+00  -0.27375E+00
   0.15750E+01   0.28927E+02   0.23727E+02   0.17033E+00  -0.35802E+00
   0.19250E+01   0.29256E+02   0.23152E+02   0.23816E+00  -0.42633E+00
   0.22750E+01   0.29528E+02   0.22863E+02   0.30990E+00  -0.49422E+00
   0.26250E+01   0.29715E+02   0.22845E+02   0.38311E+00  -0.56526E+00
   0.29750E+01   0.29831E+02   0.22885E+02   0.45875E+00  -0.62156E+00
   0.33250E+01   0.29904E+02   0.23244E+02   0.53129E+00  -0.64685E+00
   0.36750E+01   0.29945E+02   0.24056E+02   0.59844E+00  -0.65211E+00
   0.40250E+01   0.29968E+02   0.25052E+02   0.65550E+00  -0.63264E+00
   0.43750E+01   0.29981E+02   0.26006E+02   0.70662E+00  -0.58175E+00
   0.47250E+01   0.29988E+02   0.26831E+02   0.74683E+00  -0.52906E+00
   0.50750E+01   0.29993E+02   0.27479E+02   0.77505E+00  -0.46293E+00
   0.54250E+01   0.29996E+02   0.27987E+02   0.78054E+00  -0.38342E+00
   0.57750E+01   0.29997E+02   0.28396E+02   0.75519E+00  -0.30943E+00
   0.61250E+01   0.29998E+02   0.28722E+02   0.71396E+00  -0.23435E+00
   0.64750E+01   0.29997E+02   0.28991E+02   0.66538E+00  -0.16316E+00
   0.68250E+01   0.29995E+02   0.29206E+02   0.61535E+00  -0.10145E+00
   0.71750E+01   0.29992E+02   0.29386E+02   0.56884E+00  -0.54230E-01
   0.75250E+01   0.29988E+02   0.29400E+02   0.52304E+00  -0.21463E-01
   0.78750E+01   0.29982E+02   0.29116E+02   0.47635E+00   0.20426E-02
   0.82250E+01   0.29972E+02   0.28784E+02   0.42754E+00   0.15383E-01
   0.85750E+01   0.29959E+02   0.28615E+02   0.38678E+00   0.28190E-01
   0.89250E+01   0.29942E+02   0.28601E+02   0.36022E+00   0.43986E-01
   0.92750E+01   0.29921E+02   0.28640E+02   0.34304E+00   0.45573E-01
   0.96250E+01   0.29906E+02   0.28501E+02   0.33396E+00   0.23331E-01
   0.99750E+01   0.29894E+02   0.28230E+02   0.32418E+00  -0.18059E-02
   0.10325E+02   0.29883E+02   0.28006E+02   0.31814E+00  -0.11271E-01
   0.10675E+02   0.29875E+02   0.27946E+02   0.31158E+00  -0.10619E-01
   0.11025E+02   0.29864E+02   0.27867E+02   0.30520E+00  -0.16675E-01
   0.11375E+02   0.29852E+02   0.27540E+02   0.29851E+00  -0.44372E-01
   0.11725E+02   0.29838E+02   0.27146E+02   0.28981E+00  -0.68665E-01
   0.12075E+02   0.29825E+02   0.26802E+02   0.28681E+00  -0.82819E-01
   0.12425E+02   0.29819E+02   0.26638E+02   0.28577E+00  -0.95893E-01
   0.12775E+02   0.29816E+02   0.26464E+02   0.27946E+00  -0.10813E+00
   0.13125E+02   0.29807E+02   0.26243E+02   0.27173E+00  -0.12277E+00
   0.13475E+02   0.29795E+02   0.25940E+02   0.26917E+00  -0.13872E+00
   0.13825E+02   0.29789E+02   0.25494E+02   0.27252E+00  -0.16035E+00
   0.14175E+02   0.29793E+02   0.25103E+02   0.28528E+00  -0.18543E+00
   0.14525E+02   0.29806E+02   0.24700E+02   0.29829E+00  -0.21396E+00
   0.14875E+02   0.29820E+02   0.24206E+02   0.30172E+00  -0.24481E+00
   0.15225E+02   0.29831E+02   0.23834E+02   0.30450E+00  -0.26946E+00
   0.15575E+02   0.29845E+02   0.23735E+02   0.32334E+00  -0.29319E+00
   0.15925E+02   0.29867E+02   0.24195E+02   0.35332E+00  -0.30370E+00
   0.16275E+02   0.29892E+02   0.24648E+02   0.38063E+00  -0.31256E+00
   0.16625E+02   0.29914E+02   0.24605E+02   0.40619E+00  -0.34098E+00
   0.16975E+02   0.29931E+02   0.24887E+02   0.43168E+00  -0.35078E+00
   0.17325E+02   0.29945E+02   0.25126E+02   0.45621E+00  -0.34651E+00
   0.17675E+02   0.29957E+02   0.25289E+02   0.47591E+00  -0.34994E+00
   0.18025E+02   0.29965E+02   0.25504E+02   0.49143E+00  -0.34759E+00
   0.18375E+02   0.29971E+02   0.25528E+02   0.50310E+00  -0.34182E+00
   0.18725E+02   0.29975E+02   0.25907E+02   0.51200E+00  -0.32551E+00
   0.19075E+02   0.29978E+02   0.26531E+02   0.52294E+00  -0.30048E+00
   0.19425E+02   0.29980E+02   0.26953E+02   0.52971E+00  -0.27707E+00
   0.19775E+02   0.29982E+02   0.27392E+02   0.53087E+00  -0.24500E+00
   0.20125E+02   0.29983E+02   0.27946E+02   0.52450E+00  -0.20936E+00
   0.20475E+02   0.29982E+02   0.28278E+02   0.51089E+00  -0.17101E+00
   0.20825E+02   0.29980E+02   0.28441E+02   0.49777E+00  -0.13551E+00
   0.21175E+02   0.29977E+02   0.28509E+02   0.48486E+00  -0.10812E+00
   0.21525E+02   0.29973E+02   0.28343E+02   0.46081E+00  -0.82727E-01
   0.21875E+02   0.29965E+02   0.28081E+02   0.42723E+00  -0.67594E-01
   0.22225E+02   0.29954E+02   0.27856E+02   0.40058E+00  -0.58895E-01
   0.22575E+02   0.29942E+02   0.27818E+02   0.38156E+00  -0.42760E-01
   0.22925E+02   0.29932E+02   0.27850E+02   0.36299E+00  -0.35640E-01
   0.23275E+02   0.29919E+02   0.27802E+02   0.34320E+00  -0.42562E-01
   0.23625E+02   0.29905E+02   0.27715E+02   0.33131E+00  -0.41544E-01
   0.23975E+02   0.29894E+02   0.27482E+02   0.32520E+00  -0.44776E-01
   0.24325E+02   0.29883E+02   0.27209E+02   0.31755E+00  -0.60482E-01
   0.24675E+02   0.29873E+02   0.26954E+02   0.30683E+00  -0.70024E-01
   0.25025E+02   0.29860E+02   0.26694E+02   0.29925E+00  -0.77791E-01
   0.25375E+02   0.29850E+02   0.26595E+02   0.29900E+00  -0.85326E-01
   0.25725E+02   0.29844E+02   0.26542E+02   0.29532E+00  -0.93500E-01
   0.26075E+02   0.29837E+02   0.26369E+02   0.29403E+00  -0.10930E+00
   0.26425E+02   0.29833E+02   0.26127E+02   0.29896E+00  -0.12305E+00
   0.26775E+02   0.29835E+02   0.25958E+02   0.30238E+00  -0.13345E+00
   0.27125E+02   0.29839E+02   0.25831E+02   0.30232E+00  -0.14720E+00
   0.27475E+02   0.29839E+02   0.25643E+02   0.30275E+00  -0.16422E+00
   0.27825E+02   0.29841E+02   0.25304E+02   0.30744E+00  -0.18115E+00
   0.28175E+02   0.29844E+02   0.25080E+02   0.31104E+00  -0.19406E+00
   0.28525E+02   0.29847E+02   0.25157E+02   0.31973E+00  -0.20568E+00
   0.28875E+02   0.29859E+02   0.25012E+02   0.32893E+00  -0.22403E+00
   0.29225E+02   0.29873E+02   0.24638E+02   0.33931E+00  -0.24487E+00
   0.29575E+02   0.29886E+02   0.24521E+02   0.35057E+00  -0.26291E+00
   0.29925E+02   0.29896E+02   0.24698E+02   0.35996E+00  -0.27152E+00
   0.30275E+02   0.29906E+02   0.25112E+02   0.37773E+00  -0.26772E+00
   0.30625E+02   0.29918E+02   0.25525E+02   0.39963E+00  -0.27266E+00
   0.30975E+02   0.29930E+02   0.25413E+02   0.41576E+00  -0.28891E+00
   0.31325E+02   0.29940E+02   0.25325E+02   0.42497E+00  -0.29417E+00
   0.31675E+02   0.29948E+02   0.25676E+02   0.43655E+00  -0.28625E+00
   0.32025E+02   0.29954E+02   0.26042E+02   0.45025E+00  -0.27072E+00
   0.32375E+02   0.29959E+02   0.26509E+02   0.45996E+00  -0.25433E+00
   0.32725E+02   0.29963E+02   0.26765E+02   0.46330E+00  -0.24831E+00
   0.33075E+02   0.29965E+02   0.26623E+02   0.46191E+00  -0.24162E+00
   0.33425E+02   0.29966E+02   0.26593E+02   0.46327E+00  -0.22498E+00
   0.33775E+02   0.29967E+02   0.26870E+02   0.46715E+00  -0.20819E+00
   0.34125E+02   0.29968E+02   0.27066E+02   0.46259E+00  -0.18956E+00
   0.34475E+02   0.29967E+02   0.27216E+02   0.44769E+00  -0.16964E+00
   0.34825E+02   0.29963E+02   0.27408E+02   0.43529E+00  -0.15127E+00
   0.35175E+02   0.29959E+02   0.27308E+02   0.42965E+00  -0.13406E+00
   0.35525E+02   0.29956E+02   0.27180E+02   0.42113E+00  -0.12454E+00
   0.35875E+02   0.29954E+02   0.27116E+02   0.40892E+00  -0.11737E+00
   0.36225E+02   0.29947E+02   0.26916E+02   0.39006E+00  -0.10683E+00
   0.36575E+02   0.29937E+02   0.26798E+02   0.37095E+00  -0.94463E-01
   0.36925E+02   0.29925E+02   0.26847E+02   0.35925E+00  -0.88496E-01
   0.37275E+02   0.29916E+02   0.26844E+02   0.35493E+00  -0.90194E-01
   0.37625E+02   0.29910E+02   0.26679E+02   0.34669E+00  -0.97482E-01
   0.37975E+02   0.29903E+02   0.26405E+02   0.33818E+00  -0.11025E+00
   0.38325E+02   0.29896E+02   0.26263E+02   0.33315E+00  -0.11227E+00
   0.38675E+02   0.29888E+02   0.26187E+02   0.32901E+00  -0.11190E+00
   0.39025E+02   0.29884E+02   0.26096E+02   0.32728E+00  -0.12207E+00
   0.39375E+02   0.29880E+02   0.26020E+02   0.32269E+00  -0.13098E+00
   0.39725E+02   0.29875E+02   0.26056E+02   0.32319E+00  -0.13166E+00
   0.40075E+02   0.29874E+02   0.26020E+02   0.32752E+00  -0.13547E+00
   0.40425E+02   0.29875E+02   0.25657E+02   0.32972E+00  -0.15549E+00
   0.40775E+02   0.29874E+02   0.25452E+02   0.32981E+00  -0.17322E+00
   0.41125E+02   0.29875E+02   0.25754E+02   0.33028E+00  -0.16651E+00
   0.41475E+02   0.29877E+02   0.25787E+02   0.33066E+00  -0.16778E+00
   0.41825E+02   0.29880E+02   0.25443E+02   0.33463E+00  -0.19033E+00
   0.42175E+02   0.29885E+02   0.25440E+02   0.33992E+00  -0.20002E+00
   0.42525E+02   0.29889E+02   0.25620E+02   0.34637E+00  -0.19772E+00
   0.42875E+02   0.29894E+02   0.25675E+02   0.35368E+00  -0.20005E+00
   0.43225E+02   0.29900E+02   0.25762E+02   0.35944E+00  -0.20670E+00
   0.43575E+02   0.29905E+02   0.25688E+02   0.36649E+00  -0.21512E+00
   0.43925E+02   0.29911E+02   0.25769E+02   0.37103E+00  -0.21452E+00
   0.44275E+02   0.29915E+02   0.25874E+02   0.37215E+00  -0.21417E+00
   0.44625E+02   0.29920E+02   0.25789E+02   0.37897E+00  -0.21599E+00
   0.44975E+02   0.29926E+02   0.25979E+02   0.38901E+00  -0.21027E+00
   0.45325E+02   0.29929E+02   0.25798E+02   0.39116E+00  -0.21614E+00
   0.45675E+02   0.29930E+02   0.25701E+02   0.39117E+00  -0.21915E+00
   0.46025E+02   0.29933E+02   0.25888E+02   0.39516E+00  -0.21346E+00
   0.46375E+02   0.29937E+02   0.26059E+02   0.40305E+00  -0.21124E+00
   0.46725E+02   0.29940E+02   0.26286E+02   0.40829E+00  -0.20213E+00
   0.47075E+02   0.29943E+02   0.26016E+02   0.40218E+00  -0.20151E+00
   0.47425E+02   0.29943E+02   0.25760E+02   0.39779E+00  -0.20147E+00
   0.47775E+02   0.29942E+02   0.25784E+02   0.40474E+00  -0.19217E+00
   0.48125E+02   0.29941E+02   0.25910E+02   0.40727E+00  -0.18825E+00
   0.48475E+02   0.29942E+02   0.26327E+02   0.40242E+00  -0.17432E+00
   0.48825E+02   0.29941E+02   0.26655E+02   0.39882E+00  -0.16438E+00
   0.49175E+02   0.29939E+02   0.26603E+02   0.39768E+00  -0.16327E+00
   0.49525E+02   0.29936E+02   0.26504E+02   0.39370E+00  -0.15185E+00
   0.49875E+02   0.29935E+02   0.26439E+02   0.38796E+00  -0.15001E+00
   0.50225E+02   0.29932E+02   0.26322E+02   0.38396E+00  -0.14851E+00
   0.50575E+02   0.29928E+02   0.26130E+02   0.37574E+00  -0.14309E+00
   0.50925E+02   0.29922E+02   0.25900E+02   0.36344E+00  -0.15006E+00
   0.51275E+02   0.29915E+02   0.25842E+02   0.35747E+00  -0.15547E+00
   0.51625E+02   0.29911E+02   0.25911E+02   0.35909E+00  -0.15373E+00
   0.51975E+02   0.29910E+02   0.26068E+02   0.36097E+00  -0.15097E+00
   0.52325E+02   0.29909E+02   0.25955E+02   0.36084E+00  -0.15656E+00
   0.52675E+02   0.29909E+02   0.25650E+02   0.35981E+00  -0.16891E+00
   0.53025E+02   0.29910E+02   0.25493E+02   0.35701E+00  -0.17193E+00
   0.53375E+02   0.29909E+02   0.25463E+02   0.35675E+00  -0.16898E+00
   0.53725E+02   0.29908E+02   0.25513E+02   0.35906E+00  -0.17160E+00
   0.54075E+02   0.29907E+02   0.25421E+02   0.35974E+00  -0.17862E+00
   0.54425E+02   0.29907E+02   0.25293E+02   0.35927E+00  -0.18978E+00
   0.54775E+02   0.29908E+02   0.25164E+02   0.35957E+00  -0.19944E+00
   0.55125E+02   0.29909E+02   0.25326E+02   0.36463E+00  -0.19685E+00
   0.55475E+02   0.29912E+02   0.25673E+02   0.37267E+00  -0.18862E+00
   0.55825E+02   0.29917E+02   0.25490E+02   0.37601E+00  -0.19850E+00
   0.56175E+02   0.29920E+02   0.25143E+02   0.37440E+00  -0.21597E+00
   0.56525E+02   0.29920E+02   0.25128E+02   0.37481E+00  -0.21581E+00
   0.56875E+02   0.29922E+02   0.25321E+02   0.38228E+00  -0.20748E+00
   0.57225E+02   0.29927E+02   0.25480E+02   0.38948E+00  -0.20694E+00
   0.57575E+02   0.29930E+02   0.25681E+02   0.38991E+00  -0.21161E+00
   0.57925E+02   0.29930E+02   0.25745E+02   0.38971E+00  -0.21010E+00
   0.58275E+02   0.29931E+02   0.25460E+02   0.39193E+00  -0.21063E+00
   0.58625E+02   0.29934E+02   0.25513E+02   0.39876E+00  -0.21192E+00
   0.58975E+02   0.29938E+02   0.25777E+02   0.40469E+00  -0.20617E+00
   0.59325E+02   0.29940E+02   0.25820E+02   0.40136E+00  -0.19923E+00
   0.59675E+02   0.29940E+02   0.26066E+02   0.39526E+00  -0.18877E+00
   0.60025E+02   0.29939E+02   0.26232E+02   0.39601E+00  -0.18026E+00
   0.60375E+02   0.29940E+02   0.26032E+02   0.39756E+00  -0.17711E+00
   0.60725E+02   0.29939E+02   0.25794E+02   0.39759E+00  -0.18207E+00
   0.61075E+02   0.29938E+02   0.25575E+02   0.39603E+00  -0.18901E+00
   0.61425E+02   0.29935E+02   0.25548E+02   0.38742E+00  -0.18126E+00
   0.61775E+02   0.29933E+02   0.25722E+02   0.38288E+00  -0.17374E+00
   0.62125E+02   0.29932E+02   0.25746E+02   0.38509E+00  -0.17916E+00
   0.62475E+02   0.29930E+02   0.25656E+02   0.38297E+00  -0.17986E+00
   0.62825E+02   0.29929E+02   0.25586E+02   0.38333E+00  -0.18050E+00
   0.63175E+02   0.29931E+02   0.25619E+02   0.38730E+00  -0.18435E+00
   0.63525E+02   0.29931E+02   0.25804E+02   0.38878E+00  -0.17560E+00
   0.63875E+02   0.29931E+02   0.25889E+02   0.38599E+00  -0.17076E+00
   0.64225E+02   0.29930E+02   0.25947E+02   0.38045E+00  -0.17070E+00
   0.64575E+02   0.29928E+02   0.25998E+02   0.37684E+00  -0.16487E+00
   0.64925E+02   0.29927E+02   0.25889E+02   0.37515E+00  -0.16507E+00
   0.65275E+02   0.29925E+02   0.25789E+02   0.37301E+00  -0.16602E+00
   0.65625E+02   0.29923E+02   0.25708E+02   0.37294E+00  -0.16548E+00
   0.65975E+02   0.29920E+02   0.25801E+02   0.36819E+00  -0.16404E+00
   0.66325E+02   0.29917E+02   0.25872E+02   0.36137E+00  -0.16150E+00
   0.66675E+02   0.29916E+02   0.25806E+02   0.36218E+00  -0.16693E+00
   0.67025E+02   0.29916E+02   0.25640E+02   0.36474E+00  -0.17412E+00
   0.67375E+02   0.29916E+02   0.25405E+02   0.36368E+00  -0.17956E+00
   0.67725E+02   0.29915E+02   0.25452E+02   0.36244E+00  -0.18115E+00
   0.68075E+02   0.29915E+02   0.25558E+02   0.36477E+00  -0.17610E+00
   0.68425E+02   0.29916E+02   0.25851E+02   0.36432E+00  -0.16714E+00
   0.68775E+02   0.29917E+02   0.25966E+02   0.36427E+00  -0.16675E+00
   0.69125E+02   0.29917E+02   0.25747E+02   0.36556E+00  -0.17608E+00
   0.69475E+02   0.29918E+02   0.25680E+02   0.36765E+00  -0.17752E+00
   0.69825E+02   0.29918E+02   0.25545E+02   0.36783E+00  -0.18052E+00
   0.70175E+02   0.29918E+02   0.25717E+02   0.36794E+00  -0.17792E+00
   0.70525E+02   0.29918E+02   0.26022E+02   0.36701E+00  -0.16902E+00
   0.70875E+02   0.29918E+02   0.26207E+02   0.36331E+00  -0.16656E+00
   0.71225E+02   0.29917E+02   0.26156E+02   0.36536E+00  -0.17029E+00
   0.71575E+02   0.29917E+02   0.25956E+02   0.37041E+00  -0.17658E+00
   0.71925E+02   0.29917E+02   0.25881E+02   0.37241E+00  -0.17437E+00
   0.72275E+02   0.29920E+02   0.25514E+02   0.36932E+00  -0.18223E+00
   0.72625E+02   0.29919E+02   0.25268E+02   0.36102E+00  -0.19391E+00
   0.72975E+02   0.29914E+02   0.25355E+02   0.35797E+00  -0.18790E+00
   0.73325E+02   0.29913E+02   0.25380E+02   0.36064E+00  -0.18715E+00
   0.73675E+02   0.29915E+02   0.25435E+02   0.36703E+00  -0.19210E+00
   0.74025E+02   0.29918E+02   0.25397E+02   0.37589E+00  -0.20074E+00
   0.74375E+02   0.29922E+02   0.25315E+02   0.37993E+00  -0.21032E+00
   0.74725E+02   0.29925E+02   0.25475E+02   0.38283E+00  -0.20338E+00
   0.75075E+02   0.29928E+02   0.25632E+02   0.38623E+00  -0.20166E+00
   0.75425E+02   0.29930E+02   0.25678E+02   0.38813E+00  -0.20170E+00
   0.75775E+02   0.29931E+02   0.25793E+02   0.38754E+00  -0.19386E+00
   0.76125E+02   0.29931E+02   0.25903E+02   0.39037E+00  -0.19135E+00
   0.76475E+02   0.29932E+02   0.25883E+02   0.39128E+00  -0.18887E+00
   0.76825E+02   0.29933E+02   0.26035E+02   0.39107E+00  -0.18101E+00
   0.77175E+02   0.29934E+02   0.26136E+02   0.39213E+00  -0.17695E+00
   0.77525E+02   0.29934E+02   0.25921E+02   0.38699E+00  -0.18062E+00
   0.77875E+02   0.29931E+02   0.25947E+02   0.37983E+00  -0.17844E+00
   0.78225E+02   0.29928E+02   0.26097E+02   0.38072E+00  -0.17299E+00
   0.78575E+02   0.29929E+02   0.25993E+02   0.38427E+00  -0.17274E+00
   0.78925E+02   0.29930E+02   0.25651E+02   0.37994E+00  -0.18061E+00
   0.79275E+02   0.29926E+02   0.25552E+02   0.37272E+00  -0.18625E+00
   0.79625E+02   0.29923E+02   0.25544E+02   0.37460E+00  -0.18056E+00
   0.79975E+02   0.29924E+02   0.25635E+02   0.37706E+00  -0.17103E+00
   0.80325E+02   0.29924E+02   0.25817E+02   0.37472E+00  -0.17262E+00
   0.80675E+02   0.29924E+02   0.25799E+02   0.37655E+00  -0.17520E+00
   0.81025E+02   0.29925E+02   0.25823E+02   0.37762E+00  -0.16882E+00
   0.81375E+02   0.29926E+02   0.25597E+02   0.37675E+00  -0.17721E+00
   0.81725E+02   0.29925E+02   0.25556E+02   0.37524E+00  -0.18372E+00
   0.82075E+02   0.29924E+02   0.25755E+02   0.37630E+00  -0.17089E+00
   0.82425E+02   0.29922E+02   0.25705E+02   0.37366E+00  -0.17083E+00
   0.82775E+02   0.29920E+02   0.25382E+02   0.36820E+00  -0.18660E+00
   0.83125E+02   0.29917E+02   0.25208E+02   0.36761E+00  -0.19404E+00
   0.83475E+02   0.29916E+02   0.25255E+02   0.37486E+00  -0.19276E+00
   0.83825E+02   0.29920E+02   0.25340E+02   0.37851E+00  -0.19067E+00
   0.84175E+02   0.29922E+02   0.25391E+02   0.37484E+00  -0.19689E+00
   0.84525E+02   0.29922E+02   0.25355E+02   0.37426E+00  -0.19941E+00
   0.84875E+02   0.29923E+02   0.25451E+02   0.37841E+00  -0.19163E+00
   0.85225E+02   0.29926E+02   0.25622E+02   0.38312E+00  -0.18901E+00
   0.85575E+02   0.29928E+02   0.25699E+02   0.38492E+00  -0.19215E+00
   0.85925E+02   0.29928E+02   0.25763E+02   0.38798E+00  -0.18862E+00
   0.86275E+02   0.29929E+02   0.25889E+02   0.38906E+00  -0.18199E+00
   0.86625E+02   0.29929E+02   0.26039E+02   0.38360E+00  -0.17992E+00
   0.86975E+02   0.29928E+02   0.25927E+02   0.38198E+00  -0.18442E+00
   0.87325E+02   0.29928E+02   0.25676E+02   0.38576E+00  -0.18855E+00
   0.87675E+02   0.29928E+02   0.25804E+02   0.38529E+00  -0.18239E+00
   0.88025E+02   0.29927E+02   0.25886E+02   0.38236E+00  -0.17967E+00
   0.88375E+02   0.29927E+02   0.25861E+02   0.37897E+00  -0.18181E+00
   0.88725E+02   0.29927E+02   0.25845E+02   0.38030E+00  -0.18033E+00
   0.89075E+02   0.29926E+02   0.25882E+02   0.38217E+00  -0.17627E+00
   0.89425E+02   0.29925E+02   0.26035E+02   0.38125E+00  -0.17092E+00
   0.89775E+02   0.29926E+02   0.26015E+02   0.37897E+00  -0.16939E+00
   0.90125E+02   0.29928E+02   0.25926E+02   0.38119E+00  -0.17306E+00
   0.90475E+02   0.29929E+02   0.25862E+02   0.37659E+00  -0.17037E+00
   0.90825E+02   0.29925E+02   0.25775E+02   0.36701E+00  -0.16640E+00
   0.91175E+02   0.29924E+02   0.25634E+02   0.36664E+00  -0.16794E+00
   0.91525E+02   0.29921E+02   0.25550E+02   0.36664E+00  -0.17055E+00
   0.91875E+02   0.29918E+02   0.25592E+02   0.36729E+00  -0.17210E+00
   0.92225E+02   0.29917E+02   0.25844E+02   0.36668E+00  -0.16666E+00
   0.92575E+02   0.29916E+02   0.25837E+02   0.36678E+00  -0.16947E+00
   0.92925E+02   0.29916E+02   0.25537E+02   0.37059E+00  -0.18049E+00
   0.93275E+02   0.29917E+02   0.25349E+02   0.37157E+00  -0.18668E+00
   0.93625E+02   0.29916E+02   0.25228E+02   0.36901E+00  -0.19186E+00
   0.93975E+02   0.29916E+02   0.25395E+02   0.37017E+00  -0.18918E+00
   0.94325E+02   0.29918E+02   0.25537E+02   0.37337E+00  -0.18673E+00
   0.94675E+02   0.29920E+02   0.25350E+02   0.37474E+00  -0.19594E+00
   0.95025E+02   0.29921E+02   0.25536E+02   0.37301E+00  -0.19413E+00
   0.95375E+02   0.29922E+02   0.25901E+02   0.37706E+00  -0.18381E+00
   0.95725E+02   0.29924E+02   0.25905E+02   0.38538E+00  -0.18335E+00
   0.96075E+02   0.29927E+02   0.25610E+02   0.38555E+00  -0.19445E+00
   0.96425E+02   0.29927E+02   0.25364E+02   0.38223E+00  -0.20272E+00
   0.96775E+02   0.29925E+02   0.25484E+02   0.37992E+00  -0.19655E+00
   0.97125E+02   0.29924E+02   0.25775E+02   0.38201E+00  -0.18940E+00
   0.97475E+02   0.29926E+02   0.25842E+02   0.38735E+00  -0.19352E+00
   0.97825E+02   0.29928E+02   0.25868E+02   0.39000E+00  -0.19694E+00
   0.98175E+02   0.29931E+02   0.25824E+02   0.38769E+00  -0.19617E+00
   0.98525E+02   0.29931E+02   0.25867E+02   0.38599E+00  -0.19089E+00
   0.98875E+02   0.29931E+02   0.25790E+02   0.39175E+00  -0.18905E+00
   0.99225E+02   0.29933E+02   0.25817E+02   0.39368E+00  -0.18591E+00
   0.99575E+02   0.29933E+02   0.26031E+02   0.38694E+00  -0.17831E+00
   0.99925E+02   0.29930E+02   0.25765E+02   0.38195E+00  -0.18646E+00
   0.10027E+03   0.29929E+02   0.25693E+02   0.38314E+00  -0.18391E+00
   0.10062E+03   0.29930E+02   0.25791E+02   0.38626E+00  -0.17603E+00
   0.10097E+03   0.29932E+02   0.25880E+02   0.38591E+00  -0.17925E+00
   0.10132E+03   0.29930E+02   0.25841E+02   0.37963E+00  -0.17363E+00
   0.10167E+03   0.29926E+02   0.25697E+02   0.37401E+00  -0.17145E+00
   0.10202E+03   0.29923E+02   0.25825E+02   0.37945E+00  -0.16964E+00
   0.10237E+03   0.29926E+02   0.25907E+02   0.38331E+00  -0.16641E+00
   0.10272E+03   0.29928E+02   0.25888E+02   0.37583E+00  -0.17024E+00
   0.10307E+03   0.29926E+02   0.25809E+02   0.37104E+00  -0.16940E+00
   0.10342E+03   0.29924E+02   0.25734E+02   0.36992E+00  -0.16511E+00
   0.10377E+03   0.29920E+02   0.25780E+02   0.36642E+00  -0.15816E+00
   0.10412E+03   0.29917E+02   0.25614E+02   0.36544E+00  -0.16806E+00
   0.10447E+03   0.29915E+02   0.25409E+02   0.36679E+00  -0.18231E+00
   0.10482E+03   0.29916E+02   0.25533E+02   0.36750E+00  -0.17691E+00
   0.10517E+03   0.29916E+02   0.25748E+02   0.36612E+00  -0.17438E+00
   0.10552E+03   0.29916E+02   0.25804E+02   0.36642E+00  -0.17603E+00
   0.10587E+03   0.29916E+02   0.25695E+02   0.37033E+00  -0.17930E+00
   0.10622E+03   0.29916E+02   0.25655E+02   0.37283E+00  -0.18161E+00
   0.10657E+03   0.29919E+02   0.25586E+02   0.37302E+00  -0.18468E+00
   0.10692E+03   0.29921E+02   0.25369E+02   0.36920E+00  -0.19127E+00
   0.10727E+03   0.29920E+02   0.25336E+02   0.36986E+00  -0.19020E+00
   0.10762E+03   0.29921E+02   0.25301E+02   0.37163E+00  -0.18974E+00
   0.10797E+03   0.29919E+02   0.25294E+02   0.36613E+00  -0.19294E+00
   0.10832E+03   0.29919E+02   0.25270E+02   0.37049E+00  -0.20221E+00
   0.10867E+03   0.29922E+02   0.25183E+02   0.37908E+00  -0.21059E+00
   0.10902E+03   0.29924E+02   0.25034E+02   0.38448E+00  -0.21234E+00
   0.10937E+03   0.29927E+02   0.25090E+02   0.38526E+00  -0.21522E+00
   0.10972E+03   0.29929E+02   0.25254E+02   0.38509E+00  -0.21380E+00
   0.11007E+03   0.29932E+02   0.24914E+02   0.38829E+00  -0.21733E+00
   0.11042E+03   0.29935E+02   0.24571E+02   0.39198E+00  -0.23305E+00
   0.11077E+03   0.29936E+02   0.24690E+02   0.39731E+00  -0.23578E+00
   0.11112E+03   0.29938E+02   0.24910E+02   0.40091E+00  -0.22889E+00
   0.11147E+03   0.29940E+02   0.25099E+02   0.40747E+00  -0.22791E+00
   0.11182E+03   0.29942E+02   0.25266E+02   0.41271E+00  -0.22859E+00
   0.11217E+03   0.29944E+02   0.25368E+02   0.41447E+00  -0.22456E+00
   0.11252E+03   0.29946E+02   0.25473E+02   0.41807E+00  -0.21936E+00
   0.11287E+03   0.29948E+02   0.25661E+02   0.42523E+00  -0.21836E+00
   0.11322E+03   0.29950E+02   0.25682E+02   0.42883E+00  -0.21378E+00
   0.11357E+03   0.29952E+02   0.25815E+02   0.42404E+00  -0.20354E+00
   0.11392E+03   0.29951E+02   0.26180E+02   0.41708E+00  -0.19136E+00
   0.11427E+03   0.29950E+02   0.26447E+02   0.41355E+00  -0.17671E+00
   0.11462E+03   0.29948E+02   0.26703E+02   0.41258E+00  -0.15951E+00
   0.11497E+03   0.29946E+02   0.26813E+02   0.41237E+00  -0.15005E+00
   0.11532E+03   0.29945E+02   0.26883E+02   0.40679E+00  -0.14511E+00
   0.11567E+03   0.29943E+02   0.26852E+02   0.39314E+00  -0.13478E+00
   0.11602E+03   0.29937E+02   0.26656E+02   0.38057E+00  -0.12760E+00
   0.11637E+03   0.29931E+02   0.26607E+02   0.37160E+00  -0.12001E+00
   0.11672E+03   0.29923E+02   0.26618E+02   0.36193E+00  -0.11055E+00
   0.11707E+03   0.29916E+02   0.26568E+02   0.35174E+00  -0.11285E+00
   0.11742E+03   0.29910E+02   0.26380E+02   0.34537E+00  -0.12064E+00
   0.11777E+03   0.29905E+02   0.26304E+02   0.34357E+00  -0.11956E+00
   0.11812E+03   0.29900E+02   0.26370E+02   0.33991E+00  -0.11535E+00
   0.11847E+03   0.29895E+02   0.26199E+02   0.33418E+00  -0.12392E+00
   0.11882E+03   0.29892E+02   0.25849E+02   0.33222E+00  -0.14029E+00
   0.11917E+03   0.29887E+02   0.25746E+02   0.33034E+00  -0.14428E+00
   0.11952E+03   0.29882E+02   0.25930E+02   0.33209E+00  -0.14102E+00
   0.11987E+03   0.29882E+02   0.25974E+02   0.33636E+00  -0.14383E+00
   0.12022E+03   0.29886E+02   0.25788E+02   0.33672E+00  -0.15701E+00
   0.12057E+03   0.29888E+02   0.25442E+02   0.33484E+00  -0.17466E+00
   0.12092E+03   0.29888E+02   0.25154E+02   0.33404E+00  -0.18408E+00
   0.12127E+03   0.29887E+02   0.24960E+02   0.33750E+00  -0.19425E+00
   0.12162E+03   0.29888E+02   0.24893E+02   0.34457E+00  -0.20674E+00
   0.12197E+03   0.29893E+02   0.24790E+02   0.35103E+00  -0.21975E+00
   0.12232E+03   0.29897E+02   0.24462E+02   0.35436E+00  -0.24231E+00
   0.12267E+03   0.29902E+02   0.24130E+02   0.36058E+00  -0.26279E+00
   0.12302E+03   0.29909E+02   0.24326E+02   0.37467E+00  -0.26781E+00
   0.12337E+03   0.29918E+02   0.24896E+02   0.39563E+00  -0.26305E+00
   0.12372E+03   0.29929E+02   0.25079E+02   0.40902E+00  -0.26707E+00
   0.12407E+03   0.29937E+02   0.25383E+02   0.41313E+00  -0.27244E+00
   0.12442E+03   0.29943E+02   0.25594E+02   0.42345E+00  -0.26589E+00
   0.12477E+03   0.29949E+02   0.25873E+02   0.43838E+00  -0.25615E+00
   0.12512E+03   0.29955E+02   0.26435E+02   0.44853E+00  -0.24011E+00
   0.12547E+03   0.29959E+02   0.26465E+02   0.44697E+00  -0.23142E+00
   0.12582E+03   0.29960E+02   0.26597E+02   0.44094E+00  -0.21943E+00
   0.12617E+03   0.29960E+02   0.26630E+02   0.43866E+00  -0.19712E+00
   0.12652E+03   0.29959E+02   0.26157E+02   0.43377E+00  -0.19445E+00
   0.12687E+03   0.29957E+02   0.25953E+02   0.43054E+00  -0.19751E+00
   0.12722E+03   0.29956E+02   0.26118E+02   0.42692E+00  -0.18642E+00
   0.12757E+03   0.29954E+02   0.26321E+02   0.41695E+00  -0.16563E+00
   0.12792E+03   0.29950E+02   0.26342E+02   0.40607E+00  -0.15313E+00
   0.12827E+03   0.29946E+02   0.26324E+02   0.40298E+00  -0.14927E+00
   0.12862E+03   0.29943E+02   0.26198E+02   0.40188E+00  -0.14653E+00
   0.12897E+03   0.29940E+02   0.26069E+02   0.39658E+00  -0.14504E+00
   0.12932E+03   0.29938E+02   0.26082E+02   0.39001E+00  -0.14273E+00
   0.12967E+03   0.29934E+02   0.26024E+02   0.38048E+00  -0.14039E+00
   0.13002E+03   0.29929E+02   0.25890E+02   0.37191E+00  -0.13617E+00
   0.13037E+03   0.29926E+02   0.25802E+02   0.35906E+00  -0.13660E+00
   0.13072E+03   0.29918E+02   0.25946E+02   0.35082E+00  -0.13097E+00
   0.13107E+03   0.29911E+02   0.26042E+02   0.35684E+00  -0.12558E+00
   0.13142E+03   0.29909E+02   0.25840E+02   0.36091E+00  -0.14144E+00
   0.13177E+03   0.29907E+02   0.25674E+02   0.35529E+00  -0.15352E+00
   0.13212E+03   0.29903E+02   0.25780E+02   0.34684E+00  -0.15037E+00
   0.13247E+03   0.29898E+02   0.25892E+02   0.34338E+00  -0.14546E+00
   0.13282E+03   0.29896E+02   0.25956E+02   0.34760E+00  -0.14274E+00
   0.13317E+03   0.29898E+02   0.25862E+02   0.34957E+00  -0.15571E+00
   0.13352E+03   0.29896E+02   0.25547E+02   0.34496E+00  -0.17354E+00
   0.13387E+03   0.29893E+02   0.25382E+02   0.34449E+00  -0.17426E+00
   0.13422E+03   0.29895E+02   0.25337E+02   0.34844E+00  -0.17513E+00
   0.13457E+03   0.29898E+02   0.25070E+02   0.34655E+00  -0.18840E+00
   0.13492E+03   0.29898E+02   0.24947E+02   0.34293E+00  -0.20130E+00
   0.13527E+03   0.29899E+02   0.24944E+02   0.34646E+00  -0.20835E+00
   0.13562E+03   0.29901E+02   0.25106E+02   0.35526E+00  -0.20423E+00
   0.13597E+03   0.29906E+02   0.25106E+02   0.36877E+00  -0.21347E+00
   0.13632E+03   0.29914E+02   0.25032E+02   0.38048E+00  -0.23184E+00
   0.13667E+03   0.29921E+02   0.25192E+02   0.38377E+00  -0.23032E+00
   0.13702E+03   0.29924E+02   0.25210E+02   0.38354E+00  -0.22867E+00
   0.13737E+03   0.29927E+02   0.25216E+02   0.39228E+00  -0.23310E+00
   0.13772E+03   0.29932E+02   0.25408E+02   0.40420E+00  -0.22703E+00
   0.13807E+03   0.29938E+02   0.25415E+02   0.40599E+00  -0.22982E+00
   0.13842E+03   0.29941E+02   0.25616E+02   0.40496E+00  -0.22937E+00
   0.13877E+03   0.29943E+02   0.26129E+02   0.40749E+00  -0.20934E+00
   0.13912E+03   0.29944E+02   0.26274E+02   0.41437E+00  -0.19835E+00
   0.13947E+03   0.29946E+02   0.26033E+02   0.41922E+00  -0.20292E+00
   0.13982E+03   0.29947E+02   0.25794E+02   0.41348E+00  -0.21034E+00
   0.14017E+03   0.29945E+02   0.25620E+02   0.40653E+00  -0.21006E+00
   0.14052E+03   0.29943E+02   0.25491E+02   0.40773E+00  -0.19988E+00
   0.14087E+03   0.29942E+02   0.25434E+02   0.40720E+00  -0.19730E+00
   0.14122E+03   0.29943E+02   0.25304E+02   0.40277E+00  -0.20247E+00
   0.14157E+03   0.29941E+02   0.25300E+02   0.39657E+00  -0.20041E+00
   0.14192E+03   0.29939E+02   0.25457E+02   0.39944E+00  -0.19323E+00
   0.14227E+03   0.29941E+02   0.25754E+02   0.41055E+00  -0.18209E+00
   0.14262E+03   0.29944E+02   0.25874E+02   0.41038E+00  -0.18026E+00
   0.14297E+03   0.29944E+02   0.26065E+02   0.40568E+00  -0.17760E+00
   0.14332E+03   0.29943E+02   0.26281E+02   0.40057E+00  -0.16247E+00
   0.14367E+03   0.29940E+02   0.26263E+02   0.39396E+00  -0.15240E+00
   0.14402E+03   0.29937E+02   0.26363E+02   0.39166E+00  -0.14684E+00
   0.14437E+03   0.29935E+02   0.26625E+02   0.38965E+00  -0.13548E+00
   0.14472E+03   0.29933E+02   0.26656E+02   0.37731E+00  -0.12854E+00
   0.14507E+03   0.29927E+02   0.26721E+02   0.36193E+00  -0.12134E+00
   0.14542E+03   0.29919E+02   0.26854E+02   0.35729E+00  -0.11140E+00
   0.14577E+03   0.29913E+02   0.26749E+02   0.35482E+00  -0.10821E+00
   0.14612E+03   0.29906E+02   0.26605E+02   0.34666E+00  -0.11451E+00
   0.14647E+03   0.29898E+02   0.26488E+02   0.33657E+00  -0.12406E+00
   0.14682E+03   0.29889E+02   0.26349E+02   0.33327E+00  -0.12358E+00
   0.14717E+03   0.29886E+02   0.26125E+02   0.33331E+00  -0.12953E+00
   0.14752E+03   0.29886E+02   0.26010E+02   0.32909E+00  -0.14426E+00
   0.14787E+03   0.29883E+02   0.25897E+02   0.32618E+00  -0.14880E+00
   0.14822E+03   0.29880E+02   0.25806E+02   0.32919E+00  -0.15268E+00
   0.14857E+03   0.29880E+02   0.25954E+02   0.33515E+00  -0.15349E+00
   0.14892E+03   0.29883E+02   0.26068E+02   0.34367E+00  -0.15701E+00
   0.14927E+03   0.29889E+02   0.25963E+02   0.34832E+00  -0.17216E+00
   0.14962E+03   0.29893E+02   0.25661E+02   0.34466E+00  -0.18323E+00
   0.14997E+03   0.29895E+02   0.25502E+02   0.34451E+00  -0.18716E+00
   0.15032E+03   0.29897E+02   0.25557E+02   0.34779E+00  -0.18411E+00
   0.15067E+03   0.29898E+02   0.25365E+02   0.34997E+00  -0.19297E+00
   0.15102E+03   0.29900E+02   0.25278E+02   0.35412E+00  -0.20896E+00
   0.15137E+03   0.29904E+02   0.25292E+02   0.35822E+00  -0.21582E+00
   0.15172E+03   0.29906E+02   0.25219E+02   0.36218E+00  -0.22084E+00
   0.15207E+03   0.29911E+02   0.25213E+02   0.37462E+00  -0.22676E+00
   0.15242E+03   0.29918E+02   0.25299E+02   0.38340E+00  -0.23364E+00
   0.15277E+03   0.29924E+02   0.25427E+02   0.38630E+00  -0.23401E+00
   0.15312E+03   0.29928E+02   0.25508E+02   0.39306E+00  -0.23180E+00
   0.15347E+03   0.29932E+02   0.25693E+02   0.40348E+00  -0.23180E+00
   0.15382E+03   0.29938E+02   0.25919E+02   0.41513E+00  -0.22770E+00
   0.15417E+03   0.29943E+02   0.26249E+02   0.41944E+00  -0.22385E+00
   0.15452E+03   0.29947E+02   0.26495E+02   0.41952E+00  -0.21672E+00
   0.15487E+03   0.29949E+02   0.26665E+02   0.41637E+00  -0.19880E+00
   0.15522E+03   0.29949E+02   0.27128E+02   0.41697E+00  -0.17799E+00
   0.15557E+03   0.29950E+02   0.27358E+02   0.41950E+00  -0.16393E+00
   0.15592E+03   0.29950E+02   0.27239E+02   0.41469E+00  -0.15700E+00
   0.15627E+03   0.29948E+02   0.27015E+02   0.40379E+00  -0.15494E+00
   0.15662E+03   0.29944E+02   0.26918E+02   0.39453E+00  -0.14468E+00
   0.15697E+03   0.29939E+02   0.27168E+02   0.38606E+00  -0.11895E+00
   0.15732E+03   0.29931E+02   0.27299E+02   0.37400E+00  -0.10598E+00
   0.15767E+03   0.29924E+02   0.27106E+02   0.36682E+00  -0.11208E+00
   0.15802E+03   0.29920E+02   0.26974E+02   0.35916E+00  -0.11256E+00
   0.15837E+03   0.29913E+02   0.26917E+02   0.35184E+00  -0.10975E+00
   0.15872E+03   0.29907E+02   0.26678E+02   0.34858E+00  -0.11374E+00
   0.15907E+03   0.29902E+02   0.26415E+02   0.34233E+00  -0.12056E+00
   0.15942E+03   0.29896E+02   0.26170E+02   0.33375E+00  -0.13048E+00
   0.15977E+03   0.29886E+02   0.26011E+02   0.32598E+00  -0.13719E+00
   0.16012E+03   0.29880E+02   0.25829E+02   0.32658E+00  -0.14358E+00
   0.16047E+03   0.29881E+02   0.25668E+02   0.33452E+00  -0.15537E+00
   0.16082E+03   0.29883E+02   0.25467E+02   0.34069E+00  -0.17105E+00
   0.16117E+03   0.29888E+02   0.25316E+02   0.33918E+00  -0.18202E+00
   0.16152E+03   0.29890E+02   0.25125E+02   0.33578E+00  -0.18799E+00
   0.16187E+03   0.29890E+02   0.24965E+02   0.34105E+00  -0.19727E+00
   0.16222E+03   0.29894E+02   0.25194E+02   0.35177E+00  -0.19920E+00
   0.16257E+03   0.29899E+02   0.25391E+02   0.35974E+00  -0.20046E+00
   0.16292E+03   0.29904E+02   0.25208E+02   0.36382E+00  -0.21947E+00
   0.16327E+03   0.29909E+02   0.24756E+02   0.36887E+00  -0.24261E+00
   0.16362E+03   0.29915E+02   0.24782E+02   0.37666E+00  -0.24419E+00
   0.16397E+03   0.29920E+02   0.25172E+02   0.38404E+00  -0.23584E+00
   0.16432E+03   0.29925E+02   0.25095E+02   0.38894E+00  -0.24531E+00
   0.16467E+03   0.29930E+02   0.24973E+02   0.39513E+00  -0.25721E+00
   0.16502E+03   0.29934E+02   0.25191E+02   0.40536E+00  -0.25803E+00
   0.16537E+03   0.29940E+02   0.25401E+02   0.41693E+00  -0.25386E+00
   0.16572E+03   0.29945E+02   0.25493E+02   0.42420E+00  -0.24960E+00
   0.16607E+03   0.29950E+02   0.25515E+02   0.43066E+00  -0.25310E+00
   0.16642E+03   0.29953E+02   0.25467E+02   0.43421E+00  -0.25071E+00
   0.16677E+03   0.29954E+02   0.25690E+02   0.43326E+00  -0.23677E+00
   0.16712E+03   0.29955E+02   0.26239E+02   0.43879E+00  -0.22040E+00
   0.16747E+03   0.29957E+02   0.26480E+02   0.44806E+00  -0.20984E+00
   0.16782E+03   0.29959E+02   0.26398E+02   0.45033E+00  -0.20632E+00
   0.16817E+03   0.29960E+02   0.26337E+02   0.43987E+00  -0.20039E+00
   0.16852E+03   0.29958E+02   0.26351E+02   0.42858E+00  -0.18649E+00
   0.16887E+03   0.29957E+02   0.26345E+02   0.42635E+00  -0.16748E+00
   0.16922E+03   0.29956E+02   0.26300E+02   0.42215E+00  -0.15691E+00
   0.16957E+03   0.29953E+02   0.26458E+02   0.40948E+00  -0.14838E+00
   0.16992E+03   0.29946E+02   0.26660E+02   0.39518E+00  -0.13411E+00
   0.17027E+03   0.29941E+02   0.26736E+02   0.39326E+00  -0.12220E+00
   0.17062E+03   0.29938E+02   0.26622E+02   0.39202E+00  -0.12276E+00
   0.17097E+03   0.29933E+02   0.26506E+02   0.37982E+00  -0.12582E+00
   0.17132E+03   0.29925E+02   0.26581E+02   0.36671E+00  -0.11382E+00
   0.17167E+03   0.29918E+02   0.26524E+02   0.35669E+00  -0.10831E+00
   0.17202E+03   0.29911E+02   0.26447E+02   0.35016E+00  -0.11176E+00
   0.17237E+03   0.29904E+02   0.26471E+02   0.34564E+00  -0.11143E+00
   0.17272E+03   0.29902E+02   0.26246E+02   0.34122E+00  -0.11978E+00
   0.17307E+03   0.29897E+02   0.25980E+02   0.33219E+00  -0.13042E+00
   0.17342E+03   0.29888E+02   0.25793E+02   0.32856E+00  -0.13780E+00
   0.17377E+03   0.29884E+02   0.25760E+02   0.33073E+00  -0.13898E+00
   0.17412E+03   0.29882E+02   0.25923E+02   0.33081E+00  -0.13688E+00
   0.17447E+03   0.29880E+02   0.25759E+02   0.32935E+00  -0.15375E+00
   0.17482E+03   0.29877E+02   0.25393E+02   0.33111E+00  -0.17312E+00
   0.17517E+03   0.29880E+02   0.25388E+02   0.33930E+00  -0.17246E+00
   0.17552E+03   0.29887E+02   0.25335E+02   0.34211E+00  -0.17873E+00
   0.17587E+03   0.29890E+02   0.24886E+02   0.34173E+00  -0.20358E+00
   0.17622E+03   0.29893E+02   0.24819E+02   0.34296E+00  -0.21292E+00
   0.17657E+03   0.29894E+02   0.25209E+02   0.34710E+00  -0.20362E+00
   0.17692E+03   0.29898E+02   0.25327E+02   0.35675E+00  -0.20674E+00
   0.17727E+03   0.29905E+02   0.25482E+02   0.36595E+00  -0.21569E+00
   0.17762E+03   0.29912E+02   0.25403E+02   0.37597E+00  -0.22578E+00
   0.17797E+03   0.29920E+02   0.24979E+02   0.38268E+00  -0.23836E+00
   0.17832E+03   0.29924E+02   0.24933E+02   0.38237E+00  -0.24290E+00
   0.17867E+03   0.29926E+02   0.25212E+02   0.38814E+00  -0.23765E+00
   0.17902E+03   0.29931E+02   0.25172E+02   0.39876E+00  -0.23857E+00
   0.17937E+03   0.29936E+02   0.25097E+02   0.40354E+00  -0.24962E+00
   0.17972E+03   0.29939E+02   0.25410E+02   0.40623E+00  -0.25072E+00
   0.18007E+03   0.29942E+02   0.25329E+02   0.41505E+00  -0.24917E+00
   0.18042E+03   0.29947E+02   0.25192E+02   0.42901E+00  -0.25070E+00
   0.18077E+03   0.29951E+02   0.25527E+02   0.43504E+00  -0.24470E+00
   0.18112E+03   0.29954E+02   0.25889E+02   0.43179E+00  -0.23147E+00
   0.18147E+03   0.29954E+02   0.26280E+02   0.43043E+00  -0.21214E+00
   0.18182E+03   0.29955E+02   0.26812E+02   0.43889E+00  -0.19182E+00
   0.18217E+03   0.29957E+02   0.27010E+02   0.44315E+00  -0.17990E+00
   0.18252E+03   0.29958E+02   0.26947E+02   0.43500E+00  -0.16965E+00
   0.18287E+03   0.29956E+02   0.26823E+02   0.42397E+00  -0.15989E+00
   0.18322E+03   0.29954E+02   0.26610E+02   0.41230E+00  -0.14736E+00
   0.18357E+03   0.29949E+02   0.26480E+02   0.39772E+00  -0.13386E+00
   0.18392E+03   0.29944E+02   0.26392E+02   0.38285E+00  -0.13077E+00
   0.18427E+03   0.29935E+02   0.26448E+02   0.37175E+00  -0.12355E+00
   0.18462E+03   0.29927E+02   0.26662E+02   0.36830E+00  -0.10911E+00
   0.18497E+03   0.29924E+02   0.26676E+02   0.36464E+00  -0.11148E+00
   0.18532E+03   0.29918E+02   0.26592E+02   0.36061E+00  -0.11817E+00
   0.18567E+03   0.29912E+02   0.26634E+02   0.35890E+00  -0.11312E+00
   0.18602E+03   0.29908E+02   0.26411E+02   0.34856E+00  -0.11622E+00
   0.18637E+03   0.29902E+02   0.26183E+02   0.33928E+00  -0.12210E+00
   0.18672E+03   0.29896E+02   0.26138E+02   0.33667E+00  -0.12495E+00
   0.18707E+03   0.29891E+02   0.26067E+02   0.33165E+00  -0.12470E+00
   0.18742E+03   0.29888E+02   0.26136E+02   0.32735E+00  -0.12319E+00
   0.18777E+03   0.29887E+02   0.26134E+02   0.32738E+00  -0.13376E+00
   0.18812E+03   0.29880E+02   0.26088E+02   0.32631E+00  -0.13718E+00
   0.18847E+03   0.29875E+02   0.26157E+02   0.33010E+00  -0.13249E+00
   0.18882E+03   0.29879E+02   0.25955E+02   0.33288E+00  -0.14958E+00
   0.18917E+03   0.29881E+02   0.25330E+02   0.32572E+00  -0.17635E+00
   0.18952E+03   0.29881E+02   0.24963E+02   0.32202E+00  -0.18480E+00
   0.18987E+03   0.29880E+02   0.24940E+02   0.32720E+00  -0.18780E+00
   0.19022E+03   0.29878E+02   0.25019E+02   0.33391E+00  -0.19513E+00
   0.19057E+03   0.29881E+02   0.24852E+02   0.34195E+00  -0.21608E+00
   0.19092E+03   0.29887E+02   0.24544E+02   0.35154E+00  -0.24598E+00
   0.19127E+03   0.29897E+02   0.24462E+02   0.36530E+00  -0.25475E+00
   0.19162E+03   0.29908E+02   0.24531E+02   0.37555E+00  -0.25977E+00
   0.19197E+03   0.29916E+02   0.24801E+02   0.38743E+00  -0.26989E+00
   0.19232E+03   0.29925E+02   0.24978E+02   0.40602E+00  -0.27171E+00
   0.19267E+03   0.29935E+02   0.25027E+02   0.41546E+00  -0.27733E+00
   0.19302E+03   0.29942E+02   0.25218E+02   0.42021E+00  -0.27962E+00
   0.19337E+03   0.29947E+02   0.25219E+02   0.43179E+00  -0.27978E+00
   0.19372E+03   0.29953E+02   0.25536E+02   0.44765E+00  -0.26898E+00
   0.19407E+03   0.29958E+02   0.25969E+02   0.45320E+00  -0.25384E+00
   0.19442E+03   0.29961E+02   0.26187E+02   0.44973E+00  -0.25180E+00
   0.19477E+03   0.29962E+02   0.26375E+02   0.45375E+00  -0.24069E+00
   0.19512E+03   0.29964E+02   0.26529E+02   0.45975E+00  -0.22156E+00
   0.19547E+03   0.29965E+02   0.26976E+02   0.45984E+00  -0.20284E+00
   0.19582E+03   0.29966E+02   0.27483E+02   0.45540E+00  -0.17769E+00
   0.19617E+03   0.29964E+02   0.27819E+02   0.44681E+00  -0.15187E+00
   0.19652E+03   0.29962E+02   0.27925E+02   0.43646E+00  -0.13010E+00
   0.19687E+03   0.29958E+02   0.27791E+02   0.42463E+00  -0.11487E+00
   0.19722E+03   0.29952E+02   0.27367E+02   0.41018E+00  -0.10952E+00
   0.19757E+03   0.29946E+02   0.27033E+02   0.39303E+00  -0.10736E+00
   0.19792E+03   0.29939E+02   0.26938E+02   0.37623E+00  -0.99868E-01
   0.19827E+03   0.29926E+02   0.26982E+02   0.35865E+00  -0.87037E-01
   0.19862E+03   0.29913E+02   0.26979E+02   0.34623E+00  -0.81927E-01
   0.19897E+03   0.29905E+02   0.27048E+02   0.34056E+00  -0.78853E-01
   0.19932E+03   0.29899E+02   0.27069E+02   0.33742E+00  -0.81347E-01
   0.19967E+03   0.29893E+02   0.26858E+02   0.33429E+00  -0.91057E-01
   0.20002E+03   0.29886E+02   0.26548E+02   0.32968E+00  -0.10149E+00
   0.20037E+03   0.29878E+02   0.26242E+02   0.32350E+00  -0.11227E+00
   0.20072E+03   0.29872E+02   0.26280E+02   0.31739E+00  -0.11263E+00
   0.20107E+03   0.29864E+02   0.26535E+02   0.31146E+00  -0.10546E+00
   0.20142E+03   0.29858E+02   0.26453E+02   0.31062E+00  -0.11417E+00
   0.20177E+03   0.29860E+02   0.26277E+02   0.31659E+00  -0.13010E+00
   0.20212E+03   0.29861E+02   0.26138E+02   0.31922E+00  -0.13900E+00
   0.20247E+03   0.29861E+02   0.26111E+02   0.31995E+00  -0.14472E+00
   0.20282E+03   0.29864E+02   0.25977E+02   0.31941E+00  -0.15464E+00
   0.20317E+03   0.29864E+02   0.25541E+02   0.31684E+00  -0.17433E+00
   0.20352E+03   0.29860E+02   0.25240E+02   0.31615E+00  -0.18843E+00
   0.20387E+03   0.29860E+02   0.25036E+02   0.32063E+00  -0.19724E+00
   0.20422E+03   0.29868E+02   0.25087E+02   0.32865E+00  -0.20703E+00
   0.20457E+03   0.29877E+02   0.25108E+02   0.34234E+00  -0.22158E+00
   0.20492E+03   0.29889E+02   0.24911E+02   0.35476E+00  -0.23653E+00
   0.20527E+03   0.29898E+02   0.24951E+02   0.35943E+00  -0.24394E+00
   0.20562E+03   0.29904E+02   0.24988E+02   0.37113E+00  -0.25320E+00
   0.20597E+03   0.29914E+02   0.25006E+02   0.38818E+00  -0.26272E+00
   0.20632E+03   0.29925E+02   0.25249E+02   0.40176E+00  -0.26435E+00
   0.20667E+03   0.29934E+02   0.25558E+02   0.41120E+00  -0.26260E+00
   0.20702E+03   0.29940E+02   0.25456E+02   0.41653E+00  -0.26559E+00
   0.20737E+03   0.29945E+02   0.25285E+02   0.42651E+00  -0.26863E+00
   0.20772E+03   0.29950E+02   0.25370E+02   0.44065E+00  -0.26981E+00
   0.20807E+03   0.29955E+02   0.25476E+02   0.44663E+00  -0.26929E+00
   0.20842E+03   0.29959E+02   0.25470E+02   0.44764E+00  -0.26746E+00
   0.20877E+03   0.29961E+02   0.25819E+02   0.45009E+00  -0.25730E+00
   0.20912E+03   0.29963E+02   0.26253E+02   0.45506E+00  -0.23744E+00
   0.20947E+03   0.29964E+02   0.26185E+02   0.45810E+00  -0.22529E+00
   0.20982E+03   0.29964E+02   0.26118E+02   0.45823E+00  -0.22098E+00
   0.21017E+03   0.29964E+02   0.26312E+02   0.46057E+00  -0.20772E+00
   0.21052E+03   0.29965E+02   0.26728E+02   0.45954E+00  -0.18315E+00
   0.21087E+03   0.29964E+02   0.26685E+02   0.44906E+00  -0.17458E+00
   0.21122E+03   0.29963E+02   0.26681E+02   0.43450E+00  -0.16628E+00
   0.21157E+03   0.29960E+02   0.26832E+02   0.42276E+00  -0.13896E+00
   0.21192E+03   0.29955E+02   0.26691E+02   0.41021E+00  -0.12506E+00
   0.21227E+03   0.29948E+02   0.26683E+02   0.40164E+00  -0.11769E+00
   0.21262E+03   0.29942E+02   0.26871E+02   0.39507E+00  -0.10477E+00
   0.21297E+03   0.29938E+02   0.26860E+02   0.38334E+00  -0.10385E+00
   0.21332E+03   0.29931E+02   0.26836E+02   0.36753E+00  -0.99626E-01
   0.21367E+03   0.29919E+02   0.27018E+02   0.35442E+00  -0.88214E-01
   0.21402E+03   0.29909E+02   0.27084E+02   0.34915E+00  -0.78815E-01
   0.21437E+03   0.29906E+02   0.27011E+02   0.34515E+00  -0.82986E-01
   0.21472E+03   0.29901E+02   0.26706E+02   0.33312E+00  -0.10330E+00
   0.21507E+03   0.29891E+02   0.26392E+02   0.31998E+00  -0.10765E+00
   0.21542E+03   0.29879E+02   0.26442E+02   0.31666E+00  -0.94912E-01
   0.21577E+03   0.29874E+02   0.26560E+02   0.31716E+00  -0.97916E-01
   0.21612E+03   0.29869E+02   0.26454E+02   0.31083E+00  -0.11482E+00
   0.21647E+03   0.29857E+02   0.26354E+02   0.30716E+00  -0.12381E+00
   0.21682E+03   0.29854E+02   0.26221E+02   0.31398E+00  -0.12929E+00
   0.21717E+03   0.29858E+02   0.26001E+02   0.31771E+00  -0.13855E+00
   0.21752E+03   0.29861E+02   0.25627E+02   0.31751E+00  -0.15988E+00
   0.21787E+03   0.29862E+02   0.25168E+02   0.31534E+00  -0.18312E+00
   0.21822E+03   0.29864E+02   0.24982E+02   0.31446E+00  -0.18828E+00
   0.21857E+03   0.29866E+02   0.25132E+02   0.31650E+00  -0.19033E+00
   0.21892E+03   0.29869E+02   0.25047E+02   0.32830E+00  -0.20789E+00
   0.21927E+03   0.29878E+02   0.24620E+02   0.34539E+00  -0.23272E+00
   0.21962E+03   0.29889E+02   0.24384E+02   0.35630E+00  -0.25809E+00
   0.21997E+03   0.29899E+02   0.24407E+02   0.36258E+00  -0.27571E+00
   0.22032E+03   0.29907E+02   0.24528E+02   0.37744E+00  -0.28070E+00
   0.22067E+03   0.29919E+02   0.24653E+02   0.39695E+00  -0.28631E+00
   0.22102E+03   0.29929E+02   0.24770E+02   0.40770E+00  -0.29550E+00
   0.22137E+03   0.29938E+02   0.25035E+02   0.41644E+00  -0.29770E+00
   0.22172E+03   0.29945E+02   0.25300E+02   0.43448E+00  -0.29436E+00
   0.22207E+03   0.29953E+02   0.25512E+02   0.45552E+00  -0.29209E+00
   0.22242E+03   0.29960E+02   0.25597E+02   0.46570E+00  -0.29046E+00
   0.22277E+03   0.29964E+02   0.25752E+02   0.46806E+00  -0.28399E+00
   0.22312E+03   0.29966E+02   0.26434E+02   0.46771E+00  -0.26055E+00
   0.22347E+03   0.29968E+02   0.26947E+02   0.47599E+00  -0.23669E+00
   0.22382E+03   0.29970E+02   0.27270E+02   0.48502E+00  -0.22311E+00
   0.22417E+03   0.29971E+02   0.27597E+02   0.48453E+00  -0.20693E+00
   0.22452E+03   0.29972E+02   0.27566E+02   0.47257E+00  -0.18780E+00
   0.22487E+03   0.29970E+02   0.27439E+02   0.46009E+00  -0.16456E+00
   0.22522E+03   0.29968E+02   0.27417E+02   0.44963E+00  -0.14210E+00
   0.22557E+03   0.29964E+02   0.27222E+02   0.43406E+00  -0.12932E+00
   0.22592E+03   0.29960E+02   0.27054E+02   0.41645E+00  -0.11924E+00
   0.22627E+03   0.29954E+02   0.27139E+02   0.39691E+00  -0.10460E+00
   0.22662E+03   0.29946E+02   0.27190E+02   0.38526E+00  -0.86287E-01
   0.22697E+03   0.29936E+02   0.27334E+02   0.37764E+00  -0.70658E-01
   0.22732E+03   0.29928E+02   0.27334E+02   0.36719E+00  -0.73344E-01
   0.22767E+03   0.29920E+02   0.27227E+02   0.35424E+00  -0.76630E-01
   0.22802E+03   0.29913E+02   0.27216E+02   0.34112E+00  -0.70640E-01
   0.22837E+03   0.29905E+02   0.26941E+02   0.32916E+00  -0.78861E-01
   0.22872E+03   0.29891E+02   0.26800E+02   0.32299E+00  -0.80262E-01
   0.22907E+03   0.29879E+02   0.26857E+02   0.31499E+00  -0.76443E-01
   0.22942E+03   0.29869E+02   0.26741E+02   0.30409E+00  -0.87995E-01
   0.22977E+03   0.29856E+02   0.26614E+02   0.30405E+00  -0.97161E-01
   0.23012E+03   0.29851E+02   0.26332E+02   0.30849E+00  -0.11446E+00
   0.23047E+03   0.29849E+02   0.26089E+02   0.30790E+00  -0.13047E+00
   0.23082E+03   0.29848E+02   0.25920E+02   0.30777E+00  -0.13876E+00
   0.23117E+03   0.29846E+02   0.25674E+02   0.30587E+00  -0.15687E+00
   0.23152E+03   0.29844E+02   0.25502E+02   0.30902E+00  -0.16432E+00
   0.23187E+03   0.29850E+02   0.25202E+02   0.31746E+00  -0.18012E+00
   0.23222E+03   0.29858E+02   0.24824E+02   0.32008E+00  -0.21013E+00
   0.23257E+03   0.29863E+02   0.24643E+02   0.32758E+00  -0.21910E+00
   0.23292E+03   0.29872E+02   0.24562E+02   0.33810E+00  -0.22994E+00
   0.23327E+03   0.29883E+02   0.24348E+02   0.34849E+00  -0.25329E+00
   0.23362E+03   0.29894E+02   0.24517E+02   0.35761E+00  -0.26433E+00
   0.23397E+03   0.29903E+02   0.24790E+02   0.37109E+00  -0.27151E+00
   0.23432E+03   0.29914E+02   0.24814E+02   0.38917E+00  -0.27864E+00
   0.23467E+03   0.29926E+02   0.25344E+02   0.40739E+00  -0.27745E+00
   0.23502E+03   0.29937E+02   0.25542E+02   0.41935E+00  -0.28367E+00
   0.23537E+03   0.29945E+02   0.25219E+02   0.42968E+00  -0.29053E+00
   0.23572E+03   0.29951E+02   0.25532E+02   0.44089E+00  -0.28203E+00
   0.23607E+03   0.29956E+02   0.26001E+02   0.44853E+00  -0.27290E+00
   0.23642E+03   0.29960E+02   0.25905E+02   0.45465E+00  -0.26864E+00
   0.23677E+03   0.29963E+02   0.25652E+02   0.45889E+00  -0.26843E+00
   0.23712E+03   0.29965E+02   0.25966E+02   0.46090E+00  -0.25780E+00
   0.23747E+03   0.29966E+02   0.26433E+02   0.46382E+00  -0.23127E+00
   0.23782E+03   0.29967E+02   0.26660E+02   0.46702E+00  -0.21539E+00
   0.23817E+03   0.29967E+02   0.27028E+02   0.46876E+00  -0.20186E+00
   0.23852E+03   0.29968E+02   0.27415E+02   0.46338E+00  -0.17464E+00
   0.23887E+03   0.29967E+02   0.27479E+02   0.44946E+00  -0.15494E+00
   0.23922E+03   0.29964E+02   0.27517E+02   0.44035E+00  -0.13511E+00
   0.23957E+03   0.29960E+02   0.27658E+02   0.43182E+00  -0.10888E+00
   0.23992E+03   0.29955E+02   0.27628E+02   0.41545E+00  -0.94780E-01
   0.24027E+03   0.29948E+02   0.27478E+02   0.39525E+00  -0.90119E-01
   0.24062E+03   0.29940E+02   0.27119E+02   0.37462E+00  -0.93873E-01
   0.24097E+03   0.29929E+02   0.26826E+02   0.35845E+00  -0.92380E-01
   0.24132E+03   0.29918E+02   0.26813E+02   0.34997E+00  -0.84559E-01
   0.24167E+03   0.29905E+02   0.26928E+02   0.33931E+00  -0.80903E-01
   0.24202E+03   0.29896E+02   0.26913E+02   0.32986E+00  -0.81579E-01
   0.24237E+03   0.29887E+02   0.26735E+02   0.32410E+00  -0.91443E-01
   0.24272E+03   0.29879E+02   0.26600E+02   0.32614E+00  -0.98300E-01
   0.24307E+03   0.29876E+02   0.26420E+02   0.32501E+00  -0.10119E+00
   0.24342E+03   0.29870E+02   0.26231E+02   0.31707E+00  -0.11293E+00
   0.24377E+03   0.29864E+02   0.26119E+02   0.31502E+00  -0.12160E+00
   0.24412E+03   0.29865E+02   0.26079E+02   0.31260E+00  -0.12272E+00
   0.24447E+03   0.29863E+02   0.26136E+02   0.30529E+00  -0.12597E+00
   0.24482E+03   0.29859E+02   0.26233E+02   0.30717E+00  -0.13195E+00
   0.24517E+03   0.29860E+02   0.26140E+02   0.31966E+00  -0.13874E+00
   0.24552E+03   0.29862E+02   0.25889E+02   0.32072E+00  -0.15118E+00
   0.24587E+03   0.29860E+02   0.25681E+02   0.31612E+00  -0.17000E+00
   0.24622E+03   0.29857E+02   0.25592E+02   0.32102E+00  -0.17862E+00
   0.24657E+03   0.29862E+02   0.25628E+02   0.32598E+00  -0.17590E+00
   0.24692E+03   0.29869E+02   0.25675E+02   0.32715E+00  -0.18177E+00
   0.24727E+03   0.29875E+02   0.25407E+02   0.33174E+00  -0.20211E+00
   0.24762E+03   0.29881E+02   0.25073E+02   0.33706E+00  -0.21183E+00
   0.24797E+03   0.29888E+02   0.25152E+02   0.34824E+00  -0.21228E+00
   0.24832E+03   0.29896E+02   0.25159E+02   0.36007E+00  -0.22347E+00
   0.24867E+03   0.29904E+02   0.24867E+02   0.36597E+00  -0.24239E+00
   0.24902E+03   0.29910E+02   0.24984E+02   0.37195E+00  -0.24930E+00
   0.24937E+03   0.29915E+02   0.25190E+02   0.38116E+00  -0.24899E+00
   0.24972E+03   0.29923E+02   0.24857E+02   0.39612E+00  -0.26470E+00
   0.25007E+03   0.29932E+02   0.24486E+02   0.40938E+00  -0.28317E+00
   0.25042E+03   0.29940E+02   0.24523E+02   0.41588E+00  -0.29243E+00
   0.25077E+03   0.29946E+02   0.24963E+02   0.42622E+00  -0.28396E+00
   0.25112E+03   0.29951E+02   0.25193E+02   0.43504E+00  -0.27224E+00
   0.25147E+03   0.29955E+02   0.25004E+02   0.44223E+00  -0.28456E+00
   0.25182E+03   0.29959E+02   0.24954E+02   0.45552E+00  -0.29152E+00
   0.25217E+03   0.29963E+02   0.25412E+02   0.46449E+00  -0.27339E+00
   0.25252E+03   0.29966E+02   0.26067E+02   0.46802E+00  -0.25347E+00
   0.25287E+03   0.29967E+02   0.26266E+02   0.47360E+00  -0.24085E+00
   0.25322E+03   0.29969E+02   0.26299E+02   0.47700E+00  -0.22948E+00
   0.25357E+03   0.29969E+02   0.26548E+02   0.46868E+00  -0.21044E+00
   0.25392E+03   0.29969E+02   0.26995E+02   0.45790E+00  -0.18176E+00
   0.25427E+03   0.29968E+02   0.27130E+02   0.45387E+00  -0.16156E+00
   0.25462E+03   0.29966E+02   0.27076E+02   0.45044E+00  -0.14584E+00
   0.25497E+03   0.29963E+02   0.27129E+02   0.43384E+00  -0.12797E+00
   0.25532E+03   0.29957E+02   0.27088E+02   0.40625E+00  -0.11557E+00
   0.25567E+03   0.29949E+02   0.27223E+02   0.39256E+00  -0.92794E-01
   0.25602E+03   0.29942E+02   0.27349E+02   0.38797E+00  -0.73527E-01
   0.25637E+03   0.29935E+02   0.27242E+02   0.37327E+00  -0.75677E-01
   0.25672E+03   0.29925E+02   0.27048E+02   0.35358E+00  -0.80210E-01
   0.25707E+03   0.29910E+02   0.27031E+02   0.33921E+00  -0.78042E-01
   0.25742E+03   0.29899E+02   0.27074E+02   0.33665E+00  -0.69338E-01
   0.25777E+03   0.29892E+02   0.27010E+02   0.33211E+00  -0.73016E-01
   0.25812E+03   0.29882E+02   0.26881E+02   0.32093E+00  -0.88917E-01
   0.25847E+03   0.29873E+02   0.26680E+02   0.31157E+00  -0.93354E-01
   0.25882E+03   0.29868E+02   0.26436E+02   0.30848E+00  -0.98161E-01
   0.25917E+03   0.29864E+02   0.26364E+02   0.31077E+00  -0.10712E+00
   0.25952E+03   0.29859E+02   0.26293E+02   0.31068E+00  -0.11485E+00
   0.25987E+03   0.29855E+02   0.26092E+02   0.30716E+00  -0.12631E+00
   0.26022E+03   0.29852E+02   0.25835E+02   0.30422E+00  -0.14324E+00
   0.26057E+03   0.29846E+02   0.25675E+02   0.30540E+00  -0.15314E+00
   0.26092E+03   0.29847E+02   0.25521E+02   0.31345E+00  -0.16240E+00
   0.26127E+03   0.29854E+02   0.25249E+02   0.32106E+00  -0.18236E+00
   0.26162E+03   0.29859E+02   0.24972E+02   0.32475E+00  -0.20494E+00
   0.26197E+03   0.29864E+02   0.24729E+02   0.32645E+00  -0.22283E+00
   0.26232E+03   0.29871E+02   0.24675E+02   0.33600E+00  -0.23170E+00
   0.26267E+03   0.29882E+02   0.24640E+02   0.35368E+00  -0.24584E+00
   0.26302E+03   0.29895E+02   0.24606E+02   0.36397E+00  -0.26510E+00
   0.26337E+03   0.29907E+02   0.24507E+02   0.37247E+00  -0.27662E+00
   0.26372E+03   0.29917E+02   0.24445E+02   0.38308E+00  -0.28624E+00
   0.26407E+03   0.29926E+02   0.24599E+02   0.40080E+00  -0.28978E+00
   0.26442E+03   0.29935E+02   0.24841E+02   0.41802E+00  -0.28860E+00
   0.26477E+03   0.29944E+02   0.25193E+02   0.43063E+00  -0.29245E+00
   0.26512E+03   0.29951E+02   0.25512E+02   0.44216E+00  -0.29016E+00
   0.26547E+03   0.29957E+02   0.25726E+02   0.45216E+00  -0.28119E+00
   0.26582E+03   0.29961E+02   0.26242E+02   0.46282E+00  -0.26400E+00
   0.26617E+03   0.29965E+02   0.26747E+02   0.47286E+00  -0.24615E+00
   0.26652E+03   0.29968E+02   0.26590E+02   0.47462E+00  -0.23973E+00
   0.26687E+03   0.29969E+02   0.26440E+02   0.46807E+00  -0.23063E+00
   0.26722E+03   0.29969E+02   0.26730E+02   0.46410E+00  -0.20819E+00
   0.26757E+03   0.29969E+02   0.27211E+02   0.46052E+00  -0.17686E+00
   0.26792E+03   0.29967E+02   0.27438E+02   0.45193E+00  -0.15450E+00
   0.26827E+03   0.29965E+02   0.27103E+02   0.43865E+00  -0.14976E+00
   0.26862E+03   0.29960E+02   0.26910E+02   0.42574E+00  -0.13829E+00
   0.26897E+03   0.29956E+02   0.26935E+02   0.41431E+00  -0.11692E+00
   0.26932E+03   0.29952E+02   0.26918E+02   0.39990E+00  -0.10412E+00
   0.26967E+03   0.29945E+02   0.26882E+02   0.38627E+00  -0.97695E-01
   0.27002E+03   0.29934E+02   0.26889E+02   0.37110E+00  -0.87953E-01
   0.27037E+03   0.29923E+02   0.26978E+02   0.35665E+00  -0.78379E-01
   0.27072E+03   0.29914E+02   0.27050E+02   0.34998E+00  -0.77939E-01
   0.27107E+03   0.29907E+02   0.27065E+02   0.34869E+00  -0.83443E-01
   0.27142E+03   0.29902E+02   0.27069E+02   0.34630E+00  -0.84634E-01
   0.27177E+03   0.29895E+02   0.26994E+02   0.33279E+00  -0.86406E-01
   0.27212E+03   0.29885E+02   0.26836E+02   0.32072E+00  -0.95072E-01
   0.27247E+03   0.29875E+02   0.26763E+02   0.31577E+00  -0.95371E-01
   0.27282E+03   0.29869E+02   0.26629E+02   0.31530E+00  -0.96313E-01
   0.27317E+03   0.29864E+02   0.26511E+02   0.31113E+00  -0.10908E+00
   0.27352E+03   0.29854E+02   0.26625E+02   0.30601E+00  -0.11209E+00
   0.27387E+03   0.29850E+02   0.26592E+02   0.30911E+00  -0.11764E+00
   0.27422E+03   0.29853E+02   0.26213E+02   0.31063E+00  -0.13727E+00
   0.27457E+03   0.29854E+02   0.25615E+02   0.30801E+00  -0.16204E+00
   0.27492E+03   0.29852E+02   0.25321E+02   0.30530E+00  -0.17596E+00
   0.27527E+03   0.29854E+02   0.25241E+02   0.30940E+00  -0.17824E+00
   0.27562E+03   0.29858E+02   0.25291E+02   0.31817E+00  -0.18998E+00
   0.27597E+03   0.29863E+02   0.25095E+02   0.32845E+00  -0.21249E+00
   0.27632E+03   0.29871E+02   0.24540E+02   0.33587E+00  -0.23838E+00
   0.27667E+03   0.29880E+02   0.24630E+02   0.34885E+00  -0.25077E+00
   0.27702E+03   0.29893E+02   0.24966E+02   0.36501E+00  -0.25286E+00
   0.27737E+03   0.29905E+02   0.25038E+02   0.38041E+00  -0.26344E+00
   0.27772E+03   0.29917E+02   0.24773E+02   0.39308E+00  -0.28176E+00
   0.27807E+03   0.29926E+02   0.24855E+02   0.40051E+00  -0.29237E+00
   0.27842E+03   0.29934E+02   0.25486E+02   0.41345E+00  -0.28175E+00
   0.27877E+03   0.29942E+02   0.25923E+02   0.43085E+00  -0.26904E+00
   0.27912E+03   0.29951E+02   0.26254E+02   0.44696E+00  -0.26957E+00
   0.27947E+03   0.29957E+02   0.26487E+02   0.45349E+00  -0.26691E+00
   0.27982E+03   0.29960E+02   0.26548E+02   0.45076E+00  -0.25332E+00
   0.28017E+03   0.29961E+02   0.26808E+02   0.45264E+00  -0.23053E+00
   0.28052E+03   0.29963E+02   0.27205E+02   0.46149E+00  -0.21033E+00
   0.28087E+03   0.29965E+02   0.27399E+02   0.46016E+00  -0.19407E+00
   0.28122E+03   0.29965E+02   0.27527E+02   0.44622E+00  -0.17674E+00
   0.28157E+03   0.29963E+02   0.27780E+02   0.43505E+00  -0.15255E+00
   0.28192E+03   0.29959E+02   0.27862E+02   0.42956E+00  -0.12763E+00
   0.28227E+03   0.29955E+02   0.27773E+02   0.42387E+00  -0.11387E+00
   0.28262E+03   0.29952E+02   0.27647E+02   0.40850E+00  -0.10576E+00
   0.28297E+03   0.29945E+02   0.27321E+02   0.38376E+00  -0.99828E-01
   0.28332E+03   0.29934E+02   0.27119E+02   0.36607E+00  -0.88307E-01
   0.28367E+03   0.29924E+02   0.27119E+02   0.35716E+00  -0.78555E-01
   0.28402E+03   0.29916E+02   0.27007E+02   0.34979E+00  -0.79621E-01
   0.28437E+03   0.29907E+02   0.26792E+02   0.33678E+00  -0.91484E-01
   0.28472E+03   0.29895E+02   0.26524E+02   0.32636E+00  -0.10486E+00
   0.28507E+03   0.29884E+02   0.26324E+02   0.32697E+00  -0.10692E+00
   0.28542E+03   0.29880E+02   0.26308E+02   0.32841E+00  -0.10926E+00
   0.28577E+03   0.29878E+02   0.26248E+02   0.32598E+00  -0.12083E+00
   0.28612E+03   0.29874E+02   0.26104E+02   0.32268E+00  -0.13012E+00
   0.28647E+03   0.29869E+02   0.25989E+02   0.32145E+00  -0.13327E+00
   0.28682E+03   0.29867E+02   0.25987E+02   0.32557E+00  -0.13615E+00
   0.28717E+03   0.29869E+02   0.25903E+02   0.33111E+00  -0.14664E+00
   0.28752E+03   0.29873E+02   0.25768E+02   0.33160E+00  -0.16267E+00
   0.28787E+03   0.29874E+02   0.25728E+02   0.32701E+00  -0.16825E+00
   0.28822E+03   0.29875E+02   0.25393E+02   0.32442E+00  -0.17875E+00
   0.28857E+03   0.29877E+02   0.25139E+02   0.32645E+00  -0.19507E+00
   0.28892E+03   0.29878E+02   0.25235E+02   0.33567E+00  -0.19970E+00
   0.28927E+03   0.29881E+02   0.25345E+02   0.34595E+00  -0.20568E+00
   0.28962E+03   0.29889E+02   0.25175E+02   0.35092E+00  -0.22152E+00
   0.28997E+03   0.29897E+02   0.24811E+02   0.35628E+00  -0.24045E+00
   0.29032E+03   0.29904E+02   0.24627E+02   0.36627E+00  -0.25274E+00
   0.29067E+03   0.29911E+02   0.24450E+02   0.37917E+00  -0.26042E+00
   0.29102E+03   0.29920E+02   0.24225E+02   0.38802E+00  -0.27801E+00
   0.29137E+03   0.29928E+02   0.24135E+02   0.39641E+00  -0.29855E+00
   0.29172E+03   0.29934E+02   0.24448E+02   0.41103E+00  -0.29919E+00
   0.29207E+03   0.29942E+02   0.24702E+02   0.43076E+00  -0.29627E+00
   0.29242E+03   0.29950E+02   0.24636E+02   0.44384E+00  -0.31012E+00
   0.29277E+03   0.29956E+02   0.24888E+02   0.45819E+00  -0.31708E+00
   0.29312E+03   0.29962E+02   0.25518E+02   0.47404E+00  -0.29860E+00
   0.29347E+03   0.29967E+02   0.26049E+02   0.48281E+00  -0.27669E+00
   0.29382E+03   0.29971E+02   0.26360E+02   0.48572E+00  -0.26197E+00
   0.29417E+03   0.29972E+02   0.26758E+02   0.48782E+00  -0.24325E+00
   0.29452E+03   0.29974E+02   0.27136E+02   0.49021E+00  -0.21500E+00
   0.29487E+03   0.29974E+02   0.27277E+02   0.48319E+00  -0.19195E+00
   0.29522E+03   0.29973E+02   0.26922E+02   0.47116E+00  -0.18758E+00
   0.29557E+03   0.29971E+02   0.26573E+02   0.45842E+00  -0.17596E+00
   0.29592E+03   0.29967E+02   0.26583E+02   0.44261E+00  -0.15094E+00
   0.29627E+03   0.29961E+02   0.26561E+02   0.42377E+00  -0.13609E+00
   0.29662E+03   0.29956E+02   0.26436E+02   0.40866E+00  -0.13169E+00
   0.29697E+03   0.29951E+02   0.26202E+02   0.40153E+00  -0.12921E+00
   0.29732E+03   0.29947E+02   0.26102E+02   0.39417E+00  -0.12587E+00
   0.29767E+03   0.29941E+02   0.26270E+02   0.38051E+00  -0.11055E+00
   0.29802E+03   0.29935E+02   0.26340E+02   0.37123E+00  -0.10306E+00
   0.29837E+03   0.29929E+02   0.26166E+02   0.36731E+00  -0.11103E+00
   0.29872E+03   0.29922E+02   0.26193E+02   0.36064E+00  -0.10846E+00
   0.29907E+03   0.29913E+02   0.26448E+02   0.35006E+00  -0.97010E-01
   0.29942E+03   0.29906E+02   0.26568E+02   0.34478E+00  -0.94434E-01
   0.29977E+03   0.29903E+02   0.26494E+02   0.34493E+00  -0.10195E+00
   0.30012E+03   0.29899E+02   0.26414E+02   0.33902E+00  -0.10660E+00
   0.30047E+03   0.29893E+02   0.26305E+02   0.32464E+00  -0.11146E+00
   0.30082E+03   0.29883E+02   0.26171E+02   0.31522E+00  -0.11709E+00
   0.30118E+03   0.29872E+02   0.26092E+02   0.31937E+00  -0.12084E+00
   0.30153E+03   0.29868E+02   0.25896E+02   0.32126E+00  -0.13362E+00
   0.30188E+03   0.29862E+02   0.25600E+02   0.31444E+00  -0.15371E+00
   0.30223E+03   0.29860E+02   0.25202E+02   0.31263E+00  -0.17493E+00
   0.30258E+03   0.29861E+02   0.25114E+02   0.31950E+00  -0.18309E+00
   0.30293E+03   0.29866E+02   0.25155E+02   0.33154E+00  -0.18468E+00
   0.30328E+03   0.29874E+02   0.24919E+02   0.33778E+00  -0.20733E+00
   0.30363E+03   0.29881E+02   0.24789E+02   0.34076E+00  -0.22874E+00
   0.30398E+03   0.29889E+02   0.24752E+02   0.35008E+00  -0.23386E+00
   0.30433E+03   0.29899E+02   0.24803E+02   0.36311E+00  -0.23814E+00
   0.30468E+03   0.29910E+02   0.24986E+02   0.37278E+00  -0.24159E+00
   0.30503E+03   0.29917E+02   0.25322E+02   0.37869E+00  -0.24108E+00
   0.30538E+03   0.29922E+02   0.25404E+02   0.38978E+00  -0.24258E+00
   0.30573E+03   0.29928E+02   0.25086E+02   0.40097E+00  -0.25534E+00
   0.30608E+03   0.29935E+02   0.24890E+02   0.41028E+00  -0.27184E+00
   0.30643E+03   0.29941E+02   0.24874E+02   0.41824E+00  -0.27933E+00
   0.30678E+03   0.29946E+02   0.25116E+02   0.42588E+00  -0.27488E+00
   0.30713E+03   0.29950E+02   0.25526E+02   0.43136E+00  -0.26319E+00
   0.30748E+03   0.29953E+02   0.25503E+02   0.43434E+00  -0.26442E+00
   0.30783E+03   0.29956E+02   0.25245E+02   0.44486E+00  -0.27247E+00
   0.30818E+03   0.29960E+02   0.25616E+02   0.46031E+00  -0.26108E+00
   0.30853E+03   0.29963E+02   0.26204E+02   0.46586E+00  -0.24249E+00
   0.30888E+03   0.29966E+02   0.26248E+02   0.46332E+00  -0.23338E+00
   0.30923E+03   0.29967E+02   0.26436E+02   0.46204E+00  -0.21777E+00
   0.30958E+03   0.29967E+02   0.26749E+02   0.45689E+00  -0.19186E+00
   0.30993E+03   0.29966E+02   0.26710E+02   0.44687E+00  -0.17528E+00
   0.31028E+03   0.29964E+02   0.26585E+02   0.44303E+00  -0.16763E+00
   0.31063E+03   0.29963E+02   0.26545E+02   0.43780E+00  -0.15421E+00
   0.31098E+03   0.29959E+02   0.26580E+02   0.42286E+00  -0.13471E+00
   0.31133E+03   0.29952E+02   0.26674E+02   0.40210E+00  -0.12013E+00
   0.31168E+03   0.29943E+02   0.26822E+02   0.38899E+00  -0.10747E+00
   0.31203E+03   0.29937E+02   0.27089E+02   0.38469E+00  -0.86278E-01
   0.31238E+03   0.29932E+02   0.27152E+02   0.37822E+00  -0.83437E-01
   0.31273E+03   0.29928E+02   0.27027E+02   0.36457E+00  -0.94011E-01
   0.31308E+03   0.29918E+02   0.26954E+02   0.35072E+00  -0.86346E-01
   0.31343E+03   0.29907E+02   0.26831E+02   0.34317E+00  -0.81680E-01
   0.31378E+03   0.29897E+02   0.26670E+02   0.33217E+00  -0.89661E-01
   0.31413E+03   0.29887E+02   0.26507E+02   0.32059E+00  -0.98196E-01
   0.31448E+03   0.29876E+02   0.26325E+02   0.31108E+00  -0.10871E+00
   0.31483E+03   0.29868E+02   0.26190E+02   0.31142E+00  -0.11095E+00
   0.31518E+03   0.29867E+02   0.26069E+02   0.31525E+00  -0.11694E+00
   0.31553E+03   0.29867E+02   0.25886E+02   0.31161E+00  -0.13299E+00
   0.31588E+03   0.29862E+02   0.25824E+02   0.31080E+00  -0.13998E+00
   0.31623E+03   0.29859E+02   0.25707E+02   0.31723E+00  -0.14657E+00
   0.31658E+03   0.29862E+02   0.25387E+02   0.32057E+00  -0.16535E+00
   0.31693E+03   0.29867E+02   0.25085E+02   0.31874E+00  -0.18548E+00
   0.31728E+03   0.29868E+02   0.25063E+02   0.32574E+00  -0.19280E+00
   0.31763E+03   0.29872E+02   0.25063E+02   0.33417E+00  -0.19751E+00
   0.31798E+03   0.29876E+02   0.25056E+02   0.33630E+00  -0.20707E+00
   0.31833E+03   0.29883E+02   0.25008E+02   0.34585E+00  -0.22406E+00
   0.31868E+03   0.29893E+02   0.24734E+02   0.35905E+00  -0.24215E+00
   0.31903E+03   0.29901E+02   0.24367E+02   0.36704E+00  -0.25804E+00
   0.31938E+03   0.29909E+02   0.24067E+02   0.37423E+00  -0.27989E+00
   0.31973E+03   0.29919E+02   0.24142E+02   0.38549E+00  -0.29339E+00
   0.32008E+03   0.29928E+02   0.24686E+02   0.39922E+00  -0.28547E+00
   0.32043E+03   0.29935E+02   0.24932E+02   0.41069E+00  -0.28580E+00
   0.32078E+03   0.29942E+02   0.25135E+02   0.42559E+00  -0.29317E+00
   0.32113E+03   0.29949E+02   0.25591E+02   0.44823E+00  -0.28772E+00
   0.32148E+03   0.29957E+02   0.25860E+02   0.46561E+00  -0.28377E+00
   0.32183E+03   0.29963E+02   0.26167E+02   0.47076E+00  -0.27688E+00
   0.32218E+03   0.29967E+02   0.26623E+02   0.47300E+00  -0.25572E+00
   0.32253E+03   0.29968E+02   0.26934E+02   0.46993E+00  -0.23077E+00
   0.32288E+03   0.29968E+02   0.27178E+02   0.46754E+00  -0.20582E+00
   0.32323E+03   0.29969E+02   0.27234E+02   0.46654E+00  -0.18849E+00
   0.32358E+03   0.29969E+02   0.26997E+02   0.45705E+00  -0.17889E+00
   0.32393E+03   0.29966E+02   0.26907E+02   0.44889E+00  -0.16322E+00
   0.32428E+03   0.29964E+02   0.26778E+02   0.43798E+00  -0.14905E+00
   0.32463E+03   0.29959E+02   0.26698E+02   0.41674E+00  -0.13430E+00
   0.32498E+03   0.29951E+02   0.26833E+02   0.40098E+00  -0.11811E+00
   0.32533E+03   0.29946E+02   0.26751E+02   0.39494E+00  -0.11414E+00
   0.32568E+03   0.29940E+02   0.26504E+02   0.38690E+00  -0.11380E+00
   0.32603E+03   0.29934E+02   0.26410E+02   0.37659E+00  -0.11429E+00
   0.32638E+03   0.29928E+02   0.26402E+02   0.36958E+00  -0.11455E+00
   0.32673E+03   0.29922E+02   0.26493E+02   0.36334E+00  -0.99596E-01
   0.32708E+03   0.29917E+02   0.26471E+02   0.35125E+00  -0.10055E+00
   0.32743E+03   0.29909E+02   0.26147E+02   0.34048E+00  -0.12189E+00
   0.32778E+03   0.29902E+02   0.25805E+02   0.33710E+00  -0.12690E+00
   0.32813E+03   0.29895E+02   0.25719E+02   0.33664E+00  -0.12917E+00
   0.32848E+03   0.29890E+02   0.25802E+02   0.33613E+00  -0.13356E+00
   0.32883E+03   0.29888E+02   0.25867E+02   0.33278E+00  -0.13597E+00
   0.32918E+03   0.29888E+02   0.25826E+02   0.33013E+00  -0.14613E+00
   0.32953E+03   0.29886E+02   0.25782E+02   0.32901E+00  -0.14975E+00
   0.32988E+03   0.29883E+02   0.25656E+02   0.33000E+00  -0.15496E+00
   0.33023E+03   0.29883E+02   0.25546E+02   0.33821E+00  -0.16401E+00
   0.33058E+03   0.29888E+02   0.25361E+02   0.34124E+00  -0.17419E+00
   0.33093E+03   0.29890E+02   0.24852E+02   0.33357E+00  -0.19974E+00
   0.33128E+03   0.29887E+02   0.24723E+02   0.33173E+00  -0.21182E+00
   0.33163E+03   0.29887E+02   0.24988E+02   0.34070E+00  -0.20660E+00
   0.33198E+03   0.29892E+02   0.25207E+02   0.35388E+00  -0.21321E+00
   0.33233E+03   0.29901E+02   0.25080E+02   0.36779E+00  -0.23354E+00
   0.33268E+03   0.29909E+02   0.24887E+02   0.37348E+00  -0.25135E+00
   0.33303E+03   0.29915E+02   0.25111E+02   0.38262E+00  -0.24982E+00
   0.33338E+03   0.29924E+02   0.25211E+02   0.39838E+00  -0.24557E+00
   0.33373E+03   0.29932E+02   0.24958E+02   0.40502E+00  -0.26123E+00
   0.33408E+03   0.29937E+02   0.24905E+02   0.40660E+00  -0.26858E+00
   0.33443E+03   0.29941E+02   0.25226E+02   0.41103E+00  -0.25653E+00
   0.33478E+03   0.29944E+02   0.25597E+02   0.42275E+00  -0.24699E+00
   0.33513E+03   0.29949E+02   0.25762E+02   0.43527E+00  -0.24630E+00
   0.33548E+03   0.29954E+02   0.25806E+02   0.44408E+00  -0.25377E+00
   0.33583E+03   0.29957E+02   0.25852E+02   0.44584E+00  -0.24994E+00
   0.33618E+03   0.29959E+02   0.25959E+02   0.44202E+00  -0.23457E+00
   0.33653E+03   0.29959E+02   0.26063E+02   0.44194E+00  -0.22422E+00
   0.33688E+03   0.29960E+02   0.25911E+02   0.44627E+00  -0.21692E+00
   0.33723E+03   0.29961E+02   0.25812E+02   0.44477E+00  -0.20984E+00
   0.33758E+03   0.29960E+02   0.26093E+02   0.43505E+00  -0.19754E+00
   0.33793E+03   0.29959E+02   0.26359E+02   0.42977E+00  -0.18004E+00
   0.33828E+03   0.29958E+02   0.26341E+02   0.43211E+00  -0.16889E+00
   0.33863E+03   0.29957E+02   0.26465E+02   0.42715E+00  -0.15826E+00
   0.33898E+03   0.29953E+02   0.26674E+02   0.41256E+00  -0.14221E+00
   0.33933E+03   0.29947E+02   0.26724E+02   0.40354E+00  -0.12960E+00
   0.33968E+03   0.29943E+02   0.26542E+02   0.40052E+00  -0.12974E+00
   0.34003E+03   0.29941E+02   0.26251E+02   0.39208E+00  -0.13631E+00
   0.34038E+03   0.29935E+02   0.26123E+02   0.37494E+00  -0.13199E+00
   0.34073E+03   0.29927E+02   0.26111E+02   0.35994E+00  -0.12295E+00
   0.34108E+03   0.29920E+02   0.26361E+02   0.35511E+00  -0.10946E+00
   0.34143E+03   0.29914E+02   0.26711E+02   0.35351E+00  -0.97910E-01
   0.34178E+03   0.29909E+02   0.26544E+02   0.35081E+00  -0.11233E+00
   0.34213E+03   0.29906E+02   0.26085E+02   0.34525E+00  -0.13167E+00
   0.34248E+03   0.29899E+02   0.25864E+02   0.33966E+00  -0.13512E+00
   0.34283E+03   0.29894E+02   0.25993E+02   0.33887E+00  -0.13138E+00
   0.34318E+03   0.29894E+02   0.26165E+02   0.33609E+00  -0.12662E+00
   0.34353E+03   0.29892E+02   0.25939E+02   0.32764E+00  -0.14144E+00
   0.34388E+03   0.29884E+02   0.25657E+02   0.32313E+00  -0.16105E+00
   0.34423E+03   0.29878E+02   0.25498E+02   0.33181E+00  -0.16173E+00
   0.34458E+03   0.29882E+02   0.25485E+02   0.34048E+00  -0.16680E+00
   0.34493E+03   0.29887E+02   0.25624E+02   0.34502E+00  -0.17796E+00
   0.34528E+03   0.29891E+02   0.25543E+02   0.34443E+00  -0.18728E+00
   0.34563E+03   0.29891E+02   0.25375E+02   0.33971E+00  -0.19274E+00
   0.34598E+03   0.29893E+02   0.25313E+02   0.34329E+00  -0.19508E+00
   0.34633E+03   0.29897E+02   0.25195E+02   0.35364E+00  -0.20604E+00
   0.34668E+03   0.29902E+02   0.25345E+02   0.36827E+00  -0.21195E+00
   0.34703E+03   0.29911E+02   0.25559E+02   0.37318E+00  -0.21352E+00
   0.34738E+03   0.29916E+02   0.25562E+02   0.36638E+00  -0.21831E+00
   0.34773E+03   0.29916E+02   0.25835E+02   0.37072E+00  -0.21101E+00
   0.34808E+03   0.29920E+02   0.26370E+02   0.38499E+00  -0.19342E+00
   0.34843E+03   0.29927E+02   0.26501E+02   0.39121E+00  -0.18755E+00
   0.34878E+03   0.29931E+02   0.26418E+02   0.39069E+00  -0.19450E+00
   0.34913E+03   0.29932E+02   0.26171E+02   0.38903E+00  -0.19866E+00
   0.34948E+03   0.29930E+02   0.25908E+02   0.39194E+00  -0.19189E+00
   0.34983E+03   0.29931E+02   0.26032E+02   0.39215E+00  -0.18478E+00
   0.35018E+03   0.29932E+02   0.26077E+02   0.38535E+00  -0.18938E+00
   0.35053E+03   0.29931E+02   0.26116E+02   0.38220E+00  -0.18769E+00
   0.35088E+03   0.29929E+02   0.26210E+02   0.38432E+00  -0.17742E+00
   0.35123E+03   0.29929E+02   0.26230E+02   0.39016E+00  -0.17602E+00
   0.35158E+03   0.29931E+02   0.26241E+02   0.39333E+00  -0.17468E+00
   0.35193E+03   0.29932E+02   0.26316E+02   0.39282E+00  -0.17169E+00
   0.35228E+03   0.29933E+02   0.26288E+02   0.38747E+00  -0.16734E+00
   0.35263E+03   0.29932E+02   0.26431E+02   0.37923E+00  -0.15226E+00
   0.35298E+03   0.29930E+02   0.26595E+02   0.37397E+00  -0.14554E+00
   0.35333E+03   0.29926E+02   0.26496E+02   0.37343E+00  -0.14297E+00
   0.35368E+03   0.29923E+02   0.26567E+02   0.37131E+00  -0.13326E+00
   0.35403E+03   0.29918E+02   0.26579E+02   0.36316E+00  -0.13358E+00
   0.35438E+03   0.29912E+02   0.26270E+02   0.35759E+00  -0.14186E+00
   0.35473E+03   0.29909E+02   0.26054E+02   0.35487E+00  -0.14737E+00
   0.35508E+03   0.29905E+02   0.25950E+02   0.35003E+00  -0.15345E+00
   0.35543E+03   0.29900E+02   0.25705E+02   0.34483E+00  -0.15902E+00
   0.35578E+03   0.29900E+02   0.25482E+02   0.34372E+00  -0.16990E+00
   0.35613E+03   0.29900E+02   0.25363E+02   0.34645E+00  -0.18007E+00
   0.35648E+03   0.29900E+02   0.25267E+02   0.35081E+00  -0.18328E+00
   0.35683E+03   0.29902E+02   0.25159E+02   0.35439E+00  -0.19098E+00
   0.35718E+03   0.29905E+02   0.24912E+02   0.35865E+00  -0.20520E+00
   0.35753E+03   0.29908E+02   0.24699E+02   0.36483E+00  -0.22147E+00
   0.35788E+03   0.29912E+02   0.24641E+02   0.37055E+00  -0.23147E+00
   0.35823E+03   0.29917E+02   0.24694E+02   0.37676E+00  -0.23640E+00
   0.35858E+03   0.29923E+02   0.25070E+02   0.38377E+00  -0.23616E+00
   0.35893E+03   0.29928E+02   0.25277E+02   0.39293E+00  -0.23859E+00
   0.35928E+03   0.29932E+02   0.25241E+02   0.40250E+00  -0.24210E+00
   0.35963E+03   0.29936E+02   0.25089E+02   0.40937E+00  -0.24802E+00
   0.35998E+03   0.29940E+02   0.25073E+02   0.41609E+00  -0.25545E+00
   0.36033E+03   0.29945E+02   0.25166E+02   0.42450E+00  -0.25378E+00
   0.36068E+03   0.29949E+02   0.25073E+02   0.42636E+00  -0.25739E+00
   0.36103E+03   0.29950E+02   0.25241E+02   0.42485E+00  -0.25596E+00
   0.36138E+03   0.29952E+02   0.25823E+02   0.42872E+00  -0.23623E+00
   0.36173E+03   0.29954E+02   0.26054E+02   0.43639E+00  -0.22572E+00
   0.36208E+03   0.29957E+02   0.25880E+02   0.44341E+00  -0.22562E+00
   0.36243E+03   0.29959E+02   0.26044E+02   0.44288E+00  -0.21861E+00
   0.36278E+03   0.29959E+02   0.26171E+02   0.44159E+00  -0.20585E+00
   0.36313E+03   0.29958E+02   0.26159E+02   0.43949E+00  -0.19191E+00
   0.36348E+03   0.29957E+02   0.26216E+02   0.43100E+00  -0.18373E+00
   0.36383E+03   0.29954E+02   0.26566E+02   0.42253E+00  -0.16577E+00
   0.36418E+03   0.29952E+02   0.26690E+02   0.41847E+00  -0.14758E+00
   0.36453E+03   0.29951E+02   0.26412E+02   0.40968E+00  -0.14581E+00
   0.36488E+03   0.29947E+02   0.26451E+02   0.40136E+00  -0.13954E+00
   0.36523E+03   0.29943E+02   0.26449E+02   0.39707E+00  -0.13124E+00
   0.36558E+03   0.29939E+02   0.26269E+02   0.38428E+00  -0.12834E+00
   0.36593E+03   0.29932E+02   0.26085E+02   0.36880E+00  -0.13068E+00
   0.36628E+03   0.29920E+02   0.25981E+02   0.36014E+00  -0.13320E+00
   0.36663E+03   0.29912E+02   0.26008E+02   0.35999E+00  -0.12615E+00
   0.36698E+03   0.29910E+02   0.25998E+02   0.35885E+00  -0.12974E+00
   0.36733E+03   0.29910E+02   0.25950E+02   0.35254E+00  -0.14121E+00
   0.36768E+03   0.29906E+02   0.25868E+02   0.34807E+00  -0.13981E+00
   0.36803E+03   0.29903E+02   0.25958E+02   0.34882E+00  -0.13027E+00
   0.36838E+03   0.29902E+02   0.25968E+02   0.34520E+00  -0.13252E+00
   0.36873E+03   0.29900E+02   0.25773E+02   0.33940E+00  -0.14837E+00
   0.36908E+03   0.29896E+02   0.25606E+02   0.33929E+00  -0.15425E+00
   0.36943E+03   0.29893E+02   0.25338E+02   0.33862E+00  -0.15976E+00
   0.36978E+03   0.29891E+02   0.25251E+02   0.33405E+00  -0.16896E+00
   0.37013E+03   0.29888E+02   0.25359E+02   0.33420E+00  -0.17235E+00
   0.37048E+03   0.29891E+02   0.25133E+02   0.33995E+00  -0.18471E+00
   0.37083E+03   0.29895E+02   0.24772E+02   0.34254E+00  -0.20314E+00
   0.37118E+03   0.29896E+02   0.24681E+02   0.34525E+00  -0.21668E+00
   0.37153E+03   0.29898E+02   0.24929E+02   0.35700E+00  -0.21891E+00
   0.37188E+03   0.29905E+02   0.25451E+02   0.37352E+00  -0.21095E+00
   0.37223E+03   0.29913E+02   0.25422E+02   0.37970E+00  -0.22195E+00
   0.37258E+03   0.29920E+02   0.24880E+02   0.37979E+00  -0.24772E+00
   0.37293E+03   0.29925E+02   0.24878E+02   0.38370E+00  -0.24583E+00
   0.37328E+03   0.29928E+02   0.25081E+02   0.39442E+00  -0.23414E+00
   0.37363E+03   0.29933E+02   0.25302E+02   0.40451E+00  -0.23198E+00
   0.37398E+03   0.29937E+02   0.25582E+02   0.40713E+00  -0.23235E+00
   0.37433E+03   0.29941E+02   0.25377E+02   0.40856E+00  -0.24405E+00
   0.37468E+03   0.29943E+02   0.25219E+02   0.41126E+00  -0.24669E+00
   0.37503E+03   0.29945E+02   0.25056E+02   0.41909E+00  -0.24803E+00
   0.37538E+03   0.29950E+02   0.24763E+02   0.42678E+00  -0.25687E+00
   0.37573E+03   0.29953E+02   0.25148E+02   0.42731E+00  -0.24621E+00
   0.37608E+03   0.29953E+02   0.25719E+02   0.42603E+00  -0.22820E+00
   0.37643E+03   0.29953E+02   0.25777E+02   0.42714E+00  -0.22124E+00
   0.37678E+03   0.29955E+02   0.25966E+02   0.43597E+00  -0.21448E+00
   0.37713E+03   0.29957E+02   0.25991E+02   0.44595E+00  -0.21192E+00
   0.37748E+03   0.29959E+02   0.25884E+02   0.44140E+00  -0.20534E+00
   0.37783E+03   0.29958E+02   0.25982E+02   0.43018E+00  -0.18856E+00
   0.37818E+03   0.29956E+02   0.25954E+02   0.42199E+00  -0.17945E+00
   0.37853E+03   0.29953E+02   0.26257E+02   0.41740E+00  -0.16239E+00
   0.37888E+03   0.29950E+02   0.26308E+02   0.41027E+00  -0.15202E+00
   0.37923E+03   0.29947E+02   0.26031E+02   0.40128E+00  -0.15974E+00
   0.37958E+03   0.29945E+02   0.25990E+02   0.39648E+00  -0.15414E+00
   0.37993E+03   0.29942E+02   0.25920E+02   0.39163E+00  -0.14573E+00
   0.38028E+03   0.29938E+02   0.26082E+02   0.38222E+00  -0.13661E+00
   0.38063E+03   0.29932E+02   0.26259E+02   0.37086E+00  -0.12799E+00
   0.38098E+03   0.29926E+02   0.26169E+02   0.36578E+00  -0.13165E+00
   0.38133E+03   0.29920E+02   0.26117E+02   0.36522E+00  -0.13207E+00
   0.38168E+03   0.29916E+02   0.26125E+02   0.36274E+00  -0.13164E+00
   0.38203E+03   0.29913E+02   0.26230E+02   0.35830E+00  -0.12939E+00
   0.38238E+03   0.29911E+02   0.26137E+02   0.35310E+00  -0.12983E+00
   0.38273E+03   0.29907E+02   0.25909E+02   0.34341E+00  -0.13745E+00
   0.38308E+03   0.29900E+02   0.25966E+02   0.33570E+00  -0.13444E+00
   0.38343E+03   0.29893E+02   0.26008E+02   0.33655E+00  -0.13339E+00
   0.38378E+03   0.29891E+02   0.25770E+02   0.34076E+00  -0.14895E+00
   0.38413E+03   0.29891E+02   0.25544E+02   0.34215E+00  -0.16583E+00
   0.38448E+03   0.29890E+02   0.25346E+02   0.33823E+00  -0.17339E+00
   0.38483E+03   0.29888E+02   0.25213E+02   0.33452E+00  -0.17838E+00
   0.38518E+03   0.29888E+02   0.25216E+02   0.34039E+00  -0.18389E+00
   0.38553E+03   0.29892E+02   0.25214E+02   0.34932E+00  -0.19203E+00
   0.38588E+03   0.29898E+02   0.25320E+02   0.35355E+00  -0.20032E+00
   0.38623E+03   0.29902E+02   0.25234E+02   0.35940E+00  -0.20970E+00
   0.38658E+03   0.29907E+02   0.24905E+02   0.36770E+00  -0.22650E+00
   0.38693E+03   0.29913E+02   0.24786E+02   0.37268E+00  -0.23483E+00
   0.38728E+03   0.29917E+02   0.24721E+02   0.37888E+00  -0.24002E+00
   0.38763E+03   0.29922E+02   0.24701E+02   0.38281E+00  -0.24985E+00
   0.38798E+03   0.29925E+02   0.24525E+02   0.38724E+00  -0.26054E+00
   0.38833E+03   0.29930E+02   0.24285E+02   0.40071E+00  -0.27597E+00
   0.38868E+03   0.29937E+02   0.24475E+02   0.41375E+00  -0.28215E+00
   0.38903E+03   0.29944E+02   0.24678E+02   0.42340E+00  -0.28064E+00
   0.38938E+03   0.29949E+02   0.24719E+02   0.43114E+00  -0.28453E+00
   0.38973E+03   0.29954E+02   0.24768E+02   0.44078E+00  -0.28742E+00
   0.39008E+03   0.29958E+02   0.24974E+02   0.45278E+00  -0.27919E+00
   0.39043E+03   0.29962E+02   0.25141E+02   0.45892E+00  -0.27191E+00
   0.39078E+03   0.29964E+02   0.25490E+02   0.46451E+00  -0.26661E+00
   0.39113E+03   0.29968E+02   0.25927E+02   0.47313E+00  -0.24669E+00
   0.39148E+03   0.29969E+02   0.25993E+02   0.46977E+00  -0.22986E+00
   0.39183E+03   0.29968E+02   0.26309E+02   0.46541E+00  -0.21662E+00
   0.39218E+03   0.29968E+02   0.26533E+02   0.46649E+00  -0.19575E+00
   0.39253E+03   0.29968E+02   0.26457E+02   0.46011E+00  -0.18344E+00
   0.39288E+03   0.29967E+02   0.26447E+02   0.45087E+00  -0.17468E+00
   0.39323E+03   0.29964E+02   0.26489E+02   0.43708E+00  -0.15682E+00
   0.39358E+03   0.29961E+02   0.26651E+02   0.42104E+00  -0.13267E+00
   0.39393E+03   0.29957E+02   0.26684E+02   0.40907E+00  -0.11860E+00
   0.39428E+03   0.29952E+02   0.26563E+02   0.39762E+00  -0.11577E+00
   0.39463E+03   0.29945E+02   0.26648E+02   0.38424E+00  -0.10147E+00
   0.39498E+03   0.29937E+02   0.26744E+02   0.37510E+00  -0.91361E-01
   0.39533E+03   0.29931E+02   0.26629E+02   0.36513E+00  -0.95060E-01
   0.39568E+03   0.29923E+02   0.26514E+02   0.35111E+00  -0.95051E-01
   0.39603E+03   0.29912E+02   0.26459E+02   0.34090E+00  -0.94245E-01
   0.39638E+03   0.29900E+02   0.26328E+02   0.33249E+00  -0.98633E-01
   0.39673E+03   0.29892E+02   0.26066E+02   0.32940E+00  -0.11230E+00
   0.39708E+03   0.29889E+02   0.25993E+02   0.32753E+00  -0.12281E+00
   0.39743E+03   0.29886E+02   0.25992E+02   0.32469E+00  -0.12345E+00
   0.39778E+03   0.29883E+02   0.25828E+02   0.32365E+00  -0.13036E+00
   0.39813E+03   0.29877E+02   0.25681E+02   0.32194E+00  -0.14347E+00
   0.39848E+03   0.29873E+02   0.25517E+02   0.32575E+00  -0.15545E+00
   0.39883E+03   0.29876E+02   0.25278E+02   0.33045E+00  -0.16722E+00
   0.39918E+03   0.29880E+02   0.25143E+02   0.32953E+00  -0.17942E+00
   0.39953E+03   0.29883E+02   0.25442E+02   0.32955E+00  -0.17951E+00
   0.39988E+03   0.29886E+02   0.25705E+02   0.33378E+00  -0.17173E+00
   0.40023E+03   0.29888E+02   0.25693E+02   0.34148E+00  -0.17921E+00
   0.40058E+03   0.29891E+02   0.25645E+02   0.34797E+00  -0.19537E+00
   0.40093E+03   0.29895E+02   0.25532E+02   0.35194E+00  -0.20441E+00
   0.40128E+03   0.29900E+02   0.25368E+02   0.36047E+00  -0.21292E+00
   0.40163E+03   0.29905E+02   0.25415E+02   0.36350E+00  -0.21460E+00
   0.40198E+03   0.29908E+02   0.25563E+02   0.36213E+00  -0.21196E+00
   0.40233E+03   0.29911E+02   0.25588E+02   0.36628E+00  -0.21414E+00
   0.40268E+03   0.29916E+02   0.25694E+02   0.37478E+00  -0.21492E+00
   0.40303E+03   0.29921E+02   0.25906E+02   0.38386E+00  -0.21242E+00
   0.40338E+03   0.29926E+02   0.26036E+02   0.39326E+00  -0.20849E+00
   0.40373E+03   0.29932E+02   0.26019E+02   0.40076E+00  -0.21029E+00
   0.40408E+03   0.29935E+02   0.25999E+02   0.39940E+00  -0.21292E+00
   0.40443E+03   0.29936E+02   0.26328E+02   0.39789E+00  -0.19985E+00
   0.40478E+03   0.29937E+02   0.26394E+02   0.40013E+00  -0.19055E+00
   0.40513E+03   0.29939E+02   0.25902E+02   0.40287E+00  -0.20082E+00
   0.40548E+03   0.29940E+02   0.25593E+02   0.40151E+00  -0.20601E+00
   0.40583E+03   0.29940E+02   0.25538E+02   0.39658E+00  -0.20173E+00
   0.40618E+03   0.29938E+02   0.25556E+02   0.39733E+00  -0.19506E+00
   0.40653E+03   0.29937E+02   0.25561E+02   0.39886E+00  -0.19365E+00
   0.40688E+03   0.29938E+02   0.25641E+02   0.39692E+00  -0.19598E+00
   0.40723E+03   0.29939E+02   0.25676E+02   0.39620E+00  -0.19043E+00
   0.40758E+03   0.29938E+02   0.25801E+02   0.39700E+00  -0.18435E+00
   0.40793E+03   0.29937E+02   0.25981E+02   0.40222E+00  -0.17783E+00
   0.40828E+03   0.29940E+02   0.26038E+02   0.40401E+00  -0.17181E+00
   0.40863E+03   0.29941E+02   0.26010E+02   0.39621E+00  -0.17069E+00
   0.40898E+03   0.29937E+02   0.26176E+02   0.38442E+00  -0.15892E+00
   0.40933E+03   0.29931E+02   0.26453E+02   0.38005E+00  -0.13870E+00
   0.40968E+03   0.29929E+02   0.26382E+02   0.38067E+00  -0.13661E+00
   0.41003E+03   0.29928E+02   0.26048E+02   0.37767E+00  -0.15362E+00
   0.41038E+03   0.29925E+02   0.25831E+02   0.36559E+00  -0.15950E+00
   0.41073E+03   0.29918E+02   0.25824E+02   0.35527E+00  -0.15090E+00
   0.41108E+03   0.29915E+02   0.25869E+02   0.35670E+00  -0.14470E+00
   0.41143E+03   0.29914E+02   0.25828E+02   0.35297E+00  -0.15050E+00
   0.41178E+03   0.29909E+02   0.25686E+02   0.34940E+00  -0.15885E+00
   0.41213E+03   0.29906E+02   0.25584E+02   0.34972E+00  -0.16320E+00
   0.41248E+03   0.29905E+02   0.25355E+02   0.35383E+00  -0.17329E+00
   0.41283E+03   0.29907E+02   0.25228E+02   0.35948E+00  -0.17975E+00
   0.41318E+03   0.29910E+02   0.25157E+02   0.35822E+00  -0.18760E+00
   0.41353E+03   0.29908E+02   0.25189E+02   0.35467E+00  -0.19130E+00
   0.41388E+03   0.29905E+02   0.25304E+02   0.35638E+00  -0.18579E+00
   0.41423E+03   0.29908E+02   0.25042E+02   0.36430E+00  -0.20187E+00
   0.41458E+03   0.29914E+02   0.24835E+02   0.37428E+00  -0.21977E+00
   0.41493E+03   0.29920E+02   0.25094E+02   0.37934E+00  -0.21757E+00
   0.41528E+03   0.29923E+02   0.25098E+02   0.37657E+00  -0.22048E+00
   0.41563E+03   0.29924E+02   0.24959E+02   0.37792E+00  -0.22188E+00
   0.41598E+03   0.29928E+02   0.25301E+02   0.38696E+00  -0.21977E+00
   0.41633E+03   0.29931E+02   0.25758E+02   0.39314E+00  -0.21237E+00
   0.41668E+03   0.29935E+02   0.25682E+02   0.39684E+00  -0.21151E+00
   0.41703E+03   0.29938E+02   0.25321E+02   0.39899E+00  -0.22714E+00
   0.41738E+03   0.29940E+02   0.25231E+02   0.40235E+00  -0.22525E+00
   0.41773E+03   0.29941E+02   0.25151E+02   0.40028E+00  -0.21459E+00
   0.41808E+03   0.29940E+02   0.25210E+02   0.39536E+00  -0.21453E+00
   0.41843E+03   0.29940E+02   0.25568E+02   0.39800E+00  -0.20665E+00
   0.41878E+03   0.29940E+02   0.25783E+02   0.40512E+00  -0.19838E+00
   0.41913E+03   0.29942E+02   0.25749E+02   0.41137E+00  -0.20226E+00
   0.41948E+03   0.29943E+02   0.25887E+02   0.41068E+00  -0.20143E+00
   0.41983E+03   0.29943E+02   0.26089E+02   0.41459E+00  -0.19167E+00
