         309
  0.175000000000000        1312500.00000000     
          20
  0.525000000000000        3937500.00000000     
         347
  0.875000000000000        6562500.00000000     
         521
   1.22500000000000        9187500.00000000     
         390
   1.57500000000000        11812500.0000000     
         166
   1.92500000000000        14437500.0000000     
          56
   2.27500000000000        17062500.0000000     
         119
   2.62500000000000        19687500.0000000     
         201
   2.97500000000000        22312500.0000000     
          55
   3.32500000000000        24937500.0000000     
         170
   3.67500000000000        27562500.0000000     
         304
   4.02500000000000        30187500.0000000     
         201
   4.37500000000000        32812500.0000000     
           5
   4.72500000000000        35437500.0000000     
         394
   5.07500000000000        38062500.0000000     
         163
   5.42500000000000        40687500.0000000     
         327
   5.77500000000000        43312500.0000000     
         419
   6.12500000000000        45937500.0000000     
          51
   6.47500000000000        48562500.0000000     
          76
   6.82500000000000        51187500.0000000     
          47
   7.17500000000000        53812500.0000000     
         169
   7.52500000000000        56437500.0000000     
         347
   7.87500000000000        59062500.0000000     
         505
   8.22500000000000        61687500.0000000     
          46
   8.57500000000000        64312500.0000000     
         286
   8.92500000000000        66937500.0000000     
          53
   9.27500000000000        69562500.0000000     
         419
   9.62499999999999        72187500.0000000     
         382
   9.97499999999999        74812500.0000000     
         283
   10.3250000000000        77437500.0000000     
         204
   10.6750000000000        80062500.0000000     
          72
   11.0250000000000        82687500.0000000     
         480
   11.3750000000000        85312499.9999999     
         444
   11.7250000000000        87937499.9999999     
         536
   12.0750000000000        90562499.9999999     
         267
   12.4250000000000        93187499.9999999     
         327
   12.7750000000000        95812499.9999999     
         398
   13.1250000000000        98437499.9999999     
         162
   13.4750000000000        101062500.000000     
         157
   13.8250000000000        103687500.000000     
         165
   14.1750000000000        106312500.000000     
          26
   14.5250000000000        108937500.000000     
         365
   14.8750000000000        111562500.000000     
         137
   15.2250000000000        114187500.000000     
         385
   15.5750000000000        116812500.000000     
         330
   15.9250000000000        119437500.000000     
          84
   16.2750000000000        122062500.000000     
         509
   16.6250000000000        124687500.000000     
         277
   16.9750000000000        127312500.000000     
         190
   17.3250000000000        129937500.000000     
         457
   17.6750000000000        132562500.000000     
         402
   18.0250000000000        135187500.000000     
         140
   18.3750000000000        137812500.000000     
         247
   18.7250000000000        140437500.000000     
         162
   19.0750000000000        143062500.000000     
         228
   19.4250000000000        145687500.000000     
         493
   19.7750000000000        148312500.000000     
         107
   20.1250000000000        150937500.000000     
         127
   20.4750000000000        153562500.000000     
         422
   20.8250000000000        156187500.000000     
         209
   21.1750000000000        158812500.000000     
         508
   21.5250000000000        161437500.000000     
         242
   21.8750000000000        164062500.000000     
         350
   22.2250000000000        166687500.000000     
         387
   22.5750000000000        169312500.000000     
         383
   22.9250000000000        171937500.000000     
         380
   23.2750000000000        174562500.000000     
         399
   23.6250000000000        177187500.000000     
         342
   23.9750000000000        179812500.000000     
         527
   24.3250000000000        182437500.000000     
         144
   24.6750000000000        185062500.000000     
         197
   25.0250000000000        187687500.000000     
         374
   25.3750000000000        190312500.000000     
         399
   25.7250000000000        192937500.000000     
         108
   26.0750000000000        195562500.000000     
         236
   26.4250000000000        198187500.000000     
         134
   26.7750000000000        200812500.000000     
         119
   27.1250000000000        203437500.000000     
         264
   27.4750000000000        206062500.000000     
          69
   27.8250000000000        208687500.000000     
         202
   28.1750000000000        211312500.000000     
         184
   28.5250000000000        213937500.000000     
          96
   28.8750000000000        216562500.000000     
         429
   29.2250000000000        219187500.000000     
         538
   29.5750000000000        221812500.000000     
         379
   29.9250000000000        224437500.000000     
          29
   30.2750000000000        227062500.000000     
         366
   30.6250000000000        229687500.000000     
         347
   30.9750000000001        232312500.000000     
         301
   31.3250000000001        234937500.000000     
         464
   31.6750000000001        237562500.000000     
         507
   32.0250000000001        240187500.000000     
         409
   32.3750000000001        242812500.000000     
         174
   32.7250000000001        245437500.000000     
         379
   33.0750000000001        248062500.000000     
         199
   33.4250000000001        250687500.000000     
          41
   33.7750000000001        253312500.000000     
         477
   34.1250000000001        255937500.000000     
         341
   34.4750000000001        258562500.000000     
          66
   34.8250000000001        261187500.000001     
         263
   35.1750000000001        263812500.000001     
          66
   35.5250000000001        266437500.000001     
          90
   35.8750000000001        269062500.000001     
         243
   36.2250000000001        271687500.000001     
         191
   36.5750000000001        274312500.000001     
         227
   36.9250000000001        276937500.000001     
         368
   37.2750000000001        279562500.000001     
         405
   37.6250000000001        282187500.000001     
         482
   37.9750000000001        284812500.000001     
         363
   38.3250000000001        287437500.000001     
         486
   38.6750000000001        290062500.000001     
          49
   39.0250000000001        292687500.000001     
         106
   39.3750000000001        295312500.000001     
         390
   39.7250000000001        297937500.000001     
         389
   40.0750000000001        300562500.000001     
          64
   40.4250000000001        303187500.000001     
         484
   40.7750000000001        305812500.000001     
         401
   41.1250000000001        308437500.000001     
         508
   41.4750000000001        311062500.000001     
         409
   41.8250000000001        313687500.000001     
          67
   42.1750000000001        316312500.000001     
         407
   42.5250000000001        318937500.000001     
           6
   42.8750000000001        321562500.000001     
         504
   43.2250000000001        324187500.000001     
         528
   43.5750000000001        326812500.000001     
         344
   43.9250000000001        329437500.000001     
         505
   44.2750000000001        332062500.000001     
         187
   44.6250000000001        334687500.000001     
         242
   44.9750000000001        337312500.000001     
         206
   45.3250000000001        339937500.000001     
         393
   45.6750000000001        342562500.000001     
         445
   46.0250000000001        345187500.000001     
          92
   46.3750000000001        347812500.000001     
          19
   46.7250000000001        350437500.000001     
         344
   47.0750000000001        353062500.000001     
          50
   47.4250000000001        355687500.000001     
         254
   47.7750000000001        358312500.000001     
         502
   48.1250000000001        360937500.000001     
         180
   48.4750000000001        363562500.000001     
         195
   48.8250000000001        366187500.000001     
          51
   49.1750000000001        368812500.000001     
          68
   49.5250000000001        371437500.000001     
         213
   49.8750000000001        374062500.000001     
         478
   50.2250000000001        376687500.000001     
         479
   50.5750000000001        379312500.000001     
          31
   50.9250000000001        381937500.000001     
         242
   51.2750000000001        384562500.000001     
          92
   51.6250000000001        387187500.000001     
         124
   51.9750000000001        389812500.000001     
         353
   52.3250000000001        392437500.000001     
          94
   52.6750000000001        395062500.000001     
         484
   53.0250000000001        397687500.000001     
          32
   53.3750000000001        400312500.000001     
         392
   53.7250000000001        402937500.000001     
         506
   54.0750000000001        405562500.000001     
         155
   54.4250000000001        408187500.000001     
         339
   54.7750000000001        410812500.000001     
         242
   55.1250000000001        413437500.000001     
         294
   55.4750000000002        416062500.000001     
         305
   55.8250000000002        418687500.000001     
           7
   56.1750000000002        421312500.000001     
         292
   56.5250000000002        423937500.000001     
         441
   56.8750000000002        426562500.000001     
         335
   57.2250000000002        429187500.000001     
         510
   57.5750000000002        431812500.000001     
         229
   57.9250000000002        434437500.000001     
         131
   58.2750000000002        437062500.000001     
          84
   58.6250000000002        439687500.000001     
         425
   58.9750000000002        442312500.000001     
         430
   59.3250000000002        444937500.000001     
         309
   59.6750000000002        447562500.000001     
         198
   60.0250000000002        450187500.000001     
         170
   60.3750000000002        452812500.000001     
         476
   60.7250000000002        455437500.000001     
         448
   61.0750000000002        458062500.000001     
         446
   61.4250000000002        460687500.000001     
         454
   61.7750000000002        463312500.000001     
         377
   62.1250000000002        465937500.000001     
         511
   62.4750000000002        468562500.000001     
         227
   62.8250000000002        471187500.000001     
         148
   63.1750000000002        473812500.000001     
         308
   63.5250000000002        476437500.000001     
         222
   63.8750000000002        479062500.000001     
          99
   64.2250000000002        481687500.000001     
         382
   64.5750000000002        484312500.000001     
          70
   64.9250000000002        486937500.000001     
         224
   65.2750000000002        489562500.000001     
          28
   65.6250000000002        492187500.000001     
          79
   65.9750000000002        494812500.000001     
          98
   66.3250000000001        497437500.000001     
          50
   66.6750000000001        500062500.000001     
          63
   67.0250000000001        502687500.000001     
          57
   67.3750000000001        505312500.000001     
         320
   67.7250000000001        507937500.000001     
         500
   68.0750000000001        510562500.000001     
         135
   68.4250000000001        513187500.000001     
         305
   68.7750000000001        515812500.000001     
         453
   69.1250000000001        518437500.000001     
          31
   69.4750000000001        521062500.000001     
         471
   69.8250000000001        523687500.000001     
         535
   70.1750000000001        526312500.000001     
         339
   70.5250000000001        528937500.000001     
         344
   70.8750000000001        531562500.000001     
         427
   71.2250000000001        534187500.000000     
         517
   71.5750000000001        536812500.000000     
         335
   71.9250000000001        539437500.000000     
          13
   72.2750000000000        542062500.000000     
         220
   72.6250000000000        544687500.000000     
         437
   72.9750000000000        547312500.000000     
          61
   73.3250000000000        549937500.000000     
         185
   73.6750000000000        552562500.000000     
          43
   74.0250000000000        555187500.000000     
         416
   74.3750000000000        557812500.000000     
          45
   74.7250000000000        560437500.000000     
         492
   75.0750000000000        563062500.000000     
         164
   75.4250000000000        565687500.000000     
         380
   75.7750000000000        568312500.000000     
         521
   76.1250000000000        570937500.000000     
         464
   76.4750000000000        573562500.000000     
         389
   76.8250000000000        576187500.000000     
          85
   77.1750000000000        578812500.000000     
         435
   77.5250000000000        581437500.000000     
         133
   77.8750000000000        584062500.000000     
          94
   78.2250000000000        586687500.000000     
          91
   78.5749999999999        589312500.000000     
         444
   78.9249999999999        591937500.000000     
         205
   79.2749999999999        594562500.000000     
         517
   79.6249999999999        597187500.000000     
          73
   79.9749999999999        599812499.999999     
         538
   80.3249999999999        602437499.999999     
         255
   80.6749999999999        605062499.999999     
         184
   81.0249999999999        607687499.999999     
         195
   81.3749999999999        610312499.999999     
         527
   81.7249999999999        612937499.999999     
         438
   82.0749999999999        615562499.999999     
         292
   82.4249999999999        618187499.999999     
         186
   82.7749999999999        620812499.999999     
         487
   83.1249999999999        623437499.999999     
          46
   83.4749999999999        626062499.999999     
         508
   83.8249999999999        628687499.999999     
         429
   84.1749999999999        631312499.999999     
         306
   84.5249999999998        633937499.999999     
          70
   84.8749999999998        636562499.999999     
          12
   85.2249999999998        639187499.999999     
         130
   85.5749999999998        641812499.999999     
         259
   85.9249999999998        644437499.999999     
         396
   86.2749999999998        647062499.999999     
         355
   86.6249999999998        649687499.999999     
         290
   86.9749999999998        652312499.999999     
         458
   87.3249999999998        654937499.999999     
         437
   87.6749999999998        657562499.999998     
         483
   88.0249999999998        660187499.999998     
         381
   88.3749999999998        662812499.999998     
         227
   88.7249999999998        665437499.999998     
          99
   89.0749999999998        668062499.999998     
          97
   89.4249999999998        670687499.999998     
         281
   89.7749999999998        673312499.999998     
          36
   90.1249999999998        675937499.999998     
         463
   90.4749999999998        678562499.999998     
         187
   90.8249999999997        681187499.999998     
         447
   91.1749999999997        683812499.999998     
         163
   91.5249999999997        686437499.999998     
         126
   91.8749999999997        689062499.999998     
         531
   92.2249999999997        691687499.999998     
         349
   92.5749999999997        694312499.999998     
         184
   92.9249999999997        696937499.999998     
         444
   93.2749999999997        699562499.999998     
           7
   93.6249999999997        702187499.999998     
         102
   93.9749999999997        704812499.999998     
          36
   94.3249999999997        707437499.999998     
         452
   94.6749999999997        710062499.999998     
         263
   95.0249999999997        712687499.999998     
         365
   95.3749999999997        715312499.999997     
         271
   95.7249999999997        717937499.999997     
         499
   96.0749999999997        720562499.999997     
          99
   96.4249999999997        723187499.999997     
         470
   96.7749999999997        725812499.999997     
         179
   97.1249999999996        728437499.999997     
         463
   97.4749999999996        731062499.999997     
         324
   97.8249999999996        733687499.999997     
          16
   98.1749999999996        736312499.999997     
         141
   98.5249999999996        738937499.999997     
         202
   98.8749999999996        741562499.999997     
         307
   99.2249999999996        744187499.999997     
         145
   99.5749999999996        746812499.999997     
         341
   99.9249999999996        749437499.999997     
         166
   100.275000000000        752062499.999997     
          33
   100.625000000000        754687499.999997     
         526
   100.975000000000        757312499.999997     
         399
   101.325000000000        759937499.999997     
         185
   101.675000000000        762562499.999997     
           7
   102.025000000000        765187499.999997     
         287
   102.375000000000        767812499.999997     
         414
   102.725000000000        770437499.999997     
         322
   103.075000000000        773062499.999997     
         436
   103.425000000000        775687499.999997     
         532
   103.775000000000        778312499.999997     
         179
   104.125000000000        780937499.999996     
         504
   104.475000000000        783562499.999996     
         198
   104.825000000000        786187499.999996     
         451
   105.175000000000        788812499.999996     
          71
   105.525000000000        791437499.999996     
         146
   105.875000000000        794062499.999996     
          79
   106.224999999999        796687499.999996     
          56
   106.574999999999        799312499.999996     
         304
   106.924999999999        801937499.999996     
          63
   107.274999999999        804562499.999996     
          67
   107.624999999999        807187499.999996     
         233
   107.974999999999        809812499.999996     
         205
   108.324999999999        812437499.999996     
          17
   108.674999999999        815062499.999996     
         454
   109.024999999999        817687499.999996     
          65
   109.374999999999        820312499.999996     
         246
   109.724999999999        822937499.999996     
          18
   110.074999999999        825562499.999996     
         151
   110.424999999999        828187499.999996     
         166
   110.774999999999        830812499.999996     
         500
   111.124999999999        833437499.999996     
          45
   111.474999999999        836062499.999996     
         338
   111.824999999999        838687499.999996     
         194
   112.174999999999        841312499.999995     
         475
   112.524999999999        843937499.999995     
         508
   112.874999999999        846562499.999995     
         420
   113.224999999999        849187499.999995     
         235
   113.574999999999        851812499.999995     
         476
   113.924999999999        854437499.999995     
         167
   114.274999999999        857062499.999995     
         438
   114.624999999999        859687499.999995     
         313
   114.974999999999        862312499.999995     
         179
   115.324999999999        864937499.999995     
          16
   115.674999999999        867562499.999995     
         504
   116.024999999999        870187499.999995     
         273
   116.374999999999        872812499.999995     
         304
   116.724999999999        875437499.999995     
         372
   117.074999999999        878062499.999995     
         518
   117.424999999999        880687499.999995     
          50
   117.774999999999        883312499.999995     
         234
   118.124999999999        885937499.999995     
         141
   118.474999999999        888562499.999995     
         401
   118.824999999999        891187499.999995     
         395
   119.174999999999        893812499.999995     
         501
   119.524999999999        896437499.999995     
          37
   119.874999999999        899062499.999995     
         254
   120.224999999999        901687499.999995     
          52
   120.574999999999        904312499.999995     
          41
   120.924999999999        906937499.999994     
          53
   121.274999999999        909562499.999994     
         399
   121.624999999999        912187499.999994     
         523
   121.974999999999        914812499.999994     
         374
   122.324999999999        917437499.999994     
         347
   122.674999999999        920062499.999994     
         378
   123.024999999999        922687499.999994     
         419
   123.374999999999        925312499.999994     
         108
   123.724999999999        927937499.999994     
         134
   124.074999999999        930562499.999994     
         402
   124.424999999999        933187499.999994     
         204
   124.774999999999        935812499.999994     
         253
   125.124999999999        938437499.999994     
          42
   125.474999999999        941062499.999994     
          50
   125.824999999999        943687499.999994     
         399
   126.174999999999        946312499.999994     
         248
   126.524999999999        948937499.999994     
         540
   126.874999999999        951562499.999994     
         320
   127.224999999999        954187499.999994     
         328
   127.574999999999        956812499.999994     
         150
   127.924999999999        959437499.999994     
          72
   128.274999999999        962062499.999993     
         130
   128.624999999999        964687499.999993     
         332
   128.974999999999        967312499.999993     
          66
   129.324999999999        969937499.999993     
         467
   129.674999999999        972562499.999993     
         315
   130.024999999999        975187499.999993     
         426
   130.374999999999        977812499.999993     
         233
   130.724999999999        980437499.999993     
          48
   131.074999999999        983062499.999993     
         239
   131.424999999999        985687499.999993     
         148
   131.774999999999        988312499.999993     
         532
   132.124999999999        990937499.999993     
         540
   132.474999999999        993562499.999993     
         519
   132.824999999999        996187499.999993     
         243
   133.174999999999        998812499.999993     
         467
   133.524999999999        1001437499.99999     
         354
   133.874999999999        1004062499.99999     
         495
   134.224999999999        1006687499.99999     
         164
   134.574999999999        1009312499.99999     
         191
   134.924999999999        1011937499.99999     
         520
   135.274999999999        1014562499.99999     
         432
   135.624999999999        1017187499.99999     
         363
   135.974999999999        1019812499.99999     
         418
   136.324999999999        1022437499.99999     
         533
   136.674999999999        1025062499.99999     
         404
   137.024999999999        1027687499.99999     
         364
   137.374999999999        1030312499.99999     
         504
   137.724999999999        1032937499.99999     
         230
   138.074999999999        1035562499.99999     
         133
   138.424999999999        1038187499.99999     
           0
   138.774999999999        1040812499.99999     
         284
   139.124999999999        1043437499.99999     
         312
   139.474999999999        1046062499.99999     
         224
   139.824999999999        1048687499.99999     
         193
   140.174999999999        1051312499.99999     
         359
   140.524999999999        1053937499.99999     
          91
   140.874999999999        1056562499.99999     
         272
   141.224999999999        1059187499.99999     
         522
   141.574999999999        1061812499.99999     
         164
   141.924999999999        1064437499.99999     
         115
   142.274999999999        1067062499.99999     
         381
   142.624999999999        1069687499.99999     
          18
   142.974999999999        1072312499.99999     
          27
   143.324999999999        1074937499.99999     
         227
   143.674999999999        1077562499.99999     
         133
   144.024999999999        1080187499.99999     
         226
   144.374999999999        1082812499.99999     
         294
   144.724999999999        1085437499.99999     
         491
   145.074999999999        1088062499.99999     
         245
   145.424999999999        1090687499.99999     
         447
   145.774999999999        1093312499.99999     
          68
   146.124999999999        1095937499.99999     
         114
   146.474999999999        1098562499.99999     
         257
   146.824999999999        1101187499.99999     
          14
   147.174999999999        1103812499.99999     
         300
   147.524999999999        1106437499.99999     
         134
   147.874999999999        1109062499.99999     
         481
   148.224999999999        1111687499.99999     
         251
   148.574999999999        1114312499.99999     
         196
   148.924999999999        1116937499.99999     
         361
   149.274999999999        1119562499.99999     
         540
   149.624999999999        1122187499.99999     
          59
   149.974999999999        1124812499.99999     
         376
   150.324999999999        1127437499.99999     
         106
   150.674999999999        1130062499.99999     
         445
   151.024999999999        1132687499.99999     
         385
   151.374999999999        1135312499.99999     
         299
   151.724999999999        1137937499.99999     
         210
   152.074999999999        1140562499.99999     
         456
   152.424999999999        1143187499.99999     
          21
   152.774999999999        1145812499.99999     
         169
   153.124999999999        1148437499.99999     
         512
   153.474999999999        1151062499.99999     
         306
   153.824999999999        1153687499.99999     
         531
   154.174999999999        1156312499.99999     
          83
   154.524999999999        1158937499.99999     
         135
   154.874999999999        1161562499.99999     
         428
   155.224999999999        1164187499.99999     
         383
   155.574999999999        1166812499.99999     
         200
   155.924999999999        1169437499.99999     
         459
   156.274999999999        1172062499.99999     
         220
   156.624999999999        1174687499.99999     
         227
   156.974999999999        1177312499.99999     
         319
   157.324999999999        1179937499.99999     
           0
   157.674999999999        1182562499.99999     
         310
   158.024999999999        1185187499.99999     
          11
   158.374999999999        1187812499.99999     
         135
   158.724999999999        1190437499.99999     
         299
   159.074999999999        1193062499.99999     
         323
   159.424999999999        1195687499.99999     
         177
   159.774999999999        1198312499.99999     
         450
   160.124999999999        1200937499.99999     
          52
   160.474999999999        1203562499.99999     
         520
   160.824999999999        1206187499.99999     
         275
   161.174999999999        1208812499.99999     
         279
   161.524999999999        1211437499.99999     
         520
   161.874999999999        1214062499.99999     
         216
   162.224999999999        1216687499.99999     
         485
   162.574999999999        1219312499.99999     
         379
   162.924999999999        1221937499.99999     
         372
   163.274999999999        1224562499.99999     
         352
   163.624999999999        1227187499.99999     
          92
   163.974999999999        1229812499.99999     
         193
   164.324999999999        1232437499.99999     
         263
   164.674999999999        1235062499.99999     
         138
   165.024999999999        1237687499.99999     
         470
   165.374999999999        1240312499.99999     
         502
   165.724999999999        1242937499.99999     
          37
   166.074999999999        1245562499.99999     
           9
   166.424999999999        1248187499.99999     
         244
   166.774999999998        1250812499.99999     
         391
   167.124999999998        1253437499.99999     
         129
   167.474999999998        1256062499.99999     
         437
   167.824999999998        1258687499.99999     
         358
   168.174999999998        1261312499.99999     
         326
   168.524999999998        1263937499.99999     
          23
   168.874999999998        1266562499.99999     
         111
   169.224999999998        1269187499.99999     
         260
   169.574999999998        1271812499.99999     
         350
   169.924999999998        1274437499.99999     
          41
   170.274999999998        1277062499.99999     
         487
   170.624999999998        1279687499.99999     
         165
   170.974999999998        1282312499.99999     
          31
   171.324999999998        1284937499.99999     
         148
   171.674999999998        1287562499.99999     
         536
   172.024999999998        1290187499.99999     
         315
   172.374999999998        1292812499.99999     
         215
   172.724999999998        1295437499.99999     
         338
   173.074999999998        1298062499.99999     
         230
   173.424999999998        1300687499.99999     
          21
   173.774999999998        1303312499.99999     
         518
   174.124999999998        1305937499.99999     
          70
   174.474999999998        1308562499.99999     
         460
   174.824999999998        1311187499.99999     
         266
   175.174999999998        1313812499.99999     
         418
   175.524999999998        1316437499.99999     
         528
   175.874999999998        1319062499.99999     
         523
   176.224999999998        1321687499.99999     
         427
   176.574999999998        1324312499.99999     
         117
   176.924999999998        1326937499.99999     
         486
   177.274999999998        1329562499.99999     
          76
   177.624999999998        1332187499.99999     
         333
   177.974999999998        1334812499.99999     
         151
   178.324999999998        1337437499.99999     
         513
   178.674999999998        1340062499.99999     
         411
   179.024999999998        1342687499.99999     
          77
   179.374999999998        1345312499.99999     
         259
   179.724999999998        1347937499.99999     
          53
   180.074999999998        1350562499.99999     
         224
   180.424999999998        1353187499.99999     
         531
   180.774999999998        1355812499.99999     
         515
   181.124999999998        1358437499.99999     
         120
   181.474999999998        1361062499.99999     
         187
   181.824999999998        1363687499.99999     
         186
   182.174999999998        1366312499.99999     
         114
   182.524999999998        1368937499.99999     
         351
   182.874999999998        1371562499.99999     
          34
   183.224999999998        1374187499.99999     
         373
   183.574999999998        1376812499.99999     
          81
   183.924999999998        1379437499.99999     
          29
   184.274999999998        1382062499.99999     
         517
   184.624999999998        1384687499.99999     
         472
   184.974999999998        1387312499.99999     
         379
   185.324999999998        1389937499.99999     
         360
   185.674999999998        1392562499.99999     
         349
   186.024999999998        1395187499.99999     
          24
   186.374999999998        1397812499.99999     
         370
   186.724999999998        1400437499.99999     
         361
   187.074999999998        1403062499.99999     
          84
   187.424999999998        1405687499.99999     
          39
   187.774999999998        1408312499.99999     
         294
   188.124999999998        1410937499.99999     
         395
   188.474999999998        1413562499.99999     
         460
   188.824999999998        1416187499.99999     
         475
   189.174999999998        1418812499.99999     
         412
   189.524999999998        1421437499.99999     
         440
   189.874999999998        1424062499.99999     
         230
   190.224999999998        1426687499.99999     
         130
   190.574999999998        1429312499.99999     
         525
   190.924999999998        1431937499.99999     
         452
   191.274999999998        1434562499.99999     
         421
   191.624999999998        1437187499.99999     
         309
   191.974999999998        1439812499.99999     
         218
   192.324999999998        1442437499.99999     
         487
   192.674999999998        1445062499.99999     
           0
   193.024999999998        1447687499.99999     
         295
   193.374999999998        1450312499.99999     
         252
   193.724999999998        1452937499.99999     
         150
   194.074999999998        1455562499.99999     
         173
   194.424999999998        1458187499.99999     
          76
   194.774999999998        1460812499.99999     
         320
   195.124999999998        1463437499.99999     
         421
   195.474999999998        1466062499.99999     
         512
   195.824999999998        1468687499.99999     
         325
   196.174999999998        1471312499.99999     
         181
   196.524999999998        1473937499.99999     
          53
   196.874999999998        1476562499.99998     
         433
   197.224999999998        1479187499.99998     
         289
   197.574999999998        1481812499.99998     
         162
   197.924999999998        1484437499.99998     
         414
   198.274999999998        1487062499.99998     
          46
   198.624999999998        1489687499.99998     
          53
   198.974999999998        1492312499.99998     
         169
   199.324999999998        1494937499.99998     
         134
   199.674999999998        1497562499.99998     
         192
   200.024999999998        1500187499.99998     
         278
   200.374999999998        1502812499.99998     
          75
   200.724999999998        1505437499.99998     
         156
   201.074999999998        1508062499.99998     
          57
   201.424999999998        1510687499.99998     
         103
   201.774999999998        1513312499.99998     
          49
   202.124999999998        1515937499.99998     
          56
   202.474999999998        1518562499.99998     
         474
   202.824999999998        1521187499.99998     
         370
   203.174999999998        1523812499.99998     
          34
   203.524999999998        1526437499.99998     
          65
   203.874999999998        1529062499.99998     
         102
   204.224999999998        1531687499.99998     
         186
   204.574999999998        1534312499.99998     
         329
   204.924999999998        1536937499.99998     
         472
   205.274999999998        1539562499.99998     
         136
   205.624999999998        1542187499.99998     
         108
   205.974999999998        1544812499.99998     
         533
   206.324999999998        1547437499.99998     
         240
   206.674999999998        1550062499.99998     
         215
   207.024999999998        1552687499.99998     
         194
   207.374999999998        1555312499.99998     
         512
   207.724999999998        1557937499.99998     
         458
   208.074999999998        1560562499.99998     
         461
   208.424999999998        1563187499.99998     
         200
   208.774999999998        1565812499.99998     
         228
   209.124999999998        1568437499.99998     
         368
   209.474999999998        1571062499.99998     
          80
   209.824999999998        1573687499.99998     
         118
   210.174999999998        1576312499.99998     
         414
   210.524999999998        1578937499.99998     
          30
   210.874999999998        1581562499.99998     
         208
   211.224999999998        1584187499.99998     
           2
   211.574999999998        1586812499.99998     
         481
   211.924999999998        1589437499.99998     
         321
   212.274999999998        1592062499.99998     
         484
   212.624999999998        1594687499.99998     
         142
   212.974999999998        1597312499.99998     
         394
   213.324999999998        1599937499.99998     
         203
   213.674999999998        1602562499.99998     
         448
   214.024999999998        1605187499.99998     
          55
   214.374999999998        1607812499.99998     
         386
   214.724999999998        1610437499.99998     
         283
   215.074999999998        1613062499.99998     
         317
   215.424999999998        1615687499.99998     
          91
   215.774999999998        1618312499.99998     
         258
   216.124999999998        1620937499.99998     
         261
   216.474999999998        1623562499.99998     
         432
   216.824999999998        1626187499.99998     
          75
   217.174999999998        1628812499.99998     
         341
   217.524999999998        1631437499.99998     
         412
   217.874999999998        1634062499.99998     
         138
   218.224999999998        1636687499.99998     
         314
   218.574999999998        1639312499.99998     
         364
   218.924999999998        1641937499.99998     
         124
   219.274999999998        1644562499.99998     
         337
   219.624999999998        1647187499.99998     
         119
   219.974999999998        1649812499.99998     
         449
   220.324999999998        1652437499.99998     
         109
   220.674999999998        1655062499.99998     
         399
   221.024999999998        1657687499.99998     
         417
   221.374999999998        1660312499.99998     
         111
   221.724999999998        1662937499.99998     
         294
   222.074999999998        1665562499.99998     
         111
   222.424999999998        1668187499.99998     
         436
   222.774999999998        1670812499.99998     
         172
   223.124999999998        1673437499.99998     
         460
   223.474999999998        1676062499.99998     
         467
   223.824999999998        1678687499.99998     
         456
   224.174999999998        1681312499.99998     
         159
   224.524999999998        1683937499.99998     
           1
   224.874999999998        1686562499.99998     
         272
   225.224999999998        1689187499.99998     
         360
   225.574999999998        1691812499.99998     
         117
   225.924999999998        1694437499.99998     
         175
   226.274999999998        1697062499.99998     
         368
   226.624999999998        1699687499.99998     
          23
   226.974999999998        1702312499.99998     
         214
   227.324999999998        1704937499.99998     
         451
   227.674999999998        1707562499.99998     
         321
   228.024999999998        1710187499.99998     
         182
   228.374999999997        1712812499.99998     
         132
   228.724999999997        1715437499.99998     
         239
   229.074999999997        1718062499.99998     
         112
   229.424999999997        1720687499.99998     
         227
   229.774999999997        1723312499.99998     
         440
   230.124999999997        1725937499.99998     
         436
   230.474999999997        1728562499.99998     
         459
   230.824999999997        1731187499.99998     
         153
   231.174999999997        1733812499.99998     
         291
   231.524999999997        1736437499.99998     
          28
   231.874999999997        1739062499.99998     
         487
   232.224999999997        1741687499.99998     
          57
   232.574999999997        1744312499.99998     
         131
   232.924999999997        1746937499.99998     
         257
   233.274999999997        1749562499.99998     
         522
   233.624999999997        1752187499.99998     
         377
   233.974999999997        1754812499.99998     
         158
   234.324999999997        1757437499.99998     
         336
   234.674999999997        1760062499.99998     
          37
   235.024999999997        1762687499.99998     
         529
   235.374999999997        1765312499.99998     
          57
   235.724999999997        1767937499.99998     
         415
   236.074999999997        1770562499.99998     
         186
   236.424999999997        1773187499.99998     
         194
   236.774999999997        1775812499.99998     
          17
   237.124999999997        1778437499.99998     
          24
   237.474999999997        1781062499.99998     
         539
   237.824999999997        1783687499.99998     
         256
   238.174999999997        1786312499.99998     
          24
   238.524999999997        1788937499.99998     
         199
   238.874999999997        1791562499.99998     
         469
   239.224999999997        1794187499.99998     
          99
   239.574999999997        1796812499.99998     
         129
   239.924999999997        1799437499.99998     
         217
   240.274999999997        1802062499.99998     
         444
   240.624999999997        1804687499.99998     
         165
   240.974999999997        1807312499.99998     
         528
   241.324999999997        1809937499.99998     
         142
   241.674999999997        1812562499.99998     
          33
   242.024999999997        1815187499.99998     
         158
   242.374999999997        1817812499.99998     
         185
   242.724999999997        1820437499.99998     
          71
   243.074999999997        1823062499.99998     
         182
   243.424999999997        1825687499.99998     
         203
   243.774999999997        1828312499.99998     
         154
   244.124999999997        1830937499.99998     
          94
   244.474999999997        1833562499.99998     
          83
   244.824999999997        1836187499.99998     
         507
   245.174999999997        1838812499.99998     
          75
   245.524999999997        1841437499.99998     
          63
   245.874999999997        1844062499.99998     
          26
   246.224999999997        1846687499.99998     
         490
   246.574999999997        1849312499.99998     
         276
   246.924999999997        1851937499.99998     
          90
   247.274999999997        1854562499.99998     
          98
   247.624999999997        1857187499.99998     
         110
   247.974999999997        1859812499.99998     
         538
   248.324999999997        1862437499.99998     
         170
   248.674999999997        1865062499.99998     
         469
   249.024999999997        1867687499.99998     
         433
   249.374999999997        1870312499.99998     
         391
   249.724999999997        1872937499.99998     
         433
   250.074999999997        1875562499.99998     
         533
   250.424999999997        1878187499.99998     
         285
   250.774999999997        1880812499.99998     
         144
   251.124999999997        1883437499.99998     
         279
   251.474999999997        1886062499.99998     
         485
   251.824999999997        1888687499.99998     
         284
   252.174999999997        1891312499.99998     
          27
   252.524999999997        1893937499.99998     
          70
   252.874999999997        1896562499.99998     
         135
   253.224999999997        1899187499.99998     
          87
   253.574999999997        1901812499.99998     
         235
   253.924999999997        1904437499.99998     
         332
   254.274999999997        1907062499.99998     
         376
   254.624999999997        1909687499.99998     
         399
   254.974999999997        1912312499.99998     
         467
   255.324999999997        1914937499.99998     
          77
   255.674999999997        1917562499.99998     
         157
   256.024999999997        1920187499.99998     
         207
   256.374999999997        1922812499.99998     
         444
   256.724999999997        1925437499.99998     
         134
   257.074999999997        1928062499.99998     
         458
   257.424999999997        1930687499.99998     
         495
   257.774999999997        1933312499.99998     
         108
   258.124999999997        1935937499.99998     
         343
   258.474999999997        1938562499.99998     
         398
   258.824999999997        1941187499.99998     
         191
   259.174999999997        1943812499.99998     
         423
   259.524999999997        1946437499.99998     
         423
   259.874999999997        1949062499.99998     
         456
   260.224999999997        1951687499.99998     
          72
   260.574999999997        1954312499.99998     
         109
   260.924999999997        1956937499.99998     
         506
   261.274999999997        1959562499.99998     
         494
   261.624999999997        1962187499.99998     
         103
   261.974999999997        1964812499.99998     
         486
   262.324999999997        1967437499.99998     
         527
   262.674999999998        1970062499.99998     
         154
   263.024999999998        1972687499.99998     
         366
   263.374999999998        1975312499.99998     
          20
   263.724999999998        1977937499.99998     
         301
   264.074999999998        1980562499.99998     
         122
   264.424999999998        1983187499.99998     
          28
   264.774999999998        1985812499.99998     
         110
   265.124999999998        1988437499.99998     
         527
   265.474999999998        1991062499.99998     
         275
   265.824999999998        1993687499.99998     
         265
   266.174999999998        1996312499.99998     
         372
   266.524999999998        1998937499.99998     
         396
   266.874999999998        2001562499.99998     
         181
   267.224999999998        2004187499.99998     
         282
   267.574999999998        2006812499.99998     
         474
   267.924999999998        2009437499.99998     
         282
   268.274999999998        2012062499.99998     
           0
   268.624999999998        2014687499.99998     
         422
   268.974999999998        2017312499.99998     
         246
   269.324999999998        2019937499.99998     
         468
   269.674999999998        2022562499.99998     
         488
   270.024999999998        2025187499.99998     
         305
   270.374999999998        2027812499.99998     
         512
   270.724999999998        2030437499.99999     
         125
   271.074999999998        2033062499.99999     
         169
   271.424999999998        2035687499.99999     
         428
   271.774999999998        2038312499.99999     
         446
   272.124999999998        2040937499.99999     
         190
   272.474999999998        2043562499.99999     
         156
   272.824999999998        2046187499.99999     
          15
   273.174999999998        2048812499.99999     
         299
   273.524999999998        2051437499.99999     
         101
   273.874999999998        2054062499.99999     
         400
   274.224999999998        2056687499.99999     
         333
   274.574999999998        2059312499.99999     
         151
   274.924999999998        2061937499.99999     
         111
   275.274999999998        2064562499.99999     
         514
   275.624999999998        2067187499.99999     
         296
   275.974999999998        2069812499.99999     
         421
   276.324999999998        2072437499.99999     
         466
   276.674999999998        2075062499.99999     
         243
   277.024999999998        2077687499.99999     
         287
   277.374999999998        2080312499.99999     
         427
   277.724999999998        2082937499.99999     
         243
   278.074999999999        2085562499.99999     
         377
   278.424999999999        2088187499.99999     
         203
   278.774999999999        2090812499.99999     
           2
   279.124999999999        2093437499.99999     
         370
   279.474999999999        2096062499.99999     
         150
   279.824999999999        2098687499.99999     
         474
   280.174999999999        2101312499.99999     
         293
   280.524999999999        2103937499.99999     
         149
   280.874999999999        2106562499.99999     
         158
   281.224999999999        2109187499.99999     
          95
   281.574999999999        2111812499.99999     
         367
   281.924999999999        2114437499.99999     
         370
   282.274999999999        2117062499.99999     
          95
   282.624999999999        2119687499.99999     
          47
   282.974999999999        2122312499.99999     
         471
   283.324999999999        2124937499.99999     
         227
   283.674999999999        2127562499.99999     
         105
   284.024999999999        2130187499.99999     
         447
   284.374999999999        2132812499.99999     
         148
   284.724999999999        2135437499.99999     
          65
   285.074999999999        2138062499.99999     
         445
   285.424999999999        2140687499.99999     
         264
   285.774999999999        2143312499.99999     
         477
   286.124999999999        2145937499.99999     
         110
   286.474999999999        2148562499.99999     
         268
   286.824999999999        2151187499.99999     
         227
   287.174999999999        2153812499.99999     
         100
   287.524999999999        2156437499.99999     
         349
   287.874999999999        2159062499.99999     
         540
   288.224999999999        2161687499.99999     
         222
   288.574999999999        2164312499.99999     
         240
   288.924999999999        2166937499.99999     
         158
   289.274999999999        2169562499.99999     
          60
   289.624999999999        2172187499.99999     
         510
   289.974999999999        2174812499.99999     
         275
   290.324999999999        2177437499.99999     
         498
   290.674999999999        2180062499.99999     
         183
   291.024999999999        2182687500.00000     
         528
   291.374999999999        2185312500.00000     
         401
   291.724999999999        2187937500.00000     
         223
   292.074999999999        2190562500.00000     
         469
   292.424999999999        2193187500.00000     
         297
   292.774999999999        2195812500.00000     
         506
   293.124999999999        2198437500.00000     
         155
   293.475000000000        2201062500.00000     
         465
   293.825000000000        2203687500.00000     
         104
   294.175000000000        2206312500.00000     
         292
   294.525000000000        2208937500.00000     
          21
   294.875000000000        2211562500.00000     
           9
   295.225000000000        2214187500.00000     
         123
   295.575000000000        2216812500.00000     
         148
   295.925000000000        2219437500.00000     
         409
   296.275000000000        2222062500.00000     
         117
   296.625000000000        2224687500.00000     
         132
   296.975000000000        2227312500.00000     
         319
   297.325000000000        2229937500.00000     
           1
   297.675000000000        2232562500.00000     
         356
   298.025000000000        2235187500.00000     
         244
   298.375000000000        2237812500.00000     
         217
   298.725000000000        2240437500.00000     
         162
   299.075000000000        2243062500.00000     
         524
   299.425000000000        2245687500.00000     
          65
   299.775000000000        2248312500.00000     
         496
   300.125000000000        2250937500.00000     
         224
   300.475000000000        2253562500.00000     
         521
   300.825000000000        2256187500.00000     
         473
   301.175000000000        2258812500.00000     
         138
   301.525000000000        2261437500.00000     
         115
   301.875000000000        2264062500.00000     
         470
   302.225000000000        2266687500.00000     
         310
   302.575000000000        2269312500.00000     
         524
   302.925000000000        2271937500.00000     
          89
   303.275000000000        2274562500.00000     
         480
   303.625000000000        2277187500.00000     
         448
   303.975000000000        2279812500.00000     
         455
   304.325000000000        2282437500.00000     
         320
   304.675000000000        2285062500.00000     
         172
   305.025000000000        2287687500.00000     
         329
   305.375000000000        2290312500.00000     
         181
   305.725000000000        2292937500.00000     
         146
   306.075000000000        2295562500.00000     
         142
   306.425000000000        2298187500.00000     
         411
   306.775000000000        2300812500.00000     
         288
   307.125000000000        2303437500.00000     
         134
   307.475000000000        2306062500.00000     
          84
   307.825000000000        2308687500.00000     
         522
   308.175000000000        2311312500.00000     
         389
   308.525000000000        2313937500.00000     
         440
   308.875000000001        2316562500.00000     
         348
   309.225000000001        2319187500.00000     
         306
   309.575000000001        2321812500.00000     
         523
   309.925000000001        2324437500.00000     
         103
   310.275000000001        2327062500.00000     
         391
   310.625000000001        2329687500.00000     
         347
   310.975000000001        2332312500.00000     
         274
   311.325000000001        2334937500.00001     
         155
   311.675000000001        2337562500.00001     
          58
   312.025000000001        2340187500.00001     
         460
   312.375000000001        2342812500.00001     
          50
   312.725000000001        2345437500.00001     
         226
   313.075000000001        2348062500.00001     
          50
   313.425000000001        2350687500.00001     
         258
   313.775000000001        2353312500.00001     
         129
   314.125000000001        2355937500.00001     
         183
   314.475000000001        2358562500.00001     
         417
   314.825000000001        2361187500.00001     
         389
   315.175000000001        2363812500.00001     
         402
   315.525000000001        2366437500.00001     
         386
   315.875000000001        2369062500.00001     
           7
   316.225000000001        2371687500.00001     
         407
   316.575000000001        2374312500.00001     
         517
   316.925000000001        2376937500.00001     
          12
   317.275000000001        2379562500.00001     
         246
   317.625000000001        2382187500.00001     
         491
   317.975000000001        2384812500.00001     
          76
   318.325000000001        2387437500.00001     
         145
   318.675000000001        2390062500.00001     
          52
   319.025000000001        2392687500.00001     
          73
   319.375000000001        2395312500.00001     
          44
   319.725000000001        2397937500.00001     
         116
   320.075000000001        2400562500.00001     
         317
   320.425000000001        2403187500.00001     
         227
   320.775000000001        2405812500.00001     
          79
   321.125000000001        2408437500.00001     
         109
   321.475000000001        2411062500.00001     
         148
   321.825000000001        2413687500.00001     
          73
   322.175000000001        2416312500.00001     
         368
   322.525000000001        2418937500.00001     
         208
   322.875000000001        2421562500.00001     
         280
   323.225000000001        2424187500.00001     
          19
   323.575000000001        2426812500.00001     
          77
   323.925000000001        2429437500.00001     
         254
   324.275000000002        2432062500.00001     
         530
   324.625000000002        2434687500.00001     
         161
   324.975000000002        2437312500.00001     
         363
   325.325000000002        2439937500.00001     
          77
   325.675000000002        2442562500.00001     
         442
   326.025000000002        2445187500.00001     
         498
   326.375000000002        2447812500.00001     
         321
   326.725000000002        2450437500.00001     
         401
   327.075000000002        2453062500.00001     
         148
   327.425000000002        2455687500.00001     
         517
   327.775000000002        2458312500.00001     
         132
   328.125000000002        2460937500.00001     
         404
   328.475000000002        2463562500.00001     
         401
   328.825000000002        2466187500.00001     
          19
   329.175000000002        2468812500.00001     
         247
   329.525000000002        2471437500.00001     
         468
   329.875000000002        2474062500.00001     
          73
   330.225000000002        2476687500.00001     
         511
   330.575000000002        2479312500.00001     
         168
   330.925000000002        2481937500.00001     
         196
   331.275000000002        2484562500.00001     
          38
   331.625000000002        2487187500.00001     
         280
   331.975000000002        2489812500.00002     
          33
   332.325000000002        2492437500.00002     
         268
   332.675000000002        2495062500.00002     
         462
   333.025000000002        2497687500.00002     
         304
   333.375000000002        2500312500.00002     
         284
   333.725000000002        2502937500.00002     
         191
   334.075000000002        2505562500.00002     
         297
   334.425000000002        2508187500.00002     
         485
   334.775000000002        2510812500.00002     
         354
   335.125000000002        2513437500.00002     
         509
   335.475000000002        2516062500.00002     
         438
   335.825000000002        2518687500.00002     
         162
   336.175000000002        2521312500.00002     
          22
   336.525000000002        2523937500.00002     
         522
   336.875000000002        2526562500.00002     
          86
   337.225000000002        2529187500.00002     
         350
   337.575000000002        2531812500.00002     
         418
   337.925000000002        2534437500.00002     
         353
   338.275000000002        2537062500.00002     
         444
   338.625000000002        2539687500.00002     
          56
   338.975000000002        2542312500.00002     
           5
   339.325000000002        2544937500.00002     
         532
   339.675000000003        2547562500.00002     
          40
   340.025000000003        2550187500.00002     
         462
   340.375000000003        2552812500.00002     
         256
   340.725000000003        2555437500.00002     
          23
   341.075000000003        2558062500.00002     
         525
   341.425000000003        2560687500.00002     
         294
   341.775000000003        2563312500.00002     
         140
   342.125000000003        2565937500.00002     
          77
   342.475000000003        2568562500.00002     
          98
   342.825000000003        2571187500.00002     
         400
   343.175000000003        2573812500.00002     
         303
   343.525000000003        2576437500.00002     
          60
   343.875000000003        2579062500.00002     
         490
   344.225000000003        2581687500.00002     
         186
   344.575000000003        2584312500.00002     
          22
   344.925000000003        2586937500.00002     
         207
   345.275000000003        2589562500.00002     
         491
   345.625000000003        2592187500.00002     
         253
   345.975000000003        2594812500.00002     
         324
   346.325000000003        2597437500.00002     
          91
   346.675000000003        2600062500.00002     
          76
   347.025000000003        2602687500.00002     
         531
   347.375000000003        2605312500.00002     
         169
   347.725000000003        2607937500.00002     
         376
   348.075000000003        2610562500.00002     
         347
   348.425000000003        2613187500.00002     
         324
   348.775000000003        2615812500.00002     
         431
   349.125000000003        2618437500.00002     
         460
   349.475000000003        2621062500.00002     
         299
   349.825000000003        2623687500.00002     
         523
   350.175000000003        2626312500.00002     
          26
   350.525000000003        2628937500.00002     
         284
   350.875000000003        2631562500.00002     
         190
   351.225000000003        2634187500.00002     
           3
   351.575000000003        2636812500.00002     
         118
   351.925000000003        2639437500.00002     
          94
   352.275000000003        2642062500.00002     
         393
   352.625000000003        2644687500.00003     
          10
   352.975000000003        2647312500.00003     
         326
   353.325000000003        2649937500.00003     
         243
   353.675000000003        2652562500.00003     
         536
   354.025000000003        2655187500.00003     
          36
   354.375000000003        2657812500.00003     
         528
   354.725000000003        2660437500.00003     
         232
   355.075000000004        2663062500.00003     
         437
   355.425000000004        2665687500.00003     
         339
   355.775000000004        2668312500.00003     
         146
   356.125000000004        2670937500.00003     
         288
   356.475000000004        2673562500.00003     
         455
   356.825000000004        2676187500.00003     
          55
   357.175000000004        2678812500.00003     
         235
   357.525000000004        2681437500.00003     
         506
   357.875000000004        2684062500.00003     
         316
   358.225000000004        2686687500.00003     
         350
   358.575000000004        2689312500.00003     
         506
   358.925000000004        2691937500.00003     
         397
   359.275000000004        2694562500.00003     
         395
   359.625000000004        2697187500.00003     
         333
   359.975000000004        2699812500.00003     
         402
   360.325000000004        2702437500.00003     
         168
   360.675000000004        2705062500.00003     
          77
   361.025000000004        2707687500.00003     
         121
   361.375000000004        2710312500.00003     
         516
   361.725000000004        2712937500.00003     
         409
   362.075000000004        2715562500.00003     
          71
   362.425000000004        2718187500.00003     
         101
   362.775000000004        2720812500.00003     
         205
   363.125000000004        2723437500.00003     
          97
   363.475000000004        2726062500.00003     
          86
   363.825000000004        2728687500.00003     
         438
   364.175000000004        2731312500.00003     
          68
   364.525000000004        2733937500.00003     
         366
   364.875000000004        2736562500.00003     
         411
   365.225000000004        2739187500.00003     
          94
   365.575000000004        2741812500.00003     
         152
   365.925000000004        2744437500.00003     
         258
   366.275000000004        2747062500.00003     
          34
   366.625000000004        2749687500.00003     
         271
   366.975000000004        2752312500.00003     
         295
   367.325000000004        2754937500.00003     
         263
   367.675000000004        2757562500.00003     
         232
   368.025000000004        2760187500.00003     
         302
   368.375000000004        2762812500.00003     
         512
   368.725000000004        2765437500.00003     
         331
   369.075000000004        2768062500.00003     
         123
   369.425000000004        2770687500.00003     
          18
   369.775000000004        2773312500.00003     
          32
   370.125000000004        2775937500.00003     
         375
   370.475000000005        2778562500.00003     
         494
   370.825000000005        2781187500.00003     
          44
   371.175000000005        2783812500.00003     
         336
   371.525000000005        2786437500.00003     
         114
   371.875000000005        2789062500.00003     
         176
   372.225000000005        2791687500.00003     
         522
   372.575000000005        2794312500.00003     
         389
   372.925000000005        2796937500.00003     
         371
   373.275000000005        2799562500.00004     
          26
   373.625000000005        2802187500.00004     
          84
   373.975000000005        2804812500.00004     
         362
   374.325000000005        2807437500.00004     
         179
   374.675000000005        2810062500.00004     
         161
   375.025000000005        2812687500.00004     
          39
   375.375000000005        2815312500.00004     
         275
   375.725000000005        2817937500.00004     
         194
   376.075000000005        2820562500.00004     
         270
   376.425000000005        2823187500.00004     
         219
   376.775000000005        2825812500.00004     
         296
   377.125000000005        2828437500.00004     
         447
   377.475000000005        2831062500.00004     
           2
   377.825000000005        2833687500.00004     
         256
   378.175000000005        2836312500.00004     
         303
   378.525000000005        2838937500.00004     
         101
   378.875000000005        2841562500.00004     
         110
   379.225000000005        2844187500.00004     
         114
   379.575000000005        2846812500.00004     
         216
   379.925000000005        2849437500.00004     
         303
   380.275000000005        2852062500.00004     
         444
   380.625000000005        2854687500.00004     
          16
   380.975000000005        2857312500.00004     
         124
   381.325000000005        2859937500.00004     
         371
   381.675000000005        2862562500.00004     
         241
   382.025000000005        2865187500.00004     
          50
   382.375000000005        2867812500.00004     
         133
   382.725000000005        2870437500.00004     
         433
   383.075000000005        2873062500.00004     
          74
   383.425000000005        2875687500.00004     
         217
   383.775000000005        2878312500.00004     
         299
   384.125000000005        2880937500.00004     
           6
   384.475000000005        2883562500.00004     
         170
   384.825000000005        2886187500.00004     
         421
   385.175000000005        2888812500.00004     
         488
   385.525000000005        2891437500.00004     
         216
   385.875000000006        2894062500.00004     
         457
   386.225000000006        2896687500.00004     
         246
   386.575000000006        2899312500.00004     
         477
   386.925000000006        2901937500.00004     
         426
   387.275000000006        2904562500.00004     
         510
   387.625000000006        2907187500.00004     
         307
   387.975000000006        2909812500.00004     
         540
   388.325000000006        2912437500.00004     
         445
   388.675000000006        2915062500.00004     
         254
   389.025000000006        2917687500.00004     
         171
   389.375000000006        2920312500.00004     
         187
   389.725000000006        2922937500.00004     
         343
   390.075000000006        2925562500.00004     
         408
   390.425000000006        2928187500.00004     
         523
   390.775000000006        2930812500.00004     
         324
   391.125000000006        2933437500.00004     
         219
   391.475000000006        2936062500.00004     
         171
   391.825000000006        2938687500.00004     
         174
   392.175000000006        2941312500.00004     
         235
   392.525000000006        2943937500.00004     
         515
   392.875000000006        2946562500.00004     
         350
   393.225000000006        2949187500.00004     
          99
   393.575000000006        2951812500.00005     
         328
   393.925000000006        2954437500.00005     
          61
   394.275000000006        2957062500.00005     
         405
   394.625000000006        2959687500.00005     
         201
   394.975000000006        2962312500.00005     
         335
   395.325000000006        2964937500.00005     
         239
   395.675000000006        2967562500.00005     
          80
   396.025000000006        2970187500.00005     
         115
   396.375000000006        2972812500.00005     
          30
   396.725000000006        2975437500.00005     
         386
   397.075000000006        2978062500.00005     
          39
   397.425000000006        2980687500.00005     
         294
   397.775000000006        2983312500.00005     
         389
   398.125000000006        2985937500.00005     
         167
   398.475000000006        2988562500.00005     
         176
   398.825000000006        2991187500.00005     
         438
   399.175000000006        2993812500.00005     
         143
   399.525000000006        2996437500.00005     
         359
   399.875000000006        2999062500.00005     
         160
   400.225000000006        3001687500.00005     
         178
   400.575000000006        3004312500.00005     
         311
   400.925000000006        3006937500.00005     
           5
   401.275000000007        3009562500.00005     
         150
   401.625000000007        3012187500.00005     
         235
   401.975000000007        3014812500.00005     
         475
   402.325000000007        3017437500.00005     
         407
   402.675000000007        3020062500.00005     
         355
   403.025000000007        3022687500.00005     
         382
   403.375000000007        3025312500.00005     
         454
   403.725000000007        3027937500.00005     
         252
   404.075000000007        3030562500.00005     
         188
   404.425000000007        3033187500.00005     
         210
   404.775000000007        3035812500.00005     
          16
   405.125000000007        3038437500.00005     
          12
   405.475000000007        3041062500.00005     
         488
   405.825000000007        3043687500.00005     
          40
   406.175000000007        3046312500.00005     
         471
   406.525000000007        3048937500.00005     
         210
   406.875000000007        3051562500.00005     
         170
   407.225000000007        3054187500.00005     
          77
   407.575000000007        3056812500.00005     
           5
   407.925000000007        3059437500.00005     
         330
   408.275000000007        3062062500.00005     
         175
   408.625000000007        3064687500.00005     
         110
   408.975000000007        3067312500.00005     
          34
   409.325000000007        3069937500.00005     
         469
   409.675000000007        3072562500.00005     
         398
   410.025000000007        3075187500.00005     
         397
   410.375000000007        3077812500.00005     
         483
   410.725000000007        3080437500.00005     
         420
   411.075000000007        3083062500.00005     
         439
   411.425000000007        3085687500.00005     
         480
   411.775000000007        3088312500.00005     
          15
   412.125000000007        3090937500.00005     
         102
   412.475000000007        3093562500.00005     
         261
   412.825000000007        3096187500.00005     
         376
   413.175000000007        3098812500.00005     
         191
   413.525000000007        3101437500.00005     
         385
   413.875000000007        3104062500.00005     
          64
   414.225000000007        3106687500.00006     
         371
   414.575000000007        3109312500.00006     
         453
   414.925000000007        3111937500.00006     
          10
   415.275000000007        3114562500.00006     
         240
   415.625000000007        3117187500.00006     
         102
   415.975000000007        3119812500.00006     
         482
   416.325000000007        3122437500.00006     
          10
   416.675000000008        3125062500.00006     
         193
   417.025000000008        3127687500.00006     
         207
   417.375000000008        3130312500.00006     
         241
   417.725000000008        3132937500.00006     
           5
   418.075000000008        3135562500.00006     
         172
   418.425000000008        3138187500.00006     
         488
   418.775000000008        3140812500.00006     
           5
   419.125000000008        3143437500.00006     
         331
   419.475000000008        3146062500.00006     
         337
   419.825000000008        3148687500.00006     
