       time        TW        TE         hW        hE
   0.17500E+00   0.29473E+02   0.29292E+02   0.35744E-02  -0.27561E-01
   0.52500E+00   0.28707E+02   0.27943E+02   0.28069E-01  -0.90506E-01
   0.87500E+00   0.28465E+02   0.26805E+02   0.68857E-01  -0.16132E+00
   0.12250E+01   0.28605E+02   0.25532E+02   0.11822E+00  -0.24381E+00
   0.15750E+01   0.28920E+02   0.24291E+02   0.17459E+00  -0.32893E+00
   0.19250E+01   0.29241E+02   0.23736E+02   0.23320E+00  -0.39144E+00
   0.22750E+01   0.29507E+02   0.23662E+02   0.29850E+00  -0.44249E+00
   0.26250E+01   0.29697E+02   0.23495E+02   0.36543E+00  -0.50082E+00
   0.29750E+01   0.29817E+02   0.23079E+02   0.43111E+00  -0.56296E+00
   0.33250E+01   0.29894E+02   0.23280E+02   0.49518E+00  -0.60254E+00
   0.36750E+01   0.29941E+02   0.24317E+02   0.55829E+00  -0.61035E+00
   0.40250E+01   0.29964E+02   0.25231E+02   0.61185E+00  -0.60451E+00
   0.43750E+01   0.29977E+02   0.25756E+02   0.65817E+00  -0.58962E+00
   0.47250E+01   0.29985E+02   0.26315E+02   0.70447E+00  -0.54797E+00
   0.50750E+01   0.29990E+02   0.26965E+02   0.74053E+00  -0.47519E+00
   0.54250E+01   0.29994E+02   0.27503E+02   0.75617E+00  -0.40021E+00
   0.57750E+01   0.29997E+02   0.27972E+02   0.75122E+00  -0.34056E+00
   0.61250E+01   0.29998E+02   0.28396E+02   0.72318E+00  -0.27529E+00
   0.64750E+01   0.29997E+02   0.28727E+02   0.67699E+00  -0.19653E+00
   0.68250E+01   0.29996E+02   0.28966E+02   0.62689E+00  -0.13267E+00
   0.71750E+01   0.29994E+02   0.28952E+02   0.58059E+00  -0.85722E-01
   0.75250E+01   0.29990E+02   0.28750E+02   0.53736E+00  -0.50172E-01
   0.78750E+01   0.29984E+02   0.28713E+02   0.49115E+00  -0.23676E-01
   0.82250E+01   0.29974E+02   0.28786E+02   0.44409E+00   0.94468E-02
   0.85750E+01   0.29962E+02   0.28818E+02   0.41002E+00   0.31994E-01
   0.89250E+01   0.29952E+02   0.28636E+02   0.38816E+00   0.22667E-01
   0.92750E+01   0.29939E+02   0.28338E+02   0.36016E+00   0.91770E-02
   0.96250E+01   0.29921E+02   0.28160E+02   0.33176E+00   0.79623E-02
   0.99750E+01   0.29902E+02   0.28114E+02   0.32147E+00   0.89942E-02
   0.10325E+02   0.29892E+02   0.28024E+02   0.32495E+00   0.18222E-03
   0.10675E+02   0.29884E+02   0.27818E+02   0.31788E+00  -0.21084E-01
   0.11025E+02   0.29869E+02   0.27573E+02   0.30361E+00  -0.40483E-01
   0.11375E+02   0.29855E+02   0.27374E+02   0.29714E+00  -0.44291E-01
   0.11725E+02   0.29848E+02   0.27342E+02   0.29908E+00  -0.43681E-01
   0.12075E+02   0.29841E+02   0.27247E+02   0.29938E+00  -0.58679E-01
   0.12425E+02   0.29830E+02   0.26789E+02   0.28768E+00  -0.88870E-01
   0.12775E+02   0.29816E+02   0.26144E+02   0.27270E+00  -0.11815E+00
   0.13125E+02   0.29800E+02   0.25842E+02   0.27006E+00  -0.13029E+00
   0.13475E+02   0.29795E+02   0.25771E+02   0.27730E+00  -0.13818E+00
   0.13825E+02   0.29797E+02   0.25547E+02   0.28124E+00  -0.15836E+00
   0.14175E+02   0.29797E+02   0.25218E+02   0.28475E+00  -0.18613E+00
   0.14525E+02   0.29803E+02   0.24839E+02   0.29090E+00  -0.21170E+00
   0.14875E+02   0.29815E+02   0.24673E+02   0.30392E+00  -0.22612E+00
   0.15225E+02   0.29835E+02   0.24570E+02   0.32597E+00  -0.24336E+00
   0.15575E+02   0.29858E+02   0.24164E+02   0.34028E+00  -0.27648E+00
   0.15925E+02   0.29875E+02   0.23944E+02   0.34870E+00  -0.30081E+00
   0.16275E+02   0.29890E+02   0.23842E+02   0.36500E+00  -0.32091E+00
   0.16625E+02   0.29907E+02   0.23651E+02   0.38694E+00  -0.34622E+00
   0.16975E+02   0.29923E+02   0.23916E+02   0.41724E+00  -0.35973E+00
   0.17325E+02   0.29939E+02   0.24227E+02   0.44691E+00  -0.37137E+00
   0.17675E+02   0.29952E+02   0.24535E+02   0.46509E+00  -0.37945E+00
   0.18025E+02   0.29961E+02   0.24848E+02   0.48581E+00  -0.37733E+00
   0.18375E+02   0.29969E+02   0.25183E+02   0.51335E+00  -0.37121E+00
   0.18725E+02   0.29976E+02   0.25748E+02   0.53784E+00  -0.35252E+00
   0.19075E+02   0.29981E+02   0.26405E+02   0.54846E+00  -0.32764E+00
   0.19425E+02   0.29983E+02   0.27162E+02   0.54957E+00  -0.29643E+00
   0.19775E+02   0.29985E+02   0.27766E+02   0.55431E+00  -0.24971E+00
   0.20125E+02   0.29986E+02   0.28265E+02   0.55195E+00  -0.21090E+00
   0.20475E+02   0.29986E+02   0.28400E+02   0.53852E+00  -0.18573E+00
   0.20825E+02   0.29984E+02   0.28501E+02   0.51775E+00  -0.14587E+00
   0.21175E+02   0.29981E+02   0.28514E+02   0.49288E+00  -0.10305E+00
   0.21525E+02   0.29977E+02   0.28263E+02   0.46344E+00  -0.77485E-01
   0.21875E+02   0.29969E+02   0.28263E+02   0.43265E+00  -0.51706E-01
   0.22225E+02   0.29959E+02   0.28208E+02   0.40420E+00  -0.32188E-01
   0.22575E+02   0.29947E+02   0.28034E+02   0.38064E+00  -0.27217E-01
   0.22925E+02   0.29935E+02   0.27856E+02   0.36205E+00  -0.29557E-01
   0.23275E+02   0.29922E+02   0.27592E+02   0.34212E+00  -0.40895E-01
   0.23625E+02   0.29905E+02   0.27407E+02   0.32611E+00  -0.41667E-01
   0.23975E+02   0.29890E+02   0.27287E+02   0.31583E+00  -0.41810E-01
   0.24325E+02   0.29880E+02   0.27249E+02   0.30754E+00  -0.50183E-01
   0.24675E+02   0.29874E+02   0.27080E+02   0.30579E+00  -0.59486E-01
   0.25025E+02   0.29872E+02   0.26699E+02   0.30634E+00  -0.81633E-01
   0.25375E+02   0.29864E+02   0.26353E+02   0.30247E+00  -0.96771E-01
   0.25725E+02   0.29852E+02   0.26086E+02   0.29971E+00  -0.10412E+00
   0.26075E+02   0.29846E+02   0.26061E+02   0.29862E+00  -0.11162E+00
   0.26425E+02   0.29847E+02   0.25987E+02   0.29787E+00  -0.12191E+00
   0.26775E+02   0.29846E+02   0.25727E+02   0.29407E+00  -0.14301E+00
   0.27125E+02   0.29841E+02   0.25464E+02   0.29545E+00  -0.15798E+00
   0.27475E+02   0.29839E+02   0.25206E+02   0.30526E+00  -0.17049E+00
   0.27825E+02   0.29843E+02   0.25043E+02   0.31481E+00  -0.18816E+00
   0.28175E+02   0.29852E+02   0.24833E+02   0.31775E+00  -0.20923E+00
   0.28525E+02   0.29860E+02   0.24577E+02   0.31735E+00  -0.23009E+00
   0.28875E+02   0.29865E+02   0.24402E+02   0.32492E+00  -0.24145E+00
   0.29225E+02   0.29874E+02   0.24427E+02   0.34054E+00  -0.25215E+00
   0.29575E+02   0.29886E+02   0.24549E+02   0.35818E+00  -0.26562E+00
   0.29925E+02   0.29900E+02   0.24352E+02   0.37451E+00  -0.28867E+00
   0.30275E+02   0.29913E+02   0.24258E+02   0.39109E+00  -0.30965E+00
   0.30625E+02   0.29925E+02   0.24430E+02   0.40656E+00  -0.31338E+00
   0.30975E+02   0.29936E+02   0.24805E+02   0.42449E+00  -0.31772E+00
   0.31325E+02   0.29946E+02   0.25024E+02   0.44628E+00  -0.32357E+00
   0.31675E+02   0.29955E+02   0.25048E+02   0.46030E+00  -0.32588E+00
   0.32025E+02   0.29962E+02   0.25393E+02   0.47234E+00  -0.32147E+00
   0.32375E+02   0.29967E+02   0.25832E+02   0.48756E+00  -0.30523E+00
   0.32725E+02   0.29971E+02   0.26494E+02   0.49858E+00  -0.27984E+00
   0.33075E+02   0.29975E+02   0.26829E+02   0.50762E+00  -0.25825E+00
   0.33425E+02   0.29977E+02   0.26945E+02   0.50741E+00  -0.24357E+00
   0.33775E+02   0.29977E+02   0.27458E+02   0.49805E+00  -0.21696E+00
   0.34125E+02   0.29977E+02   0.28021E+02   0.49217E+00  -0.17945E+00
   0.34475E+02   0.29976E+02   0.27979E+02   0.48775E+00  -0.15338E+00
   0.34825E+02   0.29974E+02   0.27943E+02   0.47068E+00  -0.13083E+00
   0.35175E+02   0.29970E+02   0.28106E+02   0.44646E+00  -0.10551E+00
   0.35525E+02   0.29963E+02   0.28190E+02   0.42372E+00  -0.75896E-01
   0.35875E+02   0.29955E+02   0.28318E+02   0.40626E+00  -0.48183E-01
   0.36225E+02   0.29946E+02   0.28220E+02   0.39111E+00  -0.40708E-01
   0.36575E+02   0.29935E+02   0.28034E+02   0.36869E+00  -0.42803E-01
   0.36925E+02   0.29920E+02   0.27759E+02   0.34324E+00  -0.43732E-01
   0.37275E+02   0.29902E+02   0.27612E+02   0.32596E+00  -0.42442E-01
   0.37625E+02   0.29887E+02   0.27508E+02   0.31792E+00  -0.43886E-01
   0.37975E+02   0.29871E+02   0.27265E+02   0.30963E+00  -0.58263E-01
   0.38325E+02   0.29857E+02   0.27073E+02   0.30330E+00  -0.71771E-01
   0.38675E+02   0.29849E+02   0.26984E+02   0.29916E+00  -0.77698E-01
   0.39025E+02   0.29845E+02   0.27011E+02   0.30160E+00  -0.78032E-01
   0.39375E+02   0.29844E+02   0.26979E+02   0.30788E+00  -0.84196E-01
   0.39725E+02   0.29846E+02   0.26748E+02   0.30714E+00  -0.10252E+00
   0.40075E+02   0.29848E+02   0.26554E+02   0.29713E+00  -0.11047E+00
   0.40425E+02   0.29844E+02   0.26472E+02   0.29076E+00  -0.11333E+00
   0.40775E+02   0.29838E+02   0.26313E+02   0.29435E+00  -0.12202E+00
   0.41125E+02   0.29833E+02   0.25792E+02   0.29597E+00  -0.14450E+00
   0.41475E+02   0.29830E+02   0.25282E+02   0.29334E+00  -0.17627E+00
   0.41825E+02   0.29830E+02   0.25007E+02   0.29321E+00  -0.19726E+00
   0.42175E+02   0.29833E+02   0.24781E+02   0.30091E+00  -0.20885E+00
   0.42525E+02   0.29842E+02   0.24822E+02   0.31533E+00  -0.22183E+00
   0.42875E+02   0.29856E+02   0.24862E+02   0.33298E+00  -0.24027E+00
   0.43225E+02   0.29873E+02   0.24502E+02   0.34598E+00  -0.26489E+00
   0.43575E+02   0.29887E+02   0.24043E+02   0.35853E+00  -0.29328E+00
   0.43925E+02   0.29902E+02   0.23958E+02   0.37915E+00  -0.31171E+00
   0.44275E+02   0.29917E+02   0.24330E+02   0.40075E+00  -0.31537E+00
   0.44625E+02   0.29930E+02   0.24609E+02   0.41879E+00  -0.32360E+00
   0.44975E+02   0.29941E+02   0.25027E+02   0.43024E+00  -0.33021E+00
   0.45325E+02   0.29949E+02   0.25792E+02   0.44815E+00  -0.32102E+00
   0.45675E+02   0.29958E+02   0.26157E+02   0.47447E+00  -0.31042E+00
   0.46025E+02   0.29966E+02   0.26575E+02   0.49390E+00  -0.29943E+00
   0.46375E+02   0.29971E+02   0.26892E+02   0.50489E+00  -0.28810E+00
   0.46725E+02   0.29974E+02   0.27147E+02   0.50347E+00  -0.27013E+00
   0.47075E+02   0.29976E+02   0.27693E+02   0.49998E+00  -0.23556E+00
   0.47425E+02   0.29976E+02   0.28129E+02   0.49541E+00  -0.20160E+00
   0.47775E+02   0.29976E+02   0.28547E+02   0.49040E+00  -0.17253E+00
   0.48125E+02   0.29975E+02   0.28576E+02   0.48206E+00  -0.14783E+00
   0.48475E+02   0.29973E+02   0.28409E+02   0.46433E+00  -0.12761E+00
   0.48825E+02   0.29969E+02   0.28244E+02   0.44350E+00  -0.10466E+00
   0.49175E+02   0.29963E+02   0.28121E+02   0.42234E+00  -0.80848E-01
   0.49525E+02   0.29955E+02   0.27938E+02   0.40171E+00  -0.65315E-01
   0.49875E+02   0.29944E+02   0.27786E+02   0.37641E+00  -0.59035E-01
   0.50225E+02   0.29930E+02   0.27830E+02   0.35659E+00  -0.47502E-01
   0.50575E+02   0.29918E+02   0.27775E+02   0.34522E+00  -0.40022E-01
   0.50925E+02   0.29908E+02   0.27755E+02   0.33687E+00  -0.42176E-01
   0.51275E+02   0.29895E+02   0.27783E+02   0.32745E+00  -0.40585E-01
   0.51625E+02   0.29881E+02   0.27589E+02   0.31424E+00  -0.48611E-01
   0.51975E+02   0.29871E+02   0.27254E+02   0.30431E+00  -0.61364E-01
   0.52325E+02   0.29859E+02   0.26916E+02   0.29662E+00  -0.74429E-01
   0.52675E+02   0.29842E+02   0.26592E+02   0.29201E+00  -0.89581E-01
   0.53025E+02   0.29832E+02   0.26367E+02   0.29207E+00  -0.99698E-01
   0.53375E+02   0.29827E+02   0.26268E+02   0.29136E+00  -0.11275E+00
   0.53725E+02   0.29825E+02   0.25946E+02   0.29397E+00  -0.13600E+00
   0.54075E+02   0.29827E+02   0.25572E+02   0.29807E+00  -0.15674E+00
   0.54425E+02   0.29832E+02   0.25453E+02   0.30581E+00  -0.16540E+00
   0.54775E+02   0.29842E+02   0.25306E+02   0.31191E+00  -0.17741E+00
   0.55125E+02   0.29849E+02   0.25331E+02   0.31499E+00  -0.18845E+00
   0.55475E+02   0.29858E+02   0.25117E+02   0.32182E+00  -0.20195E+00
   0.55825E+02   0.29869E+02   0.24376E+02   0.32490E+00  -0.23220E+00
   0.56175E+02   0.29875E+02   0.23878E+02   0.33006E+00  -0.26070E+00
   0.56525E+02   0.29882E+02   0.24158E+02   0.34429E+00  -0.27038E+00
   0.56875E+02   0.29892E+02   0.24562E+02   0.36247E+00  -0.27527E+00
   0.57225E+02   0.29904E+02   0.24541E+02   0.37871E+00  -0.29467E+00
   0.57575E+02   0.29916E+02   0.24349E+02   0.39517E+00  -0.32405E+00
   0.57925E+02   0.29928E+02   0.24470E+02   0.41615E+00  -0.33440E+00
   0.58275E+02   0.29940E+02   0.25109E+02   0.44144E+00  -0.32434E+00
   0.58625E+02   0.29952E+02   0.25330E+02   0.46371E+00  -0.32653E+00
   0.58975E+02   0.29961E+02   0.25106E+02   0.47431E+00  -0.33642E+00
   0.59325E+02   0.29966E+02   0.25436E+02   0.48032E+00  -0.32397E+00
   0.59675E+02   0.29970E+02   0.26081E+02   0.49001E+00  -0.29791E+00
   0.60025E+02   0.29973E+02   0.26476E+02   0.50156E+00  -0.27836E+00
   0.60375E+02   0.29976E+02   0.26969E+02   0.51276E+00  -0.26249E+00
   0.60725E+02   0.29979E+02   0.27614E+02   0.51460E+00  -0.23683E+00
   0.61075E+02   0.29979E+02   0.28013E+02   0.50383E+00  -0.20203E+00
   0.61425E+02   0.29978E+02   0.28324E+02   0.49329E+00  -0.17084E+00
   0.61775E+02   0.29976E+02   0.28607E+02   0.48751E+00  -0.14318E+00
   0.62125E+02   0.29974E+02   0.28355E+02   0.47289E+00  -0.11854E+00
   0.62475E+02   0.29970E+02   0.27913E+02   0.44538E+00  -0.10172E+00
   0.62825E+02   0.29961E+02   0.27679E+02   0.41513E+00  -0.87143E-01
   0.63175E+02   0.29953E+02   0.27658E+02   0.39532E+00  -0.61572E-01
   0.63525E+02   0.29944E+02   0.27658E+02   0.38204E+00  -0.49987E-01
   0.63875E+02   0.29932E+02   0.27495E+02   0.36125E+00  -0.59460E-01
   0.64225E+02   0.29919E+02   0.27462E+02   0.34078E+00  -0.56169E-01
   0.64575E+02   0.29907E+02   0.27511E+02   0.33274E+00  -0.47049E-01
   0.64925E+02   0.29895E+02   0.27445E+02   0.33265E+00  -0.53077E-01
   0.65275E+02   0.29887E+02   0.27258E+02   0.32628E+00  -0.65312E-01
   0.65625E+02   0.29878E+02   0.26916E+02   0.31259E+00  -0.79983E-01
   0.65975E+02   0.29869E+02   0.26539E+02   0.30383E+00  -0.95952E-01
   0.66325E+02   0.29860E+02   0.26579E+02   0.30193E+00  -0.89412E-01
   0.66675E+02   0.29850E+02   0.26747E+02   0.30387E+00  -0.85016E-01
   0.67025E+02   0.29845E+02   0.26604E+02   0.30636E+00  -0.10910E+00
   0.67375E+02   0.29841E+02   0.26348E+02   0.30658E+00  -0.12923E+00
   0.67725E+02   0.29840E+02   0.26078E+02   0.30668E+00  -0.14052E+00
   0.68075E+02   0.29843E+02   0.25761E+02   0.30516E+00  -0.15316E+00
   0.68425E+02   0.29847E+02   0.25498E+02   0.30931E+00  -0.16718E+00
   0.68775E+02   0.29854E+02   0.24978E+02   0.31121E+00  -0.19038E+00
   0.69125E+02   0.29852E+02   0.24674E+02   0.30375E+00  -0.20894E+00
   0.69475E+02   0.29850E+02   0.24973E+02   0.31209E+00  -0.21098E+00
   0.69825E+02   0.29860E+02   0.24847E+02   0.33356E+00  -0.22409E+00
   0.70175E+02   0.29875E+02   0.24420E+02   0.35052E+00  -0.25675E+00
   0.70525E+02   0.29890E+02   0.24282E+02   0.36116E+00  -0.28317E+00
   0.70875E+02   0.29903E+02   0.24289E+02   0.36949E+00  -0.29542E+00
   0.71225E+02   0.29913E+02   0.24381E+02   0.38554E+00  -0.29885E+00
   0.71575E+02   0.29925E+02   0.24593E+02   0.40957E+00  -0.30693E+00
   0.71925E+02   0.29937E+02   0.24804E+02   0.43099E+00  -0.32047E+00
   0.72275E+02   0.29947E+02   0.25024E+02   0.44322E+00  -0.32544E+00
   0.72625E+02   0.29955E+02   0.25500E+02   0.45617E+00  -0.31962E+00
   0.72975E+02   0.29961E+02   0.25843E+02   0.47551E+00  -0.30757E+00
   0.73325E+02   0.29967E+02   0.25782E+02   0.49177E+00  -0.29891E+00
   0.73675E+02   0.29972E+02   0.25810E+02   0.49327E+00  -0.29534E+00
   0.74025E+02   0.29973E+02   0.26057E+02   0.48915E+00  -0.28147E+00
   0.74375E+02   0.29974E+02   0.26544E+02   0.49607E+00  -0.24997E+00
   0.74725E+02   0.29976E+02   0.27059E+02   0.50226E+00  -0.22241E+00
   0.75075E+02   0.29977E+02   0.27400E+02   0.49471E+00  -0.20293E+00
   0.75425E+02   0.29976E+02   0.27579E+02   0.48216E+00  -0.17786E+00
   0.75775E+02   0.29974E+02   0.27469E+02   0.47201E+00  -0.15449E+00
   0.76125E+02   0.29971E+02   0.27373E+02   0.45892E+00  -0.13247E+00
   0.76475E+02   0.29967E+02   0.27317E+02   0.44588E+00  -0.11724E+00
   0.76825E+02   0.29963E+02   0.27301E+02   0.42657E+00  -0.10284E+00
   0.77175E+02   0.29956E+02   0.27213E+02   0.39778E+00  -0.86765E-01
   0.77525E+02   0.29945E+02   0.27036E+02   0.37905E+00  -0.81424E-01
   0.77875E+02   0.29935E+02   0.27055E+02   0.37037E+00  -0.71841E-01
   0.78225E+02   0.29924E+02   0.27073E+02   0.36069E+00  -0.66733E-01
   0.78575E+02   0.29913E+02   0.26965E+02   0.35235E+00  -0.76995E-01
   0.78925E+02   0.29905E+02   0.26931E+02   0.34137E+00  -0.83189E-01
   0.79275E+02   0.29895E+02   0.27018E+02   0.33130E+00  -0.75802E-01
   0.79625E+02   0.29886E+02   0.27045E+02   0.32991E+00  -0.72368E-01
   0.79975E+02   0.29882E+02   0.26652E+02   0.32556E+00  -0.95721E-01
   0.80325E+02   0.29876E+02   0.26236E+02   0.31244E+00  -0.11185E+00
   0.80675E+02   0.29865E+02   0.26200E+02   0.30675E+00  -0.10575E+00
   0.81025E+02   0.29860E+02   0.26134E+02   0.30779E+00  -0.11054E+00
   0.81375E+02   0.29856E+02   0.25959E+02   0.30450E+00  -0.12570E+00
   0.81725E+02   0.29854E+02   0.25836E+02   0.30505E+00  -0.14660E+00
   0.82075E+02   0.29852E+02   0.25511E+02   0.30654E+00  -0.16615E+00
   0.82425E+02   0.29851E+02   0.25419E+02   0.31036E+00  -0.16912E+00
   0.82775E+02   0.29857E+02   0.25359E+02   0.32060E+00  -0.18130E+00
   0.83125E+02   0.29866E+02   0.24936E+02   0.32829E+00  -0.20828E+00
   0.83475E+02   0.29872E+02   0.24930E+02   0.33287E+00  -0.21634E+00
   0.83825E+02   0.29878E+02   0.25044E+02   0.33753E+00  -0.21946E+00
   0.84175E+02   0.29885E+02   0.25019E+02   0.34514E+00  -0.23096E+00
   0.84525E+02   0.29895E+02   0.25004E+02   0.36188E+00  -0.23871E+00
   0.84875E+02   0.29906E+02   0.24923E+02   0.37383E+00  -0.25218E+00
   0.85225E+02   0.29915E+02   0.24759E+02   0.37737E+00  -0.26454E+00
   0.85575E+02   0.29921E+02   0.24826E+02   0.38464E+00  -0.26814E+00
   0.85925E+02   0.29928E+02   0.25334E+02   0.40413E+00  -0.26503E+00
   0.86275E+02   0.29937E+02   0.25757E+02   0.41992E+00  -0.25710E+00
   0.86625E+02   0.29944E+02   0.25767E+02   0.42278E+00  -0.26121E+00
   0.86975E+02   0.29948E+02   0.25596E+02   0.42986E+00  -0.26786E+00
   0.87325E+02   0.29952E+02   0.25693E+02   0.44084E+00  -0.25880E+00
   0.87675E+02   0.29957E+02   0.25816E+02   0.45224E+00  -0.24806E+00
   0.88025E+02   0.29960E+02   0.26000E+02   0.45177E+00  -0.24425E+00
   0.88375E+02   0.29961E+02   0.26177E+02   0.44885E+00  -0.23440E+00
   0.88725E+02   0.29961E+02   0.26116E+02   0.44784E+00  -0.22081E+00
   0.89075E+02   0.29962E+02   0.26349E+02   0.44668E+00  -0.20679E+00
   0.89425E+02   0.29964E+02   0.26803E+02   0.44691E+00  -0.18667E+00
   0.89775E+02   0.29963E+02   0.27215E+02   0.44398E+00  -0.16116E+00
   0.90125E+02   0.29961E+02   0.27274E+02   0.43670E+00  -0.14287E+00
   0.90475E+02   0.29959E+02   0.26987E+02   0.42220E+00  -0.13752E+00
   0.90825E+02   0.29954E+02   0.26766E+02   0.40769E+00  -0.13074E+00
   0.91175E+02   0.29947E+02   0.26501E+02   0.39553E+00  -0.12581E+00
   0.91525E+02   0.29939E+02   0.26448E+02   0.38604E+00  -0.11808E+00
   0.91875E+02   0.29932E+02   0.26604E+02   0.37426E+00  -0.10683E+00
   0.92225E+02   0.29924E+02   0.26616E+02   0.35877E+00  -0.10806E+00
   0.92575E+02   0.29916E+02   0.26586E+02   0.35245E+00  -0.10806E+00
   0.92925E+02   0.29912E+02   0.26459E+02   0.35306E+00  -0.11003E+00
   0.93275E+02   0.29908E+02   0.26452E+02   0.34878E+00  -0.11168E+00
   0.93625E+02   0.29904E+02   0.26433E+02   0.34344E+00  -0.10870E+00
   0.93975E+02   0.29900E+02   0.26135E+02   0.33690E+00  -0.12292E+00
   0.94325E+02   0.29894E+02   0.25883E+02   0.32621E+00  -0.13090E+00
   0.94675E+02   0.29887E+02   0.25859E+02   0.31962E+00  -0.12718E+00
   0.95025E+02   0.29881E+02   0.25894E+02   0.32121E+00  -0.13087E+00
   0.95375E+02   0.29875E+02   0.25931E+02   0.32443E+00  -0.13425E+00
   0.95725E+02   0.29872E+02   0.25808E+02   0.32771E+00  -0.14891E+00
   0.96075E+02   0.29873E+02   0.25591E+02   0.33004E+00  -0.16603E+00
   0.96425E+02   0.29878E+02   0.25562E+02   0.33004E+00  -0.17128E+00
   0.96775E+02   0.29883E+02   0.25638E+02   0.33124E+00  -0.17282E+00
   0.97125E+02   0.29883E+02   0.25722E+02   0.33557E+00  -0.17193E+00
   0.97475E+02   0.29886E+02   0.25586E+02   0.33994E+00  -0.17921E+00
   0.97825E+02   0.29889E+02   0.25470E+02   0.34252E+00  -0.19315E+00
   0.98175E+02   0.29892E+02   0.25439E+02   0.34713E+00  -0.20283E+00
   0.98525E+02   0.29896E+02   0.25291E+02   0.35484E+00  -0.20995E+00
   0.98875E+02   0.29903E+02   0.25201E+02   0.36246E+00  -0.21543E+00
   0.99225E+02   0.29908E+02   0.25258E+02   0.36025E+00  -0.22218E+00
   0.99575E+02   0.29910E+02   0.25661E+02   0.36350E+00  -0.21879E+00
   0.99925E+02   0.29914E+02   0.25720E+02   0.37939E+00  -0.21544E+00
   0.10027E+03   0.29922E+02   0.25589E+02   0.39089E+00  -0.22674E+00
   0.10062E+03   0.29929E+02   0.25757E+02   0.39974E+00  -0.23337E+00
   0.10097E+03   0.29934E+02   0.25795E+02   0.40500E+00  -0.22964E+00
   0.10132E+03   0.29937E+02   0.25716E+02   0.40358E+00  -0.22373E+00
   0.10167E+03   0.29939E+02   0.25600E+02   0.40436E+00  -0.22387E+00
   0.10202E+03   0.29942E+02   0.25522E+02   0.40889E+00  -0.22482E+00
   0.10237E+03   0.29944E+02   0.25428E+02   0.40964E+00  -0.22444E+00
   0.10272E+03   0.29945E+02   0.25654E+02   0.41060E+00  -0.21948E+00
   0.10307E+03   0.29946E+02   0.26040E+02   0.41629E+00  -0.20556E+00
   0.10342E+03   0.29948E+02   0.26179E+02   0.42144E+00  -0.19648E+00
   0.10377E+03   0.29950E+02   0.26126E+02   0.41965E+00  -0.19645E+00
   0.10412E+03   0.29949E+02   0.26142E+02   0.41433E+00  -0.19687E+00
   0.10447E+03   0.29948E+02   0.26115E+02   0.41383E+00  -0.18656E+00
   0.10482E+03   0.29948E+02   0.25943E+02   0.41378E+00  -0.17780E+00
   0.10517E+03   0.29947E+02   0.25927E+02   0.40671E+00  -0.17946E+00
   0.10552E+03   0.29942E+02   0.26108E+02   0.39680E+00  -0.16748E+00
   0.10587E+03   0.29938E+02   0.26561E+02   0.39277E+00  -0.14332E+00
   0.10622E+03   0.29938E+02   0.26732E+02   0.39308E+00  -0.13605E+00
   0.10657E+03   0.29937E+02   0.26642E+02   0.39009E+00  -0.14209E+00
   0.10692E+03   0.29936E+02   0.26499E+02   0.38324E+00  -0.14011E+00
   0.10727E+03   0.29931E+02   0.26376E+02   0.36946E+00  -0.13061E+00
   0.10762E+03   0.29923E+02   0.26409E+02   0.36102E+00  -0.11961E+00
   0.10797E+03   0.29917E+02   0.26327E+02   0.35487E+00  -0.12184E+00
   0.10832E+03   0.29909E+02   0.26349E+02   0.34726E+00  -0.12768E+00
   0.10867E+03   0.29902E+02   0.26320E+02   0.34493E+00  -0.12762E+00
   0.10902E+03   0.29898E+02   0.26235E+02   0.34115E+00  -0.13367E+00
   0.10937E+03   0.29894E+02   0.26159E+02   0.34034E+00  -0.13536E+00
   0.10972E+03   0.29892E+02   0.26011E+02   0.34240E+00  -0.13945E+00
   0.11007E+03   0.29892E+02   0.26056E+02   0.34120E+00  -0.14364E+00
   0.11042E+03   0.29888E+02   0.26220E+02   0.33482E+00  -0.14145E+00
   0.11077E+03   0.29886E+02   0.26313E+02   0.33908E+00  -0.14502E+00
   0.11112E+03   0.29890E+02   0.26173E+02   0.34610E+00  -0.15213E+00
   0.11147E+03   0.29894E+02   0.25942E+02   0.34349E+00  -0.16068E+00
   0.11182E+03   0.29894E+02   0.25883E+02   0.33617E+00  -0.16582E+00
   0.11217E+03   0.29889E+02   0.25670E+02   0.33434E+00  -0.17001E+00
   0.11252E+03   0.29887E+02   0.25530E+02   0.34048E+00  -0.17424E+00
   0.11287E+03   0.29889E+02   0.25563E+02   0.34378E+00  -0.18372E+00
   0.11322E+03   0.29893E+02   0.25344E+02   0.34340E+00  -0.20064E+00
   0.11357E+03   0.29896E+02   0.25285E+02   0.34704E+00  -0.20623E+00
   0.11392E+03   0.29901E+02   0.25576E+02   0.35819E+00  -0.20033E+00
   0.11427E+03   0.29908E+02   0.25713E+02   0.36837E+00  -0.20112E+00
   0.11462E+03   0.29914E+02   0.25355E+02   0.37368E+00  -0.22140E+00
   0.11497E+03   0.29919E+02   0.24989E+02   0.37673E+00  -0.24056E+00
   0.11532E+03   0.29922E+02   0.25126E+02   0.38116E+00  -0.23628E+00
   0.11567E+03   0.29926E+02   0.25338E+02   0.39066E+00  -0.22976E+00
   0.11602E+03   0.29931E+02   0.25145E+02   0.39769E+00  -0.24230E+00
   0.11637E+03   0.29934E+02   0.24990E+02   0.40011E+00  -0.25467E+00
   0.11672E+03   0.29939E+02   0.24991E+02   0.40479E+00  -0.25318E+00
   0.11707E+03   0.29943E+02   0.25112E+02   0.40974E+00  -0.24689E+00
   0.11742E+03   0.29945E+02   0.25377E+02   0.42289E+00  -0.24257E+00
   0.11777E+03   0.29949E+02   0.25716E+02   0.43605E+00  -0.23962E+00
   0.11812E+03   0.29953E+02   0.26083E+02   0.44003E+00  -0.23545E+00
   0.11847E+03   0.29955E+02   0.26211E+02   0.43630E+00  -0.23112E+00
   0.11882E+03   0.29956E+02   0.25912E+02   0.43671E+00  -0.22861E+00
   0.11917E+03   0.29957E+02   0.25696E+02   0.44226E+00  -0.22101E+00
   0.11952E+03   0.29958E+02   0.26044E+02   0.43992E+00  -0.20417E+00
   0.11987E+03   0.29957E+02   0.26276E+02   0.43060E+00  -0.19258E+00
   0.12022E+03   0.29955E+02   0.26545E+02   0.42139E+00  -0.17514E+00
   0.12057E+03   0.29953E+02   0.26818E+02   0.42253E+00  -0.15412E+00
   0.12092E+03   0.29952E+02   0.26831E+02   0.42244E+00  -0.14824E+00
   0.12127E+03   0.29951E+02   0.26716E+02   0.40922E+00  -0.14269E+00
   0.12162E+03   0.29946E+02   0.26453E+02   0.39527E+00  -0.13823E+00
   0.12197E+03   0.29941E+02   0.26319E+02   0.38890E+00  -0.13248E+00
   0.12232E+03   0.29935E+02   0.26234E+02   0.37680E+00  -0.12313E+00
   0.12267E+03   0.29926E+02   0.26305E+02   0.36205E+00  -0.12115E+00
   0.12302E+03   0.29918E+02   0.26210E+02   0.35646E+00  -0.12466E+00
   0.12337E+03   0.29914E+02   0.25851E+02   0.35274E+00  -0.13404E+00
   0.12372E+03   0.29911E+02   0.25903E+02   0.35002E+00  -0.13341E+00
   0.12407E+03   0.29908E+02   0.26105E+02   0.34830E+00  -0.12614E+00
   0.12442E+03   0.29905E+02   0.25956E+02   0.34559E+00  -0.13228E+00
   0.12477E+03   0.29901E+02   0.25794E+02   0.34334E+00  -0.14181E+00
   0.12512E+03   0.29895E+02   0.25803E+02   0.34134E+00  -0.14651E+00
   0.12547E+03   0.29893E+02   0.25772E+02   0.34141E+00  -0.14800E+00
   0.12582E+03   0.29892E+02   0.25797E+02   0.34347E+00  -0.15290E+00
   0.12617E+03   0.29892E+02   0.25684E+02   0.34622E+00  -0.16513E+00
   0.12652E+03   0.29892E+02   0.25536E+02   0.34310E+00  -0.17102E+00
   0.12687E+03   0.29891E+02   0.25528E+02   0.34102E+00  -0.17391E+00
   0.12722E+03   0.29892E+02   0.25426E+02   0.34481E+00  -0.18758E+00
   0.12757E+03   0.29895E+02   0.25311E+02   0.35122E+00  -0.19561E+00
   0.12792E+03   0.29899E+02   0.25332E+02   0.35706E+00  -0.19991E+00
   0.12827E+03   0.29902E+02   0.25310E+02   0.35837E+00  -0.20960E+00
   0.12862E+03   0.29904E+02   0.25354E+02   0.36073E+00  -0.20958E+00
   0.12897E+03   0.29909E+02   0.25554E+02   0.36891E+00  -0.20802E+00
   0.12932E+03   0.29916E+02   0.25981E+02   0.37904E+00  -0.20120E+00
   0.12967E+03   0.29921E+02   0.26429E+02   0.38385E+00  -0.19129E+00
   0.13002E+03   0.29925E+02   0.26407E+02   0.38563E+00  -0.19349E+00
   0.13037E+03   0.29928E+02   0.26170E+02   0.38845E+00  -0.19591E+00
   0.13072E+03   0.29930E+02   0.26005E+02   0.39097E+00  -0.19366E+00
   0.13107E+03   0.29932E+02   0.25873E+02   0.38635E+00  -0.19354E+00
   0.13142E+03   0.29930E+02   0.25802E+02   0.37953E+00  -0.19255E+00
   0.13177E+03   0.29929E+02   0.26027E+02   0.38176E+00  -0.18369E+00
   0.13212E+03   0.29930E+02   0.26115E+02   0.38336E+00  -0.17993E+00
   0.13247E+03   0.29929E+02   0.25960E+02   0.38315E+00  -0.18695E+00
   0.13282E+03   0.29930E+02   0.25974E+02   0.38881E+00  -0.19064E+00
   0.13317E+03   0.29931E+02   0.26188E+02   0.39284E+00  -0.18264E+00
   0.13352E+03   0.29932E+02   0.26514E+02   0.39375E+00  -0.16734E+00
   0.13387E+03   0.29932E+02   0.26544E+02   0.38868E+00  -0.16248E+00
   0.13422E+03   0.29930E+02   0.26526E+02   0.38257E+00  -0.15896E+00
   0.13457E+03   0.29928E+02   0.26564E+02   0.38061E+00  -0.14606E+00
   0.13492E+03   0.29926E+02   0.26410E+02   0.37917E+00  -0.14487E+00
   0.13527E+03   0.29926E+02   0.26100E+02   0.37294E+00  -0.15461E+00
   0.13562E+03   0.29921E+02   0.25689E+02   0.36371E+00  -0.16503E+00
   0.13597E+03   0.29914E+02   0.25616E+02   0.35798E+00  -0.16612E+00
   0.13632E+03   0.29909E+02   0.25725E+02   0.35324E+00  -0.15872E+00
   0.13667E+03   0.29905E+02   0.25746E+02   0.35358E+00  -0.16326E+00
   0.13702E+03   0.29905E+02   0.25602E+02   0.36136E+00  -0.17825E+00
   0.13737E+03   0.29910E+02   0.25473E+02   0.36710E+00  -0.18417E+00
   0.13772E+03   0.29913E+02   0.25305E+02   0.36617E+00  -0.18977E+00
   0.13807E+03   0.29914E+02   0.25270E+02   0.36640E+00  -0.19405E+00
   0.13842E+03   0.29915E+02   0.25528E+02   0.37205E+00  -0.18587E+00
   0.13877E+03   0.29918E+02   0.25600E+02   0.37426E+00  -0.18519E+00
   0.13912E+03   0.29919E+02   0.25514E+02   0.37039E+00  -0.19658E+00
   0.13947E+03   0.29919E+02   0.25305E+02   0.37165E+00  -0.20603E+00
   0.13982E+03   0.29921E+02   0.25248E+02   0.38037E+00  -0.20535E+00
   0.14017E+03   0.29926E+02   0.25500E+02   0.38665E+00  -0.20202E+00
   0.14052E+03   0.29928E+02   0.25521E+02   0.38295E+00  -0.20962E+00
   0.14087E+03   0.29927E+02   0.25413E+02   0.37967E+00  -0.21267E+00
   0.14122E+03   0.29927E+02   0.25334E+02   0.38584E+00  -0.21179E+00
   0.14157E+03   0.29930E+02   0.25303E+02   0.39219E+00  -0.21553E+00
   0.14192E+03   0.29933E+02   0.25383E+02   0.39557E+00  -0.21559E+00
   0.14227E+03   0.29935E+02   0.25581E+02   0.40098E+00  -0.21383E+00
   0.14262E+03   0.29937E+02   0.25685E+02   0.40338E+00  -0.21008E+00
   0.14297E+03   0.29939E+02   0.25794E+02   0.40354E+00  -0.20686E+00
   0.14332E+03   0.29941E+02   0.25752E+02   0.40447E+00  -0.21136E+00
   0.14367E+03   0.29943E+02   0.25475E+02   0.40539E+00  -0.21400E+00
   0.14402E+03   0.29943E+02   0.25594E+02   0.41012E+00  -0.20622E+00
   0.14437E+03   0.29944E+02   0.25791E+02   0.40798E+00  -0.19864E+00
   0.14472E+03   0.29945E+02   0.25650E+02   0.40189E+00  -0.19886E+00
   0.14507E+03   0.29945E+02   0.25442E+02   0.40015E+00  -0.20026E+00
   0.14542E+03   0.29943E+02   0.25534E+02   0.40015E+00  -0.19445E+00
   0.14577E+03   0.29941E+02   0.25486E+02   0.40122E+00  -0.18870E+00
   0.14612E+03   0.29941E+02   0.25215E+02   0.39985E+00  -0.19571E+00
   0.14647E+03   0.29941E+02   0.25119E+02   0.39911E+00  -0.20599E+00
   0.14682E+03   0.29942E+02   0.25268E+02   0.39765E+00  -0.19675E+00
   0.14717E+03   0.29940E+02   0.25488E+02   0.39188E+00  -0.18347E+00
   0.14752E+03   0.29937E+02   0.25466E+02   0.39373E+00  -0.18647E+00
   0.14787E+03   0.29937E+02   0.25464E+02   0.40049E+00  -0.18752E+00
   0.14822E+03   0.29939E+02   0.25580E+02   0.39827E+00  -0.18391E+00
   0.14857E+03   0.29939E+02   0.25347E+02   0.39281E+00  -0.19112E+00
   0.14892E+03   0.29937E+02   0.25323E+02   0.39100E+00  -0.18698E+00
   0.14927E+03   0.29936E+02   0.25386E+02   0.38944E+00  -0.17979E+00
   0.14962E+03   0.29934E+02   0.25277E+02   0.38633E+00  -0.18544E+00
   0.14997E+03   0.29932E+02   0.25338E+02   0.38226E+00  -0.18872E+00
   0.15032E+03   0.29928E+02   0.25636E+02   0.38254E+00  -0.18120E+00
   0.15067E+03   0.29928E+02   0.25975E+02   0.39106E+00  -0.16879E+00
   0.15102E+03   0.29931E+02   0.26142E+02   0.39469E+00  -0.16821E+00
   0.15137E+03   0.29932E+02   0.26006E+02   0.38830E+00  -0.17460E+00
   0.15172E+03   0.29932E+02   0.25781E+02   0.37971E+00  -0.17426E+00
   0.15207E+03   0.29929E+02   0.25780E+02   0.37607E+00  -0.16906E+00
   0.15242E+03   0.29925E+02   0.25812E+02   0.37704E+00  -0.16210E+00
   0.15277E+03   0.29923E+02   0.25836E+02   0.37277E+00  -0.15921E+00
   0.15312E+03   0.29920E+02   0.25719E+02   0.36422E+00  -0.16907E+00
   0.15347E+03   0.29917E+02   0.25811E+02   0.36421E+00  -0.16950E+00
   0.15382E+03   0.29919E+02   0.25976E+02   0.36548E+00  -0.15830E+00
   0.15417E+03   0.29918E+02   0.25984E+02   0.36343E+00  -0.15808E+00
   0.15452E+03   0.29917E+02   0.25879E+02   0.36802E+00  -0.16495E+00
   0.15487E+03   0.29917E+02   0.25731E+02   0.36600E+00  -0.16760E+00
   0.15522E+03   0.29915E+02   0.25903E+02   0.35757E+00  -0.15975E+00
   0.15557E+03   0.29913E+02   0.25889E+02   0.35811E+00  -0.16036E+00
   0.15592E+03   0.29913E+02   0.25559E+02   0.36235E+00  -0.17276E+00
   0.15627E+03   0.29913E+02   0.25333E+02   0.36004E+00  -0.17743E+00
   0.15662E+03   0.29910E+02   0.25293E+02   0.35442E+00  -0.18484E+00
   0.15697E+03   0.29908E+02   0.25275E+02   0.35649E+00  -0.19122E+00
   0.15732E+03   0.29910E+02   0.25207E+02   0.36430E+00  -0.19133E+00
   0.15767E+03   0.29914E+02   0.25198E+02   0.36784E+00  -0.19965E+00
   0.15802E+03   0.29915E+02   0.25268E+02   0.36818E+00  -0.20521E+00
   0.15837E+03   0.29917E+02   0.25315E+02   0.37401E+00  -0.20273E+00
   0.15872E+03   0.29922E+02   0.25278E+02   0.37963E+00  -0.20784E+00
   0.15907E+03   0.29927E+02   0.25326E+02   0.38513E+00  -0.21257E+00
   0.15942E+03   0.29932E+02   0.25426E+02   0.38779E+00  -0.20745E+00
   0.15977E+03   0.29932E+02   0.25389E+02   0.38111E+00  -0.20674E+00
   0.16012E+03   0.29930E+02   0.25399E+02   0.38346E+00  -0.20670E+00
   0.16047E+03   0.29932E+02   0.25518E+02   0.39356E+00  -0.20543E+00
   0.16082E+03   0.29934E+02   0.25355E+02   0.39709E+00  -0.21315E+00
   0.16117E+03   0.29935E+02   0.25170E+02   0.39342E+00  -0.22162E+00
   0.16152E+03   0.29934E+02   0.25291E+02   0.39590E+00  -0.22042E+00
   0.16187E+03   0.29936E+02   0.25292E+02   0.40317E+00  -0.21530E+00
   0.16222E+03   0.29940E+02   0.25461E+02   0.40331E+00  -0.21367E+00
   0.16257E+03   0.29941E+02   0.25671E+02   0.40546E+00  -0.21436E+00
   0.16292E+03   0.29942E+02   0.25426E+02   0.40983E+00  -0.21794E+00
   0.16327E+03   0.29944E+02   0.25413E+02   0.41381E+00  -0.21323E+00
   0.16362E+03   0.29947E+02   0.25654E+02   0.41343E+00  -0.20577E+00
   0.16397E+03   0.29947E+02   0.25662E+02   0.40922E+00  -0.20275E+00
   0.16432E+03   0.29946E+02   0.25826E+02   0.40838E+00  -0.18819E+00
   0.16467E+03   0.29945E+02   0.26138E+02   0.40589E+00  -0.17336E+00
   0.16502E+03   0.29944E+02   0.26336E+02   0.40406E+00  -0.16677E+00
   0.16537E+03   0.29944E+02   0.26560E+02   0.40473E+00  -0.15726E+00
   0.16572E+03   0.29943E+02   0.26594E+02   0.39967E+00  -0.14859E+00
   0.16607E+03   0.29940E+02   0.26478E+02   0.39031E+00  -0.14174E+00
   0.16642E+03   0.29935E+02   0.26260E+02   0.37945E+00  -0.13943E+00
   0.16677E+03   0.29927E+02   0.26153E+02   0.36855E+00  -0.13796E+00
   0.16712E+03   0.29921E+02   0.26420E+02   0.36277E+00  -0.12315E+00
   0.16747E+03   0.29918E+02   0.26501E+02   0.35934E+00  -0.11954E+00
   0.16782E+03   0.29913E+02   0.26183E+02   0.35215E+00  -0.13492E+00
   0.16817E+03   0.29907E+02   0.25830E+02   0.34683E+00  -0.14575E+00
   0.16852E+03   0.29904E+02   0.25462E+02   0.34526E+00  -0.15610E+00
   0.16887E+03   0.29900E+02   0.25291E+02   0.34319E+00  -0.16089E+00
   0.16922E+03   0.29897E+02   0.25392E+02   0.34150E+00  -0.16003E+00
   0.16957E+03   0.29898E+02   0.25473E+02   0.34212E+00  -0.16423E+00
   0.16992E+03   0.29898E+02   0.25380E+02   0.34507E+00  -0.17160E+00
   0.17027E+03   0.29899E+02   0.25337E+02   0.34975E+00  -0.18072E+00
   0.17062E+03   0.29903E+02   0.25328E+02   0.35778E+00  -0.18766E+00
   0.17097E+03   0.29907E+02   0.25274E+02   0.36498E+00  -0.19132E+00
   0.17132E+03   0.29910E+02   0.25467E+02   0.36663E+00  -0.19493E+00
   0.17167E+03   0.29913E+02   0.25803E+02   0.36307E+00  -0.18965E+00
   0.17202E+03   0.29912E+02   0.25984E+02   0.36104E+00  -0.18097E+00
   0.17237E+03   0.29911E+02   0.25947E+02   0.36936E+00  -0.18428E+00
   0.17272E+03   0.29915E+02   0.26159E+02   0.37750E+00  -0.18155E+00
   0.17307E+03   0.29919E+02   0.26407E+02   0.37813E+00  -0.17554E+00
   0.17342E+03   0.29920E+02   0.26402E+02   0.37527E+00  -0.18009E+00
   0.17377E+03   0.29921E+02   0.26325E+02   0.37416E+00  -0.17702E+00
   0.17412E+03   0.29919E+02   0.26158E+02   0.36953E+00  -0.17310E+00
   0.17447E+03   0.29916E+02   0.26038E+02   0.36733E+00  -0.17761E+00
   0.17482E+03   0.29917E+02   0.26058E+02   0.37128E+00  -0.17802E+00
   0.17517E+03   0.29918E+02   0.26046E+02   0.36985E+00  -0.17955E+00
   0.17552E+03   0.29918E+02   0.25918E+02   0.37123E+00  -0.18242E+00
   0.17587E+03   0.29919E+02   0.25717E+02   0.37179E+00  -0.18373E+00
   0.17622E+03   0.29920E+02   0.25527E+02   0.36957E+00  -0.18681E+00
   0.17657E+03   0.29920E+02   0.25474E+02   0.37128E+00  -0.19089E+00
   0.17692E+03   0.29921E+02   0.25609E+02   0.37860E+00  -0.19089E+00
   0.17727E+03   0.29924E+02   0.25878E+02   0.38302E+00  -0.18600E+00
   0.17762E+03   0.29926E+02   0.25874E+02   0.38364E+00  -0.18978E+00
   0.17797E+03   0.29928E+02   0.25706E+02   0.38447E+00  -0.19614E+00
   0.17832E+03   0.29929E+02   0.25888E+02   0.38485E+00  -0.18637E+00
   0.17867E+03   0.29928E+02   0.26047E+02   0.38837E+00  -0.17617E+00
   0.17902E+03   0.29930E+02   0.25771E+02   0.38678E+00  -0.18603E+00
   0.17937E+03   0.29929E+02   0.25503E+02   0.38275E+00  -0.19497E+00
   0.17972E+03   0.29928E+02   0.25681E+02   0.38303E+00  -0.18661E+00
   0.18007E+03   0.29929E+02   0.25771E+02   0.37945E+00  -0.18406E+00
   0.18042E+03   0.29928E+02   0.25647E+02   0.37828E+00  -0.18888E+00
   0.18077E+03   0.29928E+02   0.25751E+02   0.38314E+00  -0.18935E+00
   0.18112E+03   0.29928E+02   0.25675E+02   0.38327E+00  -0.19013E+00
   0.18147E+03   0.29929E+02   0.25752E+02   0.38168E+00  -0.18455E+00
   0.18182E+03   0.29929E+02   0.25858E+02   0.38326E+00  -0.18467E+00
   0.18217E+03   0.29930E+02   0.25612E+02   0.38592E+00  -0.19095E+00
   0.18252E+03   0.29931E+02   0.25515E+02   0.38321E+00  -0.18603E+00
   0.18287E+03   0.29929E+02   0.25539E+02   0.37829E+00  -0.18668E+00
   0.18322E+03   0.29927E+02   0.25533E+02   0.37773E+00  -0.18667E+00
   0.18357E+03   0.29927E+02   0.25544E+02   0.38222E+00  -0.18087E+00
   0.18392E+03   0.29928E+02   0.25588E+02   0.38517E+00  -0.18683E+00
   0.18427E+03   0.29928E+02   0.25710E+02   0.38282E+00  -0.18545E+00
   0.18462E+03   0.29926E+02   0.25848E+02   0.38158E+00  -0.17776E+00
   0.18497E+03   0.29927E+02   0.25598E+02   0.38563E+00  -0.18646E+00
   0.18532E+03   0.29929E+02   0.25110E+02   0.38830E+00  -0.20343E+00
   0.18567E+03   0.29929E+02   0.25189E+02   0.38293E+00  -0.20358E+00
   0.18602E+03   0.29928E+02   0.25457E+02   0.37926E+00  -0.19422E+00
   0.18637E+03   0.29928E+02   0.25388E+02   0.38349E+00  -0.19446E+00
   0.18672E+03   0.29928E+02   0.25273E+02   0.38629E+00  -0.20115E+00
   0.18707E+03   0.29929E+02   0.25053E+02   0.38582E+00  -0.21078E+00
   0.18742E+03   0.29931E+02   0.24773E+02   0.38654E+00  -0.21883E+00
   0.18777E+03   0.29933E+02   0.24813E+02   0.38918E+00  -0.22149E+00
   0.18812E+03   0.29935E+02   0.24829E+02   0.39515E+00  -0.22174E+00
   0.18847E+03   0.29938E+02   0.24781E+02   0.39475E+00  -0.22342E+00
   0.18882E+03   0.29938E+02   0.25047E+02   0.39438E+00  -0.22305E+00
   0.18917E+03   0.29938E+02   0.25438E+02   0.39999E+00  -0.21386E+00
   0.18952E+03   0.29940E+02   0.25835E+02   0.41082E+00  -0.19984E+00
   0.18987E+03   0.29944E+02   0.25919E+02   0.42080E+00  -0.20035E+00
   0.19022E+03   0.29947E+02   0.25973E+02   0.41751E+00  -0.20207E+00
   0.19057E+03   0.29946E+02   0.26304E+02   0.40962E+00  -0.18202E+00
   0.19092E+03   0.29945E+02   0.26485E+02   0.40531E+00  -0.16491E+00
   0.19127E+03   0.29945E+02   0.26539E+02   0.40120E+00  -0.15701E+00
   0.19162E+03   0.29942E+02   0.26632E+02   0.39322E+00  -0.14595E+00
   0.19197E+03   0.29937E+02   0.26647E+02   0.38552E+00  -0.13859E+00
   0.19232E+03   0.29933E+02   0.26705E+02   0.37690E+00  -0.12727E+00
   0.19267E+03   0.29928E+02   0.26682E+02   0.37179E+00  -0.12554E+00
   0.19302E+03   0.29924E+02   0.26500E+02   0.36636E+00  -0.13193E+00
   0.19337E+03   0.29918E+02   0.26236E+02   0.35537E+00  -0.13444E+00
   0.19372E+03   0.29909E+02   0.26140E+02   0.34858E+00  -0.13726E+00
   0.19407E+03   0.29902E+02   0.26290E+02   0.34772E+00  -0.13343E+00
   0.19442E+03   0.29898E+02   0.26341E+02   0.35025E+00  -0.13313E+00
   0.19477E+03   0.29898E+02   0.26186E+02   0.35498E+00  -0.14448E+00
   0.19512E+03   0.29900E+02   0.25926E+02   0.35133E+00  -0.15793E+00
   0.19547E+03   0.29897E+02   0.25892E+02   0.34259E+00  -0.15546E+00
   0.19582E+03   0.29896E+02   0.26097E+02   0.34735E+00  -0.14229E+00
   0.19617E+03   0.29899E+02   0.26236E+02   0.35003E+00  -0.14050E+00
   0.19652E+03   0.29899E+02   0.25999E+02   0.34339E+00  -0.15300E+00
   0.19687E+03   0.29897E+02   0.25555E+02   0.33937E+00  -0.17306E+00
   0.19722E+03   0.29896E+02   0.25223E+02   0.34090E+00  -0.18604E+00
   0.19757E+03   0.29894E+02   0.25074E+02   0.34423E+00  -0.19048E+00
   0.19792E+03   0.29895E+02   0.25072E+02   0.34910E+00  -0.20199E+00
   0.19827E+03   0.29897E+02   0.25265E+02   0.35125E+00  -0.20899E+00
   0.19862E+03   0.29899E+02   0.25586E+02   0.35419E+00  -0.20454E+00
   0.19897E+03   0.29905E+02   0.25524E+02   0.36501E+00  -0.21024E+00
   0.19932E+03   0.29912E+02   0.25194E+02   0.37919E+00  -0.22693E+00
   0.19967E+03   0.29921E+02   0.25171E+02   0.39216E+00  -0.23375E+00
   0.20002E+03   0.29927E+02   0.25315E+02   0.39291E+00  -0.23400E+00
   0.20037E+03   0.29929E+02   0.25459E+02   0.39110E+00  -0.23100E+00
   0.20072E+03   0.29931E+02   0.25533E+02   0.39642E+00  -0.22765E+00
   0.20107E+03   0.29934E+02   0.25658E+02   0.40444E+00  -0.23144E+00
   0.20142E+03   0.29938E+02   0.25957E+02   0.41138E+00  -0.22775E+00
   0.20177E+03   0.29941E+02   0.25983E+02   0.41870E+00  -0.22528E+00
   0.20212E+03   0.29946E+02   0.26231E+02   0.42388E+00  -0.21877E+00
   0.20247E+03   0.29949E+02   0.26780E+02   0.42593E+00  -0.19805E+00
   0.20282E+03   0.29951E+02   0.26734E+02   0.42283E+00  -0.19033E+00
   0.20317E+03   0.29950E+02   0.26462E+02   0.41354E+00  -0.18578E+00
   0.20352E+03   0.29947E+02   0.26347E+02   0.41138E+00  -0.17573E+00
   0.20387E+03   0.29946E+02   0.26222E+02   0.41191E+00  -0.17111E+00
   0.20422E+03   0.29945E+02   0.26026E+02   0.40511E+00  -0.16863E+00
   0.20457E+03   0.29943E+02   0.25793E+02   0.39007E+00  -0.17057E+00
   0.20492E+03   0.29938E+02   0.25753E+02   0.37900E+00  -0.16319E+00
   0.20527E+03   0.29933E+02   0.25663E+02   0.37770E+00  -0.15482E+00
   0.20562E+03   0.29932E+02   0.25477E+02   0.37834E+00  -0.16462E+00
   0.20597E+03   0.29931E+02   0.25664E+02   0.37673E+00  -0.16682E+00
   0.20632E+03   0.29928E+02   0.25935E+02   0.37829E+00  -0.15639E+00
   0.20667E+03   0.29927E+02   0.26203E+02   0.38080E+00  -0.14346E+00
   0.20702E+03   0.29925E+02   0.26605E+02   0.37542E+00  -0.13002E+00
   0.20737E+03   0.29922E+02   0.26485E+02   0.37246E+00  -0.13536E+00
   0.20772E+03   0.29922E+02   0.26272E+02   0.37058E+00  -0.14130E+00
   0.20807E+03   0.29918E+02   0.26339E+02   0.36249E+00  -0.13310E+00
   0.20842E+03   0.29913E+02   0.26389E+02   0.35387E+00  -0.12944E+00
   0.20877E+03   0.29908E+02   0.26309E+02   0.34796E+00  -0.13191E+00
   0.20912E+03   0.29901E+02   0.26197E+02   0.33998E+00  -0.13661E+00
   0.20947E+03   0.29893E+02   0.26250E+02   0.33373E+00  -0.13959E+00
   0.20982E+03   0.29889E+02   0.26020E+02   0.33382E+00  -0.14679E+00
   0.21017E+03   0.29889E+02   0.25787E+02   0.33893E+00  -0.15943E+00
   0.21052E+03   0.29890E+02   0.25888E+02   0.34358E+00  -0.16210E+00
   0.21087E+03   0.29891E+02   0.25790E+02   0.34041E+00  -0.16504E+00
   0.21122E+03   0.29888E+02   0.25573E+02   0.33486E+00  -0.17072E+00
   0.21157E+03   0.29887E+02   0.25579E+02   0.34127E+00  -0.17498E+00
   0.21192E+03   0.29893E+02   0.25549E+02   0.35210E+00  -0.18279E+00
   0.21227E+03   0.29898E+02   0.25319E+02   0.35375E+00  -0.19512E+00
   0.21262E+03   0.29902E+02   0.25046E+02   0.35504E+00  -0.21393E+00
   0.21297E+03   0.29905E+02   0.25046E+02   0.35847E+00  -0.21561E+00
   0.21332E+03   0.29908E+02   0.25127E+02   0.36317E+00  -0.21128E+00
   0.21367E+03   0.29913E+02   0.24991E+02   0.36984E+00  -0.22653E+00
   0.21402E+03   0.29917E+02   0.24924E+02   0.37612E+00  -0.23859E+00
   0.21437E+03   0.29921E+02   0.25150E+02   0.38636E+00  -0.23545E+00
   0.21472E+03   0.29927E+02   0.25317E+02   0.40132E+00  -0.23945E+00
   0.21507E+03   0.29935E+02   0.25084E+02   0.40931E+00  -0.25521E+00
   0.21542E+03   0.29939E+02   0.25076E+02   0.40872E+00  -0.26040E+00
   0.21577E+03   0.29941E+02   0.25406E+02   0.41530E+00  -0.24929E+00
   0.21612E+03   0.29946E+02   0.25579E+02   0.42383E+00  -0.23878E+00
   0.21647E+03   0.29950E+02   0.25958E+02   0.42505E+00  -0.23162E+00
   0.21682E+03   0.29952E+02   0.26070E+02   0.43021E+00  -0.23007E+00
   0.21717E+03   0.29954E+02   0.25877E+02   0.43742E+00  -0.22667E+00
   0.21752E+03   0.29956E+02   0.25772E+02   0.43670E+00  -0.21749E+00
   0.21787E+03   0.29955E+02   0.25836E+02   0.43029E+00  -0.21631E+00
   0.21822E+03   0.29955E+02   0.26271E+02   0.43026E+00  -0.20060E+00
   0.21857E+03   0.29955E+02   0.26436E+02   0.43000E+00  -0.17747E+00
   0.21892E+03   0.29954E+02   0.26367E+02   0.41945E+00  -0.17342E+00
   0.21927E+03   0.29953E+02   0.26342E+02   0.41092E+00  -0.16705E+00
   0.21962E+03   0.29950E+02   0.26425E+02   0.41215E+00  -0.14979E+00
   0.21997E+03   0.29948E+02   0.26484E+02   0.41150E+00  -0.13752E+00
   0.22032E+03   0.29945E+02   0.26418E+02   0.39590E+00  -0.13789E+00
   0.22067E+03   0.29937E+02   0.26494E+02   0.38127E+00  -0.13182E+00
   0.22102E+03   0.29929E+02   0.26499E+02   0.37529E+00  -0.11860E+00
   0.22137E+03   0.29925E+02   0.26525E+02   0.36839E+00  -0.11424E+00
   0.22172E+03   0.29921E+02   0.26623E+02   0.36091E+00  -0.11300E+00
   0.22207E+03   0.29918E+02   0.26385E+02   0.35470E+00  -0.12064E+00
   0.22242E+03   0.29914E+02   0.26197E+02   0.34802E+00  -0.12229E+00
   0.22277E+03   0.29906E+02   0.26257E+02   0.33904E+00  -0.11567E+00
   0.22312E+03   0.29895E+02   0.26246E+02   0.33427E+00  -0.12153E+00
   0.22347E+03   0.29890E+02   0.26260E+02   0.33686E+00  -0.12448E+00
   0.22382E+03   0.29889E+02   0.26343E+02   0.33427E+00  -0.12442E+00
   0.22417E+03   0.29883E+02   0.26275E+02   0.33059E+00  -0.13428E+00
   0.22452E+03   0.29879E+02   0.26159E+02   0.33286E+00  -0.13786E+00
   0.22487E+03   0.29880E+02   0.26064E+02   0.33525E+00  -0.14217E+00
   0.22522E+03   0.29883E+02   0.25743E+02   0.33376E+00  -0.15881E+00
   0.22557E+03   0.29881E+02   0.25655E+02   0.32780E+00  -0.16507E+00
   0.22592E+03   0.29878E+02   0.25845E+02   0.32692E+00  -0.16138E+00
   0.22627E+03   0.29878E+02   0.25750E+02   0.33324E+00  -0.16743E+00
   0.22662E+03   0.29882E+02   0.25597E+02   0.34106E+00  -0.18296E+00
   0.22697E+03   0.29886E+02   0.25495E+02   0.34356E+00  -0.19623E+00
   0.22732E+03   0.29889E+02   0.25572E+02   0.34540E+00  -0.19368E+00
   0.22767E+03   0.29894E+02   0.25686E+02   0.35370E+00  -0.19074E+00
   0.22802E+03   0.29900E+02   0.25392E+02   0.36024E+00  -0.20738E+00
   0.22837E+03   0.29906E+02   0.25111E+02   0.36134E+00  -0.21989E+00
   0.22872E+03   0.29909E+02   0.25179E+02   0.36506E+00  -0.22313E+00
   0.22907E+03   0.29913E+02   0.25312E+02   0.37318E+00  -0.22397E+00
   0.22942E+03   0.29918E+02   0.25466E+02   0.38294E+00  -0.22122E+00
   0.22977E+03   0.29924E+02   0.25448E+02   0.39217E+00  -0.23178E+00
   0.23012E+03   0.29930E+02   0.25252E+02   0.39494E+00  -0.24140E+00
   0.23047E+03   0.29934E+02   0.25303E+02   0.39710E+00  -0.23854E+00
   0.23082E+03   0.29937E+02   0.25295E+02   0.40657E+00  -0.23925E+00
   0.23117E+03   0.29942E+02   0.25577E+02   0.41700E+00  -0.23328E+00
   0.23152E+03   0.29946E+02   0.25835E+02   0.42179E+00  -0.22843E+00
   0.23187E+03   0.29948E+02   0.25448E+02   0.42059E+00  -0.23867E+00
   0.23222E+03   0.29949E+02   0.25227E+02   0.41856E+00  -0.24190E+00
   0.23257E+03   0.29950E+02   0.25499E+02   0.42657E+00  -0.22863E+00
   0.23292E+03   0.29952E+02   0.26018E+02   0.43789E+00  -0.21172E+00
   0.23327E+03   0.29955E+02   0.26308E+02   0.43325E+00  -0.20358E+00
   0.23362E+03   0.29955E+02   0.26361E+02   0.42260E+00  -0.19732E+00
   0.23397E+03   0.29954E+02   0.26254E+02   0.42176E+00  -0.18347E+00
   0.23432E+03   0.29952E+02   0.26135E+02   0.42104E+00  -0.16961E+00
   0.23467E+03   0.29950E+02   0.26183E+02   0.41864E+00  -0.16241E+00
   0.23502E+03   0.29948E+02   0.26111E+02   0.41363E+00  -0.16603E+00
   0.23537E+03   0.29947E+02   0.26404E+02   0.39866E+00  -0.15360E+00
   0.23572E+03   0.29940E+02   0.26832E+02   0.38468E+00  -0.12563E+00
   0.23607E+03   0.29933E+02   0.26933E+02   0.38292E+00  -0.11631E+00
   0.23642E+03   0.29932E+02   0.26789E+02   0.38021E+00  -0.11878E+00
   0.23677E+03   0.29929E+02   0.26347E+02   0.37116E+00  -0.12888E+00
   0.23712E+03   0.29922E+02   0.26008E+02   0.36203E+00  -0.13725E+00
   0.23747E+03   0.29914E+02   0.25890E+02   0.34882E+00  -0.13035E+00
   0.23782E+03   0.29905E+02   0.25981E+02   0.34225E+00  -0.12223E+00
   0.23817E+03   0.29900E+02   0.26011E+02   0.33986E+00  -0.12917E+00
   0.23852E+03   0.29895E+02   0.25805E+02   0.33310E+00  -0.14093E+00
   0.23887E+03   0.29890E+02   0.25701E+02   0.33347E+00  -0.14465E+00
   0.23922E+03   0.29891E+02   0.25804E+02   0.34394E+00  -0.14880E+00
   0.23957E+03   0.29897E+02   0.25952E+02   0.35280E+00  -0.14820E+00
   0.23992E+03   0.29901E+02   0.25844E+02   0.34579E+00  -0.15363E+00
   0.24027E+03   0.29896E+02   0.25855E+02   0.33358E+00  -0.16086E+00
   0.24062E+03   0.29889E+02   0.26143E+02   0.33526E+00  -0.14642E+00
   0.24097E+03   0.29889E+02   0.26169E+02   0.34495E+00  -0.14273E+00
   0.24132E+03   0.29893E+02   0.25740E+02   0.34904E+00  -0.17172E+00
   0.24167E+03   0.29896E+02   0.25333E+02   0.34407E+00  -0.19452E+00
   0.24202E+03   0.29893E+02   0.25336E+02   0.33913E+00  -0.18926E+00
   0.24237E+03   0.29888E+02   0.25355E+02   0.34013E+00  -0.18734E+00
   0.24272E+03   0.29890E+02   0.25170E+02   0.34865E+00  -0.20377E+00
   0.24307E+03   0.29895E+02   0.25079E+02   0.35657E+00  -0.22111E+00
   0.24342E+03   0.29901E+02   0.25024E+02   0.36422E+00  -0.23261E+00
   0.24377E+03   0.29910E+02   0.24863E+02   0.37251E+00  -0.23943E+00
   0.24412E+03   0.29917E+02   0.24934E+02   0.38126E+00  -0.24231E+00
   0.24447E+03   0.29923E+02   0.25055E+02   0.39485E+00  -0.24555E+00
   0.24482E+03   0.29930E+02   0.25005E+02   0.40261E+00  -0.25004E+00
   0.24517E+03   0.29935E+02   0.25013E+02   0.40162E+00  -0.25598E+00
   0.24552E+03   0.29939E+02   0.25069E+02   0.40826E+00  -0.26150E+00
   0.24587E+03   0.29944E+02   0.25327E+02   0.42921E+00  -0.25541E+00
   0.24622E+03   0.29950E+02   0.25562E+02   0.43885E+00  -0.24870E+00
   0.24657E+03   0.29954E+02   0.25668E+02   0.43500E+00  -0.25413E+00
   0.24692E+03   0.29956E+02   0.25963E+02   0.43481E+00  -0.24522E+00
   0.24727E+03   0.29957E+02   0.26398E+02   0.44227E+00  -0.21828E+00
   0.24762E+03   0.29959E+02   0.27014E+02   0.45083E+00  -0.19604E+00
   0.24797E+03   0.29961E+02   0.27449E+02   0.44830E+00  -0.18134E+00
   0.24832E+03   0.29961E+02   0.27455E+02   0.43783E+00  -0.16733E+00
   0.24867E+03   0.29959E+02   0.27503E+02   0.42945E+00  -0.14222E+00
   0.24902E+03   0.29956E+02   0.27714E+02   0.41974E+00  -0.11451E+00
   0.24937E+03   0.29951E+02   0.27578E+02   0.40493E+00  -0.10644E+00
   0.24972E+03   0.29945E+02   0.27451E+02   0.38874E+00  -0.10191E+00
   0.25007E+03   0.29938E+02   0.27361E+02   0.37346E+00  -0.94413E-01
   0.25042E+03   0.29925E+02   0.27154E+02   0.35621E+00  -0.89396E-01
   0.25077E+03   0.29912E+02   0.26917E+02   0.34573E+00  -0.91397E-01
   0.25112E+03   0.29908E+02   0.26403E+02   0.34184E+00  -0.11388E+00
   0.25147E+03   0.29898E+02   0.26116E+02   0.33122E+00  -0.12357E+00
   0.25182E+03   0.29885E+02   0.26047E+02   0.32575E+00  -0.11907E+00
   0.25217E+03   0.29880E+02   0.25891E+02   0.32742E+00  -0.13062E+00
   0.25252E+03   0.29883E+02   0.25602E+02   0.33296E+00  -0.14598E+00
   0.25287E+03   0.29885E+02   0.25295E+02   0.33537E+00  -0.16620E+00
   0.25322E+03   0.29886E+02   0.25188E+02   0.33587E+00  -0.17515E+00
   0.25357E+03   0.29887E+02   0.25294E+02   0.33674E+00  -0.16903E+00
   0.25392E+03   0.29889E+02   0.25452E+02   0.34477E+00  -0.17391E+00
   0.25427E+03   0.29896E+02   0.25507E+02   0.35231E+00  -0.18332E+00
   0.25462E+03   0.29897E+02   0.25710E+02   0.34850E+00  -0.18304E+00
   0.25497E+03   0.29897E+02   0.25704E+02   0.35085E+00  -0.18661E+00
   0.25532E+03   0.29900E+02   0.25616E+02   0.35940E+00  -0.19545E+00
   0.25567E+03   0.29905E+02   0.25579E+02   0.36665E+00  -0.19970E+00
   0.25602E+03   0.29908E+02   0.25330E+02   0.36438E+00  -0.21371E+00
   0.25637E+03   0.29909E+02   0.25179E+02   0.35958E+00  -0.22381E+00
   0.25672E+03   0.29910E+02   0.25335E+02   0.36312E+00  -0.21958E+00
   0.25707E+03   0.29914E+02   0.25611E+02   0.37594E+00  -0.21491E+00
   0.25742E+03   0.29921E+02   0.25684E+02   0.38536E+00  -0.21870E+00
   0.25777E+03   0.29925E+02   0.25864E+02   0.38965E+00  -0.22109E+00
   0.25812E+03   0.29930E+02   0.26294E+02   0.39670E+00  -0.21015E+00
   0.25847E+03   0.29935E+02   0.26716E+02   0.40393E+00  -0.19359E+00
   0.25882E+03   0.29939E+02   0.26942E+02   0.40734E+00  -0.18111E+00
   0.25917E+03   0.29941E+02   0.26880E+02   0.40468E+00  -0.17666E+00
   0.25952E+03   0.29941E+02   0.26646E+02   0.39874E+00  -0.17044E+00
   0.25987E+03   0.29940E+02   0.26425E+02   0.39106E+00  -0.16301E+00
   0.26022E+03   0.29936E+02   0.26330E+02   0.38546E+00  -0.15777E+00
   0.26057E+03   0.29931E+02   0.26282E+02   0.38326E+00  -0.15282E+00
   0.26092E+03   0.29927E+02   0.26277E+02   0.37690E+00  -0.15171E+00
   0.26127E+03   0.29922E+02   0.26357E+02   0.37092E+00  -0.15237E+00
   0.26162E+03   0.29921E+02   0.26330E+02   0.36882E+00  -0.14966E+00
   0.26197E+03   0.29919E+02   0.26141E+02   0.36739E+00  -0.14981E+00
   0.26232E+03   0.29918E+02   0.26083E+02   0.36986E+00  -0.15057E+00
   0.26267E+03   0.29919E+02   0.26285E+02   0.36520E+00  -0.14023E+00
   0.26302E+03   0.29915E+02   0.26433E+02   0.35648E+00  -0.13192E+00
   0.26337E+03   0.29909E+02   0.26308E+02   0.35481E+00  -0.13724E+00
   0.26372E+03   0.29907E+02   0.26143E+02   0.35521E+00  -0.14268E+00
   0.26407E+03   0.29906E+02   0.25922E+02   0.35043E+00  -0.14785E+00
   0.26442E+03   0.29903E+02   0.25627E+02   0.34223E+00  -0.16057E+00
   0.26477E+03   0.29899E+02   0.25319E+02   0.33992E+00  -0.17315E+00
   0.26512E+03   0.29897E+02   0.25254E+02   0.34174E+00  -0.17478E+00
   0.26547E+03   0.29896E+02   0.25522E+02   0.34249E+00  -0.17260E+00
   0.26582E+03   0.29896E+02   0.25509E+02   0.34683E+00  -0.18420E+00
   0.26617E+03   0.29899E+02   0.25328E+02   0.35636E+00  -0.19393E+00
   0.26652E+03   0.29905E+02   0.25294E+02   0.36232E+00  -0.19859E+00
   0.26687E+03   0.29910E+02   0.25350E+02   0.36769E+00  -0.20221E+00
   0.26722E+03   0.29915E+02   0.25247E+02   0.36963E+00  -0.20481E+00
   0.26757E+03   0.29917E+02   0.25019E+02   0.36781E+00  -0.21624E+00
   0.26792E+03   0.29919E+02   0.24904E+02   0.37219E+00  -0.22334E+00
   0.26827E+03   0.29922E+02   0.24826E+02   0.37649E+00  -0.22978E+00
   0.26862E+03   0.29924E+02   0.24847E+02   0.38090E+00  -0.23863E+00
   0.26897E+03   0.29927E+02   0.25219E+02   0.39104E+00  -0.23328E+00
   0.26932E+03   0.29931E+02   0.25554E+02   0.40206E+00  -0.22951E+00
   0.26967E+03   0.29936E+02   0.25601E+02   0.40793E+00  -0.23418E+00
   0.27002E+03   0.29940E+02   0.25599E+02   0.41332E+00  -0.23730E+00
   0.27037E+03   0.29945E+02   0.25172E+02   0.41884E+00  -0.25025E+00
   0.27072E+03   0.29949E+02   0.25132E+02   0.42284E+00  -0.24927E+00
   0.27107E+03   0.29951E+02   0.25546E+02   0.42415E+00  -0.23140E+00
   0.27142E+03   0.29950E+02   0.25571E+02   0.42153E+00  -0.22790E+00
   0.27177E+03   0.29951E+02   0.25860E+02   0.42533E+00  -0.22072E+00
   0.27212E+03   0.29952E+02   0.26329E+02   0.43129E+00  -0.20925E+00
   0.27247E+03   0.29954E+02   0.26339E+02   0.43336E+00  -0.20474E+00
   0.27282E+03   0.29955E+02   0.26333E+02   0.43220E+00  -0.19322E+00
   0.27317E+03   0.29954E+02   0.26549E+02   0.42976E+00  -0.17892E+00
   0.27352E+03   0.29954E+02   0.26668E+02   0.42304E+00  -0.16111E+00
   0.27387E+03   0.29951E+02   0.26495E+02   0.40662E+00  -0.15111E+00
   0.27422E+03   0.29945E+02   0.26245E+02   0.39867E+00  -0.15383E+00
   0.27457E+03   0.29943E+02   0.26222E+02   0.39432E+00  -0.14453E+00
   0.27492E+03   0.29938E+02   0.26410E+02   0.38516E+00  -0.12701E+00
   0.27527E+03   0.29933E+02   0.26581E+02   0.37891E+00  -0.12474E+00
   0.27562E+03   0.29928E+02   0.26588E+02   0.36989E+00  -0.12484E+00
   0.27597E+03   0.29922E+02   0.26497E+02   0.36323E+00  -0.11844E+00
   0.27632E+03   0.29915E+02   0.26395E+02   0.35824E+00  -0.12217E+00
   0.27667E+03   0.29909E+02   0.26439E+02   0.35466E+00  -0.11932E+00
   0.27702E+03   0.29905E+02   0.26549E+02   0.35082E+00  -0.11031E+00
   0.27737E+03   0.29902E+02   0.26412E+02   0.34559E+00  -0.12001E+00
   0.27772E+03   0.29898E+02   0.26109E+02   0.33598E+00  -0.13194E+00
   0.27807E+03   0.29887E+02   0.26119E+02   0.32881E+00  -0.12618E+00
   0.27842E+03   0.29882E+02   0.25998E+02   0.33088E+00  -0.13159E+00
   0.27877E+03   0.29883E+02   0.25620E+02   0.33142E+00  -0.15230E+00
   0.27912E+03   0.29883E+02   0.25476E+02   0.32938E+00  -0.16298E+00
   0.27947E+03   0.29878E+02   0.25377E+02   0.32631E+00  -0.17078E+00
   0.27982E+03   0.29875E+02   0.25349E+02   0.33188E+00  -0.17472E+00
   0.28017E+03   0.29881E+02   0.25248E+02   0.34307E+00  -0.18728E+00
   0.28052E+03   0.29889E+02   0.25019E+02   0.34777E+00  -0.21107E+00
   0.28087E+03   0.29893E+02   0.24948E+02   0.35127E+00  -0.21768E+00
   0.28122E+03   0.29897E+02   0.24882E+02   0.36032E+00  -0.22430E+00
   0.28157E+03   0.29904E+02   0.24789E+02   0.37044E+00  -0.23898E+00
   0.28192E+03   0.29912E+02   0.24890E+02   0.37739E+00  -0.24426E+00
   0.28227E+03   0.29918E+02   0.24981E+02   0.38345E+00  -0.25011E+00
   0.28262E+03   0.29924E+02   0.24954E+02   0.39237E+00  -0.25465E+00
   0.28297E+03   0.29930E+02   0.24879E+02   0.40091E+00  -0.26103E+00
   0.28332E+03   0.29937E+02   0.24588E+02   0.41326E+00  -0.27947E+00
   0.28367E+03   0.29943E+02   0.24451E+02   0.42479E+00  -0.29029E+00
   0.28402E+03   0.29948E+02   0.24880E+02   0.42896E+00  -0.28372E+00
   0.28437E+03   0.29951E+02   0.25079E+02   0.43517E+00  -0.27919E+00
   0.28472E+03   0.29955E+02   0.25261E+02   0.44759E+00  -0.27759E+00
   0.28507E+03   0.29960E+02   0.25661E+02   0.45863E+00  -0.26750E+00
   0.28542E+03   0.29963E+02   0.26092E+02   0.46607E+00  -0.25057E+00
   0.28577E+03   0.29966E+02   0.26524E+02   0.47187E+00  -0.23476E+00
   0.28612E+03   0.29968E+02   0.26869E+02   0.47736E+00  -0.21906E+00
   0.28647E+03   0.29969E+02   0.27382E+02   0.47483E+00  -0.19237E+00
   0.28682E+03   0.29969E+02   0.27314E+02   0.45844E+00  -0.17490E+00
   0.28717E+03   0.29966E+02   0.26932E+02   0.44762E+00  -0.16666E+00
   0.28752E+03   0.29963E+02   0.26809E+02   0.43700E+00  -0.14838E+00
   0.28787E+03   0.29959E+02   0.26764E+02   0.42317E+00  -0.13423E+00
   0.28822E+03   0.29954E+02   0.26745E+02   0.41057E+00  -0.12510E+00
   0.28857E+03   0.29947E+02   0.26777E+02   0.39416E+00  -0.11534E+00
   0.28892E+03   0.29939E+02   0.26983E+02   0.38120E+00  -0.10107E+00
   0.28927E+03   0.29932E+02   0.27107E+02   0.37491E+00  -0.88099E-01
   0.28962E+03   0.29926E+02   0.26959E+02   0.36945E+00  -0.93518E-01
   0.28997E+03   0.29919E+02   0.26757E+02   0.35821E+00  -0.99730E-01
   0.29032E+03   0.29909E+02   0.26588E+02   0.34977E+00  -0.98533E-01
   0.29067E+03   0.29901E+02   0.26503E+02   0.34046E+00  -0.10017E+00
   0.29102E+03   0.29895E+02   0.26393E+02   0.32950E+00  -0.10058E+00
   0.29137E+03   0.29889E+02   0.26145E+02   0.32107E+00  -0.11275E+00
   0.29172E+03   0.29878E+02   0.25681E+02   0.31713E+00  -0.13747E+00
   0.29207E+03   0.29873E+02   0.25285E+02   0.32049E+00  -0.15021E+00
   0.29242E+03   0.29872E+02   0.25304E+02   0.32102E+00  -0.15664E+00
   0.29277E+03   0.29873E+02   0.25383E+02   0.32628E+00  -0.16731E+00
   0.29312E+03   0.29876E+02   0.25376E+02   0.33359E+00  -0.17444E+00
   0.29347E+03   0.29879E+02   0.25367E+02   0.33594E+00  -0.18095E+00
   0.29382E+03   0.29882E+02   0.25182E+02   0.33849E+00  -0.19437E+00
   0.29417E+03   0.29887E+02   0.25079E+02   0.35027E+00  -0.20372E+00
   0.29452E+03   0.29896E+02   0.25394E+02   0.36220E+00  -0.20166E+00
   0.29487E+03   0.29904E+02   0.25546E+02   0.35919E+00  -0.20373E+00
   0.29522E+03   0.29906E+02   0.25204E+02   0.35587E+00  -0.21604E+00
   0.29557E+03   0.29907E+02   0.24946E+02   0.36033E+00  -0.22806E+00
   0.29592E+03   0.29911E+02   0.25156E+02   0.36955E+00  -0.22757E+00
   0.29627E+03   0.29918E+02   0.25353E+02   0.37945E+00  -0.22773E+00
   0.29662E+03   0.29924E+02   0.25406E+02   0.38781E+00  -0.24029E+00
   0.29697E+03   0.29929E+02   0.25698E+02   0.39443E+00  -0.23631E+00
   0.29732E+03   0.29933E+02   0.25860E+02   0.39938E+00  -0.22524E+00
   0.29767E+03   0.29937E+02   0.25832E+02   0.40494E+00  -0.22706E+00
   0.29802E+03   0.29941E+02   0.25655E+02   0.41361E+00  -0.22910E+00
   0.29837E+03   0.29945E+02   0.25631E+02   0.41760E+00  -0.22254E+00
   0.29872E+03   0.29946E+02   0.26166E+02   0.41739E+00  -0.20501E+00
   0.29907E+03   0.29948E+02   0.26592E+02   0.41654E+00  -0.18889E+00
   0.29942E+03   0.29949E+02   0.26596E+02   0.41337E+00  -0.17978E+00
   0.29977E+03   0.29948E+02   0.26433E+02   0.41079E+00  -0.17752E+00
   0.30012E+03   0.29946E+02   0.26456E+02   0.41177E+00  -0.16953E+00
   0.30047E+03   0.29946E+02   0.26620E+02   0.40530E+00  -0.15192E+00
   0.30082E+03   0.29943E+02   0.26570E+02   0.39457E+00  -0.14706E+00
   0.30118E+03   0.29940E+02   0.26293E+02   0.39041E+00  -0.15247E+00
   0.30153E+03   0.29936E+02   0.26246E+02   0.37998E+00  -0.14309E+00
   0.30188E+03   0.29928E+02   0.26502E+02   0.36898E+00  -0.13022E+00
   0.30223E+03   0.29924E+02   0.26639E+02   0.36799E+00  -0.12675E+00
   0.30258E+03   0.29921E+02   0.26646E+02   0.37141E+00  -0.12609E+00
   0.30293E+03   0.29919E+02   0.26524E+02   0.36605E+00  -0.12807E+00
   0.30328E+03   0.29914E+02   0.26359E+02   0.34942E+00  -0.12874E+00
   0.30363E+03   0.29907E+02   0.26315E+02   0.34235E+00  -0.12429E+00
   0.30398E+03   0.29902E+02   0.26358E+02   0.34431E+00  -0.11679E+00
   0.30433E+03   0.29897E+02   0.26265E+02   0.34048E+00  -0.12329E+00
   0.30468E+03   0.29891E+02   0.26087E+02   0.33320E+00  -0.13765E+00
   0.30503E+03   0.29884E+02   0.25996E+02   0.32897E+00  -0.14317E+00
   0.30538E+03   0.29881E+02   0.25924E+02   0.33310E+00  -0.14404E+00
   0.30573E+03   0.29885E+02   0.25668E+02   0.33653E+00  -0.15562E+00
   0.30608E+03   0.29886E+02   0.25657E+02   0.33535E+00  -0.16925E+00
   0.30643E+03   0.29886E+02   0.25795E+02   0.33514E+00  -0.17022E+00
   0.30678E+03   0.29887E+02   0.25547E+02   0.33773E+00  -0.17624E+00
   0.30713E+03   0.29889E+02   0.25216E+02   0.34455E+00  -0.19347E+00
   0.30748E+03   0.29894E+02   0.25124E+02   0.35221E+00  -0.20412E+00
   0.30783E+03   0.29901E+02   0.25000E+02   0.35175E+00  -0.21000E+00
   0.30818E+03   0.29904E+02   0.24873E+02   0.35197E+00  -0.22146E+00
   0.30853E+03   0.29907E+02   0.25018E+02   0.36136E+00  -0.22623E+00
   0.30888E+03   0.29913E+02   0.25103E+02   0.36859E+00  -0.22422E+00
   0.30923E+03   0.29917E+02   0.25051E+02   0.37742E+00  -0.23400E+00
   0.30958E+03   0.29924E+02   0.25021E+02   0.38773E+00  -0.24668E+00
   0.30993E+03   0.29930E+02   0.25030E+02   0.39273E+00  -0.24742E+00
   0.31028E+03   0.29934E+02   0.25014E+02   0.40060E+00  -0.24658E+00
   0.31063E+03   0.29938E+02   0.25350E+02   0.41193E+00  -0.24401E+00
   0.31098E+03   0.29943E+02   0.25986E+02   0.41650E+00  -0.23175E+00
   0.31133E+03   0.29946E+02   0.26265E+02   0.41990E+00  -0.22189E+00
   0.31168E+03   0.29949E+02   0.26269E+02   0.42677E+00  -0.22200E+00
   0.31203E+03   0.29951E+02   0.26463E+02   0.43181E+00  -0.20861E+00
   0.31238E+03   0.29953E+02   0.26769E+02   0.43118E+00  -0.18754E+00
   0.31273E+03   0.29953E+02   0.26976E+02   0.42420E+00  -0.17811E+00
   0.31308E+03   0.29952E+02   0.27043E+02   0.42019E+00  -0.16486E+00
   0.31343E+03   0.29949E+02   0.27100E+02   0.41128E+00  -0.14863E+00
   0.31378E+03   0.29946E+02   0.27067E+02   0.40087E+00  -0.14097E+00
   0.31413E+03   0.29944E+02   0.26795E+02   0.39388E+00  -0.13983E+00
   0.31448E+03   0.29941E+02   0.26500E+02   0.38466E+00  -0.13876E+00
   0.31483E+03   0.29935E+02   0.26503E+02   0.37197E+00  -0.12754E+00
   0.31518E+03   0.29928E+02   0.26688E+02   0.36178E+00  -0.11373E+00
   0.31553E+03   0.29921E+02   0.26541E+02   0.35602E+00  -0.11592E+00
   0.31588E+03   0.29913E+02   0.26308E+02   0.35114E+00  -0.12510E+00
   0.31623E+03   0.29908E+02   0.26145E+02   0.35044E+00  -0.13062E+00
   0.31658E+03   0.29905E+02   0.26136E+02   0.34840E+00  -0.13276E+00
   0.31693E+03   0.29901E+02   0.26243E+02   0.34572E+00  -0.12993E+00
   0.31728E+03   0.29898E+02   0.26055E+02   0.34188E+00  -0.13622E+00
   0.31763E+03   0.29896E+02   0.25850E+02   0.33816E+00  -0.14592E+00
   0.31798E+03   0.29893E+02   0.25732E+02   0.33685E+00  -0.15021E+00
   0.31833E+03   0.29891E+02   0.25531E+02   0.33479E+00  -0.16119E+00
   0.31868E+03   0.29889E+02   0.25652E+02   0.34158E+00  -0.16368E+00
   0.31903E+03   0.29892E+02   0.25767E+02   0.34899E+00  -0.16558E+00
   0.31938E+03   0.29894E+02   0.25253E+02   0.34132E+00  -0.18809E+00
   0.31973E+03   0.29893E+02   0.25010E+02   0.33451E+00  -0.19812E+00
   0.32008E+03   0.29893E+02   0.25249E+02   0.34420E+00  -0.19201E+00
   0.32043E+03   0.29897E+02   0.25403E+02   0.35812E+00  -0.19190E+00
   0.32078E+03   0.29903E+02   0.25306E+02   0.36294E+00  -0.20642E+00
   0.32113E+03   0.29909E+02   0.24960E+02   0.36484E+00  -0.23423E+00
   0.32148E+03   0.29912E+02   0.24954E+02   0.36846E+00  -0.23651E+00
   0.32183E+03   0.29916E+02   0.25321E+02   0.37820E+00  -0.22259E+00
   0.32218E+03   0.29922E+02   0.25093E+02   0.38549E+00  -0.23685E+00
   0.32253E+03   0.29928E+02   0.24798E+02   0.39096E+00  -0.25356E+00
   0.32288E+03   0.29931E+02   0.24997E+02   0.39801E+00  -0.25101E+00
   0.32323E+03   0.29934E+02   0.25161E+02   0.40610E+00  -0.24838E+00
   0.32358E+03   0.29939E+02   0.25430E+02   0.41967E+00  -0.24917E+00
   0.32393E+03   0.29945E+02   0.25484E+02   0.43017E+00  -0.25690E+00
   0.32428E+03   0.29950E+02   0.25734E+02   0.43517E+00  -0.25316E+00
   0.32463E+03   0.29953E+02   0.26170E+02   0.43311E+00  -0.23218E+00
   0.32498E+03   0.29955E+02   0.26049E+02   0.43218E+00  -0.22855E+00
   0.32533E+03   0.29957E+02   0.26092E+02   0.43996E+00  -0.21921E+00
   0.32568E+03   0.29958E+02   0.26279E+02   0.44587E+00  -0.20059E+00
   0.32603E+03   0.29958E+02   0.26464E+02   0.43816E+00  -0.19380E+00
   0.32638E+03   0.29956E+02   0.26716E+02   0.42717E+00  -0.18123E+00
   0.32673E+03   0.29954E+02   0.26538E+02   0.42576E+00  -0.17445E+00
   0.32708E+03   0.29953E+02   0.26059E+02   0.42274E+00  -0.17501E+00
   0.32743E+03   0.29951E+02   0.25992E+02   0.40940E+00  -0.16464E+00
   0.32778E+03   0.29946E+02   0.26270E+02   0.39475E+00  -0.15199E+00
   0.32813E+03   0.29940E+02   0.26455E+02   0.39447E+00  -0.13701E+00
   0.32848E+03   0.29938E+02   0.26468E+02   0.39550E+00  -0.12996E+00
   0.32883E+03   0.29935E+02   0.26018E+02   0.38291E+00  -0.14691E+00
   0.32918E+03   0.29928E+02   0.25778E+02   0.37151E+00  -0.15210E+00
   0.32953E+03   0.29924E+02   0.25824E+02   0.36952E+00  -0.14014E+00
   0.32988E+03   0.29921E+02   0.25783E+02   0.36746E+00  -0.13949E+00
   0.33023E+03   0.29918E+02   0.25517E+02   0.36052E+00  -0.15303E+00
   0.33058E+03   0.29912E+02   0.25243E+02   0.34946E+00  -0.16616E+00
   0.33093E+03   0.29909E+02   0.25316E+02   0.34882E+00  -0.16099E+00
   0.33128E+03   0.29910E+02   0.25522E+02   0.35471E+00  -0.15254E+00
   0.33163E+03   0.29908E+02   0.25588E+02   0.36000E+00  -0.16272E+00
   0.33198E+03   0.29907E+02   0.25530E+02   0.36403E+00  -0.17242E+00
   0.33233E+03   0.29907E+02   0.25563E+02   0.36260E+00  -0.17460E+00
   0.33268E+03   0.29907E+02   0.25390E+02   0.35918E+00  -0.18306E+00
   0.33303E+03   0.29906E+02   0.25343E+02   0.36087E+00  -0.18930E+00
   0.33338E+03   0.29911E+02   0.25357E+02   0.36899E+00  -0.19024E+00
   0.33373E+03   0.29914E+02   0.25194E+02   0.36154E+00  -0.19549E+00
   0.33408E+03   0.29912E+02   0.25200E+02   0.35612E+00  -0.19831E+00
   0.33443E+03   0.29911E+02   0.25312E+02   0.36076E+00  -0.19516E+00
   0.33478E+03   0.29914E+02   0.25356E+02   0.37033E+00  -0.19522E+00
   0.33513E+03   0.29918E+02   0.25222E+02   0.38043E+00  -0.20961E+00
   0.33548E+03   0.29921E+02   0.24944E+02   0.37636E+00  -0.22811E+00
   0.33583E+03   0.29922E+02   0.24649E+02   0.37469E+00  -0.23180E+00
   0.33618E+03   0.29925E+02   0.24687E+02   0.38452E+00  -0.23166E+00
   0.33653E+03   0.29929E+02   0.24791E+02   0.39367E+00  -0.23525E+00
   0.33688E+03   0.29932E+02   0.24844E+02   0.39694E+00  -0.24005E+00
   0.33723E+03   0.29936E+02   0.24782E+02   0.40135E+00  -0.24591E+00
   0.33758E+03   0.29940E+02   0.24602E+02   0.41063E+00  -0.25394E+00
   0.33793E+03   0.29944E+02   0.24721E+02   0.42184E+00  -0.25324E+00
   0.33828E+03   0.29948E+02   0.24747E+02   0.42595E+00  -0.25510E+00
   0.33863E+03   0.29951E+02   0.24973E+02   0.42831E+00  -0.25331E+00
   0.33898E+03   0.29953E+02   0.25625E+02   0.43311E+00  -0.22864E+00
   0.33933E+03   0.29955E+02   0.25973E+02   0.43451E+00  -0.21363E+00
   0.33968E+03   0.29957E+02   0.25941E+02   0.43801E+00  -0.21305E+00
   0.34003E+03   0.29959E+02   0.25982E+02   0.44380E+00  -0.20722E+00
   0.34038E+03   0.29959E+02   0.26366E+02   0.43903E+00  -0.18773E+00
   0.34073E+03   0.29958E+02   0.26585E+02   0.42960E+00  -0.16849E+00
   0.34108E+03   0.29955E+02   0.26528E+02   0.41814E+00  -0.15918E+00
   0.34143E+03   0.29951E+02   0.26583E+02   0.40797E+00  -0.14725E+00
   0.34178E+03   0.29949E+02   0.26473E+02   0.39733E+00  -0.13619E+00
   0.34213E+03   0.29943E+02   0.26323E+02   0.38541E+00  -0.13411E+00
   0.34248E+03   0.29935E+02   0.26285E+02   0.38273E+00  -0.13179E+00
   0.34283E+03   0.29931E+02   0.26465E+02   0.38066E+00  -0.11963E+00
   0.34318E+03   0.29927E+02   0.26610E+02   0.36959E+00  -0.11634E+00
   0.34353E+03   0.29921E+02   0.26499E+02   0.35653E+00  -0.12209E+00
   0.34388E+03   0.29914E+02   0.26450E+02   0.35154E+00  -0.11727E+00
   0.34423E+03   0.29911E+02   0.26452E+02   0.35078E+00  -0.10935E+00
   0.34458E+03   0.29909E+02   0.26315E+02   0.35048E+00  -0.11777E+00
   0.34493E+03   0.29902E+02   0.26006E+02   0.33880E+00  -0.13219E+00
   0.34528E+03   0.29892E+02   0.25834E+02   0.32885E+00  -0.13170E+00
   0.34563E+03   0.29888E+02   0.25755E+02   0.32800E+00  -0.13074E+00
   0.34598E+03   0.29884E+02   0.25696E+02   0.32645E+00  -0.14184E+00
   0.34633E+03   0.29879E+02   0.25742E+02   0.32767E+00  -0.15150E+00
   0.34668E+03   0.29879E+02   0.25703E+02   0.33266E+00  -0.15869E+00
   0.34703E+03   0.29881E+02   0.25489E+02   0.33953E+00  -0.17096E+00
   0.34738E+03   0.29885E+02   0.25367E+02   0.34200E+00  -0.18379E+00
   0.34773E+03   0.29888E+02   0.25283E+02   0.34206E+00  -0.19132E+00
   0.34808E+03   0.29889E+02   0.25411E+02   0.34863E+00  -0.19212E+00
   0.34843E+03   0.29894E+02   0.25764E+02   0.35687E+00  -0.18915E+00
   0.34878E+03   0.29900E+02   0.25947E+02   0.35741E+00  -0.18995E+00
   0.34913E+03   0.29903E+02   0.25905E+02   0.36130E+00  -0.19719E+00
   0.34948E+03   0.29908E+02   0.25884E+02   0.37311E+00  -0.19896E+00
   0.34983E+03   0.29916E+02   0.25932E+02   0.37223E+00  -0.19526E+00
   0.35018E+03   0.29919E+02   0.25832E+02   0.36617E+00  -0.19603E+00
   0.35053E+03   0.29919E+02   0.25637E+02   0.36986E+00  -0.20312E+00
   0.35088E+03   0.29919E+02   0.25571E+02   0.37408E+00  -0.20148E+00
   0.35123E+03   0.29921E+02   0.25485E+02   0.37493E+00  -0.20439E+00
   0.35158E+03   0.29922E+02   0.25419E+02   0.37638E+00  -0.21807E+00
   0.35193E+03   0.29924E+02   0.25634E+02   0.38708E+00  -0.21290E+00
   0.35228E+03   0.29928E+02   0.25729E+02   0.39525E+00  -0.20452E+00
   0.35263E+03   0.29932E+02   0.25517E+02   0.39725E+00  -0.21778E+00
   0.35298E+03   0.29934E+02   0.25232E+02   0.39941E+00  -0.23132E+00
   0.35333E+03   0.29937E+02   0.24954E+02   0.40540E+00  -0.23069E+00
   0.35368E+03   0.29940E+02   0.25068E+02   0.40767E+00  -0.22544E+00
   0.35403E+03   0.29941E+02   0.25468E+02   0.40934E+00  -0.21827E+00
   0.35438E+03   0.29943E+02   0.25589E+02   0.41355E+00  -0.21173E+00
   0.35473E+03   0.29945E+02   0.25427E+02   0.41100E+00  -0.21504E+00
   0.35508E+03   0.29947E+02   0.25431E+02   0.41345E+00  -0.21540E+00
   0.35543E+03   0.29948E+02   0.25527E+02   0.41645E+00  -0.20535E+00
   0.35578E+03   0.29949E+02   0.25576E+02   0.41623E+00  -0.19823E+00
   0.35613E+03   0.29949E+02   0.26047E+02   0.41409E+00  -0.18509E+00
   0.35648E+03   0.29947E+02   0.26310E+02   0.41062E+00  -0.17501E+00
   0.35683E+03   0.29944E+02   0.26156E+02   0.40410E+00  -0.17271E+00
   0.35718E+03   0.29941E+02   0.26201E+02   0.40120E+00  -0.16706E+00
   0.35753E+03   0.29941E+02   0.26382E+02   0.40603E+00  -0.15907E+00
   0.35788E+03   0.29941E+02   0.26538E+02   0.39943E+00  -0.14758E+00
   0.35823E+03   0.29936E+02   0.26491E+02   0.38369E+00  -0.14240E+00
   0.35858E+03   0.29930E+02   0.26261E+02   0.37358E+00  -0.14415E+00
   0.35893E+03   0.29924E+02   0.26262E+02   0.37084E+00  -0.13382E+00
   0.35928E+03   0.29921E+02   0.26285E+02   0.36673E+00  -0.13066E+00
   0.35963E+03   0.29918E+02   0.26106E+02   0.35898E+00  -0.14244E+00
   0.35998E+03   0.29916E+02   0.25989E+02   0.35536E+00  -0.14151E+00
   0.36033E+03   0.29912E+02   0.25808E+02   0.34894E+00  -0.14218E+00
   0.36068E+03   0.29909E+02   0.25682E+02   0.34195E+00  -0.14706E+00
   0.36103E+03   0.29903E+02   0.25636E+02   0.34105E+00  -0.15040E+00
   0.36138E+03   0.29899E+02   0.25600E+02   0.34766E+00  -0.15773E+00
   0.36173E+03   0.29900E+02   0.25752E+02   0.35103E+00  -0.15890E+00
   0.36208E+03   0.29902E+02   0.25763E+02   0.34953E+00  -0.16412E+00
   0.36243E+03   0.29900E+02   0.25687E+02   0.35075E+00  -0.17118E+00
   0.36278E+03   0.29898E+02   0.25510E+02   0.35365E+00  -0.17318E+00
   0.36313E+03   0.29900E+02   0.25432E+02   0.35767E+00  -0.17728E+00
   0.36348E+03   0.29905E+02   0.25650E+02   0.35736E+00  -0.18112E+00
   0.36383E+03   0.29907E+02   0.25433E+02   0.35495E+00  -0.19304E+00
   0.36418E+03   0.29907E+02   0.24932E+02   0.35749E+00  -0.20929E+00
   0.36453E+03   0.29909E+02   0.24607E+02   0.36243E+00  -0.22217E+00
   0.36488E+03   0.29910E+02   0.24453E+02   0.36209E+00  -0.23496E+00
   0.36523E+03   0.29912E+02   0.24348E+02   0.36800E+00  -0.24732E+00
   0.36558E+03   0.29916E+02   0.24277E+02   0.38041E+00  -0.26122E+00
   0.36593E+03   0.29923E+02   0.24632E+02   0.39407E+00  -0.26326E+00
   0.36628E+03   0.29932E+02   0.24978E+02   0.40301E+00  -0.26323E+00
   0.36663E+03   0.29939E+02   0.24961E+02   0.41386E+00  -0.27374E+00
   0.36698E+03   0.29944E+02   0.25040E+02   0.43034E+00  -0.27159E+00
   0.36733E+03   0.29950E+02   0.25008E+02   0.44273E+00  -0.26854E+00
   0.36768E+03   0.29956E+02   0.25058E+02   0.44533E+00  -0.27287E+00
   0.36803E+03   0.29959E+02   0.25460E+02   0.44546E+00  -0.26474E+00
   0.36838E+03   0.29961E+02   0.25810E+02   0.44982E+00  -0.24499E+00
   0.36873E+03   0.29962E+02   0.26328E+02   0.45277E+00  -0.21864E+00
   0.36908E+03   0.29963E+02   0.26750E+02   0.45387E+00  -0.20458E+00
   0.36943E+03   0.29964E+02   0.26734E+02   0.45382E+00  -0.20002E+00
   0.36978E+03   0.29964E+02   0.26930E+02   0.45252E+00  -0.18049E+00
   0.37013E+03   0.29963E+02   0.27318E+02   0.44621E+00  -0.15736E+00
   0.37048E+03   0.29960E+02   0.27491E+02   0.43526E+00  -0.13832E+00
   0.37083E+03   0.29957E+02   0.27424E+02   0.41524E+00  -0.12112E+00
   0.37118E+03   0.29951E+02   0.27429E+02   0.39731E+00  -0.10334E+00
   0.37153E+03   0.29942E+02   0.27457E+02   0.38663E+00  -0.86036E-01
   0.37188E+03   0.29934E+02   0.27300E+02   0.37616E+00  -0.81612E-01
   0.37223E+03   0.29927E+02   0.26963E+02   0.36344E+00  -0.93499E-01
   0.37258E+03   0.29918E+02   0.26691E+02   0.35046E+00  -0.10017E+00
   0.37293E+03   0.29909E+02   0.26703E+02   0.33434E+00  -0.90463E-01
   0.37328E+03   0.29896E+02   0.26733E+02   0.32149E+00  -0.84072E-01
   0.37363E+03   0.29884E+02   0.26589E+02   0.32319E+00  -0.96225E-01
   0.37398E+03   0.29882E+02   0.26217E+02   0.32796E+00  -0.11894E+00
   0.37433E+03   0.29879E+02   0.25854E+02   0.32408E+00  -0.13316E+00
   0.37468E+03   0.29873E+02   0.25743E+02   0.32199E+00  -0.13968E+00
   0.37503E+03   0.29873E+02   0.25597E+02   0.32568E+00  -0.14742E+00
   0.37538E+03   0.29876E+02   0.25450E+02   0.32593E+00  -0.15501E+00
   0.37573E+03   0.29872E+02   0.25346E+02   0.32289E+00  -0.16961E+00
   0.37608E+03   0.29870E+02   0.24991E+02   0.32433E+00  -0.18853E+00
   0.37643E+03   0.29875E+02   0.24724E+02   0.33494E+00  -0.20008E+00
   0.37678E+03   0.29883E+02   0.24875E+02   0.34550E+00  -0.21086E+00
   0.37713E+03   0.29890E+02   0.24899E+02   0.35313E+00  -0.22286E+00
   0.37748E+03   0.29896E+02   0.24484E+02   0.35225E+00  -0.23830E+00
   0.37783E+03   0.29899E+02   0.24308E+02   0.35603E+00  -0.25839E+00
   0.37818E+03   0.29907E+02   0.24387E+02   0.37338E+00  -0.26934E+00
   0.37853E+03   0.29917E+02   0.24539E+02   0.38974E+00  -0.27250E+00
   0.37888E+03   0.29926E+02   0.24464E+02   0.40062E+00  -0.28977E+00
   0.37923E+03   0.29934E+02   0.24512E+02   0.41195E+00  -0.30215E+00
   0.37958E+03   0.29941E+02   0.24909E+02   0.42408E+00  -0.29280E+00
   0.37993E+03   0.29948E+02   0.25431E+02   0.43702E+00  -0.28399E+00
   0.38028E+03   0.29955E+02   0.26001E+02   0.45213E+00  -0.27604E+00
   0.38063E+03   0.29961E+02   0.26518E+02   0.46465E+00  -0.25919E+00
   0.38098E+03   0.29965E+02   0.26886E+02   0.47158E+00  -0.24231E+00
   0.38133E+03   0.29968E+02   0.26878E+02   0.46973E+00  -0.22970E+00
   0.38168E+03   0.29969E+02   0.26948E+02   0.46389E+00  -0.21200E+00
   0.38203E+03   0.29969E+02   0.27362E+02   0.46221E+00  -0.17824E+00
   0.38238E+03   0.29967E+02   0.27766E+02   0.45457E+00  -0.14763E+00
   0.38273E+03   0.29964E+02   0.27814E+02   0.43997E+00  -0.13387E+00
   0.38308E+03   0.29961E+02   0.27542E+02   0.42504E+00  -0.12704E+00
   0.38343E+03   0.29957E+02   0.27114E+02   0.41263E+00  -0.12334E+00
   0.38378E+03   0.29951E+02   0.27138E+02   0.39789E+00  -0.10258E+00
   0.38413E+03   0.29943E+02   0.27343E+02   0.37937E+00  -0.78903E-01
   0.38448E+03   0.29934E+02   0.27276E+02   0.36209E+00  -0.75268E-01
   0.38483E+03   0.29922E+02   0.27266E+02   0.34971E+00  -0.73072E-01
   0.38518E+03   0.29909E+02   0.27277E+02   0.34409E+00  -0.71130E-01
   0.38553E+03   0.29899E+02   0.27144E+02   0.33834E+00  -0.75651E-01
   0.38588E+03   0.29894E+02   0.27085E+02   0.33480E+00  -0.79586E-01
   0.38623E+03   0.29887E+02   0.27067E+02   0.32785E+00  -0.83688E-01
   0.38658E+03   0.29876E+02   0.26941E+02   0.31593E+00  -0.84634E-01
   0.38693E+03   0.29863E+02   0.26894E+02   0.30595E+00  -0.87160E-01
   0.38728E+03   0.29855E+02   0.26734E+02   0.30961E+00  -0.10029E+00
   0.38763E+03   0.29854E+02   0.26358E+02   0.31440E+00  -0.11902E+00
   0.38798E+03   0.29853E+02   0.26104E+02   0.31132E+00  -0.13415E+00
   0.38833E+03   0.29851E+02   0.25952E+02   0.30452E+00  -0.14266E+00
   0.38868E+03   0.29845E+02   0.25934E+02   0.30380E+00  -0.14538E+00
   0.38903E+03   0.29845E+02   0.26064E+02   0.31335E+00  -0.15074E+00
   0.38938E+03   0.29852E+02   0.25964E+02   0.31867E+00  -0.16475E+00
   0.38973E+03   0.29859E+02   0.25593E+02   0.32329E+00  -0.18582E+00
   0.39008E+03   0.29867E+02   0.25476E+02   0.33016E+00  -0.19791E+00
   0.39043E+03   0.29875E+02   0.25657E+02   0.33586E+00  -0.19407E+00
   0.39078E+03   0.29883E+02   0.25592E+02   0.34010E+00  -0.19758E+00
   0.39113E+03   0.29887E+02   0.25525E+02   0.34190E+00  -0.20895E+00
   0.39148E+03   0.29889E+02   0.25832E+02   0.34747E+00  -0.20670E+00
   0.39183E+03   0.29896E+02   0.25961E+02   0.36203E+00  -0.20683E+00
   0.39218E+03   0.29905E+02   0.25925E+02   0.37482E+00  -0.21876E+00
   0.39253E+03   0.29914E+02   0.26038E+02   0.38281E+00  -0.22309E+00
   0.39288E+03   0.29922E+02   0.25839E+02   0.38536E+00  -0.22553E+00
   0.39323E+03   0.29925E+02   0.25491E+02   0.38629E+00  -0.23099E+00
   0.39358E+03   0.29929E+02   0.25556E+02   0.38909E+00  -0.23181E+00
   0.39393E+03   0.29933E+02   0.25732E+02   0.39635E+00  -0.22703E+00
   0.39428E+03   0.29937E+02   0.25469E+02   0.40725E+00  -0.23564E+00
   0.39463E+03   0.29941E+02   0.25189E+02   0.40925E+00  -0.24858E+00
   0.39498E+03   0.29943E+02   0.24934E+02   0.40949E+00  -0.25294E+00
   0.39533E+03   0.29945E+02   0.24796E+02   0.41724E+00  -0.25565E+00
   0.39568E+03   0.29948E+02   0.25038E+02   0.42743E+00  -0.25199E+00
   0.39603E+03   0.29952E+02   0.25061E+02   0.43369E+00  -0.25534E+00
   0.39638E+03   0.29955E+02   0.25262E+02   0.43656E+00  -0.25768E+00
   0.39673E+03   0.29957E+02   0.25561E+02   0.44338E+00  -0.24670E+00
   0.39708E+03   0.29959E+02   0.25675E+02   0.45055E+00  -0.23491E+00
   0.39743E+03   0.29961E+02   0.25988E+02   0.45452E+00  -0.22243E+00
   0.39778E+03   0.29963E+02   0.25991E+02   0.45188E+00  -0.21464E+00
   0.39813E+03   0.29964E+02   0.26012E+02   0.44385E+00  -0.20360E+00
   0.39848E+03   0.29963E+02   0.26315E+02   0.43698E+00  -0.18213E+00
   0.39883E+03   0.29960E+02   0.26235E+02   0.43011E+00  -0.17189E+00
   0.39918E+03   0.29957E+02   0.25933E+02   0.42472E+00  -0.17096E+00
   0.39953E+03   0.29954E+02   0.25663E+02   0.41624E+00  -0.17597E+00
   0.39988E+03   0.29950E+02   0.25521E+02   0.40259E+00  -0.17528E+00
   0.40023E+03   0.29946E+02   0.25687E+02   0.39406E+00  -0.15875E+00
   0.40058E+03   0.29941E+02   0.25906E+02   0.39391E+00  -0.14955E+00
   0.40093E+03   0.29939E+02   0.25944E+02   0.39061E+00  -0.14809E+00
   0.40128E+03   0.29936E+02   0.25960E+02   0.38235E+00  -0.14404E+00
   0.40163E+03   0.29931E+02   0.26091E+02   0.37892E+00  -0.13780E+00
   0.40198E+03   0.29929E+02   0.26308E+02   0.38091E+00  -0.12454E+00
   0.40233E+03   0.29928E+02   0.26477E+02   0.37631E+00  -0.11676E+00
   0.40268E+03   0.29923E+02   0.26613E+02   0.36646E+00  -0.11663E+00
   0.40303E+03   0.29915E+02   0.26601E+02   0.35415E+00  -0.11347E+00
   0.40338E+03   0.29906E+02   0.26582E+02   0.34474E+00  -0.10799E+00
   0.40373E+03   0.29901E+02   0.26694E+02   0.34300E+00  -0.10550E+00
   0.40408E+03   0.29896E+02   0.26745E+02   0.34082E+00  -0.10960E+00
   0.40443E+03   0.29890E+02   0.26590E+02   0.33212E+00  -0.11442E+00
   0.40478E+03   0.29881E+02   0.26274E+02   0.32131E+00  -0.12598E+00
   0.40513E+03   0.29874E+02   0.26060E+02   0.31882E+00  -0.13433E+00
   0.40548E+03   0.29872E+02   0.25825E+02   0.31851E+00  -0.13983E+00
   0.40583E+03   0.29870E+02   0.25571E+02   0.31831E+00  -0.15425E+00
   0.40618E+03   0.29869E+02   0.25467E+02   0.32021E+00  -0.16588E+00
   0.40653E+03   0.29869E+02   0.25203E+02   0.32214E+00  -0.17974E+00
   0.40688E+03   0.29870E+02   0.24892E+02   0.32965E+00  -0.19689E+00
   0.40723E+03   0.29877E+02   0.24935E+02   0.33999E+00  -0.20747E+00
   0.40758E+03   0.29885E+02   0.24915E+02   0.34890E+00  -0.21820E+00
   0.40793E+03   0.29894E+02   0.24791E+02   0.35834E+00  -0.23118E+00
   0.40828E+03   0.29901E+02   0.24750E+02   0.36461E+00  -0.24480E+00
   0.40863E+03   0.29909E+02   0.24673E+02   0.37588E+00  -0.25518E+00
   0.40898E+03   0.29918E+02   0.24869E+02   0.38859E+00  -0.25462E+00
   0.40933E+03   0.29926E+02   0.25046E+02   0.39687E+00  -0.26026E+00
   0.40968E+03   0.29933E+02   0.25310E+02   0.40659E+00  -0.26248E+00
   0.41003E+03   0.29939E+02   0.25842E+02   0.41763E+00  -0.25058E+00
   0.41038E+03   0.29945E+02   0.25972E+02   0.42624E+00  -0.24901E+00
   0.41073E+03   0.29949E+02   0.26114E+02   0.43237E+00  -0.24647E+00
   0.41108E+03   0.29953E+02   0.26283E+02   0.43806E+00  -0.23370E+00
   0.41143E+03   0.29956E+02   0.26046E+02   0.43704E+00  -0.22869E+00
   0.41178E+03   0.29957E+02   0.26063E+02   0.43367E+00  -0.21778E+00
   0.41213E+03   0.29956E+02   0.26393E+02   0.43149E+00  -0.20033E+00
   0.41248E+03   0.29956E+02   0.26407E+02   0.43101E+00  -0.18816E+00
   0.41283E+03   0.29956E+02   0.26535E+02   0.42611E+00  -0.17334E+00
   0.41318E+03   0.29954E+02   0.26989E+02   0.41979E+00  -0.15875E+00
   0.41353E+03   0.29951E+02   0.27169E+02   0.41749E+00  -0.13728E+00
   0.41388E+03   0.29949E+02   0.26887E+02   0.41023E+00  -0.13009E+00
   0.41423E+03   0.29947E+02   0.26692E+02   0.40027E+00  -0.13558E+00
   0.41458E+03   0.29942E+02   0.26736E+02   0.38690E+00  -0.12281E+00
   0.41493E+03   0.29934E+02   0.26819E+02   0.37413E+00  -0.10527E+00
   0.41528E+03   0.29924E+02   0.26757E+02   0.36544E+00  -0.10432E+00
   0.41563E+03   0.29917E+02   0.26734E+02   0.35878E+00  -0.10538E+00
   0.41598E+03   0.29913E+02   0.26683E+02   0.34785E+00  -0.10421E+00
   0.41633E+03   0.29904E+02   0.26390E+02   0.33772E+00  -0.11098E+00
   0.41668E+03   0.29893E+02   0.26133E+02   0.33766E+00  -0.12064E+00
   0.41703E+03   0.29889E+02   0.26077E+02   0.33603E+00  -0.12262E+00
   0.41738E+03   0.29887E+02   0.26039E+02   0.33019E+00  -0.12967E+00
   0.41773E+03   0.29884E+02   0.26070E+02   0.32532E+00  -0.13778E+00
   0.41808E+03   0.29881E+02   0.26165E+02   0.32273E+00  -0.13164E+00
   0.41843E+03   0.29876E+02   0.26077E+02   0.32788E+00  -0.13264E+00
   0.41878E+03   0.29877E+02   0.25900E+02   0.33635E+00  -0.14777E+00
   0.41913E+03   0.29881E+02   0.25638E+02   0.33424E+00  -0.16656E+00
   0.41948E+03   0.29880E+02   0.25503E+02   0.32823E+00  -0.17408E+00
   0.41983E+03   0.29877E+02   0.25527E+02   0.33044E+00  -0.17473E+00
