         136
  0.175000000000000        1312500.00000000     
         508
  0.525000000000000        3937500.00000000     
         411
  0.875000000000000        6562500.00000000     
         221
   1.22500000000000        9187500.00000000     
          88
   1.57500000000000        11812500.0000000     
          84
   1.92500000000000        14437500.0000000     
           5
   2.27500000000000        17062500.0000000     
           6
   2.62500000000000        19687500.0000000     
          58
   2.97500000000000        22312500.0000000     
         517
   3.32500000000000        24937500.0000000     
         255
   3.67500000000000        27562500.0000000     
         418
   4.02500000000000        30187500.0000000     
         328
   4.37500000000000        32812500.0000000     
         525
   4.72500000000000        35437500.0000000     
          85
   5.07500000000000        38062500.0000000     
         149
   5.42500000000000        40687500.0000000     
         316
   5.77500000000000        43312500.0000000     
          49
   6.12500000000000        45937500.0000000     
         470
   6.47500000000000        48562500.0000000     
         252
   6.82500000000000        51187500.0000000     
         297
   7.17500000000000        53812500.0000000     
         160
   7.52500000000000        56437500.0000000     
         502
   7.87500000000000        59062500.0000000     
         121
   8.22500000000000        61687500.0000000     
         524
   8.57500000000000        64312500.0000000     
         150
   8.92500000000000        66937500.0000000     
          86
   9.27500000000000        69562500.0000000     
         314
   9.62499999999999        72187500.0000000     
         457
   9.97499999999999        74812500.0000000     
         202
   10.3250000000000        77437500.0000000     
          74
   10.6750000000000        80062500.0000000     
         271
   11.0250000000000        82687500.0000000     
         443
   11.3750000000000        85312499.9999999     
         443
   11.7250000000000        87937499.9999999     
         249
   12.0750000000000        90562499.9999999     
         170
   12.4250000000000        93187499.9999999     
         110
   12.7750000000000        95812499.9999999     
          70
   13.1250000000000        98437499.9999999     
         180
   13.4750000000000        101062500.000000     
         156
   13.8250000000000        103687500.000000     
          63
   14.1750000000000        106312500.000000     
         230
   14.5250000000000        108937500.000000     
         490
   14.8750000000000        111562500.000000     
         275
   15.2250000000000        114187500.000000     
         274
   15.5750000000000        116812500.000000     
         252
   15.9250000000000        119437500.000000     
         300
   16.2750000000000        122062500.000000     
          95
   16.6250000000000        124687500.000000     
         290
   16.9750000000000        127312500.000000     
          34
   17.3250000000000        129937500.000000     
         282
   17.6750000000000        132562500.000000     
         456
   18.0250000000000        135187500.000000     
          72
   18.3750000000000        137812500.000000     
          15
   18.7250000000000        140437500.000000     
          56
   19.0750000000000        143062500.000000     
         431
   19.4250000000000        145687500.000000     
         466
   19.7750000000000        148312500.000000     
         470
   20.1250000000000        150937500.000000     
         322
   20.4750000000000        153562500.000000     
         280
   20.8250000000000        156187500.000000     
         215
   21.1750000000000        158812500.000000     
         476
   21.5250000000000        161437500.000000     
         383
   21.8750000000000        164062500.000000     
         147
   22.2250000000000        166687500.000000     
         251
   22.5750000000000        169312500.000000     
          52
   22.9250000000000        171937500.000000     
         421
   23.2750000000000        174562500.000000     
         356
   23.6250000000000        177187500.000000     
          55
   23.9750000000000        179812500.000000     
          59
   24.3250000000000        182437500.000000     
         151
   24.6750000000000        185062500.000000     
          12
   25.0250000000000        187687500.000000     
         355
   25.3750000000000        190312500.000000     
         489
   25.7250000000000        192937500.000000     
         187
   26.0750000000000        195562500.000000     
         410
   26.4250000000000        198187500.000000     
         431
   26.7750000000000        200812500.000000     
         390
   27.1250000000000        203437500.000000     
         246
   27.4750000000000        206062500.000000     
         329
   27.8250000000000        208687500.000000     
         409
   28.1750000000000        211312500.000000     
         358
   28.5250000000000        213937500.000000     
          67
   28.8750000000000        216562500.000000     
         311
   29.2250000000000        219187500.000000     
         289
   29.5750000000000        221812500.000000     
         426
   29.9250000000000        224437500.000000     
         507
   30.2750000000000        227062500.000000     
         523
   30.6250000000000        229687500.000000     
         246
   30.9750000000001        232312500.000000     
         275
   31.3250000000001        234937500.000000     
          17
   31.6750000000001        237562500.000000     
         152
   32.0250000000001        240187500.000000     
         456
   32.3750000000001        242812500.000000     
         272
   32.7250000000001        245437500.000000     
         267
   33.0750000000001        248062500.000000     
         103
   33.4250000000001        250687500.000000     
         374
   33.7750000000001        253312500.000000     
         361
   34.1250000000001        255937500.000000     
         258
   34.4750000000001        258562500.000000     
         204
   34.8250000000001        261187500.000001     
         361
   35.1750000000001        263812500.000001     
         403
   35.5250000000001        266437500.000001     
          64
   35.8750000000001        269062500.000001     
         148
   36.2250000000001        271687500.000001     
         257
   36.5750000000001        274312500.000001     
         177
   36.9250000000001        276937500.000001     
         310
   37.2750000000001        279562500.000001     
         348
   37.6250000000001        282187500.000001     
         126
   37.9750000000001        284812500.000001     
         238
   38.3250000000001        287437500.000001     
         378
   38.6750000000001        290062500.000001     
         208
   39.0250000000001        292687500.000001     
         110
   39.3750000000001        295312500.000001     
         436
   39.7250000000001        297937500.000001     
         434
   40.0750000000001        300562500.000001     
         524
   40.4250000000001        303187500.000001     
         279
   40.7750000000001        305812500.000001     
         123
   41.1250000000001        308437500.000001     
         196
   41.4750000000001        311062500.000001     
          58
   41.8250000000001        313687500.000001     
         505
   42.1750000000001        316312500.000001     
         420
   42.5250000000001        318937500.000001     
         179
   42.8750000000001        321562500.000001     
         355
   43.2250000000001        324187500.000001     
         457
   43.5750000000001        326812500.000001     
         394
   43.9250000000001        329437500.000001     
          36
   44.2750000000001        332062500.000001     
         377
   44.6250000000001        334687500.000001     
          45
   44.9750000000001        337312500.000001     
          75
   45.3250000000001        339937500.000001     
         489
   45.6750000000001        342562500.000001     
          40
   46.0250000000001        345187500.000001     
          91
   46.3750000000001        347812500.000001     
         305
   46.7250000000001        350437500.000001     
         476
   47.0750000000001        353062500.000001     
         182
   47.4250000000001        355687500.000001     
         143
   47.7750000000001        358312500.000001     
         519
   48.1250000000001        360937500.000001     
         306
   48.4750000000001        363562500.000001     
         140
   48.8250000000001        366187500.000001     
         379
   49.1750000000001        368812500.000001     
         448
   49.5250000000001        371437500.000001     
         244
   49.8750000000001        374062500.000001     
         105
   50.2250000000001        376687500.000001     
         436
   50.5750000000001        379312500.000001     
         471
   50.9250000000001        381937500.000001     
         336
   51.2750000000001        384562500.000001     
         259
   51.6250000000001        387187500.000001     
          30
   51.9750000000001        389812500.000001     
          45
   52.3250000000001        392437500.000001     
         255
   52.6750000000001        395062500.000001     
           3
   53.0250000000001        397687500.000001     
         115
   53.3750000000001        400312500.000001     
         211
   53.7250000000001        402937500.000001     
         370
   54.0750000000001        405562500.000001     
         537
   54.4250000000001        408187500.000001     
         406
   54.7750000000001        410812500.000001     
         198
   55.1250000000001        413437500.000001     
         116
   55.4750000000002        416062500.000001     
          53
   55.8250000000002        418687500.000001     
         508
   56.1750000000002        421312500.000001     
         299
   56.5250000000002        423937500.000001     
         540
   56.8750000000002        426562500.000001     
         296
   57.2250000000002        429187500.000001     
         163
   57.5750000000002        431812500.000001     
           3
   57.9250000000002        434437500.000001     
         438
   58.2750000000002        437062500.000001     
          74
   58.6250000000002        439687500.000001     
         375
   58.9750000000002        442312500.000001     
         312
   59.3250000000002        444937500.000001     
         421
   59.6750000000002        447562500.000001     
          42
   60.0250000000002        450187500.000001     
         150
   60.3750000000002        452812500.000001     
         514
   60.7250000000002        455437500.000001     
         310
   61.0750000000002        458062500.000001     
          99
   61.4250000000002        460687500.000001     
         391
   61.7750000000002        463312500.000001     
         223
   62.1250000000002        465937500.000001     
          33
   62.4750000000002        468562500.000001     
         247
   62.8250000000002        471187500.000001     
         538
   63.1750000000002        473812500.000001     
         218
   63.5250000000002        476437500.000001     
         460
   63.8750000000002        479062500.000001     
         191
   64.2250000000002        481687500.000001     
         410
   64.5750000000002        484312500.000001     
          47
   64.9250000000002        486937500.000001     
         372
   65.2750000000002        489562500.000001     
         234
   65.6250000000002        492187500.000001     
         198
   65.9750000000002        494812500.000001     
          71
   66.3250000000001        497437500.000001     
         271
   66.6750000000001        500062500.000001     
         528
   67.0250000000001        502687500.000001     
          23
   67.3750000000001        505312500.000001     
         468
   67.7250000000001        507937500.000001     
         481
   68.0750000000001        510562500.000001     
          78
   68.4250000000001        513187500.000001     
         125
   68.7750000000001        515812500.000001     
          40
   69.1250000000001        518437500.000001     
         393
   69.4750000000001        521062500.000001     
         385
   69.8250000000001        523687500.000001     
          56
   70.1750000000001        526312500.000001     
          64
   70.5250000000001        528937500.000001     
         393
   70.8750000000001        531562500.000001     
         151
   71.2250000000001        534187500.000000     
         424
   71.5750000000001        536812500.000000     
         387
   71.9250000000001        539437500.000000     
         367
   72.2750000000000        542062500.000000     
         321
   72.6250000000000        544687500.000000     
          94
   72.9750000000000        547312500.000000     
          15
   73.3250000000000        549937500.000000     
         392
   73.6750000000000        552562500.000000     
         257
   74.0250000000000        555187500.000000     
          54
   74.3750000000000        557812500.000000     
           4
   74.7250000000000        560437500.000000     
         361
   75.0750000000000        563062500.000000     
         208
   75.4250000000000        565687500.000000     
         260
   75.7750000000000        568312500.000000     
         260
   76.1250000000000        570937500.000000     
         528
   76.4750000000000        573562500.000000     
          75
   76.8250000000000        576187500.000000     
         429
   77.1750000000000        578812500.000000     
         477
   77.5250000000000        581437500.000000     
         110
   77.8750000000000        584062500.000000     
         142
   78.2250000000000        586687500.000000     
         458
   78.5749999999999        589312500.000000     
         375
   78.9249999999999        591937500.000000     
          20
   79.2749999999999        594562500.000000     
         263
   79.6249999999999        597187500.000000     
         165
   79.9749999999999        599812499.999999     
          78
   80.3249999999999        602437499.999999     
          83
   80.6749999999999        605062499.999999     
         266
   81.0249999999999        607687499.999999     
          64
   81.3749999999999        610312499.999999     
         315
   81.7249999999999        612937499.999999     
          11
   82.0749999999999        615562499.999999     
          91
   82.4249999999999        618187499.999999     
         482
   82.7749999999999        620812499.999999     
         461
   83.1249999999999        623437499.999999     
         231
   83.4749999999999        626062499.999999     
         131
   83.8249999999999        628687499.999999     
         528
   84.1749999999999        631312499.999999     
         207
   84.5249999999998        633937499.999999     
         297
   84.8749999999998        636562499.999999     
         496
   85.2249999999998        639187499.999999     
          14
   85.5749999999998        641812499.999999     
         172
   85.9249999999998        644437499.999999     
         407
   86.2749999999998        647062499.999999     
         290
   86.6249999999998        649687499.999999     
         399
   86.9749999999998        652312499.999999     
         128
   87.3249999999998        654937499.999999     
         455
   87.6749999999998        657562499.999998     
         387
   88.0249999999998        660187499.999998     
         123
   88.3749999999998        662812499.999998     
         226
   88.7249999999998        665437499.999998     
         289
   89.0749999999998        668062499.999998     
         457
   89.4249999999998        670687499.999998     
          24
   89.7749999999998        673312499.999998     
         508
   90.1249999999998        675937499.999998     
         262
   90.4749999999998        678562499.999998     
         199
   90.8249999999997        681187499.999998     
         409
   91.1749999999997        683812499.999998     
         320
   91.5249999999997        686437499.999998     
         440
   91.8749999999997        689062499.999998     
         160
   92.2249999999997        691687499.999998     
         526
   92.5749999999997        694312499.999998     
          52
   92.9249999999997        696937499.999998     
         317
   93.2749999999997        699562499.999998     
         512
   93.6249999999997        702187499.999998     
         251
   93.9749999999997        704812499.999998     
         140
   94.3249999999997        707437499.999998     
         156
   94.6749999999997        710062499.999998     
         410
   95.0249999999997        712687499.999998     
         298
   95.3749999999997        715312499.999997     
         353
   95.7249999999997        717937499.999997     
         227
   96.0749999999997        720562499.999997     
         341
   96.4249999999997        723187499.999997     
         124
   96.7749999999997        725812499.999997     
         384
   97.1249999999996        728437499.999997     
         286
   97.4749999999996        731062499.999997     
          15
   97.8249999999996        733687499.999997     
          79
   98.1749999999996        736312499.999997     
          27
   98.5249999999996        738937499.999997     
         481
   98.8749999999996        741562499.999997     
          92
   99.2249999999996        744187499.999997     
          97
   99.5749999999996        746812499.999997     
         429
   99.9249999999996        749437499.999997     
         333
   100.275000000000        752062499.999997     
         370
   100.625000000000        754687499.999997     
          62
   100.975000000000        757312499.999997     
          54
   101.325000000000        759937499.999997     
         253
   101.675000000000        762562499.999997     
         351
   102.025000000000        765187499.999997     
         162
   102.375000000000        767812499.999997     
         532
   102.725000000000        770437499.999997     
         329
   103.075000000000        773062499.999997     
          18
   103.425000000000        775687499.999997     
          57
   103.775000000000        778312499.999997     
         114
   104.125000000000        780937499.999996     
         231
   104.475000000000        783562499.999996     
         117
   104.825000000000        786187499.999996     
         250
   105.175000000000        788812499.999996     
         175
   105.525000000000        791437499.999996     
         293
   105.875000000000        794062499.999996     
         323
   106.224999999999        796687499.999996     
         435
   106.574999999999        799312499.999996     
         352
   106.924999999999        801937499.999996     
         387
   107.274999999999        804562499.999996     
         310
   107.624999999999        807187499.999996     
         331
   107.974999999999        809812499.999996     
         428
   108.324999999999        812437499.999996     
         137
   108.674999999999        815062499.999996     
         247
   109.024999999999        817687499.999996     
         259
   109.374999999999        820312499.999996     
          14
   109.724999999999        822937499.999996     
         229
   110.074999999999        825562499.999996     
         462
   110.424999999999        828187499.999996     
         155
   110.774999999999        830812499.999996     
         161
   111.124999999999        833437499.999996     
         214
   111.474999999999        836062499.999996     
         291
   111.824999999999        838687499.999996     
          18
   112.174999999999        841312499.999995     
          63
   112.524999999999        843937499.999995     
         102
   112.874999999999        846562499.999995     
          86
   113.224999999999        849187499.999995     
          72
   113.574999999999        851812499.999995     
         423
   113.924999999999        854437499.999995     
         486
   114.274999999999        857062499.999995     
         121
   114.624999999999        859687499.999995     
          56
   114.974999999999        862312499.999995     
         301
   115.324999999999        864937499.999995     
         510
   115.674999999999        867562499.999995     
         412
   116.024999999999        870187499.999995     
         181
   116.374999999999        872812499.999995     
         475
   116.724999999999        875437499.999995     
           9
   117.074999999999        878062499.999995     
          11
   117.424999999999        880687499.999995     
         471
   117.774999999999        883312499.999995     
          81
   118.124999999999        885937499.999995     
         506
   118.474999999999        888562499.999995     
         266
   118.824999999999        891187499.999995     
         106
   119.174999999999        893812499.999995     
          13
   119.524999999999        896437499.999995     
         369
   119.874999999999        899062499.999995     
         314
   120.224999999999        901687499.999995     
         306
   120.574999999999        904312499.999995     
         121
   120.924999999999        906937499.999994     
         453
   121.274999999999        909562499.999994     
         536
   121.624999999999        912187499.999994     
         237
   121.974999999999        914812499.999994     
         189
   122.324999999999        917437499.999994     
         116
   122.674999999999        920062499.999994     
         269
   123.024999999999        922687499.999994     
         527
   123.374999999999        925312499.999994     
         422
   123.724999999999        927937499.999994     
         121
   124.074999999999        930562499.999994     
         381
   124.424999999999        933187499.999994     
         283
   124.774999999999        935812499.999994     
         301
   125.124999999999        938437499.999994     
         264
   125.474999999999        941062499.999994     
         344
   125.824999999999        943687499.999994     
         383
   126.174999999999        946312499.999994     
         113
   126.524999999999        948937499.999994     
         221
   126.874999999999        951562499.999994     
         130
   127.224999999999        954187499.999994     
         255
   127.574999999999        956812499.999994     
         330
   127.924999999999        959437499.999994     
         322
   128.274999999999        962062499.999993     
         162
   128.624999999999        964687499.999993     
         217
   128.974999999999        967312499.999993     
         500
   129.324999999999        969937499.999993     
          93
   129.674999999999        972562499.999993     
         446
   130.024999999999        975187499.999993     
         433
   130.374999999999        977812499.999993     
         168
   130.724999999999        980437499.999993     
         482
   131.074999999999        983062499.999993     
         337
   131.424999999999        985687499.999993     
         419
   131.774999999999        988312499.999993     
          89
   132.124999999999        990937499.999993     
         535
   132.474999999999        993562499.999993     
         254
   132.824999999999        996187499.999993     
         319
   133.174999999999        998812499.999993     
         349
   133.524999999999        1001437499.99999     
         234
   133.874999999999        1004062499.99999     
         387
   134.224999999999        1006687499.99999     
         263
   134.574999999999        1009312499.99999     
         458
   134.924999999999        1011937499.99999     
         366
   135.274999999999        1014562499.99999     
         236
   135.624999999999        1017187499.99999     
         405
   135.974999999999        1019812499.99999     
         463
   136.324999999999        1022437499.99999     
         198
   136.674999999999        1025062499.99999     
         197
   137.024999999999        1027687499.99999     
         160
   137.374999999999        1030312499.99999     
          69
   137.724999999999        1032937499.99999     
         460
   138.074999999999        1035562499.99999     
         301
   138.424999999999        1038187499.99999     
         485
   138.774999999999        1040812499.99999     
         459
   139.124999999999        1043437499.99999     
         118
   139.474999999999        1046062499.99999     
         307
   139.824999999999        1048687499.99999     
         334
   140.174999999999        1051312499.99999     
         130
   140.524999999999        1053937499.99999     
         457
   140.874999999999        1056562499.99999     
          65
   141.224999999999        1059187499.99999     
         191
   141.574999999999        1061812499.99999     
         132
   141.924999999999        1064437499.99999     
         322
   142.274999999999        1067062499.99999     
         287
   142.624999999999        1069687499.99999     
         116
   142.974999999999        1072312499.99999     
         188
   143.324999999999        1074937499.99999     
          34
   143.674999999999        1077562499.99999     
         419
   144.024999999999        1080187499.99999     
         161
   144.374999999999        1082812499.99999     
          59
   144.724999999999        1085437499.99999     
          68
   145.074999999999        1088062499.99999     
         419
   145.424999999999        1090687499.99999     
          91
   145.774999999999        1093312499.99999     
          60
   146.124999999999        1095937499.99999     
         401
   146.474999999999        1098562499.99999     
         507
   146.824999999999        1101187499.99999     
         437
   147.174999999999        1103812499.99999     
          31
   147.524999999999        1106437499.99999     
         461
   147.874999999999        1109062499.99999     
         491
   148.224999999999        1111687499.99999     
         412
   148.574999999999        1114312499.99999     
         132
   148.924999999999        1116937499.99999     
         114
   149.274999999999        1119562499.99999     
         440
   149.624999999999        1122187499.99999     
          15
   149.974999999999        1124812499.99999     
         436
   150.324999999999        1127437499.99999     
         362
   150.674999999999        1130062499.99999     
         465
   151.024999999999        1132687499.99999     
          41
   151.374999999999        1135312499.99999     
         332
   151.724999999999        1137937499.99999     
         380
   152.074999999999        1140562499.99999     
         223
   152.424999999999        1143187499.99999     
           5
   152.774999999999        1145812499.99999     
         474
   153.124999999999        1148437499.99999     
         513
   153.474999999999        1151062499.99999     
         411
   153.824999999999        1153687499.99999     
         259
   154.174999999999        1156312499.99999     
         455
   154.524999999999        1158937499.99999     
          79
   154.874999999999        1161562499.99999     
         522
   155.224999999999        1164187499.99999     
         303
   155.574999999999        1166812499.99999     
         121
   155.924999999999        1169437499.99999     
         251
   156.274999999999        1172062499.99999     
         167
   156.624999999999        1174687499.99999     
         332
   156.974999999999        1177312499.99999     
         449
   157.324999999999        1179937499.99999     
          34
   157.674999999999        1182562499.99999     
         273
   158.024999999999        1185187499.99999     
         499
   158.374999999999        1187812499.99999     
         291
   158.724999999999        1190437499.99999     
         241
   159.074999999999        1193062499.99999     
         453
   159.424999999999        1195687499.99999     
         254
   159.774999999999        1198312499.99999     
         471
   160.124999999999        1200937499.99999     
         150
   160.474999999999        1203562499.99999     
         463
   160.824999999999        1206187499.99999     
         502
   161.174999999999        1208812499.99999     
         242
   161.524999999999        1211437499.99999     
          71
   161.874999999999        1214062499.99999     
         538
   162.224999999999        1216687499.99999     
         322
   162.574999999999        1219312499.99999     
         419
   162.924999999999        1221937499.99999     
         411
   163.274999999999        1224562499.99999     
          42
   163.624999999999        1227187499.99999     
         514
   163.974999999999        1229812499.99999     
         514
   164.324999999999        1232437499.99999     
         228
   164.674999999999        1235062499.99999     
         147
   165.024999999999        1237687499.99999     
         180
   165.374999999999        1240312499.99999     
          97
   165.724999999999        1242937499.99999     
         156
   166.074999999999        1245562499.99999     
         446
   166.424999999999        1248187499.99999     
         130
   166.774999999998        1250812499.99999     
         270
   167.124999999998        1253437499.99999     
          38
   167.474999999998        1256062499.99999     
         321
   167.824999999998        1258687499.99999     
         490
   168.174999999998        1261312499.99999     
           5
   168.524999999998        1263937499.99999     
         440
   168.874999999998        1266562499.99999     
         141
   169.224999999998        1269187499.99999     
         272
   169.574999999998        1271812499.99999     
         404
   169.924999999998        1274437499.99999     
         163
   170.274999999998        1277062499.99999     
         448
   170.624999999998        1279687499.99999     
         250
   170.974999999998        1282312499.99999     
         103
   171.324999999998        1284937499.99999     
         264
   171.674999999998        1287562499.99999     
         313
   172.024999999998        1290187499.99999     
          60
   172.374999999998        1292812499.99999     
         155
   172.724999999998        1295437499.99999     
          22
   173.074999999998        1298062499.99999     
          47
   173.424999999998        1300687499.99999     
         301
   173.774999999998        1303312499.99999     
         507
   174.124999999998        1305937499.99999     
         234
   174.474999999998        1308562499.99999     
         475
   174.824999999998        1311187499.99999     
         181
   175.174999999998        1313812499.99999     
         387
   175.524999999998        1316437499.99999     
           3
   175.874999999998        1319062499.99999     
         307
   176.224999999998        1321687499.99999     
         227
   176.574999999998        1324312499.99999     
         516
   176.924999999998        1326937499.99999     
         272
   177.274999999998        1329562499.99999     
         201
   177.624999999998        1332187499.99999     
         510
   177.974999999998        1334812499.99999     
         531
   178.324999999998        1337437499.99999     
         103
   178.674999999998        1340062499.99999     
         515
   179.024999999998        1342687499.99999     
         336
   179.374999999998        1345312499.99999     
         103
   179.724999999998        1347937499.99999     
          55
   180.074999999998        1350562499.99999     
         452
   180.424999999998        1353187499.99999     
         456
   180.774999999998        1355812499.99999     
         438
   181.124999999998        1358437499.99999     
         463
   181.474999999998        1361062499.99999     
         503
   181.824999999998        1363687499.99999     
         436
   182.174999999998        1366312499.99999     
         429
   182.524999999998        1368937499.99999     
         206
   182.874999999998        1371562499.99999     
         117
   183.224999999998        1374187499.99999     
         333
   183.574999999998        1376812499.99999     
         313
   183.924999999998        1379437499.99999     
         259
   184.274999999998        1382062499.99999     
         324
   184.624999999998        1384687499.99999     
         151
   184.974999999998        1387312499.99999     
         298
   185.324999999998        1389937499.99999     
         413
   185.674999999998        1392562499.99999     
         532
   186.024999999998        1395187499.99999     
         251
   186.374999999998        1397812499.99999     
         275
   186.724999999998        1400437499.99999     
         302
   187.074999999998        1403062499.99999     
         380
   187.424999999998        1405687499.99999     
         344
   187.774999999998        1408312499.99999     
         293
   188.124999999998        1410937499.99999     
         400
   188.474999999998        1413562499.99999     
          36
   188.824999999998        1416187499.99999     
         454
   189.174999999998        1418812499.99999     
         400
   189.524999999998        1421437499.99999     
         127
   189.874999999998        1424062499.99999     
         525
   190.224999999998        1426687499.99999     
         516
   190.574999999998        1429312499.99999     
         272
   190.924999999998        1431937499.99999     
         498
   191.274999999998        1434562499.99999     
         242
   191.624999999998        1437187499.99999     
         250
   191.974999999998        1439812499.99999     
         235
   192.324999999998        1442437499.99999     
         422
   192.674999999998        1445062499.99999     
          48
   193.024999999998        1447687499.99999     
         312
   193.374999999998        1450312499.99999     
         145
   193.724999999998        1452937499.99999     
          13
   194.074999999998        1455562499.99999     
          42
   194.424999999998        1458187499.99999     
         335
   194.774999999998        1460812499.99999     
         228
   195.124999999998        1463437499.99999     
         477
   195.474999999998        1466062499.99999     
         527
   195.824999999998        1468687499.99999     
         498
   196.174999999998        1471312499.99999     
         467
   196.524999999998        1473937499.99999     
         158
   196.874999999998        1476562499.99998     
         479
   197.224999999998        1479187499.99998     
         507
   197.574999999998        1481812499.99998     
         256
   197.924999999998        1484437499.99998     
         437
   198.274999999998        1487062499.99998     
         183
   198.624999999998        1489687499.99998     
         258
   198.974999999998        1492312499.99998     
         326
   199.324999999998        1494937499.99998     
         291
   199.674999999998        1497562499.99998     
          92
   200.024999999998        1500187499.99998     
         311
   200.374999999998        1502812499.99998     
         284
   200.724999999998        1505437499.99998     
         428
   201.074999999998        1508062499.99998     
         317
   201.424999999998        1510687499.99998     
          68
   201.774999999998        1513312499.99998     
         468
   202.124999999998        1515937499.99998     
         242
   202.474999999998        1518562499.99998     
         229
   202.824999999998        1521187499.99998     
         337
   203.174999999998        1523812499.99998     
          25
   203.524999999998        1526437499.99998     
          23
   203.874999999998        1529062499.99998     
          14
   204.224999999998        1531687499.99998     
         300
   204.574999999998        1534312499.99998     
          18
   204.924999999998        1536937499.99998     
         246
   205.274999999998        1539562499.99998     
         101
   205.624999999998        1542187499.99998     
         309
   205.974999999998        1544812499.99998     
         265
   206.324999999998        1547437499.99998     
         295
   206.674999999998        1550062499.99998     
           5
   207.024999999998        1552687499.99998     
         470
   207.374999999998        1555312499.99998     
         418
   207.724999999998        1557937499.99998     
         365
   208.074999999998        1560562499.99998     
         151
   208.424999999998        1563187499.99998     
          40
   208.774999999998        1565812499.99998     
         465
   209.124999999998        1568437499.99998     
          45
   209.474999999998        1571062499.99998     
          15
   209.824999999998        1573687499.99998     
         152
   210.174999999998        1576312499.99998     
          37
   210.524999999998        1578937499.99998     
         347
   210.874999999998        1581562499.99998     
         455
   211.224999999998        1584187499.99998     
           4
   211.574999999998        1586812499.99998     
         420
   211.924999999998        1589437499.99998     
         476
   212.274999999998        1592062499.99998     
         168
   212.624999999998        1594687499.99998     
         507
   212.974999999998        1597312499.99998     
         190
   213.324999999998        1599937499.99998     
         112
   213.674999999998        1602562499.99998     
         123
   214.024999999998        1605187499.99998     
         103
   214.374999999998        1607812499.99998     
          87
   214.724999999998        1610437499.99998     
         277
   215.074999999998        1613062499.99998     
         417
   215.424999999998        1615687499.99998     
         220
   215.774999999998        1618312499.99998     
         377
   216.124999999998        1620937499.99998     
         388
   216.474999999998        1623562499.99998     
         276
   216.824999999998        1626187499.99998     
         204
   217.174999999998        1628812499.99998     
         107
   217.524999999998        1631437499.99998     
         531
   217.874999999998        1634062499.99998     
         133
   218.224999999998        1636687499.99998     
         163
   218.574999999998        1639312499.99998     
         264
   218.924999999998        1641937499.99998     
         475
   219.274999999998        1644562499.99998     
          37
   219.624999999998        1647187499.99998     
         345
   219.974999999998        1649812499.99998     
         277
   220.324999999998        1652437499.99998     
         291
   220.674999999998        1655062499.99998     
          37
   221.024999999998        1657687499.99998     
         502
   221.374999999998        1660312499.99998     
         260
   221.724999999998        1662937499.99998     
         281
   222.074999999998        1665562499.99998     
         372
   222.424999999998        1668187499.99998     
          80
   222.774999999998        1670812499.99998     
         222
   223.124999999998        1673437499.99998     
         453
   223.474999999998        1676062499.99998     
         486
   223.824999999998        1678687499.99998     
         486
   224.174999999998        1681312499.99998     
         462
   224.524999999998        1683937499.99998     
          67
   224.874999999998        1686562499.99998     
         149
   225.224999999998        1689187499.99998     
         320
   225.574999999998        1691812499.99998     
          83
   225.924999999998        1694437499.99998     
          59
   226.274999999998        1697062499.99998     
          98
   226.624999999998        1699687499.99998     
         367
   226.974999999998        1702312499.99998     
         200
   227.324999999998        1704937499.99998     
         403
   227.674999999998        1707562499.99998     
         288
   228.024999999998        1710187499.99998     
         461
   228.374999999997        1712812499.99998     
         111
   228.724999999997        1715437499.99998     
         448
   229.074999999997        1718062499.99998     
         435
   229.424999999997        1720687499.99998     
          93
   229.774999999997        1723312499.99998     
         414
   230.124999999997        1725937499.99998     
         162
   230.474999999997        1728562499.99998     
         438
   230.824999999997        1731187499.99998     
         223
   231.174999999997        1733812499.99998     
         132
   231.524999999997        1736437499.99998     
          88
   231.874999999997        1739062499.99998     
         179
   232.224999999997        1741687499.99998     
          78
   232.574999999997        1744312499.99998     
         355
   232.924999999997        1746937499.99998     
         187
   233.274999999997        1749562499.99998     
         314
   233.624999999997        1752187499.99998     
         166
   233.974999999997        1754812499.99998     
         453
   234.324999999997        1757437499.99998     
         449
   234.674999999997        1760062499.99998     
         530
   235.024999999997        1762687499.99998     
          13
   235.374999999997        1765312499.99998     
         175
   235.724999999997        1767937499.99998     
         120
   236.074999999997        1770562499.99998     
         468
   236.424999999997        1773187499.99998     
         173
   236.774999999997        1775812499.99998     
         385
   237.124999999997        1778437499.99998     
         116
   237.474999999997        1781062499.99998     
         533
   237.824999999997        1783687499.99998     
         336
   238.174999999997        1786312499.99998     
         248
   238.524999999997        1788937499.99998     
         531
   238.874999999997        1791562499.99998     
          33
   239.224999999997        1794187499.99998     
         118
   239.574999999997        1796812499.99998     
         202
   239.924999999997        1799437499.99998     
         340
   240.274999999997        1802062499.99998     
          99
   240.624999999997        1804687499.99998     
         264
   240.974999999997        1807312499.99998     
         263
   241.324999999997        1809937499.99998     
         472
   241.674999999997        1812562499.99998     
           6
   242.024999999997        1815187499.99998     
         466
   242.374999999997        1817812499.99998     
         517
   242.724999999997        1820437499.99998     
         346
   243.074999999997        1823062499.99998     
         363
   243.424999999997        1825687499.99998     
         123
   243.774999999997        1828312499.99998     
         431
   244.124999999997        1830937499.99998     
         332
   244.474999999997        1833562499.99998     
         391
   244.824999999997        1836187499.99998     
          42
   245.174999999997        1838812499.99998     
         471
   245.524999999997        1841437499.99998     
         343
   245.874999999997        1844062499.99998     
         106
   246.224999999997        1846687499.99998     
           4
   246.574999999997        1849312499.99998     
         510
   246.924999999997        1851937499.99998     
         162
   247.274999999997        1854562499.99998     
         395
   247.624999999997        1857187499.99998     
         525
   247.974999999997        1859812499.99998     
         194
   248.324999999997        1862437499.99998     
         313
   248.674999999997        1865062499.99998     
         526
   249.024999999997        1867687499.99998     
         227
   249.374999999997        1870312499.99998     
         347
   249.724999999997        1872937499.99998     
         106
   250.074999999997        1875562499.99998     
         168
   250.424999999997        1878187499.99998     
          69
   250.774999999997        1880812499.99998     
         162
   251.124999999997        1883437499.99998     
         233
   251.474999999997        1886062499.99998     
         381
   251.824999999997        1888687499.99998     
         243
   252.174999999997        1891312499.99998     
         308
   252.524999999997        1893937499.99998     
         426
   252.874999999997        1896562499.99998     
         463
   253.224999999997        1899187499.99998     
         395
   253.574999999997        1901812499.99998     
         247
   253.924999999997        1904437499.99998     
         305
   254.274999999997        1907062499.99998     
         318
   254.624999999997        1909687499.99998     
         327
   254.974999999997        1912312499.99998     
         138
   255.324999999997        1914937499.99998     
         106
   255.674999999997        1917562499.99998     
          12
   256.024999999997        1920187499.99998     
         217
   256.374999999997        1922812499.99998     
         130
   256.724999999997        1925437499.99998     
         517
   257.074999999997        1928062499.99998     
         342
   257.424999999997        1930687499.99998     
          43
   257.774999999997        1933312499.99998     
         421
   258.124999999997        1935937499.99998     
         281
   258.474999999997        1938562499.99998     
         453
   258.824999999997        1941187499.99998     
         277
   259.174999999997        1943812499.99998     
         319
   259.524999999997        1946437499.99998     
         373
   259.874999999997        1949062499.99998     
          43
   260.224999999997        1951687499.99998     
          55
   260.574999999997        1954312499.99998     
         425
   260.924999999997        1956937499.99998     
         350
   261.274999999997        1959562499.99998     
         210
   261.624999999997        1962187499.99998     
         134
   261.974999999997        1964812499.99998     
         428
   262.324999999997        1967437499.99998     
         419
   262.674999999998        1970062499.99998     
         195
   263.024999999998        1972687499.99998     
         289
   263.374999999998        1975312499.99998     
         143
   263.724999999998        1977937499.99998     
          58
   264.074999999998        1980562499.99998     
         537
   264.424999999998        1983187499.99998     
          20
   264.774999999998        1985812499.99998     
          43
   265.124999999998        1988437499.99998     
         170
   265.474999999998        1991062499.99998     
         513
   265.824999999998        1993687499.99998     
         157
   266.174999999998        1996312499.99998     
         185
   266.524999999998        1998937499.99998     
         153
   266.874999999998        2001562499.99998     
           3
   267.224999999998        2004187499.99998     
         320
   267.574999999998        2006812499.99998     
         329
   267.924999999998        2009437499.99998     
          71
   268.274999999998        2012062499.99998     
         182
   268.624999999998        2014687499.99998     
         285
   268.974999999998        2017312499.99998     
         286
   269.324999999998        2019937499.99998     
         282
   269.674999999998        2022562499.99998     
          85
   270.024999999998        2025187499.99998     
          18
   270.374999999998        2027812499.99998     
         146
   270.724999999998        2030437499.99999     
          56
   271.074999999998        2033062499.99999     
         133
   271.424999999998        2035687499.99999     
         512
   271.774999999998        2038312499.99999     
         399
   272.124999999998        2040937499.99999     
         163
   272.474999999998        2043562499.99999     
         246
   272.824999999998        2046187499.99999     
          52
   273.174999999998        2048812499.99999     
         358
   273.524999999998        2051437499.99999     
         148
   273.874999999998        2054062499.99999     
           7
   274.224999999998        2056687499.99999     
         182
   274.574999999998        2059312499.99999     
          26
   274.924999999998        2061937499.99999     
         103
   275.274999999998        2064562499.99999     
         133
   275.624999999998        2067187499.99999     
         308
   275.974999999998        2069812499.99999     
         161
   276.324999999998        2072437499.99999     
         221
   276.674999999998        2075062499.99999     
         401
   277.024999999998        2077687499.99999     
         482
   277.374999999998        2080312499.99999     
         337
   277.724999999998        2082937499.99999     
         133
   278.074999999999        2085562499.99999     
         313
   278.424999999999        2088187499.99999     
         443
   278.774999999999        2090812499.99999     
          39
   279.124999999999        2093437499.99999     
         426
   279.474999999999        2096062499.99999     
         499
   279.824999999999        2098687499.99999     
         240
   280.174999999999        2101312499.99999     
          77
   280.524999999999        2103937499.99999     
         151
   280.874999999999        2106562499.99999     
         137
   281.224999999999        2109187499.99999     
         490
   281.574999999999        2111812499.99999     
          33
   281.924999999999        2114437499.99999     
         504
   282.274999999999        2117062499.99999     
          38
   282.624999999999        2119687499.99999     
         493
   282.974999999999        2122312499.99999     
          26
   283.324999999999        2124937499.99999     
         282
   283.674999999999        2127562499.99999     
         519
   284.024999999999        2130187499.99999     
         245
   284.374999999999        2132812499.99999     
         253
   284.724999999999        2135437499.99999     
         320
   285.074999999999        2138062499.99999     
         503
   285.424999999999        2140687499.99999     
         285
   285.774999999999        2143312499.99999     
         230
   286.124999999999        2145937499.99999     
         228
   286.474999999999        2148562499.99999     
          62
   286.824999999999        2151187499.99999     
         318
   287.174999999999        2153812499.99999     
         379
   287.524999999999        2156437499.99999     
         436
   287.874999999999        2159062499.99999     
         488
   288.224999999999        2161687499.99999     
         252
   288.574999999999        2164312499.99999     
         183
   288.924999999999        2166937499.99999     
          65
   289.274999999999        2169562499.99999     
          66
   289.624999999999        2172187499.99999     
          99
   289.974999999999        2174812499.99999     
         149
   290.324999999999        2177437499.99999     
         276
   290.674999999999        2180062499.99999     
         200
   291.024999999999        2182687500.00000     
         492
   291.374999999999        2185312500.00000     
          95
   291.724999999999        2187937500.00000     
         270
   292.074999999999        2190562500.00000     
         397
   292.424999999999        2193187500.00000     
         476
   292.774999999999        2195812500.00000     
         440
   293.124999999999        2198437500.00000     
         138
   293.475000000000        2201062500.00000     
         198
   293.825000000000        2203687500.00000     
          93
   294.175000000000        2206312500.00000     
         412
   294.525000000000        2208937500.00000     
          86
   294.875000000000        2211562500.00000     
         258
   295.225000000000        2214187500.00000     
         156
   295.575000000000        2216812500.00000     
         442
   295.925000000000        2219437500.00000     
         157
   296.275000000000        2222062500.00000     
         480
   296.625000000000        2224687500.00000     
         523
   296.975000000000        2227312500.00000     
          65
   297.325000000000        2229937500.00000     
         220
   297.675000000000        2232562500.00000     
          88
   298.025000000000        2235187500.00000     
          52
   298.375000000000        2237812500.00000     
         428
   298.725000000000        2240437500.00000     
         155
   299.075000000000        2243062500.00000     
         230
   299.425000000000        2245687500.00000     
          96
   299.775000000000        2248312500.00000     
         357
   300.125000000000        2250937500.00000     
         535
   300.475000000000        2253562500.00000     
         256
   300.825000000000        2256187500.00000     
          65
   301.175000000000        2258812500.00000     
         204
   301.525000000000        2261437500.00000     
         198
   301.875000000000        2264062500.00000     
         114
   302.225000000000        2266687500.00000     
         239
   302.575000000000        2269312500.00000     
         507
   302.925000000000        2271937500.00000     
          36
   303.275000000000        2274562500.00000     
         331
   303.625000000000        2277187500.00000     
         143
   303.975000000000        2279812500.00000     
         487
   304.325000000000        2282437500.00000     
         478
   304.675000000000        2285062500.00000     
         484
   305.025000000000        2287687500.00000     
         276
   305.375000000000        2290312500.00000     
         330
   305.725000000000        2292937500.00000     
         392
   306.075000000000        2295562500.00000     
         420
   306.425000000000        2298187500.00000     
         401
   306.775000000000        2300812500.00000     
          51
   307.125000000000        2303437500.00000     
         314
   307.475000000000        2306062500.00000     
          26
   307.825000000000        2308687500.00000     
         328
   308.175000000000        2311312500.00000     
         100
   308.525000000000        2313937500.00000     
         235
   308.875000000001        2316562500.00000     
         241
   309.225000000001        2319187500.00000     
         345
   309.575000000001        2321812500.00000     
          90
   309.925000000001        2324437500.00000     
         330
   310.275000000001        2327062500.00000     
          30
   310.625000000001        2329687500.00000     
         141
   310.975000000001        2332312500.00000     
         359
   311.325000000001        2334937500.00001     
         128
   311.675000000001        2337562500.00001     
         287
   312.025000000001        2340187500.00001     
         289
   312.375000000001        2342812500.00001     
         141
   312.725000000001        2345437500.00001     
         319
   313.075000000001        2348062500.00001     
         263
   313.425000000001        2350687500.00001     
          89
   313.775000000001        2353312500.00001     
         278
   314.125000000001        2355937500.00001     
         323
   314.475000000001        2358562500.00001     
         470
   314.825000000001        2361187500.00001     
         531
   315.175000000001        2363812500.00001     
         379
   315.525000000001        2366437500.00001     
         280
   315.875000000001        2369062500.00001     
         345
   316.225000000001        2371687500.00001     
         493
   316.575000000001        2374312500.00001     
         537
   316.925000000001        2376937500.00001     
         459
   317.275000000001        2379562500.00001     
         493
   317.625000000001        2382187500.00001     
         211
   317.975000000001        2384812500.00001     
         276
   318.325000000001        2387437500.00001     
         385
   318.675000000001        2390062500.00001     
          50
   319.025000000001        2392687500.00001     
         235
   319.375000000001        2395312500.00001     
         415
   319.725000000001        2397937500.00001     
         303
   320.075000000001        2400562500.00001     
         150
   320.425000000001        2403187500.00001     
         114
   320.775000000001        2405812500.00001     
         462
   321.125000000001        2408437500.00001     
         452
   321.475000000001        2411062500.00001     
          12
   321.825000000001        2413687500.00001     
         272
   322.175000000001        2416312500.00001     
         520
   322.525000000001        2418937500.00001     
         101
   322.875000000001        2421562500.00001     
         157
   323.225000000001        2424187500.00001     
         334
   323.575000000001        2426812500.00001     
         247
   323.925000000001        2429437500.00001     
         261
   324.275000000002        2432062500.00001     
         493
   324.625000000002        2434687500.00001     
         412
   324.975000000002        2437312500.00001     
         528
   325.325000000002        2439937500.00001     
         446
   325.675000000002        2442562500.00001     
         302
   326.025000000002        2445187500.00001     
         495
   326.375000000002        2447812500.00001     
         255
   326.725000000002        2450437500.00001     
         510
   327.075000000002        2453062500.00001     
          71
   327.425000000002        2455687500.00001     
         196
   327.775000000002        2458312500.00001     
         167
   328.125000000002        2460937500.00001     
         490
   328.475000000002        2463562500.00001     
         109
   328.825000000002        2466187500.00001     
         304
   329.175000000002        2468812500.00001     
         307
   329.525000000002        2471437500.00001     
         165
   329.875000000002        2474062500.00001     
          55
   330.225000000002        2476687500.00001     
         208
   330.575000000002        2479312500.00001     
         191
   330.925000000002        2481937500.00001     
         195
   331.275000000002        2484562500.00001     
         432
   331.625000000002        2487187500.00001     
         296
   331.975000000002        2489812500.00002     
         315
   332.325000000002        2492437500.00002     
         396
   332.675000000002        2495062500.00002     
         204
   333.025000000002        2497687500.00002     
           3
   333.375000000002        2500312500.00002     
          74
   333.725000000002        2502937500.00002     
         178
   334.075000000002        2505562500.00002     
         159
   334.425000000002        2508187500.00002     
          26
   334.775000000002        2510812500.00002     
         231
   335.125000000002        2513437500.00002     
          89
   335.475000000002        2516062500.00002     
         485
   335.825000000002        2518687500.00002     
         517
   336.175000000002        2521312500.00002     
          68
   336.525000000002        2523937500.00002     
          76
   336.875000000002        2526562500.00002     
         505
   337.225000000002        2529187500.00002     
         302
   337.575000000002        2531812500.00002     
          16
   337.925000000002        2534437500.00002     
         323
   338.275000000002        2537062500.00002     
         256
   338.625000000002        2539687500.00002     
         246
   338.975000000002        2542312500.00002     
         160
   339.325000000002        2544937500.00002     
         160
   339.675000000003        2547562500.00002     
          80
   340.025000000003        2550187500.00002     
         102
   340.375000000003        2552812500.00002     
          51
   340.725000000003        2555437500.00002     
         302
   341.075000000003        2558062500.00002     
         461
   341.425000000003        2560687500.00002     
         378
   341.775000000003        2563312500.00002     
         218
   342.125000000003        2565937500.00002     
           8
   342.475000000003        2568562500.00002     
         450
   342.825000000003        2571187500.00002     
         300
   343.175000000003        2573812500.00002     
         539
   343.525000000003        2576437500.00002     
         515
   343.875000000003        2579062500.00002     
         335
   344.225000000003        2581687500.00002     
         369
   344.575000000003        2584312500.00002     
         107
   344.925000000003        2586937500.00002     
         512
   345.275000000003        2589562500.00002     
         297
   345.625000000003        2592187500.00002     
         403
   345.975000000003        2594812500.00002     
         506
   346.325000000003        2597437500.00002     
         215
   346.675000000003        2600062500.00002     
          45
   347.025000000003        2602687500.00002     
         432
   347.375000000003        2605312500.00002     
         179
   347.725000000003        2607937500.00002     
         148
   348.075000000003        2610562500.00002     
         130
   348.425000000003        2613187500.00002     
         343
   348.775000000003        2615812500.00002     
         415
   349.125000000003        2618437500.00002     
         197
   349.475000000003        2621062500.00002     
         425
   349.825000000003        2623687500.00002     
          16
   350.175000000003        2626312500.00002     
         100
   350.525000000003        2628937500.00002     
         272
   350.875000000003        2631562500.00002     
         233
   351.225000000003        2634187500.00002     
         118
   351.575000000003        2636812500.00002     
          95
   351.925000000003        2639437500.00002     
         505
   352.275000000003        2642062500.00002     
         185
   352.625000000003        2644687500.00003     
         483
   352.975000000003        2647312500.00003     
         281
   353.325000000003        2649937500.00003     
         524
   353.675000000003        2652562500.00003     
         421
   354.025000000003        2655187500.00003     
         233
   354.375000000003        2657812500.00003     
         484
   354.725000000003        2660437500.00003     
          60
   355.075000000004        2663062500.00003     
         239
   355.425000000004        2665687500.00003     
         284
   355.775000000004        2668312500.00003     
         222
   356.125000000004        2670937500.00003     
         293
   356.475000000004        2673562500.00003     
          82
   356.825000000004        2676187500.00003     
          60
   357.175000000004        2678812500.00003     
         216
   357.525000000004        2681437500.00003     
         222
   357.875000000004        2684062500.00003     
         166
   358.225000000004        2686687500.00003     
         408
   358.575000000004        2689312500.00003     
          17
   358.925000000004        2691937500.00003     
         361
   359.275000000004        2694562500.00003     
         483
   359.625000000004        2697187500.00003     
         531
   359.975000000004        2699812500.00003     
         353
   360.325000000004        2702437500.00003     
         107
   360.675000000004        2705062500.00003     
         525
   361.025000000004        2707687500.00003     
         391
   361.375000000004        2710312500.00003     
         310
   361.725000000004        2712937500.00003     
         371
   362.075000000004        2715562500.00003     
         126
   362.425000000004        2718187500.00003     
         158
   362.775000000004        2720812500.00003     
         224
   363.125000000004        2723437500.00003     
         263
   363.475000000004        2726062500.00003     
         224
   363.825000000004        2728687500.00003     
          50
   364.175000000004        2731312500.00003     
         145
   364.525000000004        2733937500.00003     
          50
   364.875000000004        2736562500.00003     
         159
   365.225000000004        2739187500.00003     
         292
   365.575000000004        2741812500.00003     
         375
   365.925000000004        2744437500.00003     
         387
   366.275000000004        2747062500.00003     
         286
   366.625000000004        2749687500.00003     
         160
   366.975000000004        2752312500.00003     
         526
   367.325000000004        2754937500.00003     
          87
   367.675000000004        2757562500.00003     
         502
   368.025000000004        2760187500.00003     
         128
   368.375000000004        2762812500.00003     
         104
   368.725000000004        2765437500.00003     
         109
   369.075000000004        2768062500.00003     
         493
   369.425000000004        2770687500.00003     
          77
   369.775000000004        2773312500.00003     
         401
   370.125000000004        2775937500.00003     
         432
   370.475000000005        2778562500.00003     
         483
   370.825000000005        2781187500.00003     
         313
   371.175000000005        2783812500.00003     
           2
   371.525000000005        2786437500.00003     
         368
   371.875000000005        2789062500.00003     
         438
   372.225000000005        2791687500.00003     
         487
   372.575000000005        2794312500.00003     
          38
   372.925000000005        2796937500.00003     
          71
   373.275000000005        2799562500.00004     
         167
   373.625000000005        2802187500.00004     
           6
   373.975000000005        2804812500.00004     
          38
   374.325000000005        2807437500.00004     
         363
   374.675000000005        2810062500.00004     
         298
   375.025000000005        2812687500.00004     
          81
   375.375000000005        2815312500.00004     
          30
   375.725000000005        2817937500.00004     
         461
   376.075000000005        2820562500.00004     
         382
   376.425000000005        2823187500.00004     
         400
   376.775000000005        2825812500.00004     
         256
   377.125000000005        2828437500.00004     
         183
   377.475000000005        2831062500.00004     
         253
   377.825000000005        2833687500.00004     
         534
   378.175000000005        2836312500.00004     
          94
   378.525000000005        2838937500.00004     
         142
   378.875000000005        2841562500.00004     
         302
   379.225000000005        2844187500.00004     
         109
   379.575000000005        2846812500.00004     
          26
   379.925000000005        2849437500.00004     
         252
   380.275000000005        2852062500.00004     
         298
   380.625000000005        2854687500.00004     
          86
   380.975000000005        2857312500.00004     
         212
   381.325000000005        2859937500.00004     
         132
   381.675000000005        2862562500.00004     
         272
   382.025000000005        2865187500.00004     
         152
   382.375000000005        2867812500.00004     
         503
   382.725000000005        2870437500.00004     
         195
   383.075000000005        2873062500.00004     
         271
   383.425000000005        2875687500.00004     
          53
   383.775000000005        2878312500.00004     
         483
   384.125000000005        2880937500.00004     
         333
   384.475000000005        2883562500.00004     
         172
   384.825000000005        2886187500.00004     
         385
   385.175000000005        2888812500.00004     
         421
   385.525000000005        2891437500.00004     
          50
   385.875000000006        2894062500.00004     
         528
   386.225000000006        2896687500.00004     
         275
   386.575000000006        2899312500.00004     
         243
   386.925000000006        2901937500.00004     
         351
   387.275000000006        2904562500.00004     
         117
   387.625000000006        2907187500.00004     
         296
   387.975000000006        2909812500.00004     
          37
   388.325000000006        2912437500.00004     
         101
   388.675000000006        2915062500.00004     
         534
   389.025000000006        2917687500.00004     
         492
   389.375000000006        2920312500.00004     
         402
   389.725000000006        2922937500.00004     
         241
   390.075000000006        2925562500.00004     
         417
   390.425000000006        2928187500.00004     
         116
   390.775000000006        2930812500.00004     
         429
   391.125000000006        2933437500.00004     
         492
   391.475000000006        2936062500.00004     
         367
   391.825000000006        2938687500.00004     
         150
   392.175000000006        2941312500.00004     
          21
   392.525000000006        2943937500.00004     
         529
   392.875000000006        2946562500.00004     
         149
   393.225000000006        2949187500.00004     
         215
   393.575000000006        2951812500.00005     
         247
   393.925000000006        2954437500.00005     
         135
   394.275000000006        2957062500.00005     
         499
   394.625000000006        2959687500.00005     
         366
   394.975000000006        2962312500.00005     
         363
   395.325000000006        2964937500.00005     
         136
   395.675000000006        2967562500.00005     
          29
   396.025000000006        2970187500.00005     
         173
   396.375000000006        2972812500.00005     
         346
   396.725000000006        2975437500.00005     
         119
   397.075000000006        2978062500.00005     
         198
   397.425000000006        2980687500.00005     
         282
   397.775000000006        2983312500.00005     
         303
   398.125000000006        2985937500.00005     
          50
   398.475000000006        2988562500.00005     
          33
   398.825000000006        2991187500.00005     
          41
   399.175000000006        2993812500.00005     
         424
   399.525000000006        2996437500.00005     
         432
   399.875000000006        2999062500.00005     
         446
   400.225000000006        3001687500.00005     
          15
   400.575000000006        3004312500.00005     
         128
   400.925000000006        3006937500.00005     
         530
   401.275000000007        3009562500.00005     
         166
   401.625000000007        3012187500.00005     
         534
   401.975000000007        3014812500.00005     
         425
   402.325000000007        3017437500.00005     
         177
   402.675000000007        3020062500.00005     
          38
   403.025000000007        3022687500.00005     
         283
   403.375000000007        3025312500.00005     
          45
   403.725000000007        3027937500.00005     
         529
   404.075000000007        3030562500.00005     
         358
   404.425000000007        3033187500.00005     
         488
   404.775000000007        3035812500.00005     
         282
   405.125000000007        3038437500.00005     
         280
   405.475000000007        3041062500.00005     
         515
   405.825000000007        3043687500.00005     
          48
   406.175000000007        3046312500.00005     
         507
   406.525000000007        3048937500.00005     
          38
   406.875000000007        3051562500.00005     
         188
   407.225000000007        3054187500.00005     
         262
   407.575000000007        3056812500.00005     
         346
   407.925000000007        3059437500.00005     
         446
   408.275000000007        3062062500.00005     
         311
   408.625000000007        3064687500.00005     
         235
   408.975000000007        3067312500.00005     
          86
   409.325000000007        3069937500.00005     
         336
   409.675000000007        3072562500.00005     
         500
   410.025000000007        3075187500.00005     
         201
   410.375000000007        3077812500.00005     
         258
   410.725000000007        3080437500.00005     
          93
   411.075000000007        3083062500.00005     
         354
   411.425000000007        3085687500.00005     
         348
   411.775000000007        3088312500.00005     
         259
   412.125000000007        3090937500.00005     
         366
   412.475000000007        3093562500.00005     
         266
   412.825000000007        3096187500.00005     
         170
   413.175000000007        3098812500.00005     
         302
   413.525000000007        3101437500.00005     
         242
   413.875000000007        3104062500.00005     
         478
   414.225000000007        3106687500.00006     
         354
   414.575000000007        3109312500.00006     
         135
   414.925000000007        3111937500.00006     
         465
   415.275000000007        3114562500.00006     
         327
   415.625000000007        3117187500.00006     
         364
   415.975000000007        3119812500.00006     
          46
   416.325000000007        3122437500.00006     
          46
   416.675000000008        3125062500.00006     
         226
   417.025000000008        3127687500.00006     
         389
   417.375000000008        3130312500.00006     
         419
   417.725000000008        3132937500.00006     
         129
   418.075000000008        3135562500.00006     
         298
   418.425000000008        3138187500.00006     
         418
   418.775000000008        3140812500.00006     
         228
   419.125000000008        3143437500.00006     
         218
   419.475000000008        3146062500.00006     
         488
   419.825000000008        3148687500.00006     
