       time        TW        TE         hW        hE
   0.17500E+00   0.29591E+02   0.29259E+02   0.31158E-02  -0.28555E-01
   0.52500E+00   0.28906E+02   0.27867E+02   0.24564E-01  -0.92801E-01
   0.87500E+00   0.28588E+02   0.26357E+02   0.62668E-01  -0.17143E+00
   0.12250E+01   0.28650E+02   0.25130E+02   0.10994E+00  -0.25525E+00
   0.15750E+01   0.28919E+02   0.24497E+02   0.16777E+00  -0.32729E+00
   0.19250E+01   0.29228E+02   0.23655E+02   0.23086E+00  -0.39612E+00
   0.22750E+01   0.29486E+02   0.22954E+02   0.29423E+00  -0.46975E+00
   0.26250E+01   0.29679E+02   0.22860E+02   0.36194E+00  -0.53523E+00
   0.29750E+01   0.29810E+02   0.23161E+02   0.43368E+00  -0.58312E+00
   0.33250E+01   0.29894E+02   0.23789E+02   0.50437E+00  -0.60880E+00
   0.36750E+01   0.29942E+02   0.24537E+02   0.57070E+00  -0.62469E+00
   0.40250E+01   0.29967E+02   0.25421E+02   0.62672E+00  -0.61948E+00
   0.43750E+01   0.29980E+02   0.26296E+02   0.67912E+00  -0.57871E+00
   0.47250E+01   0.29988E+02   0.26978E+02   0.72727E+00  -0.52170E+00
   0.50750E+01   0.29992E+02   0.27548E+02   0.75991E+00  -0.45933E+00
   0.54250E+01   0.29994E+02   0.28026E+02   0.76678E+00  -0.39134E+00
   0.57750E+01   0.29997E+02   0.28413E+02   0.74678E+00  -0.31738E+00
   0.61250E+01   0.29998E+02   0.28727E+02   0.70872E+00  -0.23585E+00
   0.64750E+01   0.29998E+02   0.28980E+02   0.66643E+00  -0.16019E+00
   0.68250E+01   0.29996E+02   0.29195E+02   0.61962E+00  -0.10430E+00
   0.71750E+01   0.29993E+02   0.29295E+02   0.56811E+00  -0.56750E-01
   0.75250E+01   0.29989E+02   0.29237E+02   0.51409E+00  -0.17566E-01
   0.78750E+01   0.29981E+02   0.29072E+02   0.46411E+00   0.81944E-02
   0.82250E+01   0.29970E+02   0.28940E+02   0.42265E+00   0.31771E-01
   0.85750E+01   0.29957E+02   0.28859E+02   0.38519E+00   0.43712E-01
   0.89250E+01   0.29937E+02   0.28780E+02   0.35395E+00   0.41491E-01
   0.92750E+01   0.29915E+02   0.28607E+02   0.33343E+00   0.28749E-01
   0.96250E+01   0.29899E+02   0.28328E+02   0.32445E+00   0.85475E-02
   0.99750E+01   0.29886E+02   0.28143E+02   0.32077E+00  -0.19639E-02
   0.10325E+02   0.29879E+02   0.27991E+02   0.31597E+00  -0.90223E-02
   0.10675E+02   0.29874E+02   0.27752E+02   0.30318E+00  -0.21462E-01
   0.11025E+02   0.29858E+02   0.27518E+02   0.29646E+00  -0.33996E-01
   0.11375E+02   0.29846E+02   0.27400E+02   0.29980E+00  -0.44265E-01
   0.11725E+02   0.29843E+02   0.27336E+02   0.29827E+00  -0.53921E-01
   0.12075E+02   0.29837E+02   0.27027E+02   0.29163E+00  -0.79267E-01
   0.12425E+02   0.29827E+02   0.26651E+02   0.28367E+00  -0.10565E+00
   0.12775E+02   0.29814E+02   0.26548E+02   0.27534E+00  -0.10304E+00
   0.13125E+02   0.29798E+02   0.26410E+02   0.27109E+00  -0.10887E+00
   0.13475E+02   0.29790E+02   0.26135E+02   0.27326E+00  -0.13844E+00
   0.13825E+02   0.29791E+02   0.25915E+02   0.27830E+00  -0.15605E+00
   0.14175E+02   0.29794E+02   0.25743E+02   0.28506E+00  -0.16649E+00
   0.14525E+02   0.29801E+02   0.25632E+02   0.29114E+00  -0.18385E+00
   0.14875E+02   0.29813E+02   0.25532E+02   0.29889E+00  -0.19802E+00
   0.15225E+02   0.29826E+02   0.25287E+02   0.30964E+00  -0.21439E+00
   0.15575E+02   0.29840E+02   0.25055E+02   0.32096E+00  -0.23308E+00
   0.15925E+02   0.29856E+02   0.25173E+02   0.33287E+00  -0.23965E+00
   0.16275E+02   0.29872E+02   0.25117E+02   0.34995E+00  -0.25131E+00
   0.16625E+02   0.29890E+02   0.24764E+02   0.37165E+00  -0.27801E+00
   0.16975E+02   0.29907E+02   0.24525E+02   0.38796E+00  -0.29969E+00
   0.17325E+02   0.29921E+02   0.24424E+02   0.39734E+00  -0.31264E+00
   0.17675E+02   0.29931E+02   0.24460E+02   0.41197E+00  -0.32266E+00
   0.18025E+02   0.29941E+02   0.24673E+02   0.43648E+00  -0.32708E+00
   0.18375E+02   0.29951E+02   0.24975E+02   0.46018E+00  -0.32962E+00
   0.18725E+02   0.29960E+02   0.25383E+02   0.47389E+00  -0.32981E+00
   0.19075E+02   0.29966E+02   0.26146E+02   0.48793E+00  -0.31471E+00
   0.19425E+02   0.29971E+02   0.26855E+02   0.50669E+00  -0.28906E+00
   0.19775E+02   0.29975E+02   0.27418E+02   0.51810E+00  -0.26429E+00
   0.20125E+02   0.29978E+02   0.27982E+02   0.51524E+00  -0.23811E+00
   0.20475E+02   0.29979E+02   0.28368E+02   0.50571E+00  -0.20691E+00
   0.20825E+02   0.29978E+02   0.28571E+02   0.50021E+00  -0.17253E+00
   0.21175E+02   0.29976E+02   0.28783E+02   0.48918E+00  -0.13862E+00
   0.21525E+02   0.29974E+02   0.28950E+02   0.47097E+00  -0.11205E+00
   0.21875E+02   0.29970E+02   0.28561E+02   0.44575E+00  -0.10128E+00
   0.22225E+02   0.29963E+02   0.28173E+02   0.41584E+00  -0.84617E-01
   0.22575E+02   0.29953E+02   0.27936E+02   0.39200E+00  -0.61842E-01
   0.22925E+02   0.29940E+02   0.27603E+02   0.37379E+00  -0.56488E-01
   0.23275E+02   0.29925E+02   0.27520E+02   0.35647E+00  -0.56079E-01
   0.23625E+02   0.29912E+02   0.27337E+02   0.33973E+00  -0.59251E-01
   0.23975E+02   0.29898E+02   0.27170E+02   0.32854E+00  -0.63671E-01
   0.24325E+02   0.29885E+02   0.27097E+02   0.32641E+00  -0.67801E-01
   0.24675E+02   0.29878E+02   0.27037E+02   0.32469E+00  -0.74857E-01
   0.25025E+02   0.29876E+02   0.26848E+02   0.32311E+00  -0.85766E-01
   0.25375E+02   0.29872E+02   0.26471E+02   0.31742E+00  -0.10406E+00
   0.25725E+02   0.29864E+02   0.26393E+02   0.31069E+00  -0.10442E+00
   0.26075E+02   0.29860E+02   0.26380E+02   0.31122E+00  -0.10201E+00
   0.26425E+02   0.29858E+02   0.26162E+02   0.31301E+00  -0.12276E+00
   0.26775E+02   0.29853E+02   0.25936E+02   0.31018E+00  -0.14101E+00
   0.27125E+02   0.29850E+02   0.25778E+02   0.30775E+00  -0.14996E+00
   0.27475E+02   0.29851E+02   0.25677E+02   0.31008E+00  -0.15817E+00
   0.27825E+02   0.29853E+02   0.25480E+02   0.31364E+00  -0.17418E+00
   0.28175E+02   0.29858E+02   0.25220E+02   0.31865E+00  -0.19296E+00
   0.28525E+02   0.29862E+02   0.24899E+02   0.32028E+00  -0.20827E+00
   0.28875E+02   0.29867E+02   0.24615E+02   0.32578E+00  -0.22784E+00
   0.29225E+02   0.29874E+02   0.24490E+02   0.33740E+00  -0.24362E+00
   0.29575E+02   0.29884E+02   0.24400E+02   0.35101E+00  -0.25873E+00
   0.29925E+02   0.29895E+02   0.24330E+02   0.36544E+00  -0.27814E+00
   0.30275E+02   0.29907E+02   0.24339E+02   0.37855E+00  -0.29334E+00
   0.30625E+02   0.29919E+02   0.24381E+02   0.39207E+00  -0.30636E+00
   0.30975E+02   0.29930E+02   0.24567E+02   0.41200E+00  -0.31364E+00
   0.31325E+02   0.29940E+02   0.24856E+02   0.43707E+00  -0.31324E+00
   0.31675E+02   0.29950E+02   0.25021E+02   0.45274E+00  -0.31673E+00
   0.32025E+02   0.29958E+02   0.25570E+02   0.46166E+00  -0.31344E+00
   0.32375E+02   0.29964E+02   0.26271E+02   0.47700E+00  -0.29472E+00
   0.32725E+02   0.29968E+02   0.26417E+02   0.49352E+00  -0.28003E+00
   0.33075E+02   0.29972E+02   0.26154E+02   0.49627E+00  -0.27892E+00
   0.33425E+02   0.29974E+02   0.26012E+02   0.49444E+00  -0.27313E+00
   0.33775E+02   0.29975E+02   0.26109E+02   0.49530E+00  -0.25253E+00
   0.34125E+02   0.29975E+02   0.26067E+02   0.48834E+00  -0.23176E+00
   0.34475E+02   0.29975E+02   0.26108E+02   0.47905E+00  -0.21605E+00
   0.34825E+02   0.29974E+02   0.26435E+02   0.47212E+00  -0.19583E+00
   0.35175E+02   0.29972E+02   0.26524E+02   0.46541E+00  -0.17241E+00
   0.35525E+02   0.29970E+02   0.26369E+02   0.45537E+00  -0.15890E+00
   0.35875E+02   0.29968E+02   0.26523E+02   0.44494E+00  -0.14519E+00
   0.36225E+02   0.29965E+02   0.26939E+02   0.43539E+00  -0.11302E+00
   0.36575E+02   0.29961E+02   0.27188E+02   0.41726E+00  -0.85702E-01
   0.36925E+02   0.29954E+02   0.27113E+02   0.39549E+00  -0.82987E-01
   0.37275E+02   0.29942E+02   0.27057E+02   0.38151E+00  -0.78615E-01
   0.37625E+02   0.29933E+02   0.27112E+02   0.37295E+00  -0.65625E-01
   0.37975E+02   0.29925E+02   0.27085E+02   0.35811E+00  -0.67571E-01
   0.38325E+02   0.29915E+02   0.26927E+02   0.34179E+00  -0.79892E-01
   0.38675E+02   0.29903E+02   0.26616E+02   0.32691E+00  -0.86719E-01
   0.39025E+02   0.29886E+02   0.26432E+02   0.31631E+00  -0.88881E-01
   0.39375E+02   0.29874E+02   0.26490E+02   0.31612E+00  -0.90202E-01
   0.39725E+02   0.29870E+02   0.26473E+02   0.31654E+00  -0.10018E+00
   0.40075E+02   0.29870E+02   0.26258E+02   0.31735E+00  -0.11555E+00
   0.40425E+02   0.29870E+02   0.26011E+02   0.31789E+00  -0.12806E+00
   0.40775E+02   0.29864E+02   0.25909E+02   0.31184E+00  -0.13057E+00
   0.41125E+02   0.29856E+02   0.25854E+02   0.31048E+00  -0.13062E+00
   0.41475E+02   0.29857E+02   0.25795E+02   0.31669E+00  -0.14519E+00
   0.41825E+02   0.29860E+02   0.25787E+02   0.32090E+00  -0.15745E+00
   0.42175E+02   0.29859E+02   0.25775E+02   0.31905E+00  -0.16442E+00
   0.42525E+02   0.29861E+02   0.25556E+02   0.32172E+00  -0.17968E+00
   0.42875E+02   0.29867E+02   0.25374E+02   0.33077E+00  -0.19111E+00
   0.43225E+02   0.29873E+02   0.25280E+02   0.33755E+00  -0.19936E+00
   0.43575E+02   0.29878E+02   0.25186E+02   0.33918E+00  -0.21139E+00
   0.43925E+02   0.29883E+02   0.25132E+02   0.34224E+00  -0.22094E+00
   0.44275E+02   0.29891E+02   0.24953E+02   0.35477E+00  -0.23246E+00
   0.44625E+02   0.29901E+02   0.24653E+02   0.36468E+00  -0.24871E+00
   0.44975E+02   0.29910E+02   0.24544E+02   0.37175E+00  -0.25911E+00
   0.45325E+02   0.29917E+02   0.24634E+02   0.38004E+00  -0.26707E+00
   0.45675E+02   0.29924E+02   0.24975E+02   0.39660E+00  -0.26834E+00
   0.46025E+02   0.29933E+02   0.25425E+02   0.41233E+00  -0.26487E+00
   0.46375E+02   0.29941E+02   0.25546E+02   0.42336E+00  -0.27150E+00
   0.46725E+02   0.29948E+02   0.25165E+02   0.43481E+00  -0.28255E+00
   0.47075E+02   0.29954E+02   0.25172E+02   0.44099E+00  -0.27994E+00
   0.47425E+02   0.29958E+02   0.25653E+02   0.45144E+00  -0.26534E+00
   0.47775E+02   0.29961E+02   0.25609E+02   0.45932E+00  -0.26081E+00
   0.48125E+02   0.29964E+02   0.25718E+02   0.45750E+00  -0.25752E+00
   0.48475E+02   0.29966E+02   0.26088E+02   0.45768E+00  -0.24114E+00
   0.48825E+02   0.29966E+02   0.26386E+02   0.45903E+00  -0.22057E+00
   0.49175E+02   0.29966E+02   0.26418E+02   0.46046E+00  -0.20711E+00
   0.49525E+02   0.29966E+02   0.26389E+02   0.46062E+00  -0.19836E+00
   0.49875E+02   0.29965E+02   0.26612E+02   0.45459E+00  -0.18431E+00
   0.50225E+02   0.29963E+02   0.26964E+02   0.44172E+00  -0.15893E+00
   0.50575E+02   0.29960E+02   0.27203E+02   0.42854E+00  -0.13406E+00
   0.50925E+02   0.29956E+02   0.26970E+02   0.42017E+00  -0.12720E+00
   0.51275E+02   0.29951E+02   0.26673E+02   0.41074E+00  -0.12876E+00
   0.51625E+02   0.29946E+02   0.26794E+02   0.39744E+00  -0.11496E+00
   0.51975E+02   0.29940E+02   0.26851E+02   0.38105E+00  -0.10166E+00
   0.52325E+02   0.29934E+02   0.26725E+02   0.36913E+00  -0.10064E+00
   0.52675E+02   0.29926E+02   0.26745E+02   0.35863E+00  -0.95000E-01
   0.53025E+02   0.29914E+02   0.26823E+02   0.34707E+00  -0.85258E-01
   0.53375E+02   0.29903E+02   0.26903E+02   0.33988E+00  -0.85560E-01
   0.53725E+02   0.29896E+02   0.26781E+02   0.34078E+00  -0.98766E-01
   0.54075E+02   0.29892E+02   0.26487E+02   0.34197E+00  -0.11140E+00
   0.54425E+02   0.29887E+02   0.26299E+02   0.33178E+00  -0.11725E+00
   0.54775E+02   0.29878E+02   0.26272E+02   0.31715E+00  -0.11671E+00
   0.55125E+02   0.29870E+02   0.26201E+02   0.31376E+00  -0.11683E+00
   0.55475E+02   0.29869E+02   0.26106E+02   0.31912E+00  -0.12537E+00
   0.55825E+02   0.29871E+02   0.25896E+02   0.32124E+00  -0.14218E+00
   0.56175E+02   0.29871E+02   0.25609E+02   0.31884E+00  -0.16020E+00
   0.56525E+02   0.29872E+02   0.25474E+02   0.31885E+00  -0.17001E+00
   0.56875E+02   0.29873E+02   0.25415E+02   0.32341E+00  -0.17086E+00
   0.57225E+02   0.29873E+02   0.25249E+02   0.32796E+00  -0.18286E+00
   0.57575E+02   0.29873E+02   0.25180E+02   0.33095E+00  -0.20118E+00
   0.57925E+02   0.29875E+02   0.25279E+02   0.33797E+00  -0.20941E+00
   0.58275E+02   0.29885E+02   0.25014E+02   0.35378E+00  -0.22405E+00
   0.58625E+02   0.29898E+02   0.24549E+02   0.36478E+00  -0.24842E+00
   0.58975E+02   0.29906E+02   0.24497E+02   0.36540E+00  -0.26176E+00
   0.59325E+02   0.29911E+02   0.24559E+02   0.37137E+00  -0.26366E+00
   0.59675E+02   0.29917E+02   0.24669E+02   0.38638E+00  -0.26727E+00
   0.60025E+02   0.29925E+02   0.24887E+02   0.40148E+00  -0.27487E+00
   0.60375E+02   0.29935E+02   0.25082E+02   0.41539E+00  -0.28478E+00
   0.60725E+02   0.29943E+02   0.25442E+02   0.43106E+00  -0.28274E+00
   0.61075E+02   0.29950E+02   0.25840E+02   0.44311E+00  -0.27002E+00
   0.61425E+02   0.29956E+02   0.26288E+02   0.45027E+00  -0.25875E+00
   0.61775E+02   0.29961E+02   0.26907E+02   0.45635E+00  -0.23696E+00
   0.62125E+02   0.29963E+02   0.27072E+02   0.45888E+00  -0.21831E+00
   0.62475E+02   0.29964E+02   0.27010E+02   0.45532E+00  -0.20512E+00
   0.62825E+02   0.29964E+02   0.27014E+02   0.45194E+00  -0.18872E+00
   0.63175E+02   0.29964E+02   0.26896E+02   0.44653E+00  -0.17656E+00
   0.63525E+02   0.29962E+02   0.27090E+02   0.43330E+00  -0.15296E+00
   0.63875E+02   0.29958E+02   0.27311E+02   0.41792E+00  -0.12937E+00
   0.64225E+02   0.29953E+02   0.27298E+02   0.40291E+00  -0.11627E+00
   0.64575E+02   0.29946E+02   0.27202E+02   0.39495E+00  -0.10742E+00
   0.64925E+02   0.29940E+02   0.26974E+02   0.38895E+00  -0.10853E+00
   0.65275E+02   0.29935E+02   0.26783E+02   0.37643E+00  -0.10740E+00
   0.65625E+02   0.29927E+02   0.26794E+02   0.36279E+00  -0.99546E-01
   0.65975E+02   0.29919E+02   0.26723E+02   0.35263E+00  -0.96734E-01
   0.66325E+02   0.29907E+02   0.26693E+02   0.34100E+00  -0.93261E-01
   0.66675E+02   0.29893E+02   0.26646E+02   0.33568E+00  -0.97327E-01
   0.67025E+02   0.29889E+02   0.26343E+02   0.33740E+00  -0.11423E+00
   0.67375E+02   0.29888E+02   0.26077E+02   0.33428E+00  -0.12507E+00
   0.67725E+02   0.29884E+02   0.25961E+02   0.33028E+00  -0.13015E+00
   0.68075E+02   0.29881E+02   0.25853E+02   0.32657E+00  -0.13554E+00
   0.68425E+02   0.29875E+02   0.25769E+02   0.32231E+00  -0.13957E+00
   0.68775E+02   0.29870E+02   0.25613E+02   0.32377E+00  -0.15443E+00
   0.69125E+02   0.29873E+02   0.25464E+02   0.33065E+00  -0.17019E+00
   0.69475E+02   0.29878E+02   0.25314E+02   0.33491E+00  -0.17890E+00
   0.69825E+02   0.29882E+02   0.24945E+02   0.33800E+00  -0.20002E+00
   0.70175E+02   0.29885E+02   0.24849E+02   0.34134E+00  -0.21277E+00
   0.70525E+02   0.29890E+02   0.25144E+02   0.34501E+00  -0.20714E+00
   0.70875E+02   0.29895E+02   0.25132E+02   0.34895E+00  -0.21687E+00
   0.71225E+02   0.29898E+02   0.25136E+02   0.36054E+00  -0.23144E+00
   0.71575E+02   0.29907E+02   0.25118E+02   0.37594E+00  -0.23711E+00
   0.71925E+02   0.29917E+02   0.24950E+02   0.38349E+00  -0.25036E+00
   0.72275E+02   0.29924E+02   0.25121E+02   0.38933E+00  -0.25592E+00
   0.72625E+02   0.29929E+02   0.25180E+02   0.39517E+00  -0.25214E+00
   0.72975E+02   0.29933E+02   0.25096E+02   0.40274E+00  -0.25430E+00
   0.73325E+02   0.29937E+02   0.25287E+02   0.41416E+00  -0.25638E+00
   0.73675E+02   0.29943E+02   0.25248E+02   0.42323E+00  -0.26587E+00
   0.74025E+02   0.29949E+02   0.25189E+02   0.42995E+00  -0.26884E+00
   0.74375E+02   0.29954E+02   0.25517E+02   0.43809E+00  -0.25829E+00
   0.74725E+02   0.29957E+02   0.26156E+02   0.44275E+00  -0.23706E+00
   0.75075E+02   0.29958E+02   0.26390E+02   0.44507E+00  -0.21696E+00
   0.75425E+02   0.29960E+02   0.26143E+02   0.44573E+00  -0.21914E+00
   0.75775E+02   0.29961E+02   0.26222E+02   0.44982E+00  -0.21534E+00
   0.76125E+02   0.29963E+02   0.26432E+02   0.44783E+00  -0.19177E+00
   0.76475E+02   0.29962E+02   0.26378E+02   0.43654E+00  -0.17826E+00
   0.76825E+02   0.29959E+02   0.26200E+02   0.42630E+00  -0.17248E+00
   0.77175E+02   0.29955E+02   0.26329E+02   0.41713E+00  -0.15404E+00
   0.77525E+02   0.29950E+02   0.26625E+02   0.40773E+00  -0.13729E+00
   0.77875E+02   0.29946E+02   0.26836E+02   0.40307E+00  -0.13182E+00
   0.78225E+02   0.29944E+02   0.26859E+02   0.40103E+00  -0.12566E+00
   0.78575E+02   0.29940E+02   0.26809E+02   0.39150E+00  -0.11715E+00
   0.78925E+02   0.29934E+02   0.26822E+02   0.37691E+00  -0.10794E+00
   0.79275E+02   0.29925E+02   0.26865E+02   0.36080E+00  -0.96738E-01
   0.79625E+02   0.29916E+02   0.26864E+02   0.35245E+00  -0.90981E-01
   0.79975E+02   0.29908E+02   0.26814E+02   0.34846E+00  -0.93145E-01
   0.80325E+02   0.29899E+02   0.26685E+02   0.34001E+00  -0.10038E+00
   0.80675E+02   0.29890E+02   0.26473E+02   0.32989E+00  -0.10794E+00
   0.81025E+02   0.29882E+02   0.26243E+02   0.32370E+00  -0.11852E+00
   0.81375E+02   0.29879E+02   0.26214E+02   0.32241E+00  -0.12028E+00
   0.81725E+02   0.29877E+02   0.26239E+02   0.32035E+00  -0.11851E+00
   0.82075E+02   0.29872E+02   0.26035E+02   0.31535E+00  -0.13278E+00
   0.82425E+02   0.29867E+02   0.25801E+02   0.31567E+00  -0.14591E+00
   0.82775E+02   0.29866E+02   0.25595E+02   0.32758E+00  -0.15495E+00
   0.83125E+02   0.29871E+02   0.25564E+02   0.33162E+00  -0.16402E+00
   0.83475E+02   0.29875E+02   0.25674E+02   0.32704E+00  -0.17020E+00
   0.83825E+02   0.29875E+02   0.25768E+02   0.33204E+00  -0.17463E+00
   0.84175E+02   0.29879E+02   0.25626E+02   0.33712E+00  -0.17923E+00
   0.84525E+02   0.29884E+02   0.25269E+02   0.33819E+00  -0.19469E+00
   0.84875E+02   0.29889E+02   0.25147E+02   0.34486E+00  -0.20888E+00
   0.85225E+02   0.29895E+02   0.25276E+02   0.35300E+00  -0.20981E+00
   0.85575E+02   0.29900E+02   0.25399E+02   0.35823E+00  -0.20929E+00
   0.85925E+02   0.29903E+02   0.25438E+02   0.36257E+00  -0.21538E+00
   0.86275E+02   0.29907E+02   0.25627E+02   0.36884E+00  -0.22385E+00
   0.86625E+02   0.29914E+02   0.25631E+02   0.37896E+00  -0.22577E+00
   0.86975E+02   0.29921E+02   0.25334E+02   0.38784E+00  -0.23437E+00
   0.87325E+02   0.29928E+02   0.25254E+02   0.39581E+00  -0.24440E+00
   0.87675E+02   0.29933E+02   0.25363E+02   0.39961E+00  -0.23740E+00
   0.88025E+02   0.29936E+02   0.25495E+02   0.40210E+00  -0.23259E+00
   0.88375E+02   0.29939E+02   0.25581E+02   0.40718E+00  -0.23638E+00
   0.88725E+02   0.29942E+02   0.25674E+02   0.41427E+00  -0.23285E+00
   0.89075E+02   0.29945E+02   0.25755E+02   0.42144E+00  -0.23054E+00
   0.89425E+02   0.29948E+02   0.25912E+02   0.42948E+00  -0.22806E+00
   0.89775E+02   0.29951E+02   0.26034E+02   0.43219E+00  -0.21783E+00
   0.90125E+02   0.29953E+02   0.26061E+02   0.42598E+00  -0.21033E+00
   0.90475E+02   0.29954E+02   0.26277E+02   0.42401E+00  -0.19579E+00
   0.90825E+02   0.29953E+02   0.26501E+02   0.42206E+00  -0.17494E+00
   0.91175E+02   0.29952E+02   0.26560E+02   0.41706E+00  -0.16384E+00
   0.91525E+02   0.29951E+02   0.26548E+02   0.41294E+00  -0.15695E+00
   0.91875E+02   0.29949E+02   0.26490E+02   0.40748E+00  -0.15020E+00
   0.92225E+02   0.29945E+02   0.26503E+02   0.39603E+00  -0.13912E+00
   0.92575E+02   0.29940E+02   0.26582E+02   0.38297E+00  -0.12692E+00
   0.92925E+02   0.29932E+02   0.26535E+02   0.37471E+00  -0.12434E+00
   0.93275E+02   0.29925E+02   0.26587E+02   0.36932E+00  -0.11700E+00
   0.93625E+02   0.29920E+02   0.26777E+02   0.36365E+00  -0.10714E+00
   0.93975E+02   0.29917E+02   0.26578E+02   0.35575E+00  -0.11633E+00
   0.94325E+02   0.29910E+02   0.26233E+02   0.35074E+00  -0.12851E+00
   0.94675E+02   0.29904E+02   0.26249E+02   0.34681E+00  -0.12244E+00
   0.95025E+02   0.29898E+02   0.26294E+02   0.33901E+00  -0.11795E+00
   0.95375E+02   0.29891E+02   0.26091E+02   0.33325E+00  -0.12975E+00
   0.95725E+02   0.29887E+02   0.25685E+02   0.33119E+00  -0.14814E+00
   0.96075E+02   0.29884E+02   0.25387E+02   0.33029E+00  -0.15804E+00
   0.96425E+02   0.29882E+02   0.25162E+02   0.33060E+00  -0.16490E+00
   0.96775E+02   0.29884E+02   0.24919E+02   0.33287E+00  -0.18310E+00
   0.97125E+02   0.29886E+02   0.24875E+02   0.33495E+00  -0.19396E+00
   0.97475E+02   0.29888E+02   0.24613E+02   0.34034E+00  -0.20621E+00
   0.97825E+02   0.29890E+02   0.24371E+02   0.34611E+00  -0.22611E+00
   0.98175E+02   0.29896E+02   0.24427E+02   0.35540E+00  -0.23566E+00
   0.98525E+02   0.29906E+02   0.24198E+02   0.36906E+00  -0.25449E+00
   0.98875E+02   0.29916E+02   0.24029E+02   0.38076E+00  -0.27666E+00
   0.99225E+02   0.29922E+02   0.24023E+02   0.38775E+00  -0.28760E+00
   0.99575E+02   0.29928E+02   0.24287E+02   0.39387E+00  -0.28852E+00
   0.99925E+02   0.29935E+02   0.24806E+02   0.41113E+00  -0.28199E+00
   0.10027E+03   0.29943E+02   0.25012E+02   0.43015E+00  -0.28705E+00
   0.10062E+03   0.29950E+02   0.25062E+02   0.43929E+00  -0.29394E+00
   0.10097E+03   0.29955E+02   0.25120E+02   0.44877E+00  -0.29071E+00
   0.10132E+03   0.29960E+02   0.25359E+02   0.46113E+00  -0.28519E+00
   0.10167E+03   0.29964E+02   0.25879E+02   0.46774E+00  -0.26980E+00
   0.10202E+03   0.29966E+02   0.26322E+02   0.47066E+00  -0.25196E+00
   0.10237E+03   0.29968E+02   0.26718E+02   0.46886E+00  -0.23538E+00
   0.10272E+03   0.29969E+02   0.26956E+02   0.47017E+00  -0.21603E+00
   0.10307E+03   0.29970E+02   0.27003E+02   0.46964E+00  -0.19968E+00
   0.10342E+03   0.29969E+02   0.27319E+02   0.46480E+00  -0.17880E+00
   0.10377E+03   0.29967E+02   0.27685E+02   0.45871E+00  -0.15055E+00
   0.10412E+03   0.29965E+02   0.27671E+02   0.44569E+00  -0.13193E+00
   0.10447E+03   0.29961E+02   0.27595E+02   0.42327E+00  -0.11920E+00
   0.10482E+03   0.29955E+02   0.27692E+02   0.40846E+00  -0.96472E-01
   0.10517E+03   0.29948E+02   0.27586E+02   0.40065E+00  -0.84603E-01
   0.10552E+03   0.29941E+02   0.27303E+02   0.38329E+00  -0.85178E-01
   0.10587E+03   0.29930E+02   0.27150E+02   0.36622E+00  -0.83198E-01
   0.10622E+03   0.29922E+02   0.27059E+02   0.35270E+00  -0.81611E-01
   0.10657E+03   0.29912E+02   0.26951E+02   0.33750E+00  -0.77641E-01
   0.10692E+03   0.29901E+02   0.26877E+02   0.32747E+00  -0.79752E-01
   0.10727E+03   0.29893E+02   0.26820E+02   0.32403E+00  -0.85634E-01
   0.10762E+03   0.29882E+02   0.26794E+02   0.32187E+00  -0.83195E-01
   0.10797E+03   0.29874E+02   0.26712E+02   0.32115E+00  -0.93346E-01
   0.10832E+03   0.29870E+02   0.26626E+02   0.31815E+00  -0.10808E+00
   0.10867E+03   0.29869E+02   0.26478E+02   0.31667E+00  -0.11116E+00
   0.10902E+03   0.29866E+02   0.26137E+02   0.31037E+00  -0.12305E+00
   0.10937E+03   0.29859E+02   0.26040E+02   0.30422E+00  -0.13073E+00
   0.10972E+03   0.29852E+02   0.26069E+02   0.30545E+00  -0.13106E+00
   0.11007E+03   0.29848E+02   0.25955E+02   0.31211E+00  -0.14383E+00
   0.11042E+03   0.29849E+02   0.25922E+02   0.31775E+00  -0.15798E+00
   0.11077E+03   0.29854E+02   0.25812E+02   0.32004E+00  -0.16923E+00
   0.11112E+03   0.29861E+02   0.25429E+02   0.32043E+00  -0.18493E+00
   0.11147E+03   0.29865E+02   0.25305E+02   0.32355E+00  -0.19352E+00
   0.11182E+03   0.29869E+02   0.25279E+02   0.33246E+00  -0.19868E+00
   0.11217E+03   0.29876E+02   0.25245E+02   0.33931E+00  -0.20811E+00
   0.11252E+03   0.29884E+02   0.25373E+02   0.34793E+00  -0.21900E+00
   0.11287E+03   0.29894E+02   0.25128E+02   0.35898E+00  -0.23710E+00
   0.11322E+03   0.29903E+02   0.24628E+02   0.36619E+00  -0.25733E+00
   0.11357E+03   0.29910E+02   0.24402E+02   0.37489E+00  -0.26818E+00
   0.11392E+03   0.29918E+02   0.24415E+02   0.38631E+00  -0.27621E+00
   0.11427E+03   0.29927E+02   0.24655E+02   0.39663E+00  -0.27907E+00
   0.11462E+03   0.29934E+02   0.25072E+02   0.40995E+00  -0.27692E+00
   0.11497E+03   0.29942E+02   0.25503E+02   0.42483E+00  -0.27576E+00
   0.11532E+03   0.29949E+02   0.25603E+02   0.44095E+00  -0.27340E+00
   0.11567E+03   0.29955E+02   0.25422E+02   0.45186E+00  -0.27642E+00
   0.11602E+03   0.29959E+02   0.25738E+02   0.46098E+00  -0.27019E+00
   0.11637E+03   0.29963E+02   0.26006E+02   0.46570E+00  -0.25357E+00
   0.11672E+03   0.29965E+02   0.26186E+02   0.46282E+00  -0.24151E+00
   0.11707E+03   0.29966E+02   0.26294E+02   0.46108E+00  -0.23300E+00
   0.11742E+03   0.29966E+02   0.26197E+02   0.45852E+00  -0.22070E+00
   0.11777E+03   0.29966E+02   0.26090E+02   0.45497E+00  -0.20796E+00
   0.11812E+03   0.29965E+02   0.26109E+02   0.45294E+00  -0.19758E+00
   0.11847E+03   0.29964E+02   0.26474E+02   0.44681E+00  -0.17633E+00
   0.11882E+03   0.29962E+02   0.26674E+02   0.43807E+00  -0.15527E+00
   0.11917E+03   0.29958E+02   0.26724E+02   0.42736E+00  -0.14584E+00
   0.11952E+03   0.29954E+02   0.26804E+02   0.41617E+00  -0.13062E+00
   0.11987E+03   0.29951E+02   0.26787E+02   0.40865E+00  -0.11744E+00
   0.12022E+03   0.29947E+02   0.26663E+02   0.39774E+00  -0.11304E+00
   0.12057E+03   0.29943E+02   0.26585E+02   0.38182E+00  -0.10595E+00
   0.12092E+03   0.29935E+02   0.26675E+02   0.36459E+00  -0.92177E-01
   0.12127E+03   0.29922E+02   0.26876E+02   0.35233E+00  -0.77514E-01
   0.12162E+03   0.29909E+02   0.26994E+02   0.34567E+00  -0.76438E-01
   0.12197E+03   0.29902E+02   0.26890E+02   0.34224E+00  -0.85468E-01
   0.12232E+03   0.29896E+02   0.26721E+02   0.33395E+00  -0.96531E-01
   0.12267E+03   0.29889E+02   0.26654E+02   0.32733E+00  -0.99403E-01
   0.12302E+03   0.29884E+02   0.26423E+02   0.32264E+00  -0.10341E+00
   0.12337E+03   0.29877E+02   0.26235E+02   0.31364E+00  -0.11466E+00
   0.12372E+03   0.29867E+02   0.26349E+02   0.31004E+00  -0.11472E+00
   0.12407E+03   0.29860E+02   0.26392E+02   0.31248E+00  -0.11289E+00
   0.12442E+03   0.29859E+02   0.26139E+02   0.31283E+00  -0.12771E+00
   0.12477E+03   0.29861E+02   0.25611E+02   0.31534E+00  -0.15580E+00
   0.12512E+03   0.29865E+02   0.25051E+02   0.31656E+00  -0.18108E+00
   0.12547E+03   0.29861E+02   0.24794E+02   0.31304E+00  -0.19026E+00
   0.12582E+03   0.29860E+02   0.24778E+02   0.31700E+00  -0.19792E+00
   0.12617E+03   0.29866E+02   0.24577E+02   0.32450E+00  -0.21876E+00
   0.12652E+03   0.29874E+02   0.24314E+02   0.33642E+00  -0.24271E+00
   0.12687E+03   0.29885E+02   0.24518E+02   0.35071E+00  -0.25382E+00
   0.12722E+03   0.29896E+02   0.24900E+02   0.36575E+00  -0.25355E+00
   0.12757E+03   0.29908E+02   0.25022E+02   0.38571E+00  -0.26189E+00
   0.12792E+03   0.29921E+02   0.25002E+02   0.40109E+00  -0.27541E+00
   0.12827E+03   0.29930E+02   0.25063E+02   0.40749E+00  -0.28133E+00
   0.12862E+03   0.29937E+02   0.25357E+02   0.41398E+00  -0.27724E+00
   0.12897E+03   0.29944E+02   0.26014E+02   0.42693E+00  -0.26515E+00
   0.12932E+03   0.29950E+02   0.26400E+02   0.44170E+00  -0.25667E+00
   0.12967E+03   0.29955E+02   0.26059E+02   0.44726E+00  -0.25729E+00
   0.13002E+03   0.29958E+02   0.26063E+02   0.44425E+00  -0.25544E+00
   0.13037E+03   0.29960E+02   0.26297E+02   0.44710E+00  -0.24231E+00
   0.13072E+03   0.29962E+02   0.26365E+02   0.45404E+00  -0.22699E+00
   0.13107E+03   0.29964E+02   0.26425E+02   0.45290E+00  -0.21894E+00
   0.13142E+03   0.29962E+02   0.26589E+02   0.44668E+00  -0.20658E+00
   0.13177E+03   0.29961E+02   0.26690E+02   0.44141E+00  -0.18686E+00
   0.13212E+03   0.29961E+02   0.26568E+02   0.43742E+00  -0.17542E+00
   0.13247E+03   0.29959E+02   0.26564E+02   0.43675E+00  -0.16815E+00
   0.13282E+03   0.29958E+02   0.26826E+02   0.43121E+00  -0.14575E+00
   0.13317E+03   0.29955E+02   0.27036E+02   0.41660E+00  -0.12318E+00
   0.13352E+03   0.29951E+02   0.26922E+02   0.40009E+00  -0.11959E+00
   0.13387E+03   0.29944E+02   0.26890E+02   0.38982E+00  -0.11109E+00
   0.13422E+03   0.29938E+02   0.26968E+02   0.38297E+00  -0.91760E-01
   0.13457E+03   0.29932E+02   0.26961E+02   0.37090E+00  -0.91450E-01
   0.13492E+03   0.29922E+02   0.26879E+02   0.35776E+00  -0.96670E-01
   0.13527E+03   0.29911E+02   0.26743E+02   0.34704E+00  -0.95006E-01
   0.13562E+03   0.29905E+02   0.26563E+02   0.33750E+00  -0.97315E-01
   0.13597E+03   0.29897E+02   0.26393E+02   0.32704E+00  -0.10488E+00
   0.13632E+03   0.29887E+02   0.26182E+02   0.32123E+00  -0.11522E+00
   0.13667E+03   0.29881E+02   0.25998E+02   0.31979E+00  -0.12030E+00
   0.13702E+03   0.29879E+02   0.25794E+02   0.32006E+00  -0.13220E+00
   0.13737E+03   0.29877E+02   0.25645E+02   0.31858E+00  -0.14749E+00
   0.13772E+03   0.29871E+02   0.25610E+02   0.31830E+00  -0.15174E+00
   0.13807E+03   0.29871E+02   0.25640E+02   0.32698E+00  -0.15230E+00
   0.13842E+03   0.29877E+02   0.25422E+02   0.33130E+00  -0.17013E+00
   0.13877E+03   0.29879E+02   0.25001E+02   0.33082E+00  -0.19596E+00
   0.13912E+03   0.29879E+02   0.24705E+02   0.33496E+00  -0.21003E+00
   0.13947E+03   0.29884E+02   0.24679E+02   0.34435E+00  -0.21621E+00
   0.13982E+03   0.29892E+02   0.24879E+02   0.35188E+00  -0.22385E+00
   0.14017E+03   0.29897E+02   0.24866E+02   0.35601E+00  -0.23716E+00
   0.14052E+03   0.29903E+02   0.24883E+02   0.36613E+00  -0.24848E+00
   0.14087E+03   0.29911E+02   0.25133E+02   0.38159E+00  -0.24896E+00
   0.14122E+03   0.29920E+02   0.25168E+02   0.39429E+00  -0.25466E+00
   0.14157E+03   0.29929E+02   0.25099E+02   0.40376E+00  -0.26554E+00
   0.14192E+03   0.29936E+02   0.25367E+02   0.41258E+00  -0.26103E+00
   0.14227E+03   0.29942E+02   0.25724E+02   0.41811E+00  -0.25087E+00
   0.14262E+03   0.29946E+02   0.25757E+02   0.42097E+00  -0.24691E+00
   0.14297E+03   0.29950E+02   0.25860E+02   0.42751E+00  -0.24494E+00
   0.14332E+03   0.29953E+02   0.26010E+02   0.43891E+00  -0.23890E+00
   0.14367E+03   0.29956E+02   0.26001E+02   0.44095E+00  -0.23076E+00
   0.14402E+03   0.29958E+02   0.25943E+02   0.43599E+00  -0.22502E+00
   0.14437E+03   0.29958E+02   0.25770E+02   0.43438E+00  -0.22185E+00
   0.14472E+03   0.29958E+02   0.25829E+02   0.43434E+00  -0.20857E+00
   0.14507E+03   0.29958E+02   0.25869E+02   0.43234E+00  -0.19765E+00
   0.14542E+03   0.29957E+02   0.25670E+02   0.42818E+00  -0.20103E+00
   0.14577E+03   0.29956E+02   0.25657E+02   0.42564E+00  -0.19738E+00
   0.14612E+03   0.29955E+02   0.25839E+02   0.42650E+00  -0.18192E+00
   0.14647E+03   0.29954E+02   0.25695E+02   0.42118E+00  -0.17699E+00
   0.14682E+03   0.29951E+02   0.25481E+02   0.41140E+00  -0.18254E+00
   0.14717E+03   0.29948E+02   0.25476E+02   0.40587E+00  -0.17768E+00
   0.14752E+03   0.29946E+02   0.25743E+02   0.40435E+00  -0.15818E+00
   0.14787E+03   0.29944E+02   0.26228E+02   0.40052E+00  -0.13933E+00
   0.14822E+03   0.29943E+02   0.26288E+02   0.39369E+00  -0.13986E+00
   0.14857E+03   0.29939E+02   0.26275E+02   0.38772E+00  -0.13771E+00
   0.14892E+03   0.29934E+02   0.26485E+02   0.38230E+00  -0.12085E+00
   0.14927E+03   0.29930E+02   0.26530E+02   0.37304E+00  -0.11412E+00
   0.14962E+03   0.29924E+02   0.26397E+02   0.36095E+00  -0.11735E+00
   0.14997E+03   0.29914E+02   0.26352E+02   0.35299E+00  -0.11694E+00
   0.15032E+03   0.29906E+02   0.26390E+02   0.34586E+00  -0.11273E+00
   0.15067E+03   0.29898E+02   0.26296E+02   0.33388E+00  -0.11568E+00
   0.15102E+03   0.29887E+02   0.26027E+02   0.33063E+00  -0.13423E+00
   0.15137E+03   0.29886E+02   0.25895E+02   0.33779E+00  -0.14308E+00
   0.15172E+03   0.29888E+02   0.25974E+02   0.33452E+00  -0.13679E+00
   0.15207E+03   0.29887E+02   0.25823E+02   0.32745E+00  -0.14852E+00
   0.15242E+03   0.29884E+02   0.25475E+02   0.32671E+00  -0.16512E+00
   0.15277E+03   0.29884E+02   0.25335E+02   0.33430E+00  -0.16601E+00
   0.15312E+03   0.29888E+02   0.25241E+02   0.33846E+00  -0.17338E+00
   0.15347E+03   0.29888E+02   0.25026E+02   0.33557E+00  -0.19097E+00
   0.15382E+03   0.29888E+02   0.24796E+02   0.33870E+00  -0.20371E+00
   0.15417E+03   0.29893E+02   0.24891E+02   0.34927E+00  -0.20598E+00
   0.15452E+03   0.29898E+02   0.25042E+02   0.35570E+00  -0.21051E+00
   0.15487E+03   0.29904E+02   0.24864E+02   0.35915E+00  -0.22879E+00
   0.15522E+03   0.29910E+02   0.24816E+02   0.36869E+00  -0.24100E+00
   0.15557E+03   0.29917E+02   0.24973E+02   0.38309E+00  -0.24157E+00
   0.15592E+03   0.29924E+02   0.25195E+02   0.39048E+00  -0.24028E+00
   0.15627E+03   0.29929E+02   0.25038E+02   0.39224E+00  -0.24911E+00
   0.15662E+03   0.29934E+02   0.24832E+02   0.40064E+00  -0.26249E+00
   0.15697E+03   0.29939E+02   0.25144E+02   0.41168E+00  -0.25754E+00
   0.15732E+03   0.29943E+02   0.25514E+02   0.41766E+00  -0.24954E+00
   0.15767E+03   0.29946E+02   0.25649E+02   0.42113E+00  -0.24938E+00
   0.15802E+03   0.29949E+02   0.25761E+02   0.43036E+00  -0.24378E+00
   0.15837E+03   0.29953E+02   0.26026E+02   0.43832E+00  -0.23030E+00
   0.15872E+03   0.29955E+02   0.26132E+02   0.43533E+00  -0.22013E+00
   0.15907E+03   0.29956E+02   0.26496E+02   0.43487E+00  -0.20891E+00
   0.15942E+03   0.29958E+02   0.27092E+02   0.44085E+00  -0.18370E+00
   0.15977E+03   0.29958E+02   0.27416E+02   0.43912E+00  -0.16032E+00
   0.16012E+03   0.29957E+02   0.27178E+02   0.42623E+00  -0.15615E+00
   0.16047E+03   0.29952E+02   0.26836E+02   0.41281E+00  -0.15273E+00
   0.16082E+03   0.29949E+02   0.26727E+02   0.40968E+00  -0.14167E+00
   0.16117E+03   0.29946E+02   0.26551E+02   0.40061E+00  -0.13349E+00
   0.16152E+03   0.29940E+02   0.26668E+02   0.38185E+00  -0.12361E+00
   0.16187E+03   0.29928E+02   0.26853E+02   0.36795E+00  -0.11039E+00
   0.16222E+03   0.29921E+02   0.26876E+02   0.36536E+00  -0.99214E-01
   0.16257E+03   0.29917E+02   0.26819E+02   0.36030E+00  -0.99745E-01
   0.16292E+03   0.29913E+02   0.26549E+02   0.35327E+00  -0.11487E+00
   0.16327E+03   0.29909E+02   0.26195E+02   0.34751E+00  -0.12170E+00
   0.16362E+03   0.29903E+02   0.26058E+02   0.33795E+00  -0.11855E+00
   0.16397E+03   0.29894E+02   0.26097E+02   0.32956E+00  -0.11712E+00
   0.16432E+03   0.29884E+02   0.26173E+02   0.32196E+00  -0.11617E+00
   0.16467E+03   0.29877E+02   0.26250E+02   0.32295E+00  -0.11960E+00
   0.16502E+03   0.29877E+02   0.26333E+02   0.33166E+00  -0.12416E+00
   0.16537E+03   0.29882E+02   0.26324E+02   0.33322E+00  -0.13097E+00
   0.16572E+03   0.29884E+02   0.26298E+02   0.32860E+00  -0.13476E+00
   0.16607E+03   0.29882E+02   0.26294E+02   0.32818E+00  -0.13441E+00
   0.16642E+03   0.29876E+02   0.26317E+02   0.32666E+00  -0.13310E+00
   0.16677E+03   0.29871E+02   0.26325E+02   0.32158E+00  -0.13720E+00
   0.16712E+03   0.29869E+02   0.26102E+02   0.32142E+00  -0.15208E+00
   0.16747E+03   0.29869E+02   0.25805E+02   0.32542E+00  -0.16556E+00
   0.16782E+03   0.29870E+02   0.25522E+02   0.32762E+00  -0.17396E+00
   0.16817E+03   0.29873E+02   0.25347E+02   0.32655E+00  -0.18387E+00
   0.16852E+03   0.29875E+02   0.25313E+02   0.32690E+00  -0.19358E+00
   0.16887E+03   0.29879E+02   0.25169E+02   0.33575E+00  -0.20383E+00
   0.16922E+03   0.29884E+02   0.25030E+02   0.34439E+00  -0.21457E+00
   0.16957E+03   0.29892E+02   0.24817E+02   0.35600E+00  -0.23222E+00
   0.16992E+03   0.29902E+02   0.24532E+02   0.36822E+00  -0.25442E+00
   0.17027E+03   0.29910E+02   0.24677E+02   0.37994E+00  -0.26098E+00
   0.17062E+03   0.29919E+02   0.24990E+02   0.39225E+00  -0.26036E+00
   0.17097E+03   0.29928E+02   0.24997E+02   0.40020E+00  -0.26772E+00
   0.17132E+03   0.29934E+02   0.24875E+02   0.41035E+00  -0.27961E+00
   0.17167E+03   0.29941E+02   0.24927E+02   0.42486E+00  -0.28410E+00
   0.17202E+03   0.29948E+02   0.25133E+02   0.43848E+00  -0.28045E+00
   0.17237E+03   0.29955E+02   0.25368E+02   0.44497E+00  -0.27816E+00
   0.17272E+03   0.29958E+02   0.25722E+02   0.45079E+00  -0.27166E+00
   0.17307E+03   0.29961E+02   0.25980E+02   0.45639E+00  -0.25493E+00
   0.17342E+03   0.29963E+02   0.25982E+02   0.45861E+00  -0.24315E+00
   0.17377E+03   0.29965E+02   0.25825E+02   0.46019E+00  -0.24264E+00
   0.17412E+03   0.29966E+02   0.25842E+02   0.46237E+00  -0.23499E+00
   0.17447E+03   0.29967E+02   0.26207E+02   0.46176E+00  -0.21173E+00
   0.17482E+03   0.29966E+02   0.26638E+02   0.45476E+00  -0.18713E+00
   0.17517E+03   0.29965E+02   0.26680E+02   0.44581E+00  -0.17514E+00
   0.17552E+03   0.29963E+02   0.26597E+02   0.43850E+00  -0.16670E+00
   0.17587E+03   0.29960E+02   0.26763E+02   0.43380E+00  -0.15089E+00
   0.17622E+03   0.29957E+02   0.26949E+02   0.42757E+00  -0.13191E+00
   0.17657E+03   0.29954E+02   0.26933E+02   0.41348E+00  -0.12060E+00
   0.17692E+03   0.29949E+02   0.26947E+02   0.40012E+00  -0.11064E+00
   0.17727E+03   0.29942E+02   0.26936E+02   0.38506E+00  -0.10054E+00
   0.17762E+03   0.29934E+02   0.26590E+02   0.36699E+00  -0.10321E+00
   0.17797E+03   0.29922E+02   0.26306E+02   0.35678E+00  -0.11083E+00
   0.17832E+03   0.29913E+02   0.26304E+02   0.35550E+00  -0.10867E+00
   0.17867E+03   0.29908E+02   0.26288E+02   0.34908E+00  -0.10746E+00
   0.17902E+03   0.29900E+02   0.26046E+02   0.33637E+00  -0.12130E+00
   0.17937E+03   0.29890E+02   0.25812E+02   0.33011E+00  -0.13633E+00
   0.17972E+03   0.29884E+02   0.25679E+02   0.33575E+00  -0.13739E+00
   0.18007E+03   0.29885E+02   0.25657E+02   0.34202E+00  -0.14165E+00
   0.18042E+03   0.29888E+02   0.25636E+02   0.34071E+00  -0.15785E+00
   0.18077E+03   0.29889E+02   0.25539E+02   0.33856E+00  -0.16529E+00
   0.18112E+03   0.29888E+02   0.25307E+02   0.34058E+00  -0.17103E+00
   0.18147E+03   0.29891E+02   0.24993E+02   0.34107E+00  -0.18670E+00
   0.18182E+03   0.29891E+02   0.24917E+02   0.34046E+00  -0.19812E+00
   0.18217E+03   0.29893E+02   0.24979E+02   0.34740E+00  -0.20444E+00
   0.18252E+03   0.29897E+02   0.25061E+02   0.35406E+00  -0.21070E+00
   0.18287E+03   0.29901E+02   0.25281E+02   0.35866E+00  -0.21131E+00
   0.18322E+03   0.29905E+02   0.25525E+02   0.36394E+00  -0.21413E+00
   0.18357E+03   0.29912E+02   0.25540E+02   0.37508E+00  -0.21965E+00
   0.18392E+03   0.29921E+02   0.25428E+02   0.38415E+00  -0.22295E+00
   0.18427E+03   0.29926E+02   0.25627E+02   0.38600E+00  -0.22418E+00
   0.18462E+03   0.29929E+02   0.26070E+02   0.38859E+00  -0.21083E+00
   0.18497E+03   0.29931E+02   0.26466E+02   0.39574E+00  -0.19299E+00
   0.18532E+03   0.29933E+02   0.26338E+02   0.40038E+00  -0.20060E+00
   0.18567E+03   0.29935E+02   0.25989E+02   0.39803E+00  -0.20984E+00
   0.18602E+03   0.29936E+02   0.25856E+02   0.39839E+00  -0.20583E+00
   0.18637E+03   0.29938E+02   0.25479E+02   0.40139E+00  -0.21136E+00
   0.18672E+03   0.29939E+02   0.25216E+02   0.40034E+00  -0.21704E+00
   0.18707E+03   0.29937E+02   0.25251E+02   0.39585E+00  -0.21645E+00
   0.18742E+03   0.29938E+02   0.25242E+02   0.39526E+00  -0.21551E+00
   0.18777E+03   0.29939E+02   0.25322E+02   0.39984E+00  -0.20973E+00
   0.18812E+03   0.29941E+02   0.25510E+02   0.40660E+00  -0.20845E+00
   0.18847E+03   0.29943E+02   0.25618E+02   0.41701E+00  -0.20922E+00
   0.18882E+03   0.29947E+02   0.25647E+02   0.41980E+00  -0.20297E+00
   0.18917E+03   0.29948E+02   0.25837E+02   0.41234E+00  -0.19663E+00
   0.18952E+03   0.29947E+02   0.26088E+02   0.40769E+00  -0.18056E+00
   0.18987E+03   0.29945E+02   0.26106E+02   0.40654E+00  -0.16602E+00
   0.19022E+03   0.29945E+02   0.26125E+02   0.40335E+00  -0.16364E+00
   0.19057E+03   0.29943E+02   0.26348E+02   0.39528E+00  -0.15581E+00
   0.19092E+03   0.29940E+02   0.26358E+02   0.38997E+00  -0.14917E+00
   0.19127E+03   0.29935E+02   0.26202E+02   0.38513E+00  -0.14814E+00
   0.19162E+03   0.29930E+02   0.26378E+02   0.37791E+00  -0.13873E+00
   0.19197E+03   0.29925E+02   0.26430E+02   0.36902E+00  -0.13242E+00
   0.19232E+03   0.29920E+02   0.26371E+02   0.36094E+00  -0.13139E+00
   0.19267E+03   0.29915E+02   0.26544E+02   0.35749E+00  -0.12422E+00
   0.19302E+03   0.29912E+02   0.26542E+02   0.35635E+00  -0.12014E+00
   0.19337E+03   0.29910E+02   0.26261E+02   0.35029E+00  -0.12730E+00
   0.19372E+03   0.29904E+02   0.26262E+02   0.34358E+00  -0.12942E+00
   0.19407E+03   0.29898E+02   0.26377E+02   0.34048E+00  -0.12413E+00
   0.19442E+03   0.29894E+02   0.26239E+02   0.33604E+00  -0.12847E+00
   0.19477E+03   0.29890E+02   0.26046E+02   0.33423E+00  -0.14048E+00
   0.19512E+03   0.29887E+02   0.25996E+02   0.33429E+00  -0.14685E+00
   0.19547E+03   0.29884E+02   0.26153E+02   0.33550E+00  -0.14153E+00
   0.19582E+03   0.29885E+02   0.26260E+02   0.33840E+00  -0.14368E+00
   0.19617E+03   0.29888E+02   0.26134E+02   0.34093E+00  -0.15676E+00
   0.19652E+03   0.29888E+02   0.26086E+02   0.34057E+00  -0.15800E+00
   0.19687E+03   0.29887E+02   0.26061E+02   0.33947E+00  -0.15652E+00
   0.19722E+03   0.29888E+02   0.25929E+02   0.34157E+00  -0.16376E+00
   0.19757E+03   0.29891E+02   0.25804E+02   0.34100E+00  -0.17209E+00
   0.19792E+03   0.29892E+02   0.25588E+02   0.33950E+00  -0.18112E+00
   0.19827E+03   0.29892E+02   0.25333E+02   0.34126E+00  -0.18988E+00
   0.19862E+03   0.29894E+02   0.25067E+02   0.34123E+00  -0.20073E+00
   0.19897E+03   0.29897E+02   0.24906E+02   0.34475E+00  -0.21572E+00
   0.19932E+03   0.29901E+02   0.24661E+02   0.35529E+00  -0.23122E+00
   0.19967E+03   0.29906E+02   0.24384E+02   0.36538E+00  -0.24773E+00
   0.20002E+03   0.29911E+02   0.24251E+02   0.37172E+00  -0.26238E+00
   0.20037E+03   0.29918E+02   0.24208E+02   0.38337E+00  -0.27431E+00
   0.20072E+03   0.29926E+02   0.24302E+02   0.39982E+00  -0.28446E+00
   0.20107E+03   0.29935E+02   0.24743E+02   0.41495E+00  -0.28157E+00
   0.20142E+03   0.29942E+02   0.25337E+02   0.42525E+00  -0.27217E+00
   0.20177E+03   0.29949E+02   0.25393E+02   0.43962E+00  -0.27591E+00
   0.20212E+03   0.29955E+02   0.25358E+02   0.45416E+00  -0.27901E+00
   0.20247E+03   0.29960E+02   0.25927E+02   0.45971E+00  -0.26505E+00
   0.20282E+03   0.29963E+02   0.26572E+02   0.46154E+00  -0.24502E+00
   0.20317E+03   0.29964E+02   0.26997E+02   0.46533E+00  -0.22376E+00
   0.20352E+03   0.29965E+02   0.27001E+02   0.46412E+00  -0.21093E+00
   0.20387E+03   0.29965E+02   0.26812E+02   0.45538E+00  -0.20415E+00
   0.20422E+03   0.29964E+02   0.26891E+02   0.44953E+00  -0.18794E+00
   0.20457E+03   0.29962E+02   0.26811E+02   0.44380E+00  -0.17038E+00
   0.20492E+03   0.29960E+02   0.26854E+02   0.43560E+00  -0.15466E+00
   0.20527E+03   0.29957E+02   0.27035E+02   0.42221E+00  -0.13977E+00
   0.20562E+03   0.29951E+02   0.26772E+02   0.40671E+00  -0.13666E+00
   0.20597E+03   0.29945E+02   0.26518E+02   0.39644E+00  -0.13112E+00
   0.20632E+03   0.29941E+02   0.26501E+02   0.39026E+00  -0.12103E+00
   0.20667E+03   0.29937E+02   0.26310E+02   0.38389E+00  -0.12257E+00
   0.20702E+03   0.29932E+02   0.26174E+02   0.37242E+00  -0.12163E+00
   0.20737E+03   0.29925E+02   0.26310E+02   0.35644E+00  -0.11249E+00
   0.20772E+03   0.29916E+02   0.26417E+02   0.35061E+00  -0.10493E+00
   0.20807E+03   0.29909E+02   0.26470E+02   0.35252E+00  -0.10235E+00
   0.20842E+03   0.29904E+02   0.26591E+02   0.35070E+00  -0.10403E+00
   0.20877E+03   0.29901E+02   0.26604E+02   0.34592E+00  -0.10844E+00
   0.20912E+03   0.29898E+02   0.26386E+02   0.34010E+00  -0.11818E+00
   0.20947E+03   0.29894E+02   0.26178E+02   0.33290E+00  -0.12546E+00
   0.20982E+03   0.29885E+02   0.26174E+02   0.32389E+00  -0.12107E+00
   0.21017E+03   0.29877E+02   0.26311E+02   0.32319E+00  -0.11822E+00
   0.21052E+03   0.29875E+02   0.26252E+02   0.32137E+00  -0.12938E+00
   0.21087E+03   0.29869E+02   0.26149E+02   0.31945E+00  -0.13984E+00
   0.21122E+03   0.29867E+02   0.26043E+02   0.32400E+00  -0.14719E+00
   0.21157E+03   0.29868E+02   0.26038E+02   0.32784E+00  -0.15141E+00
   0.21192E+03   0.29872E+02   0.25998E+02   0.32849E+00  -0.15429E+00
   0.21227E+03   0.29874E+02   0.25845E+02   0.32400E+00  -0.16652E+00
   0.21262E+03   0.29878E+02   0.25825E+02   0.32687E+00  -0.17069E+00
   0.21297E+03   0.29881E+02   0.25675E+02   0.32953E+00  -0.17291E+00
   0.21332E+03   0.29882E+02   0.25390E+02   0.33306E+00  -0.18870E+00
   0.21367E+03   0.29884E+02   0.25286E+02   0.34003E+00  -0.19602E+00
   0.21402E+03   0.29887E+02   0.25304E+02   0.34696E+00  -0.19802E+00
   0.21437E+03   0.29892E+02   0.25073E+02   0.35083E+00  -0.21448E+00
   0.21472E+03   0.29897E+02   0.25009E+02   0.35557E+00  -0.23023E+00
   0.21507E+03   0.29903E+02   0.25248E+02   0.36897E+00  -0.23015E+00
   0.21542E+03   0.29912E+02   0.25535E+02   0.38340E+00  -0.22693E+00
   0.21577E+03   0.29921E+02   0.25739E+02   0.39067E+00  -0.22876E+00
   0.21612E+03   0.29928E+02   0.25504E+02   0.39299E+00  -0.23768E+00
   0.21647E+03   0.29933E+02   0.25161E+02   0.40186E+00  -0.24400E+00
   0.21682E+03   0.29938E+02   0.25255E+02   0.40875E+00  -0.23792E+00
   0.21717E+03   0.29941E+02   0.25507E+02   0.41050E+00  -0.23638E+00
   0.21752E+03   0.29943E+02   0.25777E+02   0.41536E+00  -0.23441E+00
   0.21787E+03   0.29946E+02   0.26094E+02   0.42027E+00  -0.22431E+00
   0.21822E+03   0.29948E+02   0.26363E+02   0.42153E+00  -0.21426E+00
   0.21857E+03   0.29949E+02   0.26688E+02   0.42535E+00  -0.20246E+00
   0.21892E+03   0.29951E+02   0.26855E+02   0.43097E+00  -0.19139E+00
   0.21927E+03   0.29952E+02   0.26913E+02   0.43253E+00  -0.18021E+00
   0.21962E+03   0.29953E+02   0.26926E+02   0.42445E+00  -0.16845E+00
   0.21997E+03   0.29951E+02   0.26848E+02   0.40908E+00  -0.15964E+00
   0.22032E+03   0.29945E+02   0.27002E+02   0.39733E+00  -0.13803E+00
   0.22067E+03   0.29939E+02   0.26992E+02   0.39685E+00  -0.12322E+00
   0.22102E+03   0.29937E+02   0.26712E+02   0.38850E+00  -0.13097E+00
   0.22137E+03   0.29932E+02   0.26521E+02   0.37356E+00  -0.13404E+00
   0.22172E+03   0.29927E+02   0.26458E+02   0.36548E+00  -0.12769E+00
   0.22207E+03   0.29921E+02   0.26592E+02   0.35889E+00  -0.11207E+00
   0.22242E+03   0.29914E+02   0.26714E+02   0.35457E+00  -0.10401E+00
   0.22277E+03   0.29909E+02   0.26463E+02   0.34657E+00  -0.11914E+00
   0.22312E+03   0.29903E+02   0.26204E+02   0.34195E+00  -0.13057E+00
   0.22347E+03   0.29898E+02   0.26265E+02   0.34235E+00  -0.12552E+00
   0.22382E+03   0.29895E+02   0.26365E+02   0.34200E+00  -0.12168E+00
   0.22417E+03   0.29894E+02   0.26379E+02   0.33886E+00  -0.12554E+00
   0.22452E+03   0.29888E+02   0.26442E+02   0.33295E+00  -0.12505E+00
   0.22487E+03   0.29883E+02   0.26368E+02   0.32831E+00  -0.12779E+00
   0.22522E+03   0.29880E+02   0.26116E+02   0.32775E+00  -0.13847E+00
   0.22557E+03   0.29879E+02   0.25912E+02   0.33281E+00  -0.15097E+00
   0.22592E+03   0.29881E+02   0.25644E+02   0.33441E+00  -0.16507E+00
   0.22627E+03   0.29879E+02   0.25438E+02   0.32771E+00  -0.17134E+00
   0.22662E+03   0.29875E+02   0.25617E+02   0.32249E+00  -0.17193E+00
   0.22697E+03   0.29875E+02   0.25840E+02   0.32895E+00  -0.17291E+00
   0.22732E+03   0.29882E+02   0.25640E+02   0.34376E+00  -0.18285E+00
   0.22767E+03   0.29891E+02   0.25190E+02   0.34955E+00  -0.20808E+00
   0.22802E+03   0.29896E+02   0.24860E+02   0.34979E+00  -0.22472E+00
   0.22837E+03   0.29899E+02   0.25010E+02   0.35657E+00  -0.21977E+00
   0.22872E+03   0.29906E+02   0.25306E+02   0.36632E+00  -0.21808E+00
   0.22907E+03   0.29912E+02   0.25337E+02   0.37311E+00  -0.22953E+00
   0.22942E+03   0.29917E+02   0.25217E+02   0.37733E+00  -0.24204E+00
   0.22977E+03   0.29922E+02   0.24889E+02   0.38481E+00  -0.25334E+00
   0.23012E+03   0.29928E+02   0.24967E+02   0.39864E+00  -0.25142E+00
   0.23047E+03   0.29935E+02   0.25381E+02   0.41190E+00  -0.24533E+00
   0.23082E+03   0.29942E+02   0.25249E+02   0.41577E+00  -0.25549E+00
   0.23117E+03   0.29945E+02   0.24964E+02   0.41564E+00  -0.26381E+00
   0.23152E+03   0.29947E+02   0.25165E+02   0.41846E+00  -0.26034E+00
   0.23187E+03   0.29949E+02   0.25852E+02   0.42900E+00  -0.24046E+00
   0.23222E+03   0.29953E+02   0.26419E+02   0.44375E+00  -0.21977E+00
   0.23257E+03   0.29957E+02   0.26454E+02   0.44958E+00  -0.22225E+00
   0.23292E+03   0.29958E+02   0.26297E+02   0.44474E+00  -0.22171E+00
   0.23327E+03   0.29958E+02   0.26211E+02   0.43709E+00  -0.20796E+00
   0.23362E+03   0.29958E+02   0.26109E+02   0.43579E+00  -0.19779E+00
   0.23397E+03   0.29958E+02   0.26282E+02   0.43492E+00  -0.18187E+00
   0.23432E+03   0.29956E+02   0.26697E+02   0.42308E+00  -0.16059E+00
   0.23467E+03   0.29952E+02   0.26878E+02   0.41064E+00  -0.14700E+00
   0.23502E+03   0.29948E+02   0.26871E+02   0.40322E+00  -0.13490E+00
   0.23537E+03   0.29945E+02   0.26812E+02   0.39966E+00  -0.12645E+00
   0.23572E+03   0.29942E+02   0.26692E+02   0.39653E+00  -0.12194E+00
   0.23607E+03   0.29938E+02   0.26753E+02   0.38232E+00  -0.10989E+00
   0.23642E+03   0.29929E+02   0.26845E+02   0.36208E+00  -0.10246E+00
   0.23677E+03   0.29915E+02   0.26851E+02   0.35398E+00  -0.97090E-01
   0.23712E+03   0.29907E+02   0.26689E+02   0.35358E+00  -0.10357E+00
   0.23747E+03   0.29905E+02   0.26440E+02   0.34722E+00  -0.12030E+00
   0.23782E+03   0.29899E+02   0.26389E+02   0.33952E+00  -0.12238E+00
   0.23817E+03   0.29890E+02   0.26272E+02   0.33628E+00  -0.12457E+00
   0.23852E+03   0.29885E+02   0.26170E+02   0.33653E+00  -0.12715E+00
   0.23887E+03   0.29884E+02   0.26138E+02   0.33485E+00  -0.13314E+00
   0.23922E+03   0.29881E+02   0.26052E+02   0.32965E+00  -0.14654E+00
   0.23957E+03   0.29880E+02   0.26030E+02   0.33302E+00  -0.14577E+00
   0.23992E+03   0.29885E+02   0.25958E+02   0.33728E+00  -0.14562E+00
   0.24027E+03   0.29887E+02   0.25693E+02   0.33263E+00  -0.16101E+00
   0.24062E+03   0.29887E+02   0.25628E+02   0.32993E+00  -0.16381E+00
   0.24097E+03   0.29883E+02   0.25671E+02   0.32785E+00  -0.16098E+00
   0.24132E+03   0.29880E+02   0.25606E+02   0.33091E+00  -0.16931E+00
   0.24167E+03   0.29882E+02   0.25232E+02   0.33721E+00  -0.19084E+00
   0.24202E+03   0.29887E+02   0.24818E+02   0.34240E+00  -0.21656E+00
   0.24237E+03   0.29891E+02   0.24849E+02   0.34678E+00  -0.22335E+00
   0.24272E+03   0.29894E+02   0.24990E+02   0.35349E+00  -0.22427E+00
   0.24307E+03   0.29901E+02   0.25082E+02   0.36594E+00  -0.23312E+00
   0.24342E+03   0.29909E+02   0.25232E+02   0.37797E+00  -0.23876E+00
   0.24377E+03   0.29918E+02   0.25268E+02   0.38829E+00  -0.24570E+00
   0.24412E+03   0.29925E+02   0.25265E+02   0.39641E+00  -0.25057E+00
   0.24447E+03   0.29932E+02   0.25509E+02   0.40942E+00  -0.24588E+00
   0.24482E+03   0.29940E+02   0.26039E+02   0.41903E+00  -0.23623E+00
   0.24517E+03   0.29945E+02   0.26376E+02   0.41923E+00  -0.22586E+00
   0.24552E+03   0.29947E+02   0.26076E+02   0.41744E+00  -0.22626E+00
   0.24587E+03   0.29948E+02   0.26086E+02   0.41897E+00  -0.22128E+00
   0.24622E+03   0.29950E+02   0.26479E+02   0.42597E+00  -0.20389E+00
   0.24657E+03   0.29951E+02   0.26876E+02   0.43180E+00  -0.19028E+00
   0.24692E+03   0.29952E+02   0.26962E+02   0.42610E+00  -0.18340E+00
   0.24727E+03   0.29951E+02   0.26775E+02   0.41540E+00  -0.17626E+00
   0.24762E+03   0.29949E+02   0.26728E+02   0.40955E+00  -0.16393E+00
   0.24797E+03   0.29948E+02   0.26689E+02   0.40429E+00  -0.15144E+00
   0.24832E+03   0.29945E+02   0.26492E+02   0.39723E+00  -0.14708E+00
   0.24867E+03   0.29941E+02   0.26223E+02   0.39006E+00  -0.14780E+00
   0.24902E+03   0.29937E+02   0.26182E+02   0.37916E+00  -0.14303E+00
   0.24937E+03   0.29929E+02   0.26151E+02   0.36745E+00  -0.13521E+00
   0.24972E+03   0.29922E+02   0.26264E+02   0.36381E+00  -0.12970E+00
   0.25007E+03   0.29917E+02   0.26432E+02   0.36728E+00  -0.12656E+00
   0.25042E+03   0.29919E+02   0.26380E+02   0.36780E+00  -0.13072E+00
   0.25077E+03   0.29916E+02   0.26259E+02   0.35498E+00  -0.13671E+00
   0.25112E+03   0.29910E+02   0.26232E+02   0.35128E+00  -0.13356E+00
   0.25147E+03   0.29908E+02   0.26244E+02   0.35330E+00  -0.12531E+00
   0.25182E+03   0.29904E+02   0.26060E+02   0.34814E+00  -0.13415E+00
   0.25217E+03   0.29897E+02   0.25945E+02   0.34097E+00  -0.14933E+00
   0.25252E+03   0.29892E+02   0.25872E+02   0.33647E+00  -0.15029E+00
   0.25287E+03   0.29891E+02   0.25649E+02   0.33851E+00  -0.15737E+00
   0.25322E+03   0.29892E+02   0.25403E+02   0.34188E+00  -0.17371E+00
   0.25357E+03   0.29893E+02   0.25176E+02   0.33982E+00  -0.18863E+00
   0.25392E+03   0.29893E+02   0.25027E+02   0.33824E+00  -0.19438E+00
   0.25427E+03   0.29896E+02   0.24615E+02   0.34307E+00  -0.20940E+00
   0.25462E+03   0.29898E+02   0.24121E+02   0.34806E+00  -0.23727E+00
   0.25497E+03   0.29901E+02   0.23886E+02   0.35991E+00  -0.25494E+00
   0.25532E+03   0.29908E+02   0.24023E+02   0.37109E+00  -0.26641E+00
   0.25567E+03   0.29915E+02   0.24369E+02   0.38183E+00  -0.27428E+00
   0.25602E+03   0.29924E+02   0.24386E+02   0.39670E+00  -0.28473E+00
   0.25637E+03   0.29933E+02   0.24696E+02   0.41034E+00  -0.28854E+00
   0.25672E+03   0.29941E+02   0.25328E+02   0.42640E+00  -0.27745E+00
   0.25707E+03   0.29948E+02   0.25659E+02   0.44229E+00  -0.27038E+00
   0.25742E+03   0.29955E+02   0.25748E+02   0.45151E+00  -0.26999E+00
   0.25777E+03   0.29960E+02   0.25671E+02   0.45585E+00  -0.26928E+00
   0.25812E+03   0.29962E+02   0.25929E+02   0.45726E+00  -0.25410E+00
   0.25847E+03   0.29963E+02   0.26576E+02   0.45386E+00  -0.22421E+00
   0.25882E+03   0.29963E+02   0.27144E+02   0.45237E+00  -0.19946E+00
   0.25917E+03   0.29963E+02   0.27464E+02   0.45489E+00  -0.18485E+00
   0.25952E+03   0.29963E+02   0.27464E+02   0.45278E+00  -0.17255E+00
   0.25987E+03   0.29963E+02   0.27293E+02   0.43840E+00  -0.15603E+00
   0.26022E+03   0.29959E+02   0.27054E+02   0.42531E+00  -0.14440E+00
   0.26057E+03   0.29954E+02   0.26991E+02   0.41861E+00  -0.12780E+00
   0.26092E+03   0.29950E+02   0.26955E+02   0.40334E+00  -0.11149E+00
   0.26127E+03   0.29943E+02   0.26651E+02   0.38017E+00  -0.12030E+00
   0.26162E+03   0.29932E+02   0.26444E+02   0.36871E+00  -0.12412E+00
   0.26197E+03   0.29926E+02   0.26481E+02   0.36876E+00  -0.10673E+00
   0.26232E+03   0.29923E+02   0.26675E+02   0.36431E+00  -0.95395E-01
   0.26267E+03   0.29918E+02   0.26582E+02   0.35600E+00  -0.10731E+00
   0.26302E+03   0.29912E+02   0.26312E+02   0.34491E+00  -0.11723E+00
   0.26337E+03   0.29902E+02   0.26224E+02   0.34049E+00  -0.11121E+00
   0.26372E+03   0.29897E+02   0.26016E+02   0.34191E+00  -0.12131E+00
   0.26407E+03   0.29893E+02   0.25849E+02   0.33817E+00  -0.13815E+00
   0.26442E+03   0.29888E+02   0.25847E+02   0.33443E+00  -0.13977E+00
   0.26477E+03   0.29885E+02   0.25805E+02   0.33066E+00  -0.14217E+00
   0.26512E+03   0.29880E+02   0.25640E+02   0.32769E+00  -0.15239E+00
   0.26547E+03   0.29879E+02   0.25575E+02   0.33153E+00  -0.15971E+00
   0.26582E+03   0.29881E+02   0.25528E+02   0.33748E+00  -0.16697E+00
   0.26617E+03   0.29884E+02   0.25345E+02   0.34150E+00  -0.17834E+00
   0.26652E+03   0.29887E+02   0.25172E+02   0.33940E+00  -0.19059E+00
   0.26687E+03   0.29889E+02   0.25289E+02   0.33812E+00  -0.19464E+00
   0.26722E+03   0.29891E+02   0.25555E+02   0.34712E+00  -0.19119E+00
   0.26757E+03   0.29896E+02   0.25530E+02   0.35760E+00  -0.19778E+00
   0.26792E+03   0.29902E+02   0.25372E+02   0.35923E+00  -0.21219E+00
   0.26827E+03   0.29904E+02   0.25381E+02   0.36130E+00  -0.21598E+00
   0.26862E+03   0.29909E+02   0.25426E+02   0.37481E+00  -0.21444E+00
   0.26897E+03   0.29917E+02   0.25110E+02   0.38138E+00  -0.22675E+00
   0.26932E+03   0.29922E+02   0.24509E+02   0.37790E+00  -0.25103E+00
   0.26967E+03   0.29925E+02   0.24149E+02   0.37993E+00  -0.27092E+00
   0.27002E+03   0.29928E+02   0.24107E+02   0.39169E+00  -0.27381E+00
   0.27037E+03   0.29934E+02   0.24409E+02   0.40393E+00  -0.27184E+00
   0.27072E+03   0.29940E+02   0.25140E+02   0.41779E+00  -0.27537E+00
   0.27107E+03   0.29947E+02   0.25795E+02   0.43721E+00  -0.26869E+00
   0.27142E+03   0.29953E+02   0.26162E+02   0.44888E+00  -0.25530E+00
   0.27177E+03   0.29958E+02   0.26577E+02   0.45348E+00  -0.24351E+00
   0.27212E+03   0.29962E+02   0.26780E+02   0.46111E+00  -0.22650E+00
   0.27247E+03   0.29964E+02   0.26927E+02   0.46623E+00  -0.20640E+00
   0.27282E+03   0.29965E+02   0.27211E+02   0.45655E+00  -0.18513E+00
   0.27317E+03   0.29963E+02   0.27195E+02   0.43911E+00  -0.17012E+00
   0.27352E+03   0.29959E+02   0.26929E+02   0.42787E+00  -0.16224E+00
   0.27387E+03   0.29957E+02   0.26922E+02   0.41977E+00  -0.14471E+00
   0.27422E+03   0.29953E+02   0.26974E+02   0.40781E+00  -0.13059E+00
   0.27457E+03   0.29947E+02   0.26744E+02   0.39456E+00  -0.13029E+00
   0.27492E+03   0.29940E+02   0.26552E+02   0.38325E+00  -0.13000E+00
   0.27527E+03   0.29932E+02   0.26385E+02   0.37620E+00  -0.12425E+00
   0.27562E+03   0.29926E+02   0.26357E+02   0.36941E+00  -0.12027E+00
   0.27597E+03   0.29921E+02   0.26289E+02   0.36222E+00  -0.12348E+00
   0.27632E+03   0.29918E+02   0.26069E+02   0.35596E+00  -0.12730E+00
   0.27667E+03   0.29914E+02   0.26157E+02   0.35197E+00  -0.12188E+00
   0.27702E+03   0.29908E+02   0.26115E+02   0.34928E+00  -0.12195E+00
   0.27737E+03   0.29902E+02   0.25763E+02   0.34584E+00  -0.13770E+00
   0.27772E+03   0.29897E+02   0.25713E+02   0.34557E+00  -0.14542E+00
   0.27807E+03   0.29896E+02   0.25761E+02   0.34695E+00  -0.14876E+00
   0.27842E+03   0.29898E+02   0.25684E+02   0.34286E+00  -0.15388E+00
   0.27877E+03   0.29897E+02   0.25668E+02   0.33786E+00  -0.16084E+00
   0.27912E+03   0.29894E+02   0.25744E+02   0.34269E+00  -0.16248E+00
   0.27947E+03   0.29895E+02   0.25693E+02   0.34890E+00  -0.16257E+00
   0.27982E+03   0.29897E+02   0.25571E+02   0.34726E+00  -0.17649E+00
   0.28017E+03   0.29897E+02   0.25713E+02   0.34651E+00  -0.18185E+00
   0.28052E+03   0.29897E+02   0.25769E+02   0.35089E+00  -0.17668E+00
   0.28087E+03   0.29898E+02   0.25745E+02   0.35493E+00  -0.17940E+00
   0.28122E+03   0.29901E+02   0.25682E+02   0.35316E+00  -0.19095E+00
   0.28157E+03   0.29903E+02   0.25498E+02   0.35300E+00  -0.20308E+00
   0.28192E+03   0.29905E+02   0.25564E+02   0.36181E+00  -0.20222E+00
   0.28227E+03   0.29909E+02   0.25408E+02   0.36927E+00  -0.20550E+00
   0.28262E+03   0.29912E+02   0.25159E+02   0.36885E+00  -0.21932E+00
   0.28297E+03   0.29915E+02   0.25181E+02   0.37288E+00  -0.22427E+00
   0.28332E+03   0.29920E+02   0.25135E+02   0.38184E+00  -0.23011E+00
   0.28367E+03   0.29925E+02   0.25038E+02   0.38772E+00  -0.23492E+00
   0.28402E+03   0.29930E+02   0.25135E+02   0.39417E+00  -0.23915E+00
   0.28437E+03   0.29935E+02   0.25360E+02   0.40412E+00  -0.23972E+00
   0.28472E+03   0.29939E+02   0.25636E+02   0.41330E+00  -0.22796E+00
   0.28507E+03   0.29943E+02   0.25813E+02   0.41647E+00  -0.22631E+00
   0.28542E+03   0.29946E+02   0.25939E+02   0.42013E+00  -0.22533E+00
   0.28577E+03   0.29948E+02   0.25827E+02   0.42667E+00  -0.21989E+00
   0.28612E+03   0.29951E+02   0.25847E+02   0.42802E+00  -0.21603E+00
   0.28647E+03   0.29951E+02   0.26311E+02   0.42407E+00  -0.20200E+00
   0.28682E+03   0.29951E+02   0.26379E+02   0.42128E+00  -0.19225E+00
   0.28717E+03   0.29951E+02   0.26002E+02   0.41950E+00  -0.19590E+00
   0.28752E+03   0.29949E+02   0.25652E+02   0.41553E+00  -0.19743E+00
   0.28787E+03   0.29948E+02   0.25602E+02   0.40849E+00  -0.19351E+00
   0.28822E+03   0.29946E+02   0.25714E+02   0.40655E+00  -0.18640E+00
   0.28857E+03   0.29944E+02   0.25958E+02   0.40766E+00  -0.17690E+00
   0.28892E+03   0.29944E+02   0.26049E+02   0.40440E+00  -0.17234E+00
   0.28927E+03   0.29942E+02   0.25860E+02   0.39585E+00  -0.17424E+00
   0.28962E+03   0.29938E+02   0.26153E+02   0.39373E+00  -0.16105E+00
   0.28997E+03   0.29939E+02   0.26597E+02   0.39737E+00  -0.13810E+00
   0.29032E+03   0.29939E+02   0.26607E+02   0.39319E+00  -0.13141E+00
   0.29067E+03   0.29935E+02   0.26476E+02   0.38396E+00  -0.13782E+00
   0.29102E+03   0.29931E+02   0.26298E+02   0.37092E+00  -0.13976E+00
   0.29137E+03   0.29926E+02   0.26253E+02   0.36206E+00  -0.12852E+00
   0.29172E+03   0.29918E+02   0.26237E+02   0.35726E+00  -0.13017E+00
   0.29207E+03   0.29913E+02   0.26054E+02   0.35432E+00  -0.14134E+00
   0.29242E+03   0.29909E+02   0.25920E+02   0.34628E+00  -0.14051E+00
   0.29277E+03   0.29903E+02   0.25970E+02   0.33919E+00  -0.14286E+00
   0.29312E+03   0.29899E+02   0.25963E+02   0.34264E+00  -0.14716E+00
   0.29347E+03   0.29898E+02   0.25953E+02   0.34751E+00  -0.14475E+00
   0.29382E+03   0.29900E+02   0.25870E+02   0.34998E+00  -0.15564E+00
   0.29417E+03   0.29900E+02   0.25451E+02   0.34514E+00  -0.17209E+00
   0.29452E+03   0.29896E+02   0.25328E+02   0.33887E+00  -0.17352E+00
   0.29487E+03   0.29893E+02   0.25244E+02   0.34247E+00  -0.17728E+00
   0.29522E+03   0.29897E+02   0.24999E+02   0.35017E+00  -0.19060E+00
   0.29557E+03   0.29900E+02   0.25039E+02   0.35047E+00  -0.20048E+00
   0.29592E+03   0.29899E+02   0.25286E+02   0.35104E+00  -0.20427E+00
   0.29627E+03   0.29901E+02   0.25424E+02   0.36203E+00  -0.20347E+00
   0.29662E+03   0.29909E+02   0.25402E+02   0.37579E+00  -0.20944E+00
   0.29697E+03   0.29917E+02   0.25265E+02   0.38081E+00  -0.22639E+00
   0.29732E+03   0.29921E+02   0.25096E+02   0.37872E+00  -0.22975E+00
   0.29767E+03   0.29923E+02   0.25234E+02   0.38263E+00  -0.21989E+00
   0.29802E+03   0.29926E+02   0.25690E+02   0.39074E+00  -0.20934E+00
   0.29837E+03   0.29930E+02   0.25907E+02   0.39493E+00  -0.20761E+00
   0.29872E+03   0.29933E+02   0.26038E+02   0.39706E+00  -0.20601E+00
   0.29907E+03   0.29936E+02   0.26232E+02   0.39828E+00  -0.19752E+00
   0.29942E+03   0.29937E+02   0.26367E+02   0.40103E+00  -0.18860E+00
   0.29977E+03   0.29939E+02   0.26351E+02   0.40396E+00  -0.18547E+00
   0.30012E+03   0.29941E+02   0.26200E+02   0.40337E+00  -0.18816E+00
   0.30047E+03   0.29940E+02   0.26194E+02   0.39504E+00  -0.18393E+00
   0.30082E+03   0.29937E+02   0.26136E+02   0.38575E+00  -0.17557E+00
   0.30118E+03   0.29933E+02   0.26037E+02   0.38501E+00  -0.17104E+00
   0.30153E+03   0.29931E+02   0.26048E+02   0.38957E+00  -0.16829E+00
   0.30188E+03   0.29932E+02   0.26020E+02   0.38834E+00  -0.16953E+00
   0.30223E+03   0.29932E+02   0.25894E+02   0.38051E+00  -0.17301E+00
   0.30258E+03   0.29929E+02   0.25880E+02   0.37794E+00  -0.16913E+00
   0.30293E+03   0.29927E+02   0.25894E+02   0.38050E+00  -0.16341E+00
   0.30328E+03   0.29928E+02   0.25859E+02   0.37782E+00  -0.16013E+00
   0.30363E+03   0.29926E+02   0.25834E+02   0.37210E+00  -0.16489E+00
   0.30398E+03   0.29923E+02   0.25692E+02   0.37061E+00  -0.16999E+00
   0.30433E+03   0.29922E+02   0.25540E+02   0.37056E+00  -0.16868E+00
   0.30468E+03   0.29921E+02   0.25614E+02   0.37181E+00  -0.17219E+00
   0.30503E+03   0.29921E+02   0.25630E+02   0.37107E+00  -0.17737E+00
   0.30538E+03   0.29920E+02   0.25627E+02   0.36525E+00  -0.17509E+00
   0.30573E+03   0.29916E+02   0.25657E+02   0.36577E+00  -0.17476E+00
   0.30608E+03   0.29916E+02   0.25424E+02   0.37191E+00  -0.18573E+00
   0.30643E+03   0.29919E+02   0.25160E+02   0.37035E+00  -0.19517E+00
   0.30678E+03   0.29919E+02   0.24825E+02   0.36974E+00  -0.20744E+00
   0.30713E+03   0.29919E+02   0.24778E+02   0.37175E+00  -0.21347E+00
   0.30748E+03   0.29920E+02   0.24971E+02   0.37133E+00  -0.20673E+00
   0.30783E+03   0.29921E+02   0.24852E+02   0.37468E+00  -0.21625E+00
   0.30818E+03   0.29923E+02   0.24766E+02   0.38296E+00  -0.23092E+00
   0.30853E+03   0.29927E+02   0.24770E+02   0.39183E+00  -0.23553E+00
   0.30888E+03   0.29932E+02   0.24971E+02   0.39946E+00  -0.23541E+00
   0.30923E+03   0.29937E+02   0.25537E+02   0.40524E+00  -0.22685E+00
   0.30958E+03   0.29941E+02   0.25958E+02   0.40983E+00  -0.21436E+00
   0.30993E+03   0.29944E+02   0.26151E+02   0.41220E+00  -0.20004E+00
   0.31028E+03   0.29944E+02   0.26215E+02   0.41028E+00  -0.19572E+00
   0.31063E+03   0.29944E+02   0.26009E+02   0.41300E+00  -0.19721E+00
   0.31098E+03   0.29946E+02   0.25885E+02   0.41356E+00  -0.19180E+00
   0.31133E+03   0.29946E+02   0.25783E+02   0.40768E+00  -0.19277E+00
   0.31168E+03   0.29944E+02   0.25797E+02   0.39607E+00  -0.18494E+00
   0.31203E+03   0.29940E+02   0.25823E+02   0.38499E+00  -0.17481E+00
   0.31238E+03   0.29935E+02   0.25721E+02   0.38380E+00  -0.17547E+00
   0.31273E+03   0.29932E+02   0.25724E+02   0.39086E+00  -0.17365E+00
   0.31308E+03   0.29934E+02   0.25697E+02   0.39524E+00  -0.17757E+00
   0.31343E+03   0.29935E+02   0.25688E+02   0.39020E+00  -0.18155E+00
   0.31378E+03   0.29934E+02   0.25743E+02   0.38580E+00  -0.17139E+00
   0.31413E+03   0.29931E+02   0.25829E+02   0.38204E+00  -0.15832E+00
   0.31448E+03   0.29930E+02   0.25914E+02   0.37997E+00  -0.15291E+00
   0.31483E+03   0.29930E+02   0.26016E+02   0.37608E+00  -0.15414E+00
   0.31518E+03   0.29928E+02   0.26151E+02   0.37477E+00  -0.15170E+00
   0.31553E+03   0.29925E+02   0.26049E+02   0.37582E+00  -0.14702E+00
   0.31588E+03   0.29921E+02   0.25888E+02   0.37049E+00  -0.15382E+00
   0.31623E+03   0.29917E+02   0.25908E+02   0.36447E+00  -0.15738E+00
   0.31658E+03   0.29915E+02   0.25910E+02   0.35760E+00  -0.15623E+00
   0.31693E+03   0.29912E+02   0.25905E+02   0.35404E+00  -0.15587E+00
   0.31728E+03   0.29908E+02   0.25772E+02   0.35514E+00  -0.15968E+00
   0.31763E+03   0.29908E+02   0.25604E+02   0.35781E+00  -0.16979E+00
   0.31798E+03   0.29908E+02   0.25533E+02   0.35809E+00  -0.17441E+00
   0.31833E+03   0.29908E+02   0.25492E+02   0.35684E+00  -0.17910E+00
   0.31868E+03   0.29908E+02   0.25346E+02   0.35750E+00  -0.18619E+00
   0.31903E+03   0.29907E+02   0.25329E+02   0.36102E+00  -0.19044E+00
   0.31938E+03   0.29909E+02   0.25567E+02   0.36580E+00  -0.19167E+00
   0.31973E+03   0.29914E+02   0.25804E+02   0.36789E+00  -0.18931E+00
   0.32008E+03   0.29917E+02   0.25965E+02   0.37187E+00  -0.18548E+00
   0.32043E+03   0.29919E+02   0.26042E+02   0.37707E+00  -0.18343E+00
   0.32078E+03   0.29922E+02   0.26047E+02   0.38128E+00  -0.18102E+00
   0.32113E+03   0.29923E+02   0.26140E+02   0.37868E+00  -0.17823E+00
   0.32148E+03   0.29923E+02   0.26274E+02   0.37584E+00  -0.17574E+00
   0.32183E+03   0.29925E+02   0.26094E+02   0.37445E+00  -0.17311E+00
   0.32218E+03   0.29924E+02   0.25777E+02   0.36961E+00  -0.17669E+00
   0.32253E+03   0.29922E+02   0.25432E+02   0.36523E+00  -0.18819E+00
   0.32288E+03   0.29917E+02   0.25078E+02   0.36401E+00  -0.19788E+00
   0.32323E+03   0.29915E+02   0.24943E+02   0.37044E+00  -0.20509E+00
   0.32358E+03   0.29917E+02   0.24899E+02   0.37568E+00  -0.21778E+00
   0.32393E+03   0.29921E+02   0.24777E+02   0.37792E+00  -0.22667E+00
   0.32428E+03   0.29925E+02   0.24981E+02   0.38153E+00  -0.22611E+00
   0.32463E+03   0.29929E+02   0.25299E+02   0.39003E+00  -0.22092E+00
   0.32498E+03   0.29934E+02   0.25564E+02   0.40240E+00  -0.21119E+00
   0.32533E+03   0.29938E+02   0.25566E+02   0.41118E+00  -0.21464E+00
   0.32568E+03   0.29942E+02   0.25558E+02   0.41307E+00  -0.22061E+00
   0.32603E+03   0.29944E+02   0.25770E+02   0.41329E+00  -0.20982E+00
   0.32638E+03   0.29944E+02   0.25987E+02   0.41133E+00  -0.19728E+00
   0.32673E+03   0.29944E+02   0.26249E+02   0.40740E+00  -0.18653E+00
   0.32708E+03   0.29943E+02   0.26217E+02   0.40513E+00  -0.18029E+00
   0.32743E+03   0.29940E+02   0.26202E+02   0.40265E+00  -0.17771E+00
   0.32778E+03   0.29939E+02   0.26412E+02   0.39980E+00  -0.16738E+00
   0.32813E+03   0.29939E+02   0.26483E+02   0.39781E+00  -0.16050E+00
   0.32848E+03   0.29939E+02   0.26445E+02   0.39391E+00  -0.15831E+00
   0.32883E+03   0.29935E+02   0.26522E+02   0.38366E+00  -0.14886E+00
   0.32918E+03   0.29931E+02   0.26441E+02   0.37528E+00  -0.14097E+00
   0.32953E+03   0.29928E+02   0.26371E+02   0.36622E+00  -0.13672E+00
   0.32988E+03   0.29921E+02   0.26432E+02   0.36522E+00  -0.13117E+00
   0.33023E+03   0.29916E+02   0.26456E+02   0.36807E+00  -0.12925E+00
   0.33058E+03   0.29913E+02   0.26428E+02   0.36200E+00  -0.13223E+00
   0.33093E+03   0.29910E+02   0.26243E+02   0.35472E+00  -0.14370E+00
   0.33128E+03   0.29907E+02   0.26054E+02   0.35015E+00  -0.14977E+00
   0.33163E+03   0.29903E+02   0.25848E+02   0.34887E+00  -0.14708E+00
   0.33198E+03   0.29900E+02   0.25579E+02   0.34730E+00  -0.15796E+00
   0.33233E+03   0.29898E+02   0.25438E+02   0.34506E+00  -0.17026E+00
   0.33268E+03   0.29898E+02   0.25462E+02   0.34608E+00  -0.17122E+00
   0.33303E+03   0.29899E+02   0.25534E+02   0.35026E+00  -0.17124E+00
   0.33338E+03   0.29900E+02   0.25608E+02   0.35369E+00  -0.17508E+00
   0.33373E+03   0.29903E+02   0.25467E+02   0.35723E+00  -0.18410E+00
   0.33408E+03   0.29907E+02   0.25290E+02   0.35728E+00  -0.19466E+00
   0.33443E+03   0.29907E+02   0.25392E+02   0.36069E+00  -0.19485E+00
   0.33478E+03   0.29909E+02   0.25406E+02   0.36582E+00  -0.19483E+00
   0.33513E+03   0.29912E+02   0.25435E+02   0.36790E+00  -0.20027E+00
   0.33548E+03   0.29915E+02   0.25474E+02   0.37127E+00  -0.20808E+00
   0.33583E+03   0.29917E+02   0.25337E+02   0.37263E+00  -0.21403E+00
   0.33618E+03   0.29918E+02   0.25387E+02   0.37646E+00  -0.21196E+00
   0.33653E+03   0.29923E+02   0.25309E+02   0.38608E+00  -0.22019E+00
   0.33688E+03   0.29928E+02   0.25073E+02   0.39233E+00  -0.23570E+00
   0.33723E+03   0.29930E+02   0.25241E+02   0.39484E+00  -0.23565E+00
   0.33758E+03   0.29932E+02   0.25466E+02   0.39831E+00  -0.22986E+00
   0.33793E+03   0.29936E+02   0.25516E+02   0.40407E+00  -0.22863E+00
   0.33828E+03   0.29941E+02   0.25608E+02   0.41269E+00  -0.22732E+00
   0.33863E+03   0.29946E+02   0.25669E+02   0.41552E+00  -0.22540E+00
   0.33898E+03   0.29947E+02   0.25828E+02   0.41540E+00  -0.21587E+00
   0.33933E+03   0.29948E+02   0.26127E+02   0.42068E+00  -0.20281E+00
   0.33968E+03   0.29950E+02   0.26382E+02   0.42342E+00  -0.19412E+00
   0.34003E+03   0.29951E+02   0.26290E+02   0.41947E+00  -0.19213E+00
   0.34038E+03   0.29951E+02   0.25965E+02   0.41223E+00  -0.19318E+00
   0.34073E+03   0.29948E+02   0.26079E+02   0.40485E+00  -0.18113E+00
   0.34108E+03   0.29945E+02   0.26347E+02   0.40432E+00  -0.15914E+00
   0.34143E+03   0.29944E+02   0.26513E+02   0.40411E+00  -0.15052E+00
   0.34178E+03   0.29942E+02   0.26329E+02   0.39571E+00  -0.15592E+00
   0.34213E+03   0.29938E+02   0.26110E+02   0.38382E+00  -0.15574E+00
   0.34248E+03   0.29934E+02   0.26175E+02   0.37877E+00  -0.14463E+00
   0.34283E+03   0.29931E+02   0.26164E+02   0.37819E+00  -0.13576E+00
   0.34318E+03   0.29927E+02   0.26040E+02   0.37274E+00  -0.14185E+00
   0.34353E+03   0.29921E+02   0.25985E+02   0.36306E+00  -0.14602E+00
   0.34388E+03   0.29915E+02   0.25948E+02   0.35574E+00  -0.14266E+00
   0.34423E+03   0.29911E+02   0.25808E+02   0.35475E+00  -0.14263E+00
   0.34458E+03   0.29910E+02   0.25716E+02   0.35642E+00  -0.15328E+00
   0.34493E+03   0.29910E+02   0.25692E+02   0.35688E+00  -0.15948E+00
   0.34528E+03   0.29908E+02   0.25894E+02   0.35418E+00  -0.15249E+00
   0.34563E+03   0.29907E+02   0.26032E+02   0.34895E+00  -0.14932E+00
   0.34598E+03   0.29906E+02   0.25886E+02   0.34856E+00  -0.15337E+00
   0.34633E+03   0.29904E+02   0.25804E+02   0.35220E+00  -0.15676E+00
   0.34668E+03   0.29902E+02   0.26094E+02   0.35395E+00  -0.14944E+00
   0.34703E+03   0.29904E+02   0.26253E+02   0.35153E+00  -0.14612E+00
   0.34738E+03   0.29902E+02   0.25895E+02   0.34604E+00  -0.16287E+00
   0.34773E+03   0.29898E+02   0.25635E+02   0.34858E+00  -0.17606E+00
   0.34808E+03   0.29899E+02   0.25825E+02   0.34818E+00  -0.16449E+00
   0.34843E+03   0.29897E+02   0.25993E+02   0.34205E+00  -0.16036E+00
   0.34878E+03   0.29896E+02   0.26065E+02   0.34724E+00  -0.16908E+00
   0.34913E+03   0.29900E+02   0.26203E+02   0.35394E+00  -0.16657E+00
   0.34948E+03   0.29905E+02   0.26078E+02   0.35394E+00  -0.16456E+00
   0.34983E+03   0.29908E+02   0.25624E+02   0.34928E+00  -0.18130E+00
   0.35018E+03   0.29906E+02   0.25352E+02   0.34813E+00  -0.19135E+00
   0.35053E+03   0.29904E+02   0.25332E+02   0.35577E+00  -0.18441E+00
   0.35088E+03   0.29906E+02   0.25148E+02   0.35803E+00  -0.19692E+00
   0.35123E+03   0.29906E+02   0.24897E+02   0.35414E+00  -0.22123E+00
   0.35158E+03   0.29907E+02   0.24961E+02   0.36019E+00  -0.22500E+00
   0.35193E+03   0.29912E+02   0.25062E+02   0.37604E+00  -0.22283E+00
   0.35228E+03   0.29919E+02   0.25151E+02   0.38917E+00  -0.23110E+00
   0.35263E+03   0.29926E+02   0.25184E+02   0.39670E+00  -0.24075E+00
   0.35298E+03   0.29931E+02   0.25269E+02   0.40020E+00  -0.24485E+00
   0.35333E+03   0.29936E+02   0.25707E+02   0.40968E+00  -0.23303E+00
   0.35368E+03   0.29941E+02   0.25977E+02   0.41635E+00  -0.21899E+00
   0.35403E+03   0.29944E+02   0.26089E+02   0.41337E+00  -0.21591E+00
   0.35438E+03   0.29945E+02   0.26212E+02   0.41745E+00  -0.20754E+00
   0.35473E+03   0.29948E+02   0.26185E+02   0.41984E+00  -0.19996E+00
   0.35508E+03   0.29949E+02   0.26173E+02   0.41357E+00  -0.19618E+00
   0.35543E+03   0.29947E+02   0.26208E+02   0.40854E+00  -0.19162E+00
   0.35578E+03   0.29946E+02   0.26217E+02   0.40965E+00  -0.18641E+00
   0.35613E+03   0.29944E+02   0.26324E+02   0.40599E+00  -0.17389E+00
   0.35648E+03   0.29941E+02   0.26428E+02   0.39563E+00  -0.16866E+00
   0.35683E+03   0.29938E+02   0.26344E+02   0.39516E+00  -0.17193E+00
   0.35718E+03   0.29938E+02   0.26272E+02   0.40245E+00  -0.16526E+00
   0.35753E+03   0.29940E+02   0.26479E+02   0.39786E+00  -0.15464E+00
   0.35788E+03   0.29937E+02   0.26667E+02   0.38437E+00  -0.14693E+00
   0.35823E+03   0.29933E+02   0.26780E+02   0.38108E+00  -0.13279E+00
   0.35858E+03   0.29931E+02   0.26943E+02   0.37986E+00  -0.11966E+00
   0.35893E+03   0.29927E+02   0.26837E+02   0.37046E+00  -0.11983E+00
   0.35928E+03   0.29922E+02   0.26432E+02   0.35996E+00  -0.12905E+00
   0.35963E+03   0.29914E+02   0.26276E+02   0.35296E+00  -0.12673E+00
   0.35998E+03   0.29907E+02   0.26418E+02   0.34810E+00  -0.11557E+00
   0.36033E+03   0.29901E+02   0.26241E+02   0.33998E+00  -0.12499E+00
   0.36068E+03   0.29893E+02   0.25990E+02   0.33231E+00  -0.14175E+00
   0.36103E+03   0.29889E+02   0.25972E+02   0.33108E+00  -0.14051E+00
   0.36138E+03   0.29889E+02   0.26127E+02   0.33415E+00  -0.13354E+00
   0.36173E+03   0.29888E+02   0.26209E+02   0.33987E+00  -0.13912E+00
   0.36208E+03   0.29889E+02   0.26031E+02   0.34182E+00  -0.15264E+00
   0.36243E+03   0.29889E+02   0.25846E+02   0.34027E+00  -0.16071E+00
   0.36278E+03   0.29888E+02   0.25702E+02   0.33921E+00  -0.16548E+00
   0.36313E+03   0.29887E+02   0.25597E+02   0.33882E+00  -0.17331E+00
   0.36348E+03   0.29889E+02   0.25592E+02   0.33932E+00  -0.17557E+00
   0.36383E+03   0.29891E+02   0.25595E+02   0.34393E+00  -0.17955E+00
   0.36418E+03   0.29893E+02   0.25661E+02   0.34644E+00  -0.18736E+00
   0.36453E+03   0.29894E+02   0.25985E+02   0.34927E+00  -0.18246E+00
   0.36488E+03   0.29898E+02   0.26238E+02   0.35996E+00  -0.18128E+00
   0.36523E+03   0.29904E+02   0.26191E+02   0.37256E+00  -0.19281E+00
   0.36558E+03   0.29912E+02   0.26368E+02   0.37537E+00  -0.19052E+00
   0.36593E+03   0.29914E+02   0.26571E+02   0.36682E+00  -0.18106E+00
   0.36628E+03   0.29915E+02   0.26470E+02   0.36789E+00  -0.17897E+00
   0.36663E+03   0.29918E+02   0.25998E+02   0.37388E+00  -0.18320E+00
   0.36698E+03   0.29920E+02   0.25622E+02   0.36874E+00  -0.19295E+00
   0.36733E+03   0.29918E+02   0.25641E+02   0.36196E+00  -0.19477E+00
   0.36768E+03   0.29915E+02   0.25772E+02   0.36590E+00  -0.18718E+00
   0.36803E+03   0.29917E+02   0.25873E+02   0.37339E+00  -0.18497E+00
   0.36838E+03   0.29920E+02   0.25811E+02   0.37434E+00  -0.19297E+00
   0.36873E+03   0.29921E+02   0.25818E+02   0.37581E+00  -0.19718E+00
   0.36908E+03   0.29922E+02   0.25944E+02   0.38248E+00  -0.18902E+00
   0.36943E+03   0.29926E+02   0.26027E+02   0.38996E+00  -0.18294E+00
   0.36978E+03   0.29930E+02   0.25864E+02   0.39323E+00  -0.19194E+00
   0.37013E+03   0.29931E+02   0.25346E+02   0.39065E+00  -0.21030E+00
   0.37048E+03   0.29929E+02   0.24877E+02   0.38338E+00  -0.21974E+00
   0.37083E+03   0.29927E+02   0.24995E+02   0.38140E+00  -0.21412E+00
   0.37118E+03   0.29929E+02   0.25213E+02   0.39003E+00  -0.21079E+00
   0.37153E+03   0.29933E+02   0.25305E+02   0.39521E+00  -0.21667E+00
   0.37188E+03   0.29935E+02   0.25556E+02   0.39660E+00  -0.21678E+00
   0.37223E+03   0.29937E+02   0.25500E+02   0.40075E+00  -0.21807E+00
   0.37258E+03   0.29940E+02   0.25285E+02   0.40923E+00  -0.22488E+00
   0.37293E+03   0.29943E+02   0.25377E+02   0.41625E+00  -0.22123E+00
   0.37328E+03   0.29944E+02   0.25617E+02   0.41551E+00  -0.21566E+00
   0.37363E+03   0.29945E+02   0.25861E+02   0.41212E+00  -0.20436E+00
   0.37398E+03   0.29945E+02   0.25992E+02   0.40584E+00  -0.19499E+00
   0.37433E+03   0.29944E+02   0.26057E+02   0.40678E+00  -0.19296E+00
   0.37468E+03   0.29944E+02   0.26244E+02   0.41424E+00  -0.17994E+00
   0.37503E+03   0.29945E+02   0.26221E+02   0.41275E+00  -0.17432E+00
   0.37538E+03   0.29944E+02   0.26090E+02   0.40229E+00  -0.17730E+00
   0.37573E+03   0.29941E+02   0.26053E+02   0.39319E+00  -0.16904E+00
   0.37608E+03   0.29938E+02   0.26181E+02   0.38866E+00  -0.15255E+00
   0.37643E+03   0.29935E+02   0.26525E+02   0.38379E+00  -0.13748E+00
   0.37678E+03   0.29932E+02   0.26552E+02   0.38024E+00  -0.13758E+00
   0.37713E+03   0.29930E+02   0.26323E+02   0.37790E+00  -0.14639E+00
   0.37748E+03   0.29929E+02   0.26090E+02   0.37180E+00  -0.14507E+00
   0.37783E+03   0.29923E+02   0.26018E+02   0.36265E+00  -0.14186E+00
   0.37818E+03   0.29916E+02   0.25993E+02   0.35816E+00  -0.14085E+00
   0.37853E+03   0.29910E+02   0.25868E+02   0.35467E+00  -0.14501E+00
   0.37888E+03   0.29906E+02   0.25793E+02   0.35230E+00  -0.15476E+00
   0.37923E+03   0.29904E+02   0.25736E+02   0.34944E+00  -0.15868E+00
   0.37958E+03   0.29901E+02   0.25740E+02   0.35088E+00  -0.15961E+00
   0.37993E+03   0.29903E+02   0.25692E+02   0.36070E+00  -0.16329E+00
   0.38028E+03   0.29906E+02   0.25721E+02   0.36066E+00  -0.16735E+00
   0.38063E+03   0.29906E+02   0.25643E+02   0.35531E+00  -0.17546E+00
   0.38098E+03   0.29905E+02   0.25191E+02   0.35371E+00  -0.19123E+00
   0.38133E+03   0.29906E+02   0.25056E+02   0.35699E+00  -0.19612E+00
   0.38168E+03   0.29908E+02   0.25295E+02   0.36112E+00  -0.19150E+00
   0.38203E+03   0.29910E+02   0.25263E+02   0.36231E+00  -0.19808E+00
   0.38238E+03   0.29913E+02   0.25309E+02   0.36265E+00  -0.20516E+00
   0.38273E+03   0.29914E+02   0.25543E+02   0.36800E+00  -0.20330E+00
   0.38308E+03   0.29918E+02   0.25516E+02   0.37946E+00  -0.20651E+00
   0.38343E+03   0.29921E+02   0.25390E+02   0.38492E+00  -0.21736E+00
   0.38378E+03   0.29925E+02   0.25181E+02   0.38879E+00  -0.22882E+00
   0.38413E+03   0.29929E+02   0.25248E+02   0.39048E+00  -0.22989E+00
   0.38448E+03   0.29931E+02   0.25460E+02   0.39204E+00  -0.22286E+00
   0.38483E+03   0.29933E+02   0.25598E+02   0.39392E+00  -0.21770E+00
   0.38518E+03   0.29934E+02   0.25559E+02   0.40145E+00  -0.22026E+00
   0.38553E+03   0.29938E+02   0.25547E+02   0.41040E+00  -0.22346E+00
   0.38588E+03   0.29941E+02   0.25897E+02   0.41376E+00  -0.21741E+00
   0.38623E+03   0.29944E+02   0.25898E+02   0.41680E+00  -0.21542E+00
   0.38658E+03   0.29946E+02   0.25702E+02   0.41541E+00  -0.21556E+00
   0.38693E+03   0.29946E+02   0.25953E+02   0.41564E+00  -0.20251E+00
   0.38728E+03   0.29946E+02   0.26233E+02   0.41347E+00  -0.18721E+00
   0.38763E+03   0.29946E+02   0.26403E+02   0.40998E+00  -0.17829E+00
   0.38798E+03   0.29946E+02   0.26390E+02   0.41223E+00  -0.17660E+00
   0.38833E+03   0.29946E+02   0.26179E+02   0.41364E+00  -0.17707E+00
   0.38868E+03   0.29944E+02   0.25949E+02   0.40247E+00  -0.17219E+00
   0.38903E+03   0.29939E+02   0.25730E+02   0.39046E+00  -0.17016E+00
   0.38938E+03   0.29937E+02   0.25799E+02   0.38585E+00  -0.16577E+00
   0.38973E+03   0.29935E+02   0.25797E+02   0.38319E+00  -0.16043E+00
   0.39008E+03   0.29932E+02   0.25944E+02   0.37867E+00  -0.15788E+00
   0.39043E+03   0.29930E+02   0.26330E+02   0.37431E+00  -0.14559E+00
   0.39078E+03   0.29928E+02   0.26483E+02   0.37736E+00  -0.13295E+00
   0.39113E+03   0.29927E+02   0.26498E+02   0.37821E+00  -0.13161E+00
   0.39148E+03   0.29925E+02   0.26456E+02   0.37072E+00  -0.13493E+00
   0.39183E+03   0.29922E+02   0.26477E+02   0.36003E+00  -0.12920E+00
   0.39218E+03   0.29914E+02   0.26563E+02   0.35249E+00  -0.11840E+00
   0.39253E+03   0.29908E+02   0.26515E+02   0.34826E+00  -0.11792E+00
   0.39288E+03   0.29905E+02   0.26647E+02   0.34144E+00  -0.11417E+00
   0.39323E+03   0.29898E+02   0.26708E+02   0.33220E+00  -0.11519E+00
   0.39358E+03   0.29887E+02   0.26687E+02   0.33198E+00  -0.11818E+00
   0.39393E+03   0.29885E+02   0.26600E+02   0.33632E+00  -0.12034E+00
   0.39428E+03   0.29886E+02   0.26202E+02   0.33033E+00  -0.13977E+00
   0.39463E+03   0.29881E+02   0.25953E+02   0.32259E+00  -0.15184E+00
   0.39498E+03   0.29874E+02   0.25777E+02   0.32146E+00  -0.14966E+00
   0.39533E+03   0.29869E+02   0.25707E+02   0.32179E+00  -0.15262E+00
   0.39568E+03   0.29873E+02   0.25619E+02   0.32716E+00  -0.16486E+00
   0.39603E+03   0.29878E+02   0.25444E+02   0.33230E+00  -0.18209E+00
   0.39638E+03   0.29878E+02   0.25474E+02   0.33858E+00  -0.18578E+00
   0.39673E+03   0.29883E+02   0.25537E+02   0.34704E+00  -0.18708E+00
   0.39708E+03   0.29892E+02   0.25330E+02   0.35238E+00  -0.20452E+00
   0.39743E+03   0.29899E+02   0.25030E+02   0.35680E+00  -0.22021E+00
   0.39778E+03   0.29904E+02   0.24837E+02   0.35819E+00  -0.23014E+00
   0.39813E+03   0.29908E+02   0.24908E+02   0.36314E+00  -0.23020E+00
   0.39848E+03   0.29912E+02   0.25221E+02   0.37467E+00  -0.23103E+00
   0.39883E+03   0.29918E+02   0.25477E+02   0.39025E+00  -0.23742E+00
   0.39918E+03   0.29927E+02   0.25693E+02   0.39845E+00  -0.23850E+00
   0.39953E+03   0.29933E+02   0.25609E+02   0.40022E+00  -0.24489E+00
   0.39988E+03   0.29937E+02   0.25260E+02   0.40551E+00  -0.25214E+00
   0.40023E+03   0.29940E+02   0.25425E+02   0.41673E+00  -0.24238E+00
   0.40058E+03   0.29944E+02   0.25868E+02   0.42601E+00  -0.23102E+00
   0.40093E+03   0.29948E+02   0.26044E+02   0.42707E+00  -0.23244E+00
   0.40128E+03   0.29951E+02   0.26132E+02   0.42318E+00  -0.22831E+00
   0.40163E+03   0.29952E+02   0.26457E+02   0.42567E+00  -0.20812E+00
   0.40198E+03   0.29954E+02   0.26644E+02   0.43355E+00  -0.18979E+00
   0.40233E+03   0.29956E+02   0.26353E+02   0.43098E+00  -0.19114E+00
   0.40268E+03   0.29955E+02   0.26023E+02   0.42108E+00  -0.19723E+00
   0.40303E+03   0.29951E+02   0.25985E+02   0.41517E+00  -0.18455E+00
   0.40338E+03   0.29949E+02   0.25938E+02   0.41051E+00  -0.17046E+00
   0.40373E+03   0.29948E+02   0.25856E+02   0.39999E+00  -0.16939E+00
   0.40408E+03   0.29947E+02   0.26270E+02   0.39505E+00  -0.15869E+00
   0.40443E+03   0.29944E+02   0.26457E+02   0.39406E+00  -0.14511E+00
   0.40478E+03   0.29940E+02   0.26226E+02   0.39035E+00  -0.14384E+00
   0.40513E+03   0.29936E+02   0.26033E+02   0.38788E+00  -0.15291E+00
   0.40548E+03   0.29932E+02   0.25918E+02   0.38414E+00  -0.15734E+00
   0.40583E+03   0.29928E+02   0.25842E+02   0.37981E+00  -0.15037E+00
   0.40618E+03   0.29926E+02   0.25677E+02   0.36721E+00  -0.15331E+00
   0.40653E+03   0.29920E+02   0.25594E+02   0.35477E+00  -0.15980E+00
   0.40688E+03   0.29913E+02   0.25638E+02   0.35782E+00  -0.15180E+00
   0.40723E+03   0.29912E+02   0.25616E+02   0.36419E+00  -0.15155E+00
   0.40758E+03   0.29913E+02   0.25557E+02   0.36071E+00  -0.16152E+00
   0.40793E+03   0.29912E+02   0.25599E+02   0.35593E+00  -0.16631E+00
   0.40828E+03   0.29910E+02   0.25757E+02   0.36005E+00  -0.16049E+00
   0.40863E+03   0.29910E+02   0.25837E+02   0.36030E+00  -0.15358E+00
   0.40898E+03   0.29909E+02   0.25803E+02   0.35327E+00  -0.16288E+00
   0.40933E+03   0.29907E+02   0.25562E+02   0.35223E+00  -0.17639E+00
   0.40968E+03   0.29905E+02   0.25299E+02   0.35771E+00  -0.17935E+00
   0.41003E+03   0.29906E+02   0.25257E+02   0.35925E+00  -0.18238E+00
   0.41038E+03   0.29907E+02   0.24866E+02   0.35479E+00  -0.20692E+00
   0.41073E+03   0.29909E+02   0.24520E+02   0.35603E+00  -0.22670E+00
   0.41108E+03   0.29911E+02   0.24388E+02   0.36002E+00  -0.22969E+00
   0.41143E+03   0.29911E+02   0.24283E+02   0.36318E+00  -0.23864E+00
   0.41178E+03   0.29915E+02   0.24368E+02   0.37435E+00  -0.24785E+00
   0.41213E+03   0.29923E+02   0.24704E+02   0.39149E+00  -0.25095E+00
   0.41248E+03   0.29931E+02   0.24941E+02   0.40560E+00  -0.25177E+00
   0.41283E+03   0.29937E+02   0.24907E+02   0.41175E+00  -0.25822E+00
   0.41318E+03   0.29942E+02   0.25172E+02   0.41820E+00  -0.25813E+00
   0.41353E+03   0.29947E+02   0.25508E+02   0.42880E+00  -0.24381E+00
   0.41388E+03   0.29951E+02   0.25887E+02   0.43555E+00  -0.23179E+00
   0.41423E+03   0.29954E+02   0.26347E+02   0.43308E+00  -0.21843E+00
   0.41458E+03   0.29955E+02   0.26456E+02   0.43041E+00  -0.20570E+00
   0.41493E+03   0.29955E+02   0.26446E+02   0.43247E+00  -0.19458E+00
   0.41528E+03   0.29956E+02   0.26394E+02   0.42961E+00  -0.18603E+00
   0.41563E+03   0.29954E+02   0.26148E+02   0.42273E+00  -0.18471E+00
   0.41598E+03   0.29952E+02   0.26086E+02   0.41198E+00  -0.17860E+00
   0.41633E+03   0.29948E+02   0.26401E+02   0.40443E+00  -0.16149E+00
   0.41668E+03   0.29944E+02   0.26800E+02   0.40035E+00  -0.13842E+00
   0.41703E+03   0.29941E+02   0.26906E+02   0.39223E+00  -0.12840E+00
   0.41738E+03   0.29939E+02   0.26838E+02   0.38804E+00  -0.12686E+00
   0.41773E+03   0.29937E+02   0.26674E+02   0.38370E+00  -0.12281E+00
   0.41808E+03   0.29933E+02   0.26427E+02   0.37367E+00  -0.12114E+00
   0.41843E+03   0.29925E+02   0.26248E+02   0.36030E+00  -0.11976E+00
   0.41878E+03   0.29916E+02   0.26147E+02   0.35107E+00  -0.11953E+00
   0.41913E+03   0.29907E+02   0.26249E+02   0.34449E+00  -0.11735E+00
   0.41948E+03   0.29900E+02   0.26421E+02   0.33824E+00  -0.11240E+00
   0.41983E+03   0.29895E+02   0.26351E+02   0.33777E+00  -0.12167E+00
