         403
  0.175000000000000        1312500.00000000     
         251
  0.525000000000000        3937500.00000000     
          35
  0.875000000000000        6562500.00000000     
         400
   1.22500000000000        9187500.00000000     
         437
   1.57500000000000        11812500.0000000     
         248
   1.92500000000000        14437500.0000000     
         450
   2.27500000000000        17062500.0000000     
         177
   2.62500000000000        19687500.0000000     
         166
   2.97500000000000        22312500.0000000     
         217
   3.32500000000000        24937500.0000000     
         278
   3.67500000000000        27562500.0000000     
          91
   4.02500000000000        30187500.0000000     
         382
   4.37500000000000        32812500.0000000     
          71
   4.72500000000000        35437500.0000000     
          77
   5.07500000000000        38062500.0000000     
         507
   5.42500000000000        40687500.0000000     
         426
   5.77500000000000        43312500.0000000     
         327
   6.12500000000000        45937500.0000000     
         289
   6.47500000000000        48562500.0000000     
          84
   6.82500000000000        51187500.0000000     
         117
   7.17500000000000        53812500.0000000     
         121
   7.52500000000000        56437500.0000000     
         345
   7.87500000000000        59062500.0000000     
         434
   8.22500000000000        61687500.0000000     
         356
   8.57500000000000        64312500.0000000     
         515
   8.92500000000000        66937500.0000000     
         145
   9.27500000000000        69562500.0000000     
         238
   9.62499999999999        72187500.0000000     
         110
   9.97499999999999        74812500.0000000     
         338
   10.3250000000000        77437500.0000000     
         210
   10.6750000000000        80062500.0000000     
         125
   11.0250000000000        82687500.0000000     
         236
   11.3750000000000        85312499.9999999     
         136
   11.7250000000000        87937499.9999999     
         130
   12.0750000000000        90562499.9999999     
         537
   12.4250000000000        93187499.9999999     
         388
   12.7750000000000        95812499.9999999     
         140
   13.1250000000000        98437499.9999999     
         162
   13.4750000000000        101062500.000000     
         208
   13.8250000000000        103687500.000000     
         498
   14.1750000000000        106312500.000000     
         240
   14.5250000000000        108937500.000000     
         342
   14.8750000000000        111562500.000000     
         181
   15.2250000000000        114187500.000000     
         131
   15.5750000000000        116812500.000000     
         257
   15.9250000000000        119437500.000000     
         155
   16.2750000000000        122062500.000000     
          51
   16.6250000000000        124687500.000000     
         135
   16.9750000000000        127312500.000000     
         171
   17.3250000000000        129937500.000000     
         161
   17.6750000000000        132562500.000000     
          81
   18.0250000000000        135187500.000000     
         192
   18.3750000000000        137812500.000000     
         526
   18.7250000000000        140437500.000000     
         143
   19.0750000000000        143062500.000000     
         167
   19.4250000000000        145687500.000000     
          55
   19.7750000000000        148312500.000000     
         506
   20.1250000000000        150937500.000000     
         259
   20.4750000000000        153562500.000000     
         187
   20.8250000000000        156187500.000000     
         287
   21.1750000000000        158812500.000000     
         319
   21.5250000000000        161437500.000000     
          45
   21.8750000000000        164062500.000000     
         399
   22.2250000000000        166687500.000000     
         363
   22.5750000000000        169312500.000000     
          40
   22.9250000000000        171937500.000000     
         194
   23.2750000000000        174562500.000000     
         390
   23.6250000000000        177187500.000000     
         125
   23.9750000000000        179812500.000000     
          51
   24.3250000000000        182437500.000000     
         268
   24.6750000000000        185062500.000000     
         109
   25.0250000000000        187687500.000000     
         146
   25.3750000000000        190312500.000000     
         213
   25.7250000000000        192937500.000000     
         506
   26.0750000000000        195562500.000000     
          83
   26.4250000000000        198187500.000000     
         295
   26.7750000000000        200812500.000000     
         532
   27.1250000000000        203437500.000000     
         112
   27.4750000000000        206062500.000000     
         389
   27.8250000000000        208687500.000000     
         172
   28.1750000000000        211312500.000000     
         115
   28.5250000000000        213937500.000000     
         438
   28.8750000000000        216562500.000000     
         386
   29.2250000000000        219187500.000000     
         102
   29.5750000000000        221812500.000000     
         280
   29.9250000000000        224437500.000000     
         385
   30.2750000000000        227062500.000000     
         251
   30.6250000000000        229687500.000000     
         195
   30.9750000000001        232312500.000000     
         525
   31.3250000000001        234937500.000000     
         245
   31.6750000000001        237562500.000000     
          25
   32.0250000000001        240187500.000000     
         279
   32.3750000000001        242812500.000000     
         319
   32.7250000000001        245437500.000000     
         507
   33.0750000000001        248062500.000000     
          93
   33.4250000000001        250687500.000000     
         260
   33.7750000000001        253312500.000000     
         373
   34.1250000000001        255937500.000000     
          90
   34.4750000000001        258562500.000000     
         298
   34.8250000000001        261187500.000001     
         114
   35.1750000000001        263812500.000001     
         239
   35.5250000000001        266437500.000001     
         439
   35.8750000000001        269062500.000001     
         414
   36.2250000000001        271687500.000001     
         296
   36.5750000000001        274312500.000001     
          71
   36.9250000000001        276937500.000001     
         229
   37.2750000000001        279562500.000001     
         266
   37.6250000000001        282187500.000001     
         319
   37.9750000000001        284812500.000001     
          68
   38.3250000000001        287437500.000001     
         319
   38.6750000000001        290062500.000001     
         164
   39.0250000000001        292687500.000001     
          53
   39.3750000000001        295312500.000001     
         200
   39.7250000000001        297937500.000001     
         271
   40.0750000000001        300562500.000001     
         369
   40.4250000000001        303187500.000001     
         479
   40.7750000000001        305812500.000001     
         242
   41.1250000000001        308437500.000001     
         227
   41.4750000000001        311062500.000001     
          14
   41.8250000000001        313687500.000001     
         529
   42.1750000000001        316312500.000001     
         484
   42.5250000000001        318937500.000001     
         378
   42.8750000000001        321562500.000001     
         346
   43.2250000000001        324187500.000001     
         357
   43.5750000000001        326812500.000001     
          35
   43.9250000000001        329437500.000001     
         167
   44.2750000000001        332062500.000001     
          12
   44.6250000000001        334687500.000001     
          44
   44.9750000000001        337312500.000001     
         142
   45.3250000000001        339937500.000001     
         461
   45.6750000000001        342562500.000001     
          69
   46.0250000000001        345187500.000001     
         433
   46.3750000000001        347812500.000001     
         220
   46.7250000000001        350437500.000001     
         308
   47.0750000000001        353062500.000001     
         532
   47.4250000000001        355687500.000001     
         375
   47.7750000000001        358312500.000001     
          94
   48.1250000000001        360937500.000001     
         498
   48.4750000000001        363562500.000001     
         208
   48.8250000000001        366187500.000001     
         294
   49.1750000000001        368812500.000001     
          53
   49.5250000000001        371437500.000001     
         209
   49.8750000000001        374062500.000001     
         475
   50.2250000000001        376687500.000001     
         439
   50.5750000000001        379312500.000001     
         140
   50.9250000000001        381937500.000001     
         106
   51.2750000000001        384562500.000001     
         273
   51.6250000000001        387187500.000001     
           1
   51.9750000000001        389812500.000001     
         532
   52.3250000000001        392437500.000001     
         337
   52.6750000000001        395062500.000001     
         417
   53.0250000000001        397687500.000001     
         444
   53.3750000000001        400312500.000001     
           8
   53.7250000000001        402937500.000001     
         427
   54.0750000000001        405562500.000001     
         487
   54.4250000000001        408187500.000001     
          37
   54.7750000000001        410812500.000001     
         218
   55.1250000000001        413437500.000001     
         480
   55.4750000000002        416062500.000001     
         325
   55.8250000000002        418687500.000001     
         411
   56.1750000000002        421312500.000001     
         228
   56.5250000000002        423937500.000001     
         398
   56.8750000000002        426562500.000001     
         208
   57.2250000000002        429187500.000001     
         398
   57.5750000000002        431812500.000001     
          20
   57.9250000000002        434437500.000001     
         339
   58.2750000000002        437062500.000001     
         251
   58.6250000000002        439687500.000001     
         394
   58.9750000000002        442312500.000001     
         323
   59.3250000000002        444937500.000001     
          39
   59.6750000000002        447562500.000001     
         125
   60.0250000000002        450187500.000001     
         193
   60.3750000000002        452812500.000001     
         364
   60.7250000000002        455437500.000001     
         131
   61.0750000000002        458062500.000001     
         392
   61.4250000000002        460687500.000001     
         381
   61.7750000000002        463312500.000001     
         132
   62.1250000000002        465937500.000001     
         535
   62.4750000000002        468562500.000001     
         243
   62.8250000000002        471187500.000001     
         287
   63.1750000000002        473812500.000001     
         242
   63.5250000000002        476437500.000001     
         263
   63.8750000000002        479062500.000001     
         415
   64.2250000000002        481687500.000001     
         358
   64.5750000000002        484312500.000001     
          10
   64.9250000000002        486937500.000001     
         192
   65.2750000000002        489562500.000001     
         336
   65.6250000000002        492187500.000001     
          55
   65.9750000000002        494812500.000001     
          88
   66.3250000000001        497437500.000001     
         210
   66.6750000000001        500062500.000001     
         371
   67.0250000000001        502687500.000001     
         390
   67.3750000000001        505312500.000001     
         439
   67.7250000000001        507937500.000001     
         196
   68.0750000000001        510562500.000001     
         491
   68.4250000000001        513187500.000001     
         169
   68.7750000000001        515812500.000001     
         395
   69.1250000000001        518437500.000001     
         270
   69.4750000000001        521062500.000001     
         130
   69.8250000000001        523687500.000001     
         313
   70.1750000000001        526312500.000001     
         118
   70.5250000000001        528937500.000001     
         168
   70.8750000000001        531562500.000001     
         408
   71.2250000000001        534187500.000000     
         473
   71.5750000000001        536812500.000000     
         483
   71.9250000000001        539437500.000000     
         528
   72.2750000000000        542062500.000000     
         415
   72.6250000000000        544687500.000000     
         109
   72.9750000000000        547312500.000000     
         233
   73.3250000000000        549937500.000000     
         376
   73.6750000000000        552562500.000000     
          80
   74.0250000000000        555187500.000000     
         364
   74.3750000000000        557812500.000000     
         169
   74.7250000000000        560437500.000000     
           8
   75.0750000000000        563062500.000000     
         303
   75.4250000000000        565687500.000000     
         122
   75.7750000000000        568312500.000000     
         477
   76.1250000000000        570937500.000000     
         305
   76.4750000000000        573562500.000000     
         518
   76.8250000000000        576187500.000000     
         310
   77.1750000000000        578812500.000000     
         424
   77.5250000000000        581437500.000000     
          91
   77.8750000000000        584062500.000000     
          10
   78.2250000000000        586687500.000000     
         213
   78.5749999999999        589312500.000000     
          73
   78.9249999999999        591937500.000000     
         288
   79.2749999999999        594562500.000000     
         221
   79.6249999999999        597187500.000000     
         307
   79.9749999999999        599812499.999999     
         283
   80.3249999999999        602437499.999999     
         116
   80.6749999999999        605062499.999999     
         201
   81.0249999999999        607687499.999999     
         165
   81.3749999999999        610312499.999999     
         445
   81.7249999999999        612937499.999999     
         526
   82.0749999999999        615562499.999999     
         408
   82.4249999999999        618187499.999999     
         518
   82.7749999999999        620812499.999999     
         386
   83.1249999999999        623437499.999999     
         277
   83.4749999999999        626062499.999999     
          21
   83.8249999999999        628687499.999999     
         349
   84.1749999999999        631312499.999999     
         234
   84.5249999999998        633937499.999999     
         396
   84.8749999999998        636562499.999999     
         272
   85.2249999999998        639187499.999999     
         405
   85.5749999999998        641812499.999999     
          98
   85.9249999999998        644437499.999999     
         167
   86.2749999999998        647062499.999999     
          80
   86.6249999999998        649687499.999999     
         257
   86.9749999999998        652312499.999999     
          71
   87.3249999999998        654937499.999999     
         314
   87.6749999999998        657562499.999998     
         462
   88.0249999999998        660187499.999998     
         440
   88.3749999999998        662812499.999998     
         228
   88.7249999999998        665437499.999998     
         255
   89.0749999999998        668062499.999998     
          60
   89.4249999999998        670687499.999998     
         171
   89.7749999999998        673312499.999998     
         435
   90.1249999999998        675937499.999998     
         203
   90.4749999999998        678562499.999998     
         194
   90.8249999999997        681187499.999998     
         500
   91.1749999999997        683812499.999998     
          62
   91.5249999999997        686437499.999998     
         395
   91.8749999999997        689062499.999998     
         184
   92.2249999999997        691687499.999998     
         143
   92.5749999999997        694312499.999998     
         179
   92.9249999999997        696937499.999998     
         184
   93.2749999999997        699562499.999998     
         413
   93.6249999999997        702187499.999998     
         387
   93.9749999999997        704812499.999998     
         383
   94.3249999999997        707437499.999998     
         131
   94.6749999999997        710062499.999998     
         395
   95.0249999999997        712687499.999998     
         288
   95.3749999999997        715312499.999997     
         392
   95.7249999999997        717937499.999997     
         446
   96.0749999999997        720562499.999997     
          60
   96.4249999999997        723187499.999997     
         140
   96.7749999999997        725812499.999997     
          67
   97.1249999999996        728437499.999997     
         142
   97.4749999999996        731062499.999997     
         457
   97.8249999999996        733687499.999997     
         242
   98.1749999999996        736312499.999997     
         500
   98.5249999999996        738937499.999997     
          30
   98.8749999999996        741562499.999997     
         411
   99.2249999999996        744187499.999997     
         275
   99.5749999999996        746812499.999997     
         336
   99.9249999999996        749437499.999997     
         309
   100.275000000000        752062499.999997     
         522
   100.625000000000        754687499.999997     
         203
   100.975000000000        757312499.999997     
         244
   101.325000000000        759937499.999997     
         121
   101.675000000000        762562499.999997     
          23
   102.025000000000        765187499.999997     
          38
   102.375000000000        767812499.999997     
         358
   102.725000000000        770437499.999997     
         206
   103.075000000000        773062499.999997     
         220
   103.425000000000        775687499.999997     
         196
   103.775000000000        778312499.999997     
         507
   104.125000000000        780937499.999996     
          28
   104.475000000000        783562499.999996     
         479
   104.825000000000        786187499.999996     
         321
   105.175000000000        788812499.999996     
          95
   105.525000000000        791437499.999996     
         247
   105.875000000000        794062499.999996     
         272
   106.224999999999        796687499.999996     
         447
   106.574999999999        799312499.999996     
         215
   106.924999999999        801937499.999996     
         356
   107.274999999999        804562499.999996     
         282
   107.624999999999        807187499.999996     
         390
   107.974999999999        809812499.999996     
         522
   108.324999999999        812437499.999996     
         287
   108.674999999999        815062499.999996     
         101
   109.024999999999        817687499.999996     
         336
   109.374999999999        820312499.999996     
         289
   109.724999999999        822937499.999996     
         235
   110.074999999999        825562499.999996     
         502
   110.424999999999        828187499.999996     
         471
   110.774999999999        830812499.999996     
         375
   111.124999999999        833437499.999996     
         419
   111.474999999999        836062499.999996     
         215
   111.824999999999        838687499.999996     
         403
   112.174999999999        841312499.999995     
         361
   112.524999999999        843937499.999995     
         384
   112.874999999999        846562499.999995     
         189
   113.224999999999        849187499.999995     
         313
   113.574999999999        851812499.999995     
         263
   113.924999999999        854437499.999995     
         240
   114.274999999999        857062499.999995     
          75
   114.624999999999        859687499.999995     
         103
   114.974999999999        862312499.999995     
         197
   115.324999999999        864937499.999995     
         474
   115.674999999999        867562499.999995     
          92
   116.024999999999        870187499.999995     
         358
   116.374999999999        872812499.999995     
          16
   116.724999999999        875437499.999995     
          27
   117.074999999999        878062499.999995     
         426
   117.424999999999        880687499.999995     
         287
   117.774999999999        883312499.999995     
         141
   118.124999999999        885937499.999995     
          80
   118.474999999999        888562499.999995     
         378
   118.824999999999        891187499.999995     
         310
   119.174999999999        893812499.999995     
         115
   119.524999999999        896437499.999995     
          65
   119.874999999999        899062499.999995     
          99
   120.224999999999        901687499.999995     
         218
   120.574999999999        904312499.999995     
         518
   120.924999999999        906937499.999994     
         209
   121.274999999999        909562499.999994     
         400
   121.624999999999        912187499.999994     
         163
   121.974999999999        914812499.999994     
         418
   122.324999999999        917437499.999994     
         449
   122.674999999999        920062499.999994     
         437
   123.024999999999        922687499.999994     
         294
   123.374999999999        925312499.999994     
         259
   123.724999999999        927937499.999994     
          20
   124.074999999999        930562499.999994     
         438
   124.424999999999        933187499.999994     
         172
   124.774999999999        935812499.999994     
         502
   125.124999999999        938437499.999994     
         284
   125.474999999999        941062499.999994     
         270
   125.824999999999        943687499.999994     
         230
   126.174999999999        946312499.999994     
         291
   126.524999999999        948937499.999994     
         299
   126.874999999999        951562499.999994     
          23
   127.224999999999        954187499.999994     
          59
   127.574999999999        956812499.999994     
          27
   127.924999999999        959437499.999994     
         223
   128.274999999999        962062499.999993     
           4
   128.624999999999        964687499.999993     
         185
   128.974999999999        967312499.999993     
         183
   129.324999999999        969937499.999993     
         347
   129.674999999999        972562499.999993     
         144
   130.024999999999        975187499.999993     
          11
   130.374999999999        977812499.999993     
         247
   130.724999999999        980437499.999993     
         355
   131.074999999999        983062499.999993     
         185
   131.424999999999        985687499.999993     
         527
   131.774999999999        988312499.999993     
         262
   132.124999999999        990937499.999993     
         208
   132.474999999999        993562499.999993     
         352
   132.824999999999        996187499.999993     
         197
   133.174999999999        998812499.999993     
         358
   133.524999999999        1001437499.99999     
         488
   133.874999999999        1004062499.99999     
         187
   134.224999999999        1006687499.99999     
         448
   134.574999999999        1009312499.99999     
          82
   134.924999999999        1011937499.99999     
          58
   135.274999999999        1014562499.99999     
         241
   135.624999999999        1017187499.99999     
         194
   135.974999999999        1019812499.99999     
         420
   136.324999999999        1022437499.99999     
          63
   136.674999999999        1025062499.99999     
         513
   137.024999999999        1027687499.99999     
         301
   137.374999999999        1030312499.99999     
          29
   137.724999999999        1032937499.99999     
         533
   138.074999999999        1035562499.99999     
         230
   138.424999999999        1038187499.99999     
         293
   138.774999999999        1040812499.99999     
          72
   139.124999999999        1043437499.99999     
         523
   139.474999999999        1046062499.99999     
         388
   139.824999999999        1048687499.99999     
         436
   140.174999999999        1051312499.99999     
         510
   140.524999999999        1053937499.99999     
          16
   140.874999999999        1056562499.99999     
          85
   141.224999999999        1059187499.99999     
         185
   141.574999999999        1061812499.99999     
          97
   141.924999999999        1064437499.99999     
         526
   142.274999999999        1067062499.99999     
          12
   142.624999999999        1069687499.99999     
         165
   142.974999999999        1072312499.99999     
         111
   143.324999999999        1074937499.99999     
         524
   143.674999999999        1077562499.99999     
         227
   144.024999999999        1080187499.99999     
         255
   144.374999999999        1082812499.99999     
         378
   144.724999999999        1085437499.99999     
         518
   145.074999999999        1088062499.99999     
         306
   145.424999999999        1090687499.99999     
         106
   145.774999999999        1093312499.99999     
          67
   146.124999999999        1095937499.99999     
         401
   146.474999999999        1098562499.99999     
          95
   146.824999999999        1101187499.99999     
         387
   147.174999999999        1103812499.99999     
         403
   147.524999999999        1106437499.99999     
         149
   147.874999999999        1109062499.99999     
         115
   148.224999999999        1111687499.99999     
         315
   148.574999999999        1114312499.99999     
         532
   148.924999999999        1116937499.99999     
         363
   149.274999999999        1119562499.99999     
         153
   149.624999999999        1122187499.99999     
         177
   149.974999999999        1124812499.99999     
         197
   150.324999999999        1127437499.99999     
         265
   150.674999999999        1130062499.99999     
         442
   151.024999999999        1132687499.99999     
          29
   151.374999999999        1135312499.99999     
         350
   151.724999999999        1137937499.99999     
         157
   152.074999999999        1140562499.99999     
         259
   152.424999999999        1143187499.99999     
         436
   152.774999999999        1145812499.99999     
          44
   153.124999999999        1148437499.99999     
         148
   153.474999999999        1151062499.99999     
         429
   153.824999999999        1153687499.99999     
         458
   154.174999999999        1156312499.99999     
         286
   154.524999999999        1158937499.99999     
         540
   154.874999999999        1161562499.99999     
         246
   155.224999999999        1164187499.99999     
         182
   155.574999999999        1166812499.99999     
           0
   155.924999999999        1169437499.99999     
         518
   156.274999999999        1172062499.99999     
         419
   156.624999999999        1174687499.99999     
         448
   156.974999999999        1177312499.99999     
         473
   157.324999999999        1179937499.99999     
         473
   157.674999999999        1182562499.99999     
         335
   158.024999999999        1185187499.99999     
         476
   158.374999999999        1187812499.99999     
         358
   158.724999999999        1190437499.99999     
          10
   159.074999999999        1193062499.99999     
         235
   159.424999999999        1195687499.99999     
         516
   159.774999999999        1198312499.99999     
         357
   160.124999999999        1200937499.99999     
         516
   160.474999999999        1203562499.99999     
         267
   160.824999999999        1206187499.99999     
         450
   161.174999999999        1208812499.99999     
         431
   161.524999999999        1211437499.99999     
         511
   161.874999999999        1214062499.99999     
          64
   162.224999999999        1216687499.99999     
         438
   162.574999999999        1219312499.99999     
         313
   162.924999999999        1221937499.99999     
         390
   163.274999999999        1224562499.99999     
         270
   163.624999999999        1227187499.99999     
         515
   163.974999999999        1229812499.99999     
          36
   164.324999999999        1232437499.99999     
         439
   164.674999999999        1235062499.99999     
         322
   165.024999999999        1237687499.99999     
         518
   165.374999999999        1240312499.99999     
         506
   165.724999999999        1242937499.99999     
         370
   166.074999999999        1245562499.99999     
         109
   166.424999999999        1248187499.99999     
         478
   166.774999999998        1250812499.99999     
         303
   167.124999999998        1253437499.99999     
         501
   167.474999999998        1256062499.99999     
         212
   167.824999999998        1258687499.99999     
         285
   168.174999999998        1261312499.99999     
         422
   168.524999999998        1263937499.99999     
         135
   168.874999999998        1266562499.99999     
         148
   169.224999999998        1269187499.99999     
         382
   169.574999999998        1271812499.99999     
          68
   169.924999999998        1274437499.99999     
         345
   170.274999999998        1277062499.99999     
         309
   170.624999999998        1279687499.99999     
         368
   170.974999999998        1282312499.99999     
         134
   171.324999999998        1284937499.99999     
         121
   171.674999999998        1287562499.99999     
          28
   172.024999999998        1290187499.99999     
          25
   172.374999999998        1292812499.99999     
          14
   172.724999999998        1295437499.99999     
         116
   173.074999999998        1298062499.99999     
         338
   173.424999999998        1300687499.99999     
         522
   173.774999999998        1303312499.99999     
         330
   174.124999999998        1305937499.99999     
         338
   174.474999999998        1308562499.99999     
         426
   174.824999999998        1311187499.99999     
         349
   175.174999999998        1313812499.99999     
         156
   175.524999999998        1316437499.99999     
         301
   175.874999999998        1319062499.99999     
         341
   176.224999999998        1321687499.99999     
         446
   176.574999999998        1324312499.99999     
         176
   176.924999999998        1326937499.99999     
         492
   177.274999999998        1329562499.99999     
         365
   177.624999999998        1332187499.99999     
         472
   177.974999999998        1334812499.99999     
         441
   178.324999999998        1337437499.99999     
         319
   178.674999999998        1340062499.99999     
         440
   179.024999999998        1342687499.99999     
         445
   179.374999999998        1345312499.99999     
          26
   179.724999999998        1347937499.99999     
         394
   180.074999999998        1350562499.99999     
          84
   180.424999999998        1353187499.99999     
         472
   180.774999999998        1355812499.99999     
         279
   181.124999999998        1358437499.99999     
         423
   181.474999999998        1361062499.99999     
          26
   181.824999999998        1363687499.99999     
          71
   182.174999999998        1366312499.99999     
         519
   182.524999999998        1368937499.99999     
         476
   182.874999999998        1371562499.99999     
         376
   183.224999999998        1374187499.99999     
         395
   183.574999999998        1376812499.99999     
         367
   183.924999999998        1379437499.99999     
         381
   184.274999999998        1382062499.99999     
          55
   184.624999999998        1384687499.99999     
         369
   184.974999999998        1387312499.99999     
          55
   185.324999999998        1389937499.99999     
         502
   185.674999999998        1392562499.99999     
         361
   186.024999999998        1395187499.99999     
         486
   186.374999999998        1397812499.99999     
         342
   186.724999999998        1400437499.99999     
          29
   187.074999999998        1403062499.99999     
          21
   187.424999999998        1405687499.99999     
          97
   187.774999999998        1408312499.99999     
         205
   188.124999999998        1410937499.99999     
         504
   188.474999999998        1413562499.99999     
         157
   188.824999999998        1416187499.99999     
         115
   189.174999999998        1418812499.99999     
         219
   189.524999999998        1421437499.99999     
         462
   189.874999999998        1424062499.99999     
         174
   190.224999999998        1426687499.99999     
         515
   190.574999999998        1429312499.99999     
         540
   190.924999999998        1431937499.99999     
         528
   191.274999999998        1434562499.99999     
          78
   191.624999999998        1437187499.99999     
         400
   191.974999999998        1439812499.99999     
         196
   192.324999999998        1442437499.99999     
         413
   192.674999999998        1445062499.99999     
         408
   193.024999999998        1447687499.99999     
         370
   193.374999999998        1450312499.99999     
         534
   193.724999999998        1452937499.99999     
         248
   194.074999999998        1455562499.99999     
         150
   194.424999999998        1458187499.99999     
         409
   194.774999999998        1460812499.99999     
          83
   195.124999999998        1463437499.99999     
         244
   195.474999999998        1466062499.99999     
         284
   195.824999999998        1468687499.99999     
         307
   196.174999999998        1471312499.99999     
          24
   196.524999999998        1473937499.99999     
         431
   196.874999999998        1476562499.99998     
         155
   197.224999999998        1479187499.99998     
          66
   197.574999999998        1481812499.99998     
         137
   197.924999999998        1484437499.99998     
         105
   198.274999999998        1487062499.99998     
         292
   198.624999999998        1489687499.99998     
         446
   198.974999999998        1492312499.99998     
         314
   199.324999999998        1494937499.99998     
         109
   199.674999999998        1497562499.99998     
         176
   200.024999999998        1500187499.99998     
         254
   200.374999999998        1502812499.99998     
         530
   200.724999999998        1505437499.99998     
          53
   201.074999999998        1508062499.99998     
         420
   201.424999999998        1510687499.99998     
          21
   201.774999999998        1513312499.99998     
          16
   202.124999999998        1515937499.99998     
         506
   202.474999999998        1518562499.99998     
         196
   202.824999999998        1521187499.99998     
          27
   203.174999999998        1523812499.99998     
         125
   203.524999999998        1526437499.99998     
          90
   203.874999999998        1529062499.99998     
         344
   204.224999999998        1531687499.99998     
           0
   204.574999999998        1534312499.99998     
         149
   204.924999999998        1536937499.99998     
         527
   205.274999999998        1539562499.99998     
         103
   205.624999999998        1542187499.99998     
          41
   205.974999999998        1544812499.99998     
           4
   206.324999999998        1547437499.99998     
         524
   206.674999999998        1550062499.99998     
         119
   207.024999999998        1552687499.99998     
          63
   207.374999999998        1555312499.99998     
         274
   207.724999999998        1557937499.99998     
         512
   208.074999999998        1560562499.99998     
         370
   208.424999999998        1563187499.99998     
          35
   208.774999999998        1565812499.99998     
         474
   209.124999999998        1568437499.99998     
         189
   209.474999999998        1571062499.99998     
         173
   209.824999999998        1573687499.99998     
         283
   210.174999999998        1576312499.99998     
         311
   210.524999999998        1578937499.99998     
         347
   210.874999999998        1581562499.99998     
         249
   211.224999999998        1584187499.99998     
         411
   211.574999999998        1586812499.99998     
          31
   211.924999999998        1589437499.99998     
         434
   212.274999999998        1592062499.99998     
         501
   212.624999999998        1594687499.99998     
         270
   212.974999999998        1597312499.99998     
         441
   213.324999999998        1599937499.99998     
          27
   213.674999999998        1602562499.99998     
          43
   214.024999999998        1605187499.99998     
         315
   214.374999999998        1607812499.99998     
         199
   214.724999999998        1610437499.99998     
         265
   215.074999999998        1613062499.99998     
         144
   215.424999999998        1615687499.99998     
         189
   215.774999999998        1618312499.99998     
         233
   216.124999999998        1620937499.99998     
          68
   216.474999999998        1623562499.99998     
         221
   216.824999999998        1626187499.99998     
         135
   217.174999999998        1628812499.99998     
         289
   217.524999999998        1631437499.99998     
         386
   217.874999999998        1634062499.99998     
         306
   218.224999999998        1636687499.99998     
         134
   218.574999999998        1639312499.99998     
         247
   218.924999999998        1641937499.99998     
         517
   219.274999999998        1644562499.99998     
         223
   219.624999999998        1647187499.99998     
         175
   219.974999999998        1649812499.99998     
         344
   220.324999999998        1652437499.99998     
         458
   220.674999999998        1655062499.99998     
         341
   221.024999999998        1657687499.99998     
         270
   221.374999999998        1660312499.99998     
         386
   221.724999999998        1662937499.99998     
         193
   222.074999999998        1665562499.99998     
         523
   222.424999999998        1668187499.99998     
         450
   222.774999999998        1670812499.99998     
         539
   223.124999999998        1673437499.99998     
         382
   223.474999999998        1676062499.99998     
         139
   223.824999999998        1678687499.99998     
         166
   224.174999999998        1681312499.99998     
         163
   224.524999999998        1683937499.99998     
         490
   224.874999999998        1686562499.99998     
         394
   225.224999999998        1689187499.99998     
         221
   225.574999999998        1691812499.99998     
         272
   225.924999999998        1694437499.99998     
          75
   226.274999999998        1697062499.99998     
         451
   226.624999999998        1699687499.99998     
           2
   226.974999999998        1702312499.99998     
          83
   227.324999999998        1704937499.99998     
         368
   227.674999999998        1707562499.99998     
         400
   228.024999999998        1710187499.99998     
          96
   228.374999999997        1712812499.99998     
         114
   228.724999999997        1715437499.99998     
         349
   229.074999999997        1718062499.99998     
         154
   229.424999999997        1720687499.99998     
         185
   229.774999999997        1723312499.99998     
          76
   230.124999999997        1725937499.99998     
         297
   230.474999999997        1728562499.99998     
         208
   230.824999999997        1731187499.99998     
         519
   231.174999999997        1733812499.99998     
         251
   231.524999999997        1736437499.99998     
         256
   231.874999999997        1739062499.99998     
         331
   232.224999999997        1741687499.99998     
         209
   232.574999999997        1744312499.99998     
         415
   232.924999999997        1746937499.99998     
         222
   233.274999999997        1749562499.99998     
         116
   233.624999999997        1752187499.99998     
         401
   233.974999999997        1754812499.99998     
         195
   234.324999999997        1757437499.99998     
         168
   234.674999999997        1760062499.99998     
         277
   235.024999999997        1762687499.99998     
         186
   235.374999999997        1765312499.99998     
         162
   235.724999999997        1767937499.99998     
         295
   236.074999999997        1770562499.99998     
         407
   236.424999999997        1773187499.99998     
          73
   236.774999999997        1775812499.99998     
         172
   237.124999999997        1778437499.99998     
         404
   237.474999999997        1781062499.99998     
         121
   237.824999999997        1783687499.99998     
         185
   238.174999999997        1786312499.99998     
         397
   238.524999999997        1788937499.99998     
         500
   238.874999999997        1791562499.99998     
          26
   239.224999999997        1794187499.99998     
         130
   239.574999999997        1796812499.99998     
         438
   239.924999999997        1799437499.99998     
           4
   240.274999999997        1802062499.99998     
         257
   240.624999999997        1804687499.99998     
         481
   240.974999999997        1807312499.99998     
         188
   241.324999999997        1809937499.99998     
         217
   241.674999999997        1812562499.99998     
         379
   242.024999999997        1815187499.99998     
         188
   242.374999999997        1817812499.99998     
          28
   242.724999999997        1820437499.99998     
         142
   243.074999999997        1823062499.99998     
          19
   243.424999999997        1825687499.99998     
          46
   243.774999999997        1828312499.99998     
         475
   244.124999999997        1830937499.99998     
         461
   244.474999999997        1833562499.99998     
         185
   244.824999999997        1836187499.99998     
         100
   245.174999999997        1838812499.99998     
           1
   245.524999999997        1841437499.99998     
          74
   245.874999999997        1844062499.99998     
          32
   246.224999999997        1846687499.99998     
         397
   246.574999999997        1849312499.99998     
         276
   246.924999999997        1851937499.99998     
         176
   247.274999999997        1854562499.99998     
          83
   247.624999999997        1857187499.99998     
          36
   247.974999999997        1859812499.99998     
         121
   248.324999999997        1862437499.99998     
         216
   248.674999999997        1865062499.99998     
         478
   249.024999999997        1867687499.99998     
         539
   249.374999999997        1870312499.99998     
         151
   249.724999999997        1872937499.99998     
         405
   250.074999999997        1875562499.99998     
         193
   250.424999999997        1878187499.99998     
         398
   250.774999999997        1880812499.99998     
          43
   251.124999999997        1883437499.99998     
          50
   251.474999999997        1886062499.99998     
         355
   251.824999999997        1888687499.99998     
         207
   252.174999999997        1891312499.99998     
         513
   252.524999999997        1893937499.99998     
         368
   252.874999999997        1896562499.99998     
         212
   253.224999999997        1899187499.99998     
          16
   253.574999999997        1901812499.99998     
         342
   253.924999999997        1904437499.99998     
         247
   254.274999999997        1907062499.99998     
         414
   254.624999999997        1909687499.99998     
         348
   254.974999999997        1912312499.99998     
         526
   255.324999999997        1914937499.99998     
         471
   255.674999999997        1917562499.99998     
           7
   256.024999999997        1920187499.99998     
          88
   256.374999999997        1922812499.99998     
         193
   256.724999999997        1925437499.99998     
         437
   257.074999999997        1928062499.99998     
         240
   257.424999999997        1930687499.99998     
         354
   257.774999999997        1933312499.99998     
         538
   258.124999999997        1935937499.99998     
         450
   258.474999999997        1938562499.99998     
         376
   258.824999999997        1941187499.99998     
         456
   259.174999999997        1943812499.99998     
         109
   259.524999999997        1946437499.99998     
         530
   259.874999999997        1949062499.99998     
         194
   260.224999999997        1951687499.99998     
         480
   260.574999999997        1954312499.99998     
         215
   260.924999999997        1956937499.99998     
         266
   261.274999999997        1959562499.99998     
         423
   261.624999999997        1962187499.99998     
          48
   261.974999999997        1964812499.99998     
          27
   262.324999999997        1967437499.99998     
         167
   262.674999999998        1970062499.99998     
         105
   263.024999999998        1972687499.99998     
         441
   263.374999999998        1975312499.99998     
         174
   263.724999999998        1977937499.99998     
          70
   264.074999999998        1980562499.99998     
          61
   264.424999999998        1983187499.99998     
         522
   264.774999999998        1985812499.99998     
         462
   265.124999999998        1988437499.99998     
         107
   265.474999999998        1991062499.99998     
         473
   265.824999999998        1993687499.99998     
         462
   266.174999999998        1996312499.99998     
         532
   266.524999999998        1998937499.99998     
         306
   266.874999999998        2001562499.99998     
         187
   267.224999999998        2004187499.99998     
         135
   267.574999999998        2006812499.99998     
         300
   267.924999999998        2009437499.99998     
         343
   268.274999999998        2012062499.99998     
         323
   268.624999999998        2014687499.99998     
         399
   268.974999999998        2017312499.99998     
         114
   269.324999999998        2019937499.99998     
         540
   269.674999999998        2022562499.99998     
         467
   270.024999999998        2025187499.99998     
         434
   270.374999999998        2027812499.99998     
         326
   270.724999999998        2030437499.99999     
         258
   271.074999999998        2033062499.99999     
         267
   271.424999999998        2035687499.99999     
         393
   271.774999999998        2038312499.99999     
         170
   272.124999999998        2040937499.99999     
         213
   272.474999999998        2043562499.99999     
         261
   272.824999999998        2046187499.99999     
         504
   273.174999999998        2048812499.99999     
          72
   273.524999999998        2051437499.99999     
         327
   273.874999999998        2054062499.99999     
         367
   274.224999999998        2056687499.99999     
         375
   274.574999999998        2059312499.99999     
         173
   274.924999999998        2061937499.99999     
          78
   275.274999999998        2064562499.99999     
         500
   275.624999999998        2067187499.99999     
         102
   275.974999999998        2069812499.99999     
         139
   276.324999999998        2072437499.99999     
          32
   276.674999999998        2075062499.99999     
         242
   277.024999999998        2077687499.99999     
         509
   277.374999999998        2080312499.99999     
         182
   277.724999999998        2082937499.99999     
         216
   278.074999999999        2085562499.99999     
          95
   278.424999999999        2088187499.99999     
         232
   278.774999999999        2090812499.99999     
          41
   279.124999999999        2093437499.99999     
           1
   279.474999999999        2096062499.99999     
         144
   279.824999999999        2098687499.99999     
         455
   280.174999999999        2101312499.99999     
         463
   280.524999999999        2103937499.99999     
          89
   280.874999999999        2106562499.99999     
         439
   281.224999999999        2109187499.99999     
         462
   281.574999999999        2111812499.99999     
         495
   281.924999999999        2114437499.99999     
         379
   282.274999999999        2117062499.99999     
         209
   282.624999999999        2119687499.99999     
          66
   282.974999999999        2122312499.99999     
         213
   283.324999999999        2124937499.99999     
           1
   283.674999999999        2127562499.99999     
         458
   284.024999999999        2130187499.99999     
         436
   284.374999999999        2132812499.99999     
         162
   284.724999999999        2135437499.99999     
         443
   285.074999999999        2138062499.99999     
         458
   285.424999999999        2140687499.99999     
          80
   285.774999999999        2143312499.99999     
         314
   286.124999999999        2145937499.99999     
         501
   286.474999999999        2148562499.99999     
         268
   286.824999999999        2151187499.99999     
         289
   287.174999999999        2153812499.99999     
         470
   287.524999999999        2156437499.99999     
         125
   287.874999999999        2159062499.99999     
         141
   288.224999999999        2161687499.99999     
         150
   288.574999999999        2164312499.99999     
         164
   288.924999999999        2166937499.99999     
          54
   289.274999999999        2169562499.99999     
           4
   289.624999999999        2172187499.99999     
           2
   289.974999999999        2174812499.99999     
         441
   290.324999999999        2177437499.99999     
         275
   290.674999999999        2180062499.99999     
         209
   291.024999999999        2182687500.00000     
         294
   291.374999999999        2185312500.00000     
         488
   291.724999999999        2187937500.00000     
         261
   292.074999999999        2190562500.00000     
         348
   292.424999999999        2193187500.00000     
         191
   292.774999999999        2195812500.00000     
         345
   293.124999999999        2198437500.00000     
         279
   293.475000000000        2201062500.00000     
         200
   293.825000000000        2203687500.00000     
          39
   294.175000000000        2206312500.00000     
         127
   294.525000000000        2208937500.00000     
         347
   294.875000000000        2211562500.00000     
         162
   295.225000000000        2214187500.00000     
         457
   295.575000000000        2216812500.00000     
         417
   295.925000000000        2219437500.00000     
         121
   296.275000000000        2222062500.00000     
         460
   296.625000000000        2224687500.00000     
         167
   296.975000000000        2227312500.00000     
          85
   297.325000000000        2229937500.00000     
         203
   297.675000000000        2232562500.00000     
          43
   298.025000000000        2235187500.00000     
         358
   298.375000000000        2237812500.00000     
         359
   298.725000000000        2240437500.00000     
         389
   299.075000000000        2243062500.00000     
         345
   299.425000000000        2245687500.00000     
         412
   299.775000000000        2248312500.00000     
         500
   300.125000000000        2250937500.00000     
         181
   300.475000000000        2253562500.00000     
          41
   300.825000000000        2256187500.00000     
         427
   301.175000000000        2258812500.00000     
         283
   301.525000000000        2261437500.00000     
         209
   301.875000000000        2264062500.00000     
         120
   302.225000000000        2266687500.00000     
         192
   302.575000000000        2269312500.00000     
         166
   302.925000000000        2271937500.00000     
         354
   303.275000000000        2274562500.00000     
         265
   303.625000000000        2277187500.00000     
          16
   303.975000000000        2279812500.00000     
         281
   304.325000000000        2282437500.00000     
         156
   304.675000000000        2285062500.00000     
         192
   305.025000000000        2287687500.00000     
         137
   305.375000000000        2290312500.00000     
         344
   305.725000000000        2292937500.00000     
         297
   306.075000000000        2295562500.00000     
         138
   306.425000000000        2298187500.00000     
         221
   306.775000000000        2300812500.00000     
         406
   307.125000000000        2303437500.00000     
          66
   307.475000000000        2306062500.00000     
         416
   307.825000000000        2308687500.00000     
         421
   308.175000000000        2311312500.00000     
         250
   308.525000000000        2313937500.00000     
          52
   308.875000000001        2316562500.00000     
         459
   309.225000000001        2319187500.00000     
         170
   309.575000000001        2321812500.00000     
         373
   309.925000000001        2324437500.00000     
         336
   310.275000000001        2327062500.00000     
         494
   310.625000000001        2329687500.00000     
          14
   310.975000000001        2332312500.00000     
         187
   311.325000000001        2334937500.00001     
          81
   311.675000000001        2337562500.00001     
          41
   312.025000000001        2340187500.00001     
         192
   312.375000000001        2342812500.00001     
         406
   312.725000000001        2345437500.00001     
         213
   313.075000000001        2348062500.00001     
         130
   313.425000000001        2350687500.00001     
         169
   313.775000000001        2353312500.00001     
          12
   314.125000000001        2355937500.00001     
         359
   314.475000000001        2358562500.00001     
           5
   314.825000000001        2361187500.00001     
         368
   315.175000000001        2363812500.00001     
         304
   315.525000000001        2366437500.00001     
         479
   315.875000000001        2369062500.00001     
          20
   316.225000000001        2371687500.00001     
          77
   316.575000000001        2374312500.00001     
         437
   316.925000000001        2376937500.00001     
           8
   317.275000000001        2379562500.00001     
         442
   317.625000000001        2382187500.00001     
         165
   317.975000000001        2384812500.00001     
         471
   318.325000000001        2387437500.00001     
           3
   318.675000000001        2390062500.00001     
         196
   319.025000000001        2392687500.00001     
         340
   319.375000000001        2395312500.00001     
         425
   319.725000000001        2397937500.00001     
         224
   320.075000000001        2400562500.00001     
         119
   320.425000000001        2403187500.00001     
         160
   320.775000000001        2405812500.00001     
         442
   321.125000000001        2408437500.00001     
          54
   321.475000000001        2411062500.00001     
          25
   321.825000000001        2413687500.00001     
         208
   322.175000000001        2416312500.00001     
         299
   322.525000000001        2418937500.00001     
         422
   322.875000000001        2421562500.00001     
         150
   323.225000000001        2424187500.00001     
         412
   323.575000000001        2426812500.00001     
         273
   323.925000000001        2429437500.00001     
           1
   324.275000000002        2432062500.00001     
         431
   324.625000000002        2434687500.00001     
          80
   324.975000000002        2437312500.00001     
          32
   325.325000000002        2439937500.00001     
         397
   325.675000000002        2442562500.00001     
         537
   326.025000000002        2445187500.00001     
         521
   326.375000000002        2447812500.00001     
         153
   326.725000000002        2450437500.00001     
         102
   327.075000000002        2453062500.00001     
         320
   327.425000000002        2455687500.00001     
         341
   327.775000000002        2458312500.00001     
         205
   328.125000000002        2460937500.00001     
         222
   328.475000000002        2463562500.00001     
           2
   328.825000000002        2466187500.00001     
         432
   329.175000000002        2468812500.00001     
          88
   329.525000000002        2471437500.00001     
         193
   329.875000000002        2474062500.00001     
         124
   330.225000000002        2476687500.00001     
         539
   330.575000000002        2479312500.00001     
         340
   330.925000000002        2481937500.00001     
         536
   331.275000000002        2484562500.00001     
         530
   331.625000000002        2487187500.00001     
         166
   331.975000000002        2489812500.00002     
          98
   332.325000000002        2492437500.00002     
         183
   332.675000000002        2495062500.00002     
          32
   333.025000000002        2497687500.00002     
         501
   333.375000000002        2500312500.00002     
         303
   333.725000000002        2502937500.00002     
          21
   334.075000000002        2505562500.00002     
         452
   334.425000000002        2508187500.00002     
         453
   334.775000000002        2510812500.00002     
         537
   335.125000000002        2513437500.00002     
         150
   335.475000000002        2516062500.00002     
         448
   335.825000000002        2518687500.00002     
         527
   336.175000000002        2521312500.00002     
         261
   336.525000000002        2523937500.00002     
         220
   336.875000000002        2526562500.00002     
         521
   337.225000000002        2529187500.00002     
         134
   337.575000000002        2531812500.00002     
         484
   337.925000000002        2534437500.00002     
         393
   338.275000000002        2537062500.00002     
         310
   338.625000000002        2539687500.00002     
         206
   338.975000000002        2542312500.00002     
         455
   339.325000000002        2544937500.00002     
         358
   339.675000000003        2547562500.00002     
         196
   340.025000000003        2550187500.00002     
         169
   340.375000000003        2552812500.00002     
         236
   340.725000000003        2555437500.00002     
         481
   341.075000000003        2558062500.00002     
         347
   341.425000000003        2560687500.00002     
         516
   341.775000000003        2563312500.00002     
         181
   342.125000000003        2565937500.00002     
         136
   342.475000000003        2568562500.00002     
          45
   342.825000000003        2571187500.00002     
         243
   343.175000000003        2573812500.00002     
         289
   343.525000000003        2576437500.00002     
         203
   343.875000000003        2579062500.00002     
          68
   344.225000000003        2581687500.00002     
         479
   344.575000000003        2584312500.00002     
         161
   344.925000000003        2586937500.00002     
          85
   345.275000000003        2589562500.00002     
         114
   345.625000000003        2592187500.00002     
         349
   345.975000000003        2594812500.00002     
         498
   346.325000000003        2597437500.00002     
         295
   346.675000000003        2600062500.00002     
         498
   347.025000000003        2602687500.00002     
         500
   347.375000000003        2605312500.00002     
         161
   347.725000000003        2607937500.00002     
         138
   348.075000000003        2610562500.00002     
         387
   348.425000000003        2613187500.00002     
          44
   348.775000000003        2615812500.00002     
          78
   349.125000000003        2618437500.00002     
         325
   349.475000000003        2621062500.00002     
         485
   349.825000000003        2623687500.00002     
         487
   350.175000000003        2626312500.00002     
         115
   350.525000000003        2628937500.00002     
         176
   350.875000000003        2631562500.00002     
         534
   351.225000000003        2634187500.00002     
         139
   351.575000000003        2636812500.00002     
          80
   351.925000000003        2639437500.00002     
         291
   352.275000000003        2642062500.00002     
         238
   352.625000000003        2644687500.00003     
         527
   352.975000000003        2647312500.00003     
         295
   353.325000000003        2649937500.00003     
         227
   353.675000000003        2652562500.00003     
         117
   354.025000000003        2655187500.00003     
         391
   354.375000000003        2657812500.00003     
         432
   354.725000000003        2660437500.00003     
         196
   355.075000000004        2663062500.00003     
         109
   355.425000000004        2665687500.00003     
           8
   355.775000000004        2668312500.00003     
         290
   356.125000000004        2670937500.00003     
         299
   356.475000000004        2673562500.00003     
         439
   356.825000000004        2676187500.00003     
         259
   357.175000000004        2678812500.00003     
         523
   357.525000000004        2681437500.00003     
         260
   357.875000000004        2684062500.00003     
          91
   358.225000000004        2686687500.00003     
         501
   358.575000000004        2689312500.00003     
         224
   358.925000000004        2691937500.00003     
         197
   359.275000000004        2694562500.00003     
         493
   359.625000000004        2697187500.00003     
         271
   359.975000000004        2699812500.00003     
         389
   360.325000000004        2702437500.00003     
         314
   360.675000000004        2705062500.00003     
         487
   361.025000000004        2707687500.00003     
         421
   361.375000000004        2710312500.00003     
         446
   361.725000000004        2712937500.00003     
          34
   362.075000000004        2715562500.00003     
          40
   362.425000000004        2718187500.00003     
          79
   362.775000000004        2720812500.00003     
         493
   363.125000000004        2723437500.00003     
         137
   363.475000000004        2726062500.00003     
         278
   363.825000000004        2728687500.00003     
         503
   364.175000000004        2731312500.00003     
         109
   364.525000000004        2733937500.00003     
         335
   364.875000000004        2736562500.00003     
         126
   365.225000000004        2739187500.00003     
         319
   365.575000000004        2741812500.00003     
         172
   365.925000000004        2744437500.00003     
         187
   366.275000000004        2747062500.00003     
         150
   366.625000000004        2749687500.00003     
         146
   366.975000000004        2752312500.00003     
         157
   367.325000000004        2754937500.00003     
         327
   367.675000000004        2757562500.00003     
          12
   368.025000000004        2760187500.00003     
         143
   368.375000000004        2762812500.00003     
          76
   368.725000000004        2765437500.00003     
         529
   369.075000000004        2768062500.00003     
         239
   369.425000000004        2770687500.00003     
         171
   369.775000000004        2773312500.00003     
         467
   370.125000000004        2775937500.00003     
         174
   370.475000000005        2778562500.00003     
         513
   370.825000000005        2781187500.00003     
           0
   371.175000000005        2783812500.00003     
         116
   371.525000000005        2786437500.00003     
         436
   371.875000000005        2789062500.00003     
         312
   372.225000000005        2791687500.00003     
         175
   372.575000000005        2794312500.00003     
         139
   372.925000000005        2796937500.00003     
         495
   373.275000000005        2799562500.00004     
         133
   373.625000000005        2802187500.00004     
         375
   373.975000000005        2804812500.00004     
         506
   374.325000000005        2807437500.00004     
          82
   374.675000000005        2810062500.00004     
         283
   375.025000000005        2812687500.00004     
          98
   375.375000000005        2815312500.00004     
         463
   375.725000000005        2817937500.00004     
          62
   376.075000000005        2820562500.00004     
         417
   376.425000000005        2823187500.00004     
         121
   376.775000000005        2825812500.00004     
         185
   377.125000000005        2828437500.00004     
         224
   377.475000000005        2831062500.00004     
         223
   377.825000000005        2833687500.00004     
         438
   378.175000000005        2836312500.00004     
         175
   378.525000000005        2838937500.00004     
         108
   378.875000000005        2841562500.00004     
         505
   379.225000000005        2844187500.00004     
         513
   379.575000000005        2846812500.00004     
         495
   379.925000000005        2849437500.00004     
         367
   380.275000000005        2852062500.00004     
         403
   380.625000000005        2854687500.00004     
         382
   380.975000000005        2857312500.00004     
         383
   381.325000000005        2859937500.00004     
          69
   381.675000000005        2862562500.00004     
         234
   382.025000000005        2865187500.00004     
         338
   382.375000000005        2867812500.00004     
         439
   382.725000000005        2870437500.00004     
         103
   383.075000000005        2873062500.00004     
         128
   383.425000000005        2875687500.00004     
         181
   383.775000000005        2878312500.00004     
         314
   384.125000000005        2880937500.00004     
         240
   384.475000000005        2883562500.00004     
          31
   384.825000000005        2886187500.00004     
         154
   385.175000000005        2888812500.00004     
         446
   385.525000000005        2891437500.00004     
         176
   385.875000000006        2894062500.00004     
         329
   386.225000000006        2896687500.00004     
         524
   386.575000000006        2899312500.00004     
         141
   386.925000000006        2901937500.00004     
         205
   387.275000000006        2904562500.00004     
         264
   387.625000000006        2907187500.00004     
         382
   387.975000000006        2909812500.00004     
         247
   388.325000000006        2912437500.00004     
         293
   388.675000000006        2915062500.00004     
         472
   389.025000000006        2917687500.00004     
         484
   389.375000000006        2920312500.00004     
         243
   389.725000000006        2922937500.00004     
         198
   390.075000000006        2925562500.00004     
         129
   390.425000000006        2928187500.00004     
          23
   390.775000000006        2930812500.00004     
          44
   391.125000000006        2933437500.00004     
         408
   391.475000000006        2936062500.00004     
         278
   391.825000000006        2938687500.00004     
          46
   392.175000000006        2941312500.00004     
          43
   392.525000000006        2943937500.00004     
           4
   392.875000000006        2946562500.00004     
         419
   393.225000000006        2949187500.00004     
         133
   393.575000000006        2951812500.00005     
         506
   393.925000000006        2954437500.00005     
         134
   394.275000000006        2957062500.00005     
         521
   394.625000000006        2959687500.00005     
         224
   394.975000000006        2962312500.00005     
          96
   395.325000000006        2964937500.00005     
         199
   395.675000000006        2967562500.00005     
          90
   396.025000000006        2970187500.00005     
         420
   396.375000000006        2972812500.00005     
         150
   396.725000000006        2975437500.00005     
          77
   397.075000000006        2978062500.00005     
           9
   397.425000000006        2980687500.00005     
         472
   397.775000000006        2983312500.00005     
         160
   398.125000000006        2985937500.00005     
         176
   398.475000000006        2988562500.00005     
         207
   398.825000000006        2991187500.00005     
          38
   399.175000000006        2993812500.00005     
         434
   399.525000000006        2996437500.00005     
         115
   399.875000000006        2999062500.00005     
         411
   400.225000000006        3001687500.00005     
         487
   400.575000000006        3004312500.00005     
         256
   400.925000000006        3006937500.00005     
           0
   401.275000000007        3009562500.00005     
         452
   401.625000000007        3012187500.00005     
          53
   401.975000000007        3014812500.00005     
         246
   402.325000000007        3017437500.00005     
          57
   402.675000000007        3020062500.00005     
         438
   403.025000000007        3022687500.00005     
         420
   403.375000000007        3025312500.00005     
           6
   403.725000000007        3027937500.00005     
         426
   404.075000000007        3030562500.00005     
         247
   404.425000000007        3033187500.00005     
         404
   404.775000000007        3035812500.00005     
         134
   405.125000000007        3038437500.00005     
         350
   405.475000000007        3041062500.00005     
         181
   405.825000000007        3043687500.00005     
         485
   406.175000000007        3046312500.00005     
         302
   406.525000000007        3048937500.00005     
           9
   406.875000000007        3051562500.00005     
         431
   407.225000000007        3054187500.00005     
         147
   407.575000000007        3056812500.00005     
         188
   407.925000000007        3059437500.00005     
         291
   408.275000000007        3062062500.00005     
         343
   408.625000000007        3064687500.00005     
         453
   408.975000000007        3067312500.00005     
         209
   409.325000000007        3069937500.00005     
         340
   409.675000000007        3072562500.00005     
         515
   410.025000000007        3075187500.00005     
         382
   410.375000000007        3077812500.00005     
           1
   410.725000000007        3080437500.00005     
         230
   411.075000000007        3083062500.00005     
         401
   411.425000000007        3085687500.00005     
         157
   411.775000000007        3088312500.00005     
         406
   412.125000000007        3090937500.00005     
         151
   412.475000000007        3093562500.00005     
         458
   412.825000000007        3096187500.00005     
         307
   413.175000000007        3098812500.00005     
         349
   413.525000000007        3101437500.00005     
         422
   413.875000000007        3104062500.00005     
         264
   414.225000000007        3106687500.00006     
         279
   414.575000000007        3109312500.00006     
         433
   414.925000000007        3111937500.00006     
          35
   415.275000000007        3114562500.00006     
         390
   415.625000000007        3117187500.00006     
         240
   415.975000000007        3119812500.00006     
         293
   416.325000000007        3122437500.00006     
         271
   416.675000000008        3125062500.00006     
          26
   417.025000000008        3127687500.00006     
         538
   417.375000000008        3130312500.00006     
         364
   417.725000000008        3132937500.00006     
         272
   418.075000000008        3135562500.00006     
         147
   418.425000000008        3138187500.00006     
          34
   418.775000000008        3140812500.00006     
          42
   419.125000000008        3143437500.00006     
         232
   419.475000000008        3146062500.00006     
         317
   419.825000000008        3148687500.00006     
