       time        TW        TE         hW        hE
   0.17500E+00   0.29515E+02   0.29214E+02   0.27041E-02  -0.29536E-01
   0.52500E+00   0.28781E+02   0.27537E+02   0.24320E-01  -0.10169E+00
   0.87500E+00   0.28503E+02   0.25951E+02   0.62512E-01  -0.18491E+00
   0.12250E+01   0.28609E+02   0.24586E+02   0.11123E+00  -0.27348E+00
   0.15750E+01   0.28917E+02   0.23333E+02   0.16978E+00  -0.36787E+00
   0.19250E+01   0.29249E+02   0.22661E+02   0.23580E+00  -0.44855E+00
   0.22750E+01   0.29518E+02   0.22568E+02   0.31138E+00  -0.51926E+00
   0.26250E+01   0.29707E+02   0.22517E+02   0.38804E+00  -0.59243E+00
   0.29750E+01   0.29832E+02   0.22876E+02   0.46909E+00  -0.64711E+00
   0.33250E+01   0.29907E+02   0.23910E+02   0.54972E+00  -0.66129E+00
   0.36750E+01   0.29951E+02   0.25073E+02   0.62316E+00  -0.65077E+00
   0.40250E+01   0.29974E+02   0.26025E+02   0.68622E+00  -0.62449E+00
   0.43750E+01   0.29985E+02   0.26754E+02   0.73693E+00  -0.56920E+00
   0.47250E+01   0.29991E+02   0.27335E+02   0.77477E+00  -0.49190E+00
   0.50750E+01   0.29995E+02   0.27838E+02   0.79332E+00  -0.41391E+00
   0.54250E+01   0.29998E+02   0.28267E+02   0.78131E+00  -0.34123E+00
   0.57750E+01   0.29999E+02   0.28619E+02   0.73989E+00  -0.26631E+00
   0.61250E+01   0.29999E+02   0.28921E+02   0.68734E+00  -0.19591E+00
   0.64750E+01   0.29997E+02   0.29173E+02   0.63294E+00  -0.13562E+00
   0.68250E+01   0.29994E+02   0.29104E+02   0.57886E+00  -0.88717E-01
   0.71750E+01   0.29990E+02   0.28969E+02   0.52484E+00  -0.53428E-01
   0.75250E+01   0.29984E+02   0.28973E+02   0.48169E+00  -0.19614E-01
   0.78750E+01   0.29976E+02   0.28890E+02   0.44507E+00   0.10413E-01
   0.82250E+01   0.29965E+02   0.28762E+02   0.41020E+00   0.23176E-01
   0.85750E+01   0.29953E+02   0.28562E+02   0.38504E+00   0.20632E-01
   0.89250E+01   0.29939E+02   0.28378E+02   0.36395E+00   0.19258E-01
   0.92750E+01   0.29923E+02   0.28373E+02   0.34372E+00   0.24930E-01
   0.96250E+01   0.29908E+02   0.28357E+02   0.33102E+00   0.20108E-01
   0.99750E+01   0.29897E+02   0.28229E+02   0.32560E+00   0.28750E-02
   0.10325E+02   0.29886E+02   0.28113E+02   0.31814E+00  -0.77270E-02
   0.10675E+02   0.29871E+02   0.27925E+02   0.30608E+00  -0.17426E-01
   0.11025E+02   0.29857E+02   0.27661E+02   0.30064E+00  -0.34827E-01
   0.11375E+02   0.29853E+02   0.27338E+02   0.29955E+00  -0.54704E-01
   0.11725E+02   0.29850E+02   0.26999E+02   0.28655E+00  -0.72703E-01
   0.12075E+02   0.29829E+02   0.26801E+02   0.27186E+00  -0.82689E-01
   0.12425E+02   0.29804E+02   0.26687E+02   0.27059E+00  -0.88171E-01
   0.12775E+02   0.29795E+02   0.26415E+02   0.27368E+00  -0.10593E+00
   0.13125E+02   0.29791E+02   0.26049E+02   0.27587E+00  -0.13467E+00
   0.13475E+02   0.29793E+02   0.25741E+02   0.27967E+00  -0.16026E+00
   0.13825E+02   0.29794E+02   0.25494E+02   0.28012E+00  -0.17272E+00
   0.14175E+02   0.29795E+02   0.25311E+02   0.28679E+00  -0.18270E+00
   0.14525E+02   0.29808E+02   0.25353E+02   0.29942E+00  -0.19947E+00
   0.14875E+02   0.29826E+02   0.25261E+02   0.30717E+00  -0.21511E+00
   0.15225E+02   0.29841E+02   0.24812E+02   0.31412E+00  -0.23540E+00
   0.15575E+02   0.29855E+02   0.24729E+02   0.33201E+00  -0.25682E+00
   0.15925E+02   0.29874E+02   0.24899E+02   0.35652E+00  -0.26516E+00
   0.16275E+02   0.29893E+02   0.24902E+02   0.36995E+00  -0.27741E+00
   0.16625E+02   0.29907E+02   0.25084E+02   0.38100E+00  -0.29275E+00
   0.16975E+02   0.29920E+02   0.25321E+02   0.39819E+00  -0.29376E+00
   0.17325E+02   0.29932E+02   0.25472E+02   0.41834E+00  -0.29157E+00
   0.17675E+02   0.29943E+02   0.25407E+02   0.43938E+00  -0.30310E+00
   0.18025E+02   0.29952E+02   0.25454E+02   0.45361E+00  -0.31118E+00
   0.18375E+02   0.29959E+02   0.25923E+02   0.46508E+00  -0.29587E+00
   0.18725E+02   0.29964E+02   0.26297E+02   0.47380E+00  -0.28015E+00
   0.19075E+02   0.29967E+02   0.26294E+02   0.47731E+00  -0.27525E+00
   0.19425E+02   0.29970E+02   0.26363E+02   0.48256E+00  -0.26541E+00
   0.19775E+02   0.29972E+02   0.26887E+02   0.48717E+00  -0.24467E+00
   0.20125E+02   0.29973E+02   0.27480E+02   0.48906E+00  -0.21803E+00
   0.20475E+02   0.29973E+02   0.27991E+02   0.48552E+00  -0.19028E+00
   0.20825E+02   0.29973E+02   0.28071E+02   0.47625E+00  -0.16970E+00
   0.21175E+02   0.29972E+02   0.27714E+02   0.46105E+00  -0.15185E+00
   0.21525E+02   0.29968E+02   0.27490E+02   0.44089E+00  -0.12777E+00
   0.21875E+02   0.29964E+02   0.27437E+02   0.42385E+00  -0.10667E+00
   0.22225E+02   0.29957E+02   0.27336E+02   0.40804E+00  -0.90915E-01
   0.22575E+02   0.29948E+02   0.27290E+02   0.39247E+00  -0.80139E-01
   0.22925E+02   0.29938E+02   0.27305E+02   0.37279E+00  -0.76386E-01
   0.23275E+02   0.29926E+02   0.27109E+02   0.35308E+00  -0.77579E-01
   0.23625E+02   0.29915E+02   0.26939E+02   0.34724E+00  -0.81075E-01
   0.23975E+02   0.29908E+02   0.26874E+02   0.34521E+00  -0.83020E-01
   0.24325E+02   0.29900E+02   0.26856E+02   0.33653E+00  -0.83240E-01
   0.24675E+02   0.29889E+02   0.26701E+02   0.32601E+00  -0.92855E-01
   0.25025E+02   0.29878E+02   0.26478E+02   0.32360E+00  -0.10457E+00
   0.25375E+02   0.29874E+02   0.26615E+02   0.32698E+00  -0.98666E-01
   0.25725E+02   0.29874E+02   0.26811E+02   0.32456E+00  -0.96043E-01
   0.26075E+02   0.29871E+02   0.26753E+02   0.31938E+00  -0.10762E+00
   0.26425E+02   0.29866E+02   0.26462E+02   0.31669E+00  -0.11666E+00
   0.26775E+02   0.29862E+02   0.26020E+02   0.31150E+00  -0.12918E+00
   0.27125E+02   0.29858E+02   0.25614E+02   0.30594E+00  -0.14933E+00
   0.27475E+02   0.29850E+02   0.25452E+02   0.30538E+00  -0.16523E+00
   0.27825E+02   0.29849E+02   0.25456E+02   0.30864E+00  -0.17023E+00
   0.28175E+02   0.29851E+02   0.25423E+02   0.31095E+00  -0.17914E+00
   0.28525E+02   0.29853E+02   0.25428E+02   0.32050E+00  -0.19460E+00
   0.28875E+02   0.29863E+02   0.25156E+02   0.33289E+00  -0.21360E+00
   0.29225E+02   0.29875E+02   0.24778E+02   0.34534E+00  -0.23623E+00
   0.29575E+02   0.29889E+02   0.24530E+02   0.36067E+00  -0.25583E+00
   0.29925E+02   0.29899E+02   0.24430E+02   0.36438E+00  -0.26933E+00
   0.30275E+02   0.29906E+02   0.24425E+02   0.37234E+00  -0.27516E+00
   0.30625E+02   0.29915E+02   0.24078E+02   0.38673E+00  -0.29912E+00
   0.30975E+02   0.29926E+02   0.23917E+02   0.40409E+00  -0.32796E+00
   0.31325E+02   0.29937E+02   0.24248E+02   0.42295E+00  -0.33384E+00
   0.31675E+02   0.29946E+02   0.24668E+02   0.44162E+00  -0.33621E+00
   0.32025E+02   0.29955E+02   0.24858E+02   0.46457E+00  -0.33789E+00
   0.32375E+02   0.29962E+02   0.25162E+02   0.48074E+00  -0.33384E+00
   0.32725E+02   0.29968E+02   0.25693E+02   0.49280E+00  -0.32312E+00
   0.33075E+02   0.29973E+02   0.26187E+02   0.50406E+00  -0.30363E+00
   0.33425E+02   0.29976E+02   0.26371E+02   0.51574E+00  -0.28536E+00
   0.33775E+02   0.29979E+02   0.26648E+02   0.51912E+00  -0.26086E+00
   0.34125E+02   0.29980E+02   0.27159E+02   0.51096E+00  -0.22821E+00
   0.34475E+02   0.29979E+02   0.27602E+02   0.50289E+00  -0.19641E+00
   0.34825E+02   0.29978E+02   0.27715E+02   0.49243E+00  -0.17012E+00
   0.35175E+02   0.29976E+02   0.27522E+02   0.47964E+00  -0.14986E+00
   0.35525E+02   0.29973E+02   0.27454E+02   0.46430E+00  -0.13276E+00
   0.35875E+02   0.29969E+02   0.27248E+02   0.44408E+00  -0.11644E+00
   0.36225E+02   0.29962E+02   0.27239E+02   0.41884E+00  -0.93172E-01
   0.36575E+02   0.29953E+02   0.27309E+02   0.40166E+00  -0.76350E-01
   0.36925E+02   0.29943E+02   0.27276E+02   0.38963E+00  -0.67780E-01
   0.37275E+02   0.29932E+02   0.27359E+02   0.37191E+00  -0.58381E-01
   0.37625E+02   0.29922E+02   0.27310E+02   0.35885E+00  -0.61204E-01
   0.37975E+02   0.29916E+02   0.27172E+02   0.35033E+00  -0.65168E-01
   0.38325E+02   0.29909E+02   0.26995E+02   0.33852E+00  -0.66834E-01
   0.38675E+02   0.29897E+02   0.26835E+02   0.32184E+00  -0.72232E-01
   0.39025E+02   0.29880E+02   0.26753E+02   0.31144E+00  -0.74449E-01
   0.39375E+02   0.29868E+02   0.26581E+02   0.31000E+00  -0.84833E-01
   0.39725E+02   0.29864E+02   0.26299E+02   0.30920E+00  -0.10401E+00
   0.40075E+02   0.29857E+02   0.25988E+02   0.30754E+00  -0.12565E+00
   0.40425E+02   0.29853E+02   0.25724E+02   0.30989E+00  -0.14028E+00
   0.40775E+02   0.29856E+02   0.25619E+02   0.31005E+00  -0.14515E+00
   0.41125E+02   0.29855E+02   0.25716E+02   0.31004E+00  -0.14930E+00
   0.41475E+02   0.29855E+02   0.25627E+02   0.31516E+00  -0.16072E+00
   0.41825E+02   0.29858E+02   0.25385E+02   0.32119E+00  -0.17558E+00
   0.42175E+02   0.29866E+02   0.25593E+02   0.32772E+00  -0.17846E+00
   0.42525E+02   0.29875E+02   0.25632E+02   0.33248E+00  -0.18924E+00
   0.42875E+02   0.29880E+02   0.25034E+02   0.33633E+00  -0.21159E+00
   0.43225E+02   0.29883E+02   0.24712E+02   0.33593E+00  -0.22386E+00
   0.43575E+02   0.29885E+02   0.24786E+02   0.33922E+00  -0.23229E+00
   0.43925E+02   0.29890E+02   0.24797E+02   0.35065E+00  -0.24033E+00
   0.44275E+02   0.29899E+02   0.24747E+02   0.36522E+00  -0.25698E+00
   0.44625E+02   0.29911E+02   0.24545E+02   0.37990E+00  -0.28004E+00
   0.44975E+02   0.29921E+02   0.24680E+02   0.39198E+00  -0.28460E+00
   0.45325E+02   0.29930E+02   0.25077E+02   0.40477E+00  -0.28034E+00
   0.45675E+02   0.29938E+02   0.25507E+02   0.42013E+00  -0.27489E+00
   0.46025E+02   0.29946E+02   0.25914E+02   0.43773E+00  -0.26731E+00
   0.46375E+02   0.29953E+02   0.25860E+02   0.45016E+00  -0.27201E+00
   0.46725E+02   0.29958E+02   0.25979E+02   0.45249E+00  -0.26944E+00
   0.47075E+02   0.29961E+02   0.26218E+02   0.45567E+00  -0.25152E+00
   0.47425E+02   0.29964E+02   0.26192E+02   0.46310E+00  -0.24074E+00
   0.47775E+02   0.29966E+02   0.26446E+02   0.46283E+00  -0.22532E+00
   0.48125E+02   0.29965E+02   0.26680E+02   0.45365E+00  -0.21047E+00
   0.48475E+02   0.29963E+02   0.26727E+02   0.44907E+00  -0.19999E+00
   0.48825E+02   0.29962E+02   0.26869E+02   0.45164E+00  -0.17975E+00
   0.49175E+02   0.29963E+02   0.26632E+02   0.44901E+00  -0.17582E+00
   0.49525E+02   0.29963E+02   0.26241E+02   0.43336E+00  -0.17652E+00
   0.49875E+02   0.29959E+02   0.26136E+02   0.41646E+00  -0.16135E+00
   0.50225E+02   0.29953E+02   0.26300E+02   0.40691E+00  -0.13950E+00
   0.50575E+02   0.29947E+02   0.26374E+02   0.40154E+00  -0.12621E+00
   0.50925E+02   0.29943E+02   0.26270E+02   0.39396E+00  -0.13182E+00
   0.51275E+02   0.29937E+02   0.26326E+02   0.38592E+00  -0.12966E+00
   0.51625E+02   0.29932E+02   0.26402E+02   0.37969E+00  -0.11656E+00
   0.51975E+02   0.29927E+02   0.26421E+02   0.37051E+00  -0.11015E+00
   0.52325E+02   0.29923E+02   0.26344E+02   0.36432E+00  -0.11320E+00
   0.52675E+02   0.29917E+02   0.26321E+02   0.35645E+00  -0.11505E+00
   0.53025E+02   0.29909E+02   0.26484E+02   0.34689E+00  -0.10656E+00
   0.53375E+02   0.29902E+02   0.26633E+02   0.34120E+00  -0.10362E+00
   0.53725E+02   0.29898E+02   0.26561E+02   0.34099E+00  -0.10895E+00
   0.54075E+02   0.29894E+02   0.26333E+02   0.33698E+00  -0.11764E+00
   0.54425E+02   0.29888E+02   0.26119E+02   0.32831E+00  -0.12820E+00
   0.54775E+02   0.29880E+02   0.25925E+02   0.32080E+00  -0.13619E+00
   0.55125E+02   0.29874E+02   0.25894E+02   0.31897E+00  -0.14000E+00
   0.55475E+02   0.29872E+02   0.25959E+02   0.32451E+00  -0.14017E+00
   0.55825E+02   0.29873E+02   0.25946E+02   0.32423E+00  -0.14647E+00
   0.56175E+02   0.29872E+02   0.25713E+02   0.32057E+00  -0.16035E+00
   0.56525E+02   0.29872E+02   0.25586E+02   0.32420E+00  -0.16741E+00
   0.56875E+02   0.29875E+02   0.25727E+02   0.33628E+00  -0.16671E+00
   0.57225E+02   0.29881E+02   0.25691E+02   0.34263E+00  -0.17436E+00
   0.57575E+02   0.29884E+02   0.25615E+02   0.34012E+00  -0.18834E+00
   0.57925E+02   0.29886E+02   0.25592E+02   0.34013E+00  -0.19515E+00
   0.58275E+02   0.29891E+02   0.25553E+02   0.34792E+00  -0.19526E+00
   0.58625E+02   0.29897E+02   0.25246E+02   0.35478E+00  -0.20683E+00
   0.58975E+02   0.29902E+02   0.24855E+02   0.35855E+00  -0.22864E+00
   0.59325E+02   0.29908E+02   0.24796E+02   0.36543E+00  -0.23814E+00
   0.59675E+02   0.29914E+02   0.24932E+02   0.37015E+00  -0.23797E+00
   0.60025E+02   0.29917E+02   0.25024E+02   0.37871E+00  -0.24481E+00
   0.60375E+02   0.29923E+02   0.25222E+02   0.39300E+00  -0.25177E+00
   0.60725E+02   0.29931E+02   0.25528E+02   0.40620E+00  -0.25263E+00
   0.61075E+02   0.29938E+02   0.25911E+02   0.41584E+00  -0.24740E+00
   0.61425E+02   0.29944E+02   0.25965E+02   0.42368E+00  -0.24363E+00
   0.61775E+02   0.29948E+02   0.25637E+02   0.42967E+00  -0.24538E+00
   0.62125E+02   0.29952E+02   0.25805E+02   0.43511E+00  -0.23783E+00
   0.62475E+02   0.29954E+02   0.26116E+02   0.43454E+00  -0.22597E+00
   0.62825E+02   0.29954E+02   0.26440E+02   0.42899E+00  -0.21091E+00
   0.63175E+02   0.29955E+02   0.26573E+02   0.43236E+00  -0.19746E+00
   0.63525E+02   0.29956E+02   0.26677E+02   0.43256E+00  -0.18798E+00
   0.63875E+02   0.29955E+02   0.26951E+02   0.42622E+00  -0.16941E+00
   0.64225E+02   0.29954E+02   0.27114E+02   0.41889E+00  -0.14870E+00
   0.64575E+02   0.29952E+02   0.27009E+02   0.41188E+00  -0.13975E+00
   0.64925E+02   0.29948E+02   0.26623E+02   0.40582E+00  -0.13907E+00
   0.65275E+02   0.29941E+02   0.26468E+02   0.39303E+00  -0.13736E+00
   0.65625E+02   0.29933E+02   0.26442E+02   0.37853E+00  -0.13093E+00
   0.65975E+02   0.29925E+02   0.26459E+02   0.37315E+00  -0.12692E+00
   0.66325E+02   0.29921E+02   0.26644E+02   0.37215E+00  -0.12209E+00
   0.66675E+02   0.29917E+02   0.26667E+02   0.36357E+00  -0.11928E+00
   0.67025E+02   0.29913E+02   0.26493E+02   0.35493E+00  -0.12214E+00
   0.67375E+02   0.29910E+02   0.26449E+02   0.35274E+00  -0.12057E+00
   0.67725E+02   0.29908E+02   0.26280E+02   0.35117E+00  -0.12289E+00
   0.68075E+02   0.29904E+02   0.26169E+02   0.34481E+00  -0.12620E+00
   0.68425E+02   0.29899E+02   0.26112E+02   0.33605E+00  -0.13025E+00
   0.68775E+02   0.29891E+02   0.25920E+02   0.32806E+00  -0.13598E+00
   0.69125E+02   0.29884E+02   0.25789E+02   0.32834E+00  -0.14258E+00
   0.69475E+02   0.29884E+02   0.25628E+02   0.33082E+00  -0.15537E+00
   0.69825E+02   0.29883E+02   0.25581E+02   0.33163E+00  -0.16225E+00
   0.70175E+02   0.29884E+02   0.25537E+02   0.33482E+00  -0.16711E+00
   0.70525E+02   0.29887E+02   0.25465E+02   0.33581E+00  -0.17761E+00
   0.70875E+02   0.29891E+02   0.25487E+02   0.33978E+00  -0.17990E+00
   0.71225E+02   0.29895E+02   0.25546E+02   0.34176E+00  -0.18253E+00
   0.71575E+02   0.29897E+02   0.25400E+02   0.34677E+00  -0.19212E+00
   0.71925E+02   0.29899E+02   0.25311E+02   0.35334E+00  -0.19666E+00
   0.72275E+02   0.29902E+02   0.25220E+02   0.35801E+00  -0.20719E+00
   0.72625E+02   0.29906E+02   0.25176E+02   0.36090E+00  -0.21721E+00
   0.72975E+02   0.29909E+02   0.25419E+02   0.36475E+00  -0.21582E+00
   0.73325E+02   0.29912E+02   0.25440E+02   0.37502E+00  -0.21857E+00
   0.73675E+02   0.29917E+02   0.25644E+02   0.38094E+00  -0.22056E+00
   0.74025E+02   0.29923E+02   0.25639E+02   0.38915E+00  -0.22450E+00
   0.74375E+02   0.29929E+02   0.25370E+02   0.39659E+00  -0.23814E+00
   0.74725E+02   0.29934E+02   0.25375E+02   0.40053E+00  -0.23604E+00
   0.75075E+02   0.29937E+02   0.25327E+02   0.40533E+00  -0.23317E+00
   0.75425E+02   0.29940E+02   0.25424E+02   0.40743E+00  -0.23457E+00
   0.75775E+02   0.29943E+02   0.25592E+02   0.40976E+00  -0.22642E+00
   0.76125E+02   0.29944E+02   0.25852E+02   0.41338E+00  -0.22298E+00
   0.76475E+02   0.29947E+02   0.25718E+02   0.42177E+00  -0.22349E+00
   0.76825E+02   0.29949E+02   0.25362E+02   0.42401E+00  -0.23102E+00
   0.77175E+02   0.29950E+02   0.25562E+02   0.42639E+00  -0.22903E+00
   0.77525E+02   0.29952E+02   0.25659E+02   0.42843E+00  -0.21800E+00
   0.77875E+02   0.29952E+02   0.25647E+02   0.42270E+00  -0.21417E+00
   0.78225E+02   0.29951E+02   0.25653E+02   0.42097E+00  -0.21180E+00
   0.78575E+02   0.29950E+02   0.25962E+02   0.42299E+00  -0.19554E+00
   0.78925E+02   0.29952E+02   0.26017E+02   0.42254E+00  -0.18318E+00
   0.79275E+02   0.29952E+02   0.25627E+02   0.41749E+00  -0.19177E+00
   0.79625E+02   0.29950E+02   0.25896E+02   0.41525E+00  -0.17997E+00
   0.79975E+02   0.29949E+02   0.26370E+02   0.41054E+00  -0.14979E+00
   0.80325E+02   0.29947E+02   0.26237E+02   0.40194E+00  -0.15125E+00
   0.80675E+02   0.29944E+02   0.26024E+02   0.39241E+00  -0.16208E+00
   0.81025E+02   0.29939E+02   0.25859E+02   0.38634E+00  -0.15501E+00
   0.81375E+02   0.29934E+02   0.25677E+02   0.38296E+00  -0.15263E+00
   0.81725E+02   0.29929E+02   0.25879E+02   0.37833E+00  -0.15063E+00
   0.82075E+02   0.29926E+02   0.26016E+02   0.37364E+00  -0.14690E+00
   0.82425E+02   0.29923E+02   0.26079E+02   0.36748E+00  -0.14317E+00
   0.82775E+02   0.29918E+02   0.26132E+02   0.36340E+00  -0.14016E+00
   0.83125E+02   0.29914E+02   0.26056E+02   0.36339E+00  -0.14263E+00
   0.83475E+02   0.29912E+02   0.26101E+02   0.36479E+00  -0.14142E+00
   0.83825E+02   0.29912E+02   0.26051E+02   0.36576E+00  -0.14803E+00
   0.84175E+02   0.29913E+02   0.25879E+02   0.35732E+00  -0.15392E+00
   0.84525E+02   0.29907E+02   0.25906E+02   0.34178E+00  -0.14347E+00
   0.84875E+02   0.29900E+02   0.25987E+02   0.33793E+00  -0.13952E+00
   0.85225E+02   0.29898E+02   0.25847E+02   0.34575E+00  -0.14801E+00
   0.85575E+02   0.29898E+02   0.25580E+02   0.34673E+00  -0.16262E+00
   0.85925E+02   0.29896E+02   0.25677E+02   0.34079E+00  -0.16885E+00
   0.86275E+02   0.29896E+02   0.25832E+02   0.34448E+00  -0.16485E+00
   0.86625E+02   0.29899E+02   0.25544E+02   0.34942E+00  -0.17411E+00
   0.86975E+02   0.29901E+02   0.25260E+02   0.34657E+00  -0.19210E+00
   0.87325E+02   0.29898E+02   0.25290E+02   0.34521E+00  -0.19619E+00
   0.87675E+02   0.29897E+02   0.25280E+02   0.35538E+00  -0.19273E+00
   0.88025E+02   0.29903E+02   0.25352E+02   0.36329E+00  -0.19544E+00
   0.88375E+02   0.29908E+02   0.25385E+02   0.36741E+00  -0.20465E+00
   0.88725E+02   0.29913E+02   0.25393E+02   0.37020E+00  -0.21047E+00
   0.89075E+02   0.29916E+02   0.25596E+02   0.37360E+00  -0.20467E+00
   0.89425E+02   0.29920E+02   0.25643E+02   0.37819E+00  -0.20228E+00
   0.89775E+02   0.29924E+02   0.25599E+02   0.38355E+00  -0.21076E+00
   0.90125E+02   0.29928E+02   0.25533E+02   0.39261E+00  -0.21441E+00
   0.90475E+02   0.29931E+02   0.25426E+02   0.38734E+00  -0.21399E+00
   0.90825E+02   0.29931E+02   0.25212E+02   0.38208E+00  -0.21720E+00
   0.91175E+02   0.29931E+02   0.25073E+02   0.39116E+00  -0.22193E+00
   0.91525E+02   0.29934E+02   0.25041E+02   0.39889E+00  -0.22649E+00
   0.91875E+02   0.29937E+02   0.25022E+02   0.39810E+00  -0.23262E+00
   0.92225E+02   0.29939E+02   0.25064E+02   0.40083E+00  -0.23859E+00
   0.92575E+02   0.29941E+02   0.25001E+02   0.40721E+00  -0.23795E+00
   0.92925E+02   0.29944E+02   0.25166E+02   0.41611E+00  -0.23113E+00
   0.93275E+02   0.29947E+02   0.25425E+02   0.42338E+00  -0.22761E+00
   0.93625E+02   0.29949E+02   0.25499E+02   0.42291E+00  -0.22991E+00
   0.93975E+02   0.29950E+02   0.25732E+02   0.42724E+00  -0.21749E+00
   0.94325E+02   0.29953E+02   0.25785E+02   0.43016E+00  -0.20612E+00
   0.94675E+02   0.29953E+02   0.25939E+02   0.42638E+00  -0.19992E+00
   0.95025E+02   0.29953E+02   0.26239E+02   0.42325E+00  -0.18169E+00
   0.95375E+02   0.29952E+02   0.26175E+02   0.41725E+00  -0.17481E+00
   0.95725E+02   0.29950E+02   0.25944E+02   0.41298E+00  -0.17449E+00
   0.96075E+02   0.29947E+02   0.25964E+02   0.40713E+00  -0.16772E+00
   0.96425E+02   0.29945E+02   0.26132E+02   0.40055E+00  -0.16141E+00
   0.96775E+02   0.29941E+02   0.26181E+02   0.39408E+00  -0.15202E+00
   0.97125E+02   0.29938E+02   0.26156E+02   0.38826E+00  -0.15072E+00
   0.97475E+02   0.29935E+02   0.26132E+02   0.38049E+00  -0.14818E+00
   0.97825E+02   0.29929E+02   0.26273E+02   0.37320E+00  -0.13392E+00
   0.98175E+02   0.29924E+02   0.26508E+02   0.37427E+00  -0.12294E+00
   0.98525E+02   0.29923E+02   0.26549E+02   0.37080E+00  -0.12156E+00
   0.98875E+02   0.29920E+02   0.26316E+02   0.36167E+00  -0.12582E+00
   0.99225E+02   0.29915E+02   0.26026E+02   0.34977E+00  -0.13462E+00
   0.99575E+02   0.29906E+02   0.25867E+02   0.34283E+00  -0.13476E+00
   0.99925E+02   0.29897E+02   0.25872E+02   0.34111E+00  -0.12902E+00
   0.10027E+03   0.29894E+02   0.25802E+02   0.34047E+00  -0.14270E+00
   0.10062E+03   0.29894E+02   0.25694E+02   0.33826E+00  -0.15671E+00
   0.10097E+03   0.29893E+02   0.25531E+02   0.33600E+00  -0.16354E+00
   0.10132E+03   0.29890E+02   0.25449E+02   0.33690E+00  -0.16551E+00
   0.10167E+03   0.29890E+02   0.25545E+02   0.34523E+00  -0.16214E+00
   0.10202E+03   0.29895E+02   0.25554E+02   0.34994E+00  -0.16679E+00
   0.10237E+03   0.29895E+02   0.25447E+02   0.34656E+00  -0.17852E+00
   0.10272E+03   0.29895E+02   0.25211E+02   0.34717E+00  -0.18926E+00
   0.10307E+03   0.29897E+02   0.25179E+02   0.35125E+00  -0.19334E+00
   0.10342E+03   0.29900E+02   0.25392E+02   0.35877E+00  -0.19262E+00
   0.10377E+03   0.29905E+02   0.25543E+02   0.36133E+00  -0.19529E+00
   0.10412E+03   0.29908E+02   0.25552E+02   0.36138E+00  -0.20061E+00
   0.10447E+03   0.29911E+02   0.25219E+02   0.36431E+00  -0.21111E+00
   0.10482E+03   0.29915E+02   0.25047E+02   0.36952E+00  -0.22022E+00
   0.10517E+03   0.29919E+02   0.25052E+02   0.37852E+00  -0.22181E+00
   0.10552E+03   0.29923E+02   0.24930E+02   0.38425E+00  -0.23097E+00
   0.10587E+03   0.29926E+02   0.24843E+02   0.38476E+00  -0.24016E+00
   0.10622E+03   0.29929E+02   0.24705E+02   0.38729E+00  -0.24675E+00
   0.10657E+03   0.29932E+02   0.24471E+02   0.39557E+00  -0.25616E+00
   0.10692E+03   0.29935E+02   0.24779E+02   0.40743E+00  -0.25442E+00
   0.10727E+03   0.29941E+02   0.25062E+02   0.42135E+00  -0.25330E+00
   0.10762E+03   0.29947E+02   0.24841E+02   0.42814E+00  -0.26343E+00
   0.10797E+03   0.29951E+02   0.24984E+02   0.42927E+00  -0.26565E+00
   0.10832E+03   0.29954E+02   0.25392E+02   0.43529E+00  -0.24737E+00
   0.10867E+03   0.29957E+02   0.25566E+02   0.44137E+00  -0.23170E+00
   0.10902E+03   0.29959E+02   0.25351E+02   0.44397E+00  -0.23626E+00
   0.10937E+03   0.29959E+02   0.25279E+02   0.44575E+00  -0.23668E+00
   0.10972E+03   0.29959E+02   0.25461E+02   0.44496E+00  -0.22407E+00
   0.11007E+03   0.29960E+02   0.25749E+02   0.44333E+00  -0.21296E+00
   0.11042E+03   0.29960E+02   0.26003E+02   0.44086E+00  -0.20366E+00
   0.11077E+03   0.29959E+02   0.25896E+02   0.43415E+00  -0.19341E+00
   0.11112E+03   0.29957E+02   0.25927E+02   0.42816E+00  -0.17926E+00
   0.11147E+03   0.29955E+02   0.26019E+02   0.42172E+00  -0.16781E+00
   0.11182E+03   0.29953E+02   0.26247E+02   0.41715E+00  -0.15579E+00
   0.11217E+03   0.29951E+02   0.26483E+02   0.41699E+00  -0.13918E+00
   0.11252E+03   0.29950E+02   0.26196E+02   0.40342E+00  -0.13914E+00
   0.11287E+03   0.29942E+02   0.26073E+02   0.38257E+00  -0.13706E+00
   0.11322E+03   0.29933E+02   0.26250E+02   0.37472E+00  -0.11830E+00
   0.11357E+03   0.29929E+02   0.26334E+02   0.37332E+00  -0.11024E+00
   0.11392E+03   0.29926E+02   0.26317E+02   0.36748E+00  -0.11626E+00
   0.11427E+03   0.29920E+02   0.26458E+02   0.35624E+00  -0.11549E+00
   0.11462E+03   0.29911E+02   0.26547E+02   0.34575E+00  -0.10479E+00
   0.11497E+03   0.29902E+02   0.26393E+02   0.34367E+00  -0.10483E+00
   0.11532E+03   0.29900E+02   0.26110E+02   0.34417E+00  -0.12430E+00
   0.11567E+03   0.29899E+02   0.25803E+02   0.33176E+00  -0.13819E+00
   0.11602E+03   0.29890E+02   0.25607E+02   0.32359E+00  -0.13737E+00
   0.11637E+03   0.29882E+02   0.25403E+02   0.32412E+00  -0.14614E+00
   0.11672E+03   0.29879E+02   0.25244E+02   0.32374E+00  -0.16038E+00
   0.11707E+03   0.29880E+02   0.25002E+02   0.32858E+00  -0.17697E+00
   0.11742E+03   0.29884E+02   0.24676E+02   0.33356E+00  -0.20276E+00
   0.11777E+03   0.29887E+02   0.24482E+02   0.33859E+00  -0.21517E+00
   0.11812E+03   0.29891E+02   0.24397E+02   0.34536E+00  -0.22281E+00
   0.11847E+03   0.29897E+02   0.24228E+02   0.35997E+00  -0.24427E+00
   0.11882E+03   0.29906E+02   0.23835E+02   0.36819E+00  -0.26890E+00
   0.11917E+03   0.29911E+02   0.23770E+02   0.37057E+00  -0.28583E+00
   0.11952E+03   0.29918E+02   0.24224E+02   0.38766E+00  -0.28877E+00
   0.11987E+03   0.29928E+02   0.24535E+02   0.41127E+00  -0.29000E+00
   0.12022E+03   0.29939E+02   0.24769E+02   0.42673E+00  -0.29920E+00
   0.12057E+03   0.29947E+02   0.25237E+02   0.43098E+00  -0.30281E+00
   0.12092E+03   0.29952E+02   0.25645E+02   0.44377E+00  -0.28899E+00
   0.12127E+03   0.29957E+02   0.25825E+02   0.46306E+00  -0.27467E+00
   0.12162E+03   0.29963E+02   0.25894E+02   0.47101E+00  -0.27757E+00
   0.12197E+03   0.29966E+02   0.26344E+02   0.47222E+00  -0.26809E+00
   0.12232E+03   0.29968E+02   0.26859E+02   0.47286E+00  -0.23731E+00
   0.12267E+03   0.29969E+02   0.27103E+02   0.46920E+00  -0.21173E+00
   0.12302E+03   0.29969E+02   0.27078E+02   0.46452E+00  -0.19839E+00
   0.12337E+03   0.29969E+02   0.26666E+02   0.46302E+00  -0.19406E+00
   0.12372E+03   0.29968E+02   0.26744E+02   0.45233E+00  -0.17281E+00
   0.12407E+03   0.29965E+02   0.27105E+02   0.43780E+00  -0.14239E+00
   0.12442E+03   0.29961E+02   0.26892E+02   0.42865E+00  -0.13556E+00
   0.12477E+03   0.29956E+02   0.26717E+02   0.41812E+00  -0.12774E+00
   0.12512E+03   0.29950E+02   0.26754E+02   0.40466E+00  -0.11483E+00
   0.12547E+03   0.29944E+02   0.26690E+02   0.38850E+00  -0.11053E+00
   0.12582E+03   0.29938E+02   0.26639E+02   0.37965E+00  -0.10197E+00
   0.12617E+03   0.29932E+02   0.26718E+02   0.37509E+00  -0.93585E-01
   0.12652E+03   0.29924E+02   0.26725E+02   0.36537E+00  -0.92661E-01
   0.12687E+03   0.29918E+02   0.26620E+02   0.34963E+00  -0.95145E-01
   0.12722E+03   0.29908E+02   0.26561E+02   0.33651E+00  -0.98263E-01
   0.12757E+03   0.29897E+02   0.26515E+02   0.33726E+00  -0.95138E-01
   0.12792E+03   0.29895E+02   0.26348E+02   0.33649E+00  -0.10039E+00
   0.12827E+03   0.29891E+02   0.26000E+02   0.32382E+00  -0.12432E+00
   0.12862E+03   0.29878E+02   0.25972E+02   0.31360E+00  -0.13192E+00
   0.12897E+03   0.29869E+02   0.26054E+02   0.31803E+00  -0.12276E+00
   0.12932E+03   0.29872E+02   0.25792E+02   0.32410E+00  -0.13564E+00
   0.12967E+03   0.29872E+02   0.25635E+02   0.32097E+00  -0.15991E+00
   0.13002E+03   0.29872E+02   0.25322E+02   0.32118E+00  -0.17859E+00
   0.13037E+03   0.29876E+02   0.24934E+02   0.32469E+00  -0.18622E+00
   0.13072E+03   0.29878E+02   0.24771E+02   0.32874E+00  -0.19501E+00
   0.13107E+03   0.29879E+02   0.24556E+02   0.33329E+00  -0.21815E+00
   0.13142E+03   0.29882E+02   0.24442E+02   0.34148E+00  -0.22799E+00
   0.13177E+03   0.29890E+02   0.24565E+02   0.35063E+00  -0.23746E+00
   0.13212E+03   0.29899E+02   0.24713E+02   0.36024E+00  -0.25349E+00
   0.13247E+03   0.29908E+02   0.24755E+02   0.37611E+00  -0.25858E+00
   0.13282E+03   0.29919E+02   0.24863E+02   0.39470E+00  -0.26333E+00
   0.13317E+03   0.29930E+02   0.24841E+02   0.40274E+00  -0.27292E+00
   0.13352E+03   0.29936E+02   0.24635E+02   0.40251E+00  -0.28362E+00
   0.13387E+03   0.29940E+02   0.24651E+02   0.41495E+00  -0.28618E+00
   0.13422E+03   0.29946E+02   0.24872E+02   0.43510E+00  -0.28248E+00
   0.13457E+03   0.29953E+02   0.25133E+02   0.44445E+00  -0.28502E+00
   0.13492E+03   0.29956E+02   0.25345E+02   0.44575E+00  -0.29139E+00
   0.13527E+03   0.29959E+02   0.25787E+02   0.45741E+00  -0.27650E+00
   0.13562E+03   0.29964E+02   0.26577E+02   0.47097E+00  -0.24254E+00
   0.13597E+03   0.29967E+02   0.26650E+02   0.47458E+00  -0.23268E+00
   0.13632E+03   0.29969E+02   0.26265E+02   0.47323E+00  -0.23328E+00
   0.13667E+03   0.29970E+02   0.26433E+02   0.46890E+00  -0.21021E+00
   0.13702E+03   0.29969E+02   0.26637E+02   0.46355E+00  -0.18331E+00
   0.13737E+03   0.29967E+02   0.26435E+02   0.45291E+00  -0.17336E+00
   0.13772E+03   0.29964E+02   0.26358E+02   0.43686E+00  -0.16512E+00
   0.13807E+03   0.29959E+02   0.26586E+02   0.42697E+00  -0.14386E+00
   0.13842E+03   0.29954E+02   0.26844E+02   0.41827E+00  -0.12202E+00
   0.13877E+03   0.29950E+02   0.26926E+02   0.40834E+00  -0.11912E+00
   0.13912E+03   0.29945E+02   0.26778E+02   0.40293E+00  -0.12124E+00
   0.13947E+03   0.29942E+02   0.26632E+02   0.39295E+00  -0.11253E+00
   0.13982E+03   0.29936E+02   0.26526E+02   0.37317E+00  -0.10487E+00
   0.14017E+03   0.29926E+02   0.26526E+02   0.35666E+00  -0.96534E-01
   0.14052E+03   0.29914E+02   0.26524E+02   0.35026E+00  -0.95380E-01
   0.14087E+03   0.29907E+02   0.26437E+02   0.34985E+00  -0.10176E+00
   0.14122E+03   0.29904E+02   0.26229E+02   0.34181E+00  -0.11227E+00
   0.14157E+03   0.29896E+02   0.25937E+02   0.32740E+00  -0.12870E+00
   0.14192E+03   0.29890E+02   0.25939E+02   0.32778E+00  -0.12623E+00
   0.14227E+03   0.29888E+02   0.26028E+02   0.33357E+00  -0.12096E+00
   0.14262E+03   0.29886E+02   0.25798E+02   0.32741E+00  -0.13867E+00
   0.14297E+03   0.29878E+02   0.25551E+02   0.31912E+00  -0.15402E+00
   0.14332E+03   0.29875E+02   0.25529E+02   0.32827E+00  -0.15677E+00
   0.14367E+03   0.29881E+02   0.25531E+02   0.33735E+00  -0.15782E+00
   0.14402E+03   0.29884E+02   0.25326E+02   0.33454E+00  -0.17560E+00
   0.14437E+03   0.29883E+02   0.25150E+02   0.33177E+00  -0.19384E+00
   0.14472E+03   0.29883E+02   0.24923E+02   0.33482E+00  -0.19621E+00
   0.14507E+03   0.29885E+02   0.24676E+02   0.34101E+00  -0.20962E+00
   0.14542E+03   0.29890E+02   0.24614E+02   0.34859E+00  -0.23067E+00
   0.14577E+03   0.29898E+02   0.24639E+02   0.35911E+00  -0.24301E+00
   0.14612E+03   0.29906E+02   0.24694E+02   0.37124E+00  -0.24835E+00
   0.14647E+03   0.29914E+02   0.24359E+02   0.37655E+00  -0.26622E+00
   0.14682E+03   0.29919E+02   0.24074E+02   0.38521E+00  -0.28819E+00
   0.14717E+03   0.29927E+02   0.24290E+02   0.40531E+00  -0.29314E+00
   0.14752E+03   0.29937E+02   0.24440E+02   0.41995E+00  -0.29956E+00
   0.14787E+03   0.29945E+02   0.24524E+02   0.42929E+00  -0.30756E+00
   0.14822E+03   0.29950E+02   0.25039E+02   0.43986E+00  -0.30024E+00
   0.14857E+03   0.29956E+02   0.25625E+02   0.45739E+00  -0.28742E+00
   0.14892E+03   0.29962E+02   0.25870E+02   0.47288E+00  -0.27886E+00
   0.14927E+03   0.29967E+02   0.26202E+02   0.47894E+00  -0.27378E+00
   0.14962E+03   0.29970E+02   0.26845E+02   0.48275E+00  -0.25003E+00
   0.14997E+03   0.29972E+02   0.27157E+02   0.48681E+00  -0.21392E+00
   0.15032E+03   0.29973E+02   0.26899E+02   0.47986E+00  -0.20631E+00
   0.15067E+03   0.29972E+02   0.26762E+02   0.46382E+00  -0.19540E+00
   0.15102E+03   0.29969E+02   0.27142E+02   0.45345E+00  -0.15554E+00
   0.15137E+03   0.29965E+02   0.27446E+02   0.44975E+00  -0.12986E+00
   0.15172E+03   0.29962E+02   0.27245E+02   0.43737E+00  -0.12749E+00
   0.15207E+03   0.29957E+02   0.26963E+02   0.41651E+00  -0.12799E+00
   0.15242E+03   0.29951E+02   0.27028E+02   0.40187E+00  -0.11222E+00
   0.15277E+03   0.29945E+02   0.27218E+02   0.38911E+00  -0.82999E-01
   0.15312E+03   0.29937E+02   0.27297E+02   0.37371E+00  -0.73488E-01
   0.15347E+03   0.29930E+02   0.27380E+02   0.36342E+00  -0.73941E-01
   0.15382E+03   0.29921E+02   0.27406E+02   0.35466E+00  -0.62688E-01
   0.15417E+03   0.29909E+02   0.27340E+02   0.34137E+00  -0.60502E-01
   0.15452E+03   0.29898E+02   0.26981E+02   0.32893E+00  -0.77512E-01
   0.15487E+03   0.29889E+02   0.26613E+02   0.32178E+00  -0.91479E-01
   0.15522E+03   0.29878E+02   0.26533E+02   0.31616E+00  -0.91696E-01
   0.15557E+03   0.29865E+02   0.26416E+02   0.30440E+00  -0.99038E-01
   0.15592E+03   0.29853E+02   0.26199E+02   0.29697E+00  -0.11765E+00
   0.15627E+03   0.29846E+02   0.25980E+02   0.30842E+00  -0.13197E+00
   0.15662E+03   0.29852E+02   0.25648E+02   0.32290E+00  -0.14844E+00
   0.15697E+03   0.29859E+02   0.25341E+02   0.31710E+00  -0.16838E+00
   0.15732E+03   0.29861E+02   0.25006E+02   0.31373E+00  -0.18898E+00
   0.15767E+03   0.29866E+02   0.24600E+02   0.32382E+00  -0.20520E+00
   0.15802E+03   0.29872E+02   0.24469E+02   0.33042E+00  -0.21373E+00
   0.15837E+03   0.29877E+02   0.24635E+02   0.33491E+00  -0.23035E+00
   0.15872E+03   0.29884E+02   0.24556E+02   0.34601E+00  -0.25359E+00
   0.15907E+03   0.29893E+02   0.24229E+02   0.36492E+00  -0.27263E+00
   0.15942E+03   0.29906E+02   0.24285E+02   0.38266E+00  -0.28885E+00
   0.15977E+03   0.29918E+02   0.24717E+02   0.39187E+00  -0.29560E+00
   0.16012E+03   0.29928E+02   0.25111E+02   0.40439E+00  -0.29428E+00
   0.16047E+03   0.29937E+02   0.25562E+02   0.42473E+00  -0.29151E+00
   0.16082E+03   0.29946E+02   0.25626E+02   0.44142E+00  -0.29531E+00
   0.16117E+03   0.29954E+02   0.25535E+02   0.45169E+00  -0.30036E+00
   0.16152E+03   0.29959E+02   0.25900E+02   0.46143E+00  -0.29341E+00
   0.16187E+03   0.29963E+02   0.26317E+02   0.47539E+00  -0.27591E+00
   0.16222E+03   0.29968E+02   0.26917E+02   0.48047E+00  -0.25078E+00
   0.16257E+03   0.29970E+02   0.27043E+02   0.47358E+00  -0.23889E+00
   0.16292E+03   0.29970E+02   0.26842E+02   0.47078E+00  -0.23012E+00
   0.16327E+03   0.29971E+02   0.27129E+02   0.47363E+00  -0.20135E+00
   0.16362E+03   0.29971E+02   0.27307E+02   0.47120E+00  -0.17771E+00
   0.16397E+03   0.29970E+02   0.27072E+02   0.46025E+00  -0.16798E+00
   0.16432E+03   0.29967E+02   0.26845E+02   0.44493E+00  -0.15531E+00
   0.16467E+03   0.29963E+02   0.26675E+02   0.42743E+00  -0.13940E+00
   0.16502E+03   0.29956E+02   0.26634E+02   0.41179E+00  -0.12354E+00
   0.16537E+03   0.29949E+02   0.26701E+02   0.40644E+00  -0.11548E+00
   0.16572E+03   0.29944E+02   0.26760E+02   0.40177E+00  -0.10994E+00
   0.16607E+03   0.29939E+02   0.26731E+02   0.38964E+00  -0.10908E+00
   0.16642E+03   0.29931E+02   0.26660E+02   0.37530E+00  -0.11008E+00
   0.16677E+03   0.29924E+02   0.26763E+02   0.36523E+00  -0.95189E-01
   0.16712E+03   0.29919E+02   0.26857E+02   0.35990E+00  -0.84748E-01
   0.16747E+03   0.29913E+02   0.26892E+02   0.35321E+00  -0.88829E-01
   0.16782E+03   0.29906E+02   0.26899E+02   0.34077E+00  -0.88694E-01
   0.16817E+03   0.29896E+02   0.26675E+02   0.32847E+00  -0.93626E-01
   0.16852E+03   0.29885E+02   0.26536E+02   0.32465E+00  -0.10011E+00
   0.16887E+03   0.29878E+02   0.26533E+02   0.32182E+00  -0.10202E+00
   0.16922E+03   0.29874E+02   0.26508E+02   0.31125E+00  -0.10434E+00
   0.16957E+03   0.29864E+02   0.26562E+02   0.30482E+00  -0.10793E+00
   0.16992E+03   0.29858E+02   0.26283E+02   0.30798E+00  -0.12536E+00
   0.17027E+03   0.29857E+02   0.25950E+02   0.31161E+00  -0.13969E+00
   0.17062E+03   0.29858E+02   0.25777E+02   0.31270E+00  -0.15049E+00
   0.17097E+03   0.29858E+02   0.25647E+02   0.31338E+00  -0.16371E+00
   0.17132E+03   0.29859E+02   0.25654E+02   0.31684E+00  -0.16310E+00
   0.17167E+03   0.29863E+02   0.25614E+02   0.31849E+00  -0.17080E+00
   0.17202E+03   0.29866E+02   0.25226E+02   0.32261E+00  -0.19519E+00
   0.17237E+03   0.29870E+02   0.24715E+02   0.33259E+00  -0.21478E+00
   0.17272E+03   0.29877E+02   0.24542E+02   0.34394E+00  -0.23044E+00
   0.17307E+03   0.29888E+02   0.24642E+02   0.35289E+00  -0.24328E+00
   0.17342E+03   0.29898E+02   0.24816E+02   0.36196E+00  -0.25382E+00
   0.17377E+03   0.29907E+02   0.24955E+02   0.37316E+00  -0.26174E+00
   0.17412E+03   0.29915E+02   0.25016E+02   0.38317E+00  -0.26801E+00
   0.17447E+03   0.29924E+02   0.25218E+02   0.40213E+00  -0.26867E+00
   0.17482E+03   0.29935E+02   0.25380E+02   0.42158E+00  -0.27359E+00
   0.17517E+03   0.29944E+02   0.25424E+02   0.43115E+00  -0.28028E+00
   0.17552E+03   0.29950E+02   0.25770E+02   0.43663E+00  -0.27149E+00
   0.17587E+03   0.29954E+02   0.25900E+02   0.44114E+00  -0.26190E+00
   0.17622E+03   0.29957E+02   0.25671E+02   0.44300E+00  -0.25755E+00
   0.17657E+03   0.29959E+02   0.25903E+02   0.44936E+00  -0.25085E+00
   0.17692E+03   0.29961E+02   0.26031E+02   0.46015E+00  -0.24600E+00
   0.17727E+03   0.29964E+02   0.26040E+02   0.46110E+00  -0.23892E+00
   0.17762E+03   0.29965E+02   0.26468E+02   0.45586E+00  -0.22182E+00
   0.17797E+03   0.29964E+02   0.26415E+02   0.45403E+00  -0.20758E+00
   0.17832E+03   0.29964E+02   0.26313E+02   0.45050E+00  -0.18997E+00
   0.17867E+03   0.29963E+02   0.26490E+02   0.44298E+00  -0.17271E+00
   0.17902E+03   0.29962E+02   0.26451E+02   0.43523E+00  -0.16439E+00
   0.17937E+03   0.29959E+02   0.26652E+02   0.42945E+00  -0.14238E+00
   0.17972E+03   0.29956E+02   0.26818E+02   0.42262E+00  -0.12343E+00
   0.18007E+03   0.29952E+02   0.26658E+02   0.40592E+00  -0.12433E+00
   0.18042E+03   0.29946E+02   0.26459E+02   0.38896E+00  -0.12191E+00
   0.18077E+03   0.29939E+02   0.26170E+02   0.37642E+00  -0.12014E+00
   0.18112E+03   0.29928E+02   0.26096E+02   0.36754E+00  -0.11591E+00
   0.18147E+03   0.29921E+02   0.26169E+02   0.36131E+00  -0.11050E+00
   0.18182E+03   0.29916E+02   0.26050E+02   0.35217E+00  -0.12190E+00
   0.18217E+03   0.29906E+02   0.26034E+02   0.34573E+00  -0.12382E+00
   0.18252E+03   0.29901E+02   0.26148E+02   0.34553E+00  -0.11704E+00
   0.18287E+03   0.29901E+02   0.26274E+02   0.34582E+00  -0.11817E+00
   0.18322E+03   0.29898E+02   0.26470E+02   0.34701E+00  -0.11811E+00
   0.18357E+03   0.29897E+02   0.26423E+02   0.34553E+00  -0.12418E+00
   0.18392E+03   0.29895E+02   0.26298E+02   0.33616E+00  -0.12491E+00
   0.18427E+03   0.29888E+02   0.26170E+02   0.32748E+00  -0.12506E+00
   0.18462E+03   0.29879E+02   0.26024E+02   0.32577E+00  -0.13529E+00
   0.18497E+03   0.29876E+02   0.25955E+02   0.32756E+00  -0.14082E+00
   0.18532E+03   0.29873E+02   0.25845E+02   0.32332E+00  -0.15369E+00
   0.18567E+03   0.29869E+02   0.25672E+02   0.32272E+00  -0.17300E+00
   0.18602E+03   0.29871E+02   0.25293E+02   0.32658E+00  -0.18359E+00
   0.18637E+03   0.29875E+02   0.25121E+02   0.33054E+00  -0.19197E+00
   0.18672E+03   0.29881E+02   0.25071E+02   0.33818E+00  -0.20352E+00
   0.18707E+03   0.29887E+02   0.25015E+02   0.34289E+00  -0.21079E+00
   0.18742E+03   0.29891E+02   0.25041E+02   0.35155E+00  -0.21622E+00
   0.18777E+03   0.29901E+02   0.25138E+02   0.36372E+00  -0.22513E+00
   0.18812E+03   0.29909E+02   0.25466E+02   0.37262E+00  -0.22500E+00
   0.18847E+03   0.29916E+02   0.25401E+02   0.38029E+00  -0.22925E+00
   0.18882E+03   0.29922E+02   0.25113E+02   0.38858E+00  -0.24461E+00
   0.18917E+03   0.29928E+02   0.25328E+02   0.39704E+00  -0.24455E+00
   0.18952E+03   0.29933E+02   0.25877E+02   0.40433E+00  -0.23425E+00
   0.18987E+03   0.29937E+02   0.26383E+02   0.41218E+00  -0.22455E+00
   0.19022E+03   0.29941E+02   0.26718E+02   0.41827E+00  -0.21518E+00
   0.19057E+03   0.29945E+02   0.26586E+02   0.42243E+00  -0.21233E+00
   0.19092E+03   0.29948E+02   0.26316E+02   0.42237E+00  -0.21087E+00
   0.19127E+03   0.29949E+02   0.26131E+02   0.41914E+00  -0.20842E+00
   0.19162E+03   0.29949E+02   0.25998E+02   0.41801E+00  -0.20267E+00
   0.19197E+03   0.29948E+02   0.26083E+02   0.41509E+00  -0.19105E+00
   0.19232E+03   0.29946E+02   0.26291E+02   0.40484E+00  -0.17978E+00
   0.19267E+03   0.29942E+02   0.26447E+02   0.39928E+00  -0.17221E+00
   0.19302E+03   0.29941E+02   0.26575E+02   0.40350E+00  -0.16016E+00
   0.19337E+03   0.29941E+02   0.26611E+02   0.40443E+00  -0.15172E+00
   0.19372E+03   0.29941E+02   0.26387E+02   0.40327E+00  -0.15313E+00
   0.19407E+03   0.29939E+02   0.26299E+02   0.39241E+00  -0.15070E+00
   0.19442E+03   0.29933E+02   0.26415E+02   0.38121E+00  -0.14072E+00
   0.19477E+03   0.29930E+02   0.26461E+02   0.37695E+00  -0.13091E+00
   0.19512E+03   0.29925E+02   0.26289E+02   0.36833E+00  -0.13522E+00
   0.19547E+03   0.29918E+02   0.26188E+02   0.36099E+00  -0.13746E+00
   0.19582E+03   0.29913E+02   0.26214E+02   0.35793E+00  -0.12792E+00
   0.19617E+03   0.29911E+02   0.26239E+02   0.35517E+00  -0.12778E+00
   0.19652E+03   0.29908E+02   0.26139E+02   0.35150E+00  -0.13521E+00
   0.19687E+03   0.29902E+02   0.25968E+02   0.34633E+00  -0.14207E+00
   0.19722E+03   0.29897E+02   0.25923E+02   0.34287E+00  -0.14476E+00
   0.19757E+03   0.29895E+02   0.26167E+02   0.34228E+00  -0.13479E+00
   0.19792E+03   0.29894E+02   0.26223E+02   0.34169E+00  -0.13945E+00
   0.19827E+03   0.29894E+02   0.26085E+02   0.34267E+00  -0.15113E+00
   0.19862E+03   0.29894E+02   0.26323E+02   0.34542E+00  -0.14221E+00
   0.19897E+03   0.29893E+02   0.26485E+02   0.34246E+00  -0.14017E+00
   0.19932E+03   0.29891E+02   0.26233E+02   0.34037E+00  -0.15107E+00
   0.19967E+03   0.29890E+02   0.25969E+02   0.34296E+00  -0.16126E+00
   0.20002E+03   0.29888E+02   0.25653E+02   0.34041E+00  -0.17257E+00
   0.20037E+03   0.29888E+02   0.25537E+02   0.33606E+00  -0.17575E+00
   0.20072E+03   0.29887E+02   0.25615E+02   0.33671E+00  -0.18024E+00
   0.20107E+03   0.29890E+02   0.25339E+02   0.34333E+00  -0.19457E+00
   0.20142E+03   0.29895E+02   0.25047E+02   0.35022E+00  -0.20684E+00
   0.20177E+03   0.29900E+02   0.24894E+02   0.35219E+00  -0.21897E+00
   0.20212E+03   0.29903E+02   0.24848E+02   0.35613E+00  -0.22762E+00
   0.20247E+03   0.29908E+02   0.25018E+02   0.37169E+00  -0.22593E+00
   0.20282E+03   0.29916E+02   0.25324E+02   0.38479E+00  -0.22627E+00
   0.20317E+03   0.29924E+02   0.25190E+02   0.38807E+00  -0.24106E+00
   0.20352E+03   0.29929E+02   0.24911E+02   0.39156E+00  -0.25557E+00
   0.20387E+03   0.29933E+02   0.25131E+02   0.40403E+00  -0.25370E+00
   0.20422E+03   0.29939E+02   0.25454E+02   0.41726E+00  -0.24508E+00
   0.20457E+03   0.29945E+02   0.25621E+02   0.42080E+00  -0.24324E+00
   0.20492E+03   0.29947E+02   0.25698E+02   0.42020E+00  -0.24751E+00
   0.20527E+03   0.29949E+02   0.26043E+02   0.42448E+00  -0.23595E+00
   0.20562E+03   0.29952E+02   0.26314E+02   0.43227E+00  -0.21722E+00
   0.20597E+03   0.29954E+02   0.26324E+02   0.43703E+00  -0.21920E+00
   0.20632E+03   0.29956E+02   0.26801E+02   0.43685E+00  -0.20302E+00
   0.20667E+03   0.29957E+02   0.27108E+02   0.43396E+00  -0.17509E+00
   0.20702E+03   0.29956E+02   0.26830E+02   0.42340E+00  -0.17024E+00
   0.20737E+03   0.29953E+02   0.26713E+02   0.41238E+00  -0.16093E+00
   0.20772E+03   0.29949E+02   0.26778E+02   0.41128E+00  -0.14403E+00
   0.20807E+03   0.29947E+02   0.26908E+02   0.40392E+00  -0.12994E+00
   0.20842E+03   0.29942E+02   0.26915E+02   0.38890E+00  -0.12363E+00
   0.20877E+03   0.29933E+02   0.26693E+02   0.37686E+00  -0.12446E+00
   0.20912E+03   0.29928E+02   0.26519E+02   0.36936E+00  -0.11902E+00
   0.20947E+03   0.29922E+02   0.26449E+02   0.36162E+00  -0.11599E+00
   0.20982E+03   0.29913E+02   0.26508E+02   0.35627E+00  -0.11584E+00
   0.21017E+03   0.29909E+02   0.26346E+02   0.35194E+00  -0.12022E+00
   0.21052E+03   0.29907E+02   0.26045E+02   0.34500E+00  -0.13140E+00
   0.21087E+03   0.29900E+02   0.26073E+02   0.34125E+00  -0.13214E+00
   0.21122E+03   0.29895E+02   0.26086E+02   0.33775E+00  -0.12908E+00
   0.21157E+03   0.29892E+02   0.25856E+02   0.33497E+00  -0.13498E+00
   0.21192E+03   0.29892E+02   0.25829E+02   0.33887E+00  -0.14666E+00
   0.21227E+03   0.29892E+02   0.25813E+02   0.33686E+00  -0.15251E+00
   0.21262E+03   0.29887E+02   0.25793E+02   0.33040E+00  -0.14754E+00
   0.21297E+03   0.29886E+02   0.25752E+02   0.33497E+00  -0.15546E+00
   0.21332E+03   0.29887E+02   0.25583E+02   0.34033E+00  -0.17047E+00
   0.21367E+03   0.29890E+02   0.25334E+02   0.33822E+00  -0.17752E+00
   0.21402E+03   0.29889E+02   0.24950E+02   0.33418E+00  -0.19690E+00
   0.21437E+03   0.29887E+02   0.24788E+02   0.34004E+00  -0.21270E+00
   0.21472E+03   0.29892E+02   0.24868E+02   0.35040E+00  -0.21013E+00
   0.21507E+03   0.29898E+02   0.24872E+02   0.35533E+00  -0.22005E+00
   0.21542E+03   0.29905E+02   0.24536E+02   0.35873E+00  -0.24447E+00
   0.21577E+03   0.29911E+02   0.24398E+02   0.36646E+00  -0.25556E+00
   0.21612E+03   0.29916E+02   0.24590E+02   0.38330E+00  -0.25537E+00
   0.21647E+03   0.29925E+02   0.24511E+02   0.39831E+00  -0.26834E+00
   0.21682E+03   0.29933E+02   0.24750E+02   0.40800E+00  -0.27941E+00
   0.21717E+03   0.29940E+02   0.25186E+02   0.41477E+00  -0.27597E+00
   0.21752E+03   0.29944E+02   0.25274E+02   0.42292E+00  -0.27310E+00
   0.21787E+03   0.29949E+02   0.25440E+02   0.43983E+00  -0.26946E+00
   0.21822E+03   0.29955E+02   0.25640E+02   0.44981E+00  -0.26871E+00
   0.21857E+03   0.29960E+02   0.25938E+02   0.45181E+00  -0.26081E+00
   0.21892E+03   0.29963E+02   0.26169E+02   0.45548E+00  -0.24291E+00
   0.21927E+03   0.29963E+02   0.26377E+02   0.45344E+00  -0.22599E+00
   0.21962E+03   0.29964E+02   0.26540E+02   0.45235E+00  -0.20900E+00
   0.21997E+03   0.29964E+02   0.26442E+02   0.45282E+00  -0.20244E+00
   0.22032E+03   0.29964E+02   0.26477E+02   0.44819E+00  -0.19427E+00
   0.22067E+03   0.29962E+02   0.26669E+02   0.43760E+00  -0.17118E+00
   0.22102E+03   0.29959E+02   0.26598E+02   0.42940E+00  -0.15720E+00
   0.22137E+03   0.29957E+02   0.26382E+02   0.42296E+00  -0.15553E+00
   0.22172E+03   0.29953E+02   0.26393E+02   0.40974E+00  -0.14397E+00
   0.22207E+03   0.29947E+02   0.26584E+02   0.39807E+00  -0.12658E+00
   0.22242E+03   0.29943E+02   0.26648E+02   0.39209E+00  -0.12069E+00
   0.22277E+03   0.29940E+02   0.26587E+02   0.38881E+00  -0.11669E+00
   0.22312E+03   0.29934E+02   0.26671E+02   0.37651E+00  -0.10996E+00
   0.22347E+03   0.29926E+02   0.26842E+02   0.36249E+00  -0.97915E-01
   0.22382E+03   0.29919E+02   0.26976E+02   0.35688E+00  -0.84228E-01
   0.22417E+03   0.29913E+02   0.27029E+02   0.35169E+00  -0.85673E-01
   0.22452E+03   0.29904E+02   0.27064E+02   0.34317E+00  -0.88676E-01
   0.22487E+03   0.29896E+02   0.27020E+02   0.33545E+00  -0.87761E-01
   0.22522E+03   0.29889E+02   0.26815E+02   0.32488E+00  -0.95655E-01
   0.22557E+03   0.29878E+02   0.26783E+02   0.31470E+00  -0.94761E-01
   0.22592E+03   0.29870E+02   0.26698E+02   0.31264E+00  -0.96626E-01
   0.22627E+03   0.29862E+02   0.26339E+02   0.30881E+00  -0.11568E+00
   0.22662E+03   0.29854E+02   0.26069E+02   0.30309E+00  -0.13186E+00
   0.22697E+03   0.29848E+02   0.25909E+02   0.30467E+00  -0.14346E+00
   0.22732E+03   0.29850E+02   0.25694E+02   0.31428E+00  -0.15372E+00
   0.22767E+03   0.29854E+02   0.25531E+02   0.31666E+00  -0.16618E+00
   0.22802E+03   0.29857E+02   0.25415E+02   0.31616E+00  -0.18070E+00
   0.22837E+03   0.29863E+02   0.25160E+02   0.32335E+00  -0.19406E+00
   0.22872E+03   0.29871E+02   0.24972E+02   0.33324E+00  -0.20589E+00
   0.22907E+03   0.29880E+02   0.24881E+02   0.34200E+00  -0.21941E+00
   0.22942E+03   0.29888E+02   0.24926E+02   0.35018E+00  -0.22934E+00
   0.22977E+03   0.29896E+02   0.24931E+02   0.35951E+00  -0.23781E+00
   0.23012E+03   0.29904E+02   0.24789E+02   0.36816E+00  -0.25321E+00
   0.23047E+03   0.29912E+02   0.24835E+02   0.37798E+00  -0.26429E+00
   0.23082E+03   0.29920E+02   0.24985E+02   0.39303E+00  -0.27132E+00
   0.23117E+03   0.29930E+02   0.25192E+02   0.41033E+00  -0.27602E+00
   0.23152E+03   0.29939E+02   0.25107E+02   0.41883E+00  -0.28304E+00
   0.23187E+03   0.29945E+02   0.24873E+02   0.42527E+00  -0.29719E+00
   0.23222E+03   0.29950E+02   0.25154E+02   0.43782E+00  -0.29231E+00
   0.23257E+03   0.29955E+02   0.25461E+02   0.44962E+00  -0.27918E+00
   0.23292E+03   0.29960E+02   0.25895E+02   0.45760E+00  -0.27070E+00
   0.23327E+03   0.29964E+02   0.26487E+02   0.46455E+00  -0.25421E+00
   0.23362E+03   0.29966E+02   0.26910E+02   0.47175E+00  -0.23557E+00
   0.23397E+03   0.29968E+02   0.26786E+02   0.47351E+00  -0.22311E+00
   0.23432E+03   0.29969E+02   0.26440E+02   0.47183E+00  -0.22183E+00
   0.23467E+03   0.29970E+02   0.26576E+02   0.46636E+00  -0.20770E+00
   0.23502E+03   0.29968E+02   0.26949E+02   0.45440E+00  -0.17366E+00
   0.23537E+03   0.29965E+02   0.27023E+02   0.44271E+00  -0.15470E+00
   0.23572E+03   0.29962E+02   0.26936E+02   0.42912E+00  -0.14416E+00
   0.23607E+03   0.29958E+02   0.26805E+02   0.42073E+00  -0.13411E+00
   0.23642E+03   0.29954E+02   0.26762E+02   0.41343E+00  -0.12515E+00
   0.23677E+03   0.29950E+02   0.26643E+02   0.40076E+00  -0.11851E+00
   0.23712E+03   0.29942E+02   0.26440E+02   0.38655E+00  -0.11261E+00
   0.23747E+03   0.29932E+02   0.26460E+02   0.37268E+00  -0.10565E+00
   0.23782E+03   0.29924E+02   0.26475E+02   0.36094E+00  -0.10025E+00
   0.23817E+03   0.29917E+02   0.26489E+02   0.35078E+00  -0.98939E-01
   0.23852E+03   0.29911E+02   0.26324E+02   0.34782E+00  -0.11205E+00
   0.23887E+03   0.29907E+02   0.26167E+02   0.34756E+00  -0.11690E+00
   0.23922E+03   0.29902E+02   0.26051E+02   0.34261E+00  -0.11671E+00
   0.23957E+03   0.29893E+02   0.25991E+02   0.33143E+00  -0.12751E+00
   0.23992E+03   0.29886E+02   0.25828E+02   0.32783E+00  -0.13433E+00
   0.24027E+03   0.29882E+02   0.25843E+02   0.33188E+00  -0.13340E+00
   0.24062E+03   0.29883E+02   0.25943E+02   0.33316E+00  -0.13946E+00
   0.24097E+03   0.29885E+02   0.25765E+02   0.32853E+00  -0.15021E+00
   0.24132E+03   0.29882E+02   0.25525E+02   0.32803E+00  -0.16016E+00
   0.24167E+03   0.29881E+02   0.25603E+02   0.33318E+00  -0.15868E+00
   0.24202E+03   0.29881E+02   0.25610E+02   0.33263E+00  -0.16023E+00
   0.24237E+03   0.29881E+02   0.25191E+02   0.33043E+00  -0.18501E+00
   0.24272E+03   0.29882E+02   0.24682E+02   0.33324E+00  -0.21379E+00
   0.24307E+03   0.29886E+02   0.24451E+02   0.34012E+00  -0.22351E+00
   0.24342E+03   0.29889E+02   0.24629E+02   0.34534E+00  -0.22553E+00
   0.24377E+03   0.29894E+02   0.24914E+02   0.35642E+00  -0.23245E+00
   0.24412E+03   0.29903E+02   0.25172E+02   0.37034E+00  -0.23663E+00
   0.24447E+03   0.29913E+02   0.25443E+02   0.38370E+00  -0.23931E+00
   0.24482E+03   0.29922E+02   0.25493E+02   0.39502E+00  -0.24609E+00
   0.24517E+03   0.29930E+02   0.25309E+02   0.40405E+00  -0.25418E+00
   0.24552E+03   0.29937E+02   0.25354E+02   0.41505E+00  -0.25278E+00
   0.24587E+03   0.29943E+02   0.25359E+02   0.41931E+00  -0.25003E+00
   0.24622E+03   0.29945E+02   0.25619E+02   0.41312E+00  -0.24260E+00
   0.24657E+03   0.29946E+02   0.25956E+02   0.41504E+00  -0.23223E+00
   0.24692E+03   0.29949E+02   0.26074E+02   0.42718E+00  -0.22573E+00
   0.24727E+03   0.29952E+02   0.25957E+02   0.43656E+00  -0.22763E+00
   0.24762E+03   0.29955E+02   0.25637E+02   0.43621E+00  -0.23680E+00
   0.24797E+03   0.29956E+02   0.25597E+02   0.43046E+00  -0.22963E+00
   0.24832E+03   0.29956E+02   0.25840E+02   0.43014E+00  -0.20781E+00
   0.24867E+03   0.29956E+02   0.26348E+02   0.42972E+00  -0.18789E+00
   0.24902E+03   0.29955E+02   0.26757E+02   0.42508E+00  -0.17061E+00
   0.24937E+03   0.29954E+02   0.26956E+02   0.42192E+00  -0.15603E+00
   0.24972E+03   0.29952E+02   0.27186E+02   0.42377E+00  -0.13951E+00
   0.25007E+03   0.29951E+02   0.27176E+02   0.41901E+00  -0.12646E+00
   0.25042E+03   0.29949E+02   0.27099E+02   0.40431E+00  -0.11740E+00
   0.25077E+03   0.29942E+02   0.27196E+02   0.38534E+00  -0.10488E+00
   0.25112E+03   0.29932E+02   0.27101E+02   0.36839E+00  -0.95432E-01
   0.25147E+03   0.29919E+02   0.27035E+02   0.35477E+00  -0.88067E-01
   0.25182E+03   0.29908E+02   0.26945E+02   0.34768E+00  -0.94270E-01
   0.25217E+03   0.29902E+02   0.26668E+02   0.34492E+00  -0.10702E+00
   0.25252E+03   0.29896E+02   0.26424E+02   0.33643E+00  -0.11245E+00
   0.25287E+03   0.29887E+02   0.26335E+02   0.32588E+00  -0.11408E+00
   0.25322E+03   0.29881E+02   0.26385E+02   0.32271E+00  -0.10967E+00
   0.25357E+03   0.29878E+02   0.26323E+02   0.32346E+00  -0.11384E+00
   0.25392E+03   0.29878E+02   0.26058E+02   0.32307E+00  -0.13310E+00
   0.25427E+03   0.29877E+02   0.25723E+02   0.32102E+00  -0.14724E+00
   0.25462E+03   0.29874E+02   0.25702E+02   0.32179E+00  -0.14443E+00
   0.25497E+03   0.29873E+02   0.25772E+02   0.32539E+00  -0.14419E+00
   0.25532E+03   0.29874E+02   0.25621E+02   0.32422E+00  -0.15756E+00
   0.25567E+03   0.29872E+02   0.25249E+02   0.32169E+00  -0.17841E+00
   0.25602E+03   0.29871E+02   0.24820E+02   0.32481E+00  -0.20016E+00
   0.25637E+03   0.29875E+02   0.24896E+02   0.33372E+00  -0.20580E+00
   0.25672E+03   0.29882E+02   0.25188E+02   0.34674E+00  -0.20747E+00
   0.25707E+03   0.29892E+02   0.24990E+02   0.35474E+00  -0.22815E+00
   0.25742E+03   0.29899E+02   0.24987E+02   0.35813E+00  -0.23824E+00
   0.25777E+03   0.29904E+02   0.25139E+02   0.36456E+00  -0.23795E+00
   0.25812E+03   0.29911E+02   0.25041E+02   0.37680E+00  -0.24438E+00
   0.25847E+03   0.29921E+02   0.25102E+02   0.39230E+00  -0.24639E+00
   0.25882E+03   0.29929E+02   0.25441E+02   0.40045E+00  -0.24767E+00
   0.25917E+03   0.29933E+02   0.25748E+02   0.40459E+00  -0.24521E+00
   0.25952E+03   0.29937E+02   0.25893E+02   0.40938E+00  -0.24019E+00
   0.25987E+03   0.29941E+02   0.26018E+02   0.41979E+00  -0.23993E+00
   0.26022E+03   0.29947E+02   0.25787E+02   0.42849E+00  -0.24349E+00
   0.26057E+03   0.29951E+02   0.25718E+02   0.42957E+00  -0.24090E+00
   0.26092E+03   0.29952E+02   0.26327E+02   0.42747E+00  -0.22014E+00
   0.26127E+03   0.29952E+02   0.26715E+02   0.43062E+00  -0.20008E+00
   0.26162E+03   0.29954E+02   0.26526E+02   0.43412E+00  -0.19663E+00
   0.26197E+03   0.29956E+02   0.26302E+02   0.42825E+00  -0.19682E+00
   0.26232E+03   0.29956E+02   0.26040E+02   0.41940E+00  -0.19009E+00
   0.26267E+03   0.29954E+02   0.25971E+02   0.41474E+00  -0.17537E+00
   0.26302E+03   0.29951E+02   0.26260E+02   0.41385E+00  -0.16200E+00
   0.26337E+03   0.29948E+02   0.26491E+02   0.40869E+00  -0.15258E+00
   0.26372E+03   0.29943E+02   0.26646E+02   0.39738E+00  -0.14314E+00
   0.26407E+03   0.29937E+02   0.26718E+02   0.38997E+00  -0.13395E+00
   0.26442E+03   0.29936E+02   0.26437E+02   0.38926E+00  -0.13477E+00
   0.26477E+03   0.29935E+02   0.26218E+02   0.38357E+00  -0.13764E+00
   0.26512E+03   0.29929E+02   0.26385E+02   0.37347E+00  -0.12637E+00
   0.26547E+03   0.29922E+02   0.26585E+02   0.36285E+00  -0.11184E+00
   0.26582E+03   0.29916E+02   0.26472E+02   0.35307E+00  -0.11231E+00
   0.26617E+03   0.29908E+02   0.26368E+02   0.34592E+00  -0.12353E+00
   0.26652E+03   0.29902E+02   0.26286E+02   0.34762E+00  -0.12911E+00
   0.26687E+03   0.29903E+02   0.26093E+02   0.34541E+00  -0.13056E+00
   0.26722E+03   0.29900E+02   0.25926E+02   0.33571E+00  -0.13955E+00
   0.26757E+03   0.29894E+02   0.25772E+02   0.33283E+00  -0.14837E+00
   0.26792E+03   0.29888E+02   0.25634E+02   0.33160E+00  -0.14859E+00
   0.26827E+03   0.29884E+02   0.25657E+02   0.32984E+00  -0.15175E+00
   0.26862E+03   0.29886E+02   0.25664E+02   0.33275E+00  -0.16574E+00
   0.26897E+03   0.29889E+02   0.25422E+02   0.34165E+00  -0.17710E+00
   0.26932E+03   0.29892E+02   0.25240E+02   0.34609E+00  -0.18389E+00
   0.26967E+03   0.29894E+02   0.25167E+02   0.34424E+00  -0.19421E+00
   0.27002E+03   0.29895E+02   0.25322E+02   0.34770E+00  -0.19622E+00
   0.27037E+03   0.29898E+02   0.25404E+02   0.35443E+00  -0.19801E+00
   0.27072E+03   0.29904E+02   0.25017E+02   0.36001E+00  -0.21730E+00
   0.27107E+03   0.29910E+02   0.24719E+02   0.36460E+00  -0.23296E+00
   0.27142E+03   0.29914E+02   0.24508E+02   0.36756E+00  -0.24351E+00
   0.27177E+03   0.29917E+02   0.24303E+02   0.37749E+00  -0.25679E+00
   0.27212E+03   0.29923E+02   0.24554E+02   0.38965E+00  -0.25978E+00
   0.27247E+03   0.29929E+02   0.25118E+02   0.39586E+00  -0.25826E+00
   0.27282E+03   0.29935E+02   0.25699E+02   0.40441E+00  -0.25037E+00
   0.27317E+03   0.29941E+02   0.25705E+02   0.41770E+00  -0.24819E+00
   0.27352E+03   0.29946E+02   0.25404E+02   0.43082E+00  -0.25560E+00
   0.27387E+03   0.29951E+02   0.25258E+02   0.43778E+00  -0.25519E+00
   0.27422E+03   0.29955E+02   0.25382E+02   0.43831E+00  -0.24733E+00
   0.27457E+03   0.29956E+02   0.25826E+02   0.43608E+00  -0.23210E+00
   0.27492E+03   0.29956E+02   0.26269E+02   0.43386E+00  -0.20972E+00
   0.27527E+03   0.29955E+02   0.26471E+02   0.43603E+00  -0.19912E+00
   0.27562E+03   0.29956E+02   0.26381E+02   0.43910E+00  -0.19987E+00
   0.27597E+03   0.29958E+02   0.26148E+02   0.43677E+00  -0.20019E+00
   0.27632E+03   0.29958E+02   0.26142E+02   0.43086E+00  -0.18919E+00
   0.27667E+03   0.29955E+02   0.26563E+02   0.42388E+00  -0.15859E+00
   0.27702E+03   0.29952E+02   0.26999E+02   0.41408E+00  -0.13110E+00
   0.27737E+03   0.29947E+02   0.26942E+02   0.40075E+00  -0.12843E+00
   0.27772E+03   0.29943E+02   0.26616E+02   0.39105E+00  -0.13258E+00
   0.27807E+03   0.29939E+02   0.26709E+02   0.38824E+00  -0.11838E+00
   0.27842E+03   0.29935E+02   0.26831E+02   0.38325E+00  -0.10330E+00
   0.27877E+03   0.29930E+02   0.26752E+02   0.36945E+00  -0.10420E+00
   0.27912E+03   0.29922E+02   0.26753E+02   0.35174E+00  -0.10419E+00
   0.27947E+03   0.29910E+02   0.26769E+02   0.33859E+00  -0.93119E-01
   0.27982E+03   0.29903E+02   0.26550E+02   0.33210E+00  -0.98980E-01
   0.28017E+03   0.29896E+02   0.26228E+02   0.33124E+00  -0.11840E+00
   0.28052E+03   0.29891E+02   0.25975E+02   0.33512E+00  -0.12936E+00
   0.28087E+03   0.29887E+02   0.25778E+02   0.32789E+00  -0.13559E+00
   0.28122E+03   0.29880E+02   0.25556E+02   0.31658E+00  -0.14527E+00
   0.28157E+03   0.29870E+02   0.25508E+02   0.31759E+00  -0.15270E+00
   0.28192E+03   0.29868E+02   0.25732E+02   0.32863E+00  -0.14887E+00
   0.28227E+03   0.29875E+02   0.25576E+02   0.33867E+00  -0.16108E+00
   0.28262E+03   0.29883E+02   0.25085E+02   0.33985E+00  -0.19380E+00
   0.28297E+03   0.29887E+02   0.25125E+02   0.33961E+00  -0.20201E+00
   0.28332E+03   0.29890E+02   0.25601E+02   0.34597E+00  -0.18122E+00
   0.28367E+03   0.29895E+02   0.25688E+02   0.35165E+00  -0.18007E+00
   0.28402E+03   0.29897E+02   0.25451E+02   0.34943E+00  -0.20277E+00
   0.28437E+03   0.29899E+02   0.25296E+02   0.35361E+00  -0.21492E+00
   0.28472E+03   0.29905E+02   0.25294E+02   0.36438E+00  -0.21727E+00
   0.28507E+03   0.29911E+02   0.25443E+02   0.37353E+00  -0.22122E+00
   0.28542E+03   0.29916E+02   0.25561E+02   0.37719E+00  -0.22454E+00
   0.28577E+03   0.29920E+02   0.25332E+02   0.37973E+00  -0.23432E+00
   0.28612E+03   0.29923E+02   0.25036E+02   0.38243E+00  -0.24387E+00
   0.28647E+03   0.29926E+02   0.25187E+02   0.38759E+00  -0.24329E+00
   0.28682E+03   0.29930E+02   0.25237E+02   0.40131E+00  -0.24603E+00
   0.28717E+03   0.29937E+02   0.25079E+02   0.41981E+00  -0.25425E+00
   0.28752E+03   0.29944E+02   0.25294E+02   0.42538E+00  -0.25851E+00
   0.28787E+03   0.29947E+02   0.25536E+02   0.41591E+00  -0.25470E+00
   0.28822E+03   0.29948E+02   0.25668E+02   0.42303E+00  -0.24347E+00
   0.28857E+03   0.29952E+02   0.25982E+02   0.44495E+00  -0.23271E+00
   0.28892E+03   0.29956E+02   0.26176E+02   0.45209E+00  -0.22978E+00
   0.28927E+03   0.29960E+02   0.26261E+02   0.44524E+00  -0.22723E+00
   0.28962E+03   0.29960E+02   0.26766E+02   0.44048E+00  -0.20551E+00
   0.28997E+03   0.29959E+02   0.27269E+02   0.44375E+00  -0.17115E+00
   0.29032E+03   0.29959E+02   0.27337E+02   0.44083E+00  -0.15416E+00
   0.29067E+03   0.29957E+02   0.27140E+02   0.42656E+00  -0.15478E+00
   0.29102E+03   0.29954E+02   0.26866E+02   0.41442E+00  -0.14715E+00
   0.29137E+03   0.29951E+02   0.26572E+02   0.40239E+00  -0.13365E+00
   0.29172E+03   0.29946E+02   0.26369E+02   0.38854E+00  -0.12911E+00
   0.29207E+03   0.29938E+02   0.26516E+02   0.37705E+00  -0.12076E+00
   0.29242E+03   0.29931E+02   0.26670E+02   0.36437E+00  -0.10794E+00
   0.29277E+03   0.29921E+02   0.26601E+02   0.35313E+00  -0.10873E+00
   0.29312E+03   0.29914E+02   0.26541E+02   0.35253E+00  -0.11290E+00
   0.29347E+03   0.29909E+02   0.26532E+02   0.35556E+00  -0.10944E+00
   0.29382E+03   0.29907E+02   0.26397E+02   0.35371E+00  -0.11302E+00
   0.29417E+03   0.29904E+02   0.26234E+02   0.34243E+00  -0.12328E+00
   0.29452E+03   0.29895E+02   0.26119E+02   0.33201E+00  -0.12621E+00
   0.29487E+03   0.29886E+02   0.26168E+02   0.32842E+00  -0.11914E+00
   0.29522E+03   0.29883E+02   0.26293E+02   0.33146E+00  -0.11869E+00
   0.29557E+03   0.29883E+02   0.26229E+02   0.33462E+00  -0.13169E+00
   0.29592E+03   0.29882E+02   0.26197E+02   0.33038E+00  -0.14002E+00
   0.29627E+03   0.29881E+02   0.26184E+02   0.32692E+00  -0.13886E+00
   0.29662E+03   0.29881E+02   0.26170E+02   0.32856E+00  -0.13641E+00
   0.29697E+03   0.29881E+02   0.26087E+02   0.32673E+00  -0.14392E+00
   0.29732E+03   0.29879E+02   0.25699E+02   0.32152E+00  -0.16475E+00
   0.29767E+03   0.29877E+02   0.25296E+02   0.32397E+00  -0.18007E+00
   0.29802E+03   0.29875E+02   0.25037E+02   0.32647E+00  -0.19249E+00
   0.29837E+03   0.29875E+02   0.24731E+02   0.33075E+00  -0.21002E+00
   0.29872E+03   0.29881E+02   0.24474E+02   0.33845E+00  -0.22754E+00
   0.29907E+03   0.29889E+02   0.24455E+02   0.34731E+00  -0.24435E+00
   0.29942E+03   0.29897E+02   0.24631E+02   0.35450E+00  -0.24979E+00
   0.29977E+03   0.29904E+02   0.24900E+02   0.37010E+00  -0.25152E+00
   0.30012E+03   0.29915E+02   0.25004E+02   0.39451E+00  -0.26177E+00
   0.30047E+03   0.29928E+02   0.24797E+02   0.41015E+00  -0.27662E+00
   0.30082E+03   0.29937E+02   0.24849E+02   0.41465E+00  -0.28744E+00
   0.30118E+03   0.29943E+02   0.25124E+02   0.42056E+00  -0.28513E+00
   0.30153E+03   0.29948E+02   0.25107E+02   0.43488E+00  -0.28019E+00
   0.30188E+03   0.29954E+02   0.25044E+02   0.44285E+00  -0.28419E+00
   0.30223E+03   0.29958E+02   0.25495E+02   0.44540E+00  -0.28132E+00
   0.30258E+03   0.29960E+02   0.26110E+02   0.45281E+00  -0.26264E+00
   0.30293E+03   0.29963E+02   0.26641E+02   0.46608E+00  -0.24009E+00
   0.30328E+03   0.29966E+02   0.26894E+02   0.47410E+00  -0.23146E+00
   0.30363E+03   0.29968E+02   0.26821E+02   0.47181E+00  -0.22561E+00
   0.30398E+03   0.29969E+02   0.26897E+02   0.46193E+00  -0.20199E+00
   0.30433E+03   0.29967E+02   0.27217E+02   0.45167E+00  -0.16771E+00
   0.30468E+03   0.29964E+02   0.27526E+02   0.44760E+00  -0.14106E+00
   0.30503E+03   0.29962E+02   0.27532E+02   0.43840E+00  -0.12849E+00
   0.30538E+03   0.29958E+02   0.27325E+02   0.42218E+00  -0.12218E+00
   0.30573E+03   0.29954E+02   0.27134E+02   0.40290E+00  -0.11323E+00
   0.30608E+03   0.29947E+02   0.27105E+02   0.38791E+00  -0.99365E-01
   0.30643E+03   0.29938E+02   0.27200E+02   0.37837E+00  -0.82216E-01
   0.30678E+03   0.29929E+02   0.27398E+02   0.36542E+00  -0.68822E-01
   0.30713E+03   0.29918E+02   0.27472E+02   0.34928E+00  -0.66958E-01
   0.30748E+03   0.29905E+02   0.27544E+02   0.33862E+00  -0.62251E-01
   0.30783E+03   0.29898E+02   0.27579E+02   0.33610E+00  -0.55717E-01
   0.30818E+03   0.29890E+02   0.27444E+02   0.33139E+00  -0.59949E-01
   0.30853E+03   0.29879E+02   0.27193E+02   0.31936E+00  -0.72978E-01
   0.30888E+03   0.29864E+02   0.26896E+02   0.30219E+00  -0.83195E-01
   0.30923E+03   0.29847E+02   0.26629E+02   0.29250E+00  -0.89965E-01
   0.30958E+03   0.29837E+02   0.26477E+02   0.29302E+00  -0.98852E-01
   0.30993E+03   0.29834E+02   0.26318E+02   0.29510E+00  -0.11480E+00
   0.31028E+03   0.29831E+02   0.26000E+02   0.29712E+00  -0.13420E+00
   0.31063E+03   0.29833E+02   0.25693E+02   0.30098E+00  -0.15232E+00
   0.31098E+03   0.29838E+02   0.25468E+02   0.30512E+00  -0.16582E+00
   0.31133E+03   0.29844E+02   0.25257E+02   0.31316E+00  -0.17849E+00
   0.31168E+03   0.29852E+02   0.25098E+02   0.32000E+00  -0.19554E+00
   0.31203E+03   0.29861E+02   0.25125E+02   0.32489E+00  -0.20560E+00
   0.31238E+03   0.29867E+02   0.25154E+02   0.33219E+00  -0.21305E+00
   0.31273E+03   0.29875E+02   0.25183E+02   0.34388E+00  -0.22325E+00
   0.31308E+03   0.29887E+02   0.25450E+02   0.35780E+00  -0.22641E+00
   0.31343E+03   0.29899E+02   0.25696E+02   0.36645E+00  -0.22742E+00
   0.31378E+03   0.29907E+02   0.25552E+02   0.37363E+00  -0.23882E+00
   0.31413E+03   0.29915E+02   0.25221E+02   0.38045E+00  -0.24924E+00
   0.31448E+03   0.29923E+02   0.24948E+02   0.38853E+00  -0.26141E+00
   0.31483E+03   0.29929E+02   0.24927E+02   0.39699E+00  -0.27036E+00
   0.31518E+03   0.29935E+02   0.25264E+02   0.40511E+00  -0.26281E+00
   0.31553E+03   0.29940E+02   0.25403E+02   0.41303E+00  -0.25992E+00
   0.31588E+03   0.29946E+02   0.25450E+02   0.42126E+00  -0.26434E+00
   0.31623E+03   0.29950E+02   0.25768E+02   0.43276E+00  -0.25635E+00
   0.31658E+03   0.29954E+02   0.25910E+02   0.44563E+00  -0.24612E+00
   0.31693E+03   0.29958E+02   0.25798E+02   0.45423E+00  -0.24677E+00
   0.31728E+03   0.29961E+02   0.25730E+02   0.45577E+00  -0.24734E+00
   0.31763E+03   0.29963E+02   0.26175E+02   0.45168E+00  -0.22993E+00
   0.31798E+03   0.29962E+02   0.26690E+02   0.45031E+00  -0.20133E+00
   0.31833E+03   0.29962E+02   0.26482E+02   0.44897E+00  -0.19571E+00
   0.31868E+03   0.29961E+02   0.26301E+02   0.44709E+00  -0.19615E+00
   0.31903E+03   0.29961E+02   0.26599E+02   0.44391E+00  -0.17662E+00
   0.31938E+03   0.29960E+02   0.26693E+02   0.43346E+00  -0.15844E+00
   0.31973E+03   0.29958E+02   0.26464E+02   0.42041E+00  -0.15173E+00
   0.32008E+03   0.29954E+02   0.26370E+02   0.40834E+00  -0.14457E+00
   0.32043E+03   0.29949E+02   0.26402E+02   0.39672E+00  -0.12965E+00
   0.32078E+03   0.29942E+02   0.26465E+02   0.38419E+00  -0.11729E+00
   0.32113E+03   0.29934E+02   0.26677E+02   0.37834E+00  -0.11222E+00
   0.32148E+03   0.29930E+02   0.26790E+02   0.37843E+00  -0.10857E+00
   0.32183E+03   0.29926E+02   0.26593E+02   0.36909E+00  -0.11262E+00
   0.32218E+03   0.29916E+02   0.26351E+02   0.35494E+00  -0.12183E+00
   0.32253E+03   0.29910E+02   0.26296E+02   0.34534E+00  -0.11841E+00
   0.32288E+03   0.29903E+02   0.26444E+02   0.34015E+00  -0.10545E+00
   0.32323E+03   0.29896E+02   0.26592E+02   0.34167E+00  -0.10339E+00
   0.32358E+03   0.29891E+02   0.26604E+02   0.33593E+00  -0.11045E+00
   0.32393E+03   0.29884E+02   0.26531E+02   0.32708E+00  -0.11299E+00
   0.32428E+03   0.29880E+02   0.26351E+02   0.32843E+00  -0.12078E+00
   0.32463E+03   0.29878E+02   0.26186E+02   0.32965E+00  -0.12924E+00
   0.32498E+03   0.29875E+02   0.25943E+02   0.32352E+00  -0.13434E+00
   0.32533E+03   0.29869E+02   0.25797E+02   0.31456E+00  -0.14938E+00
   0.32568E+03   0.29864E+02   0.25701E+02   0.31808E+00  -0.16088E+00
   0.32603E+03   0.29866E+02   0.25540E+02   0.32227E+00  -0.16598E+00
   0.32638E+03   0.29868E+02   0.25430E+02   0.32594E+00  -0.17798E+00
   0.32673E+03   0.29875E+02   0.25496E+02   0.33685E+00  -0.18980E+00
   0.32708E+03   0.29884E+02   0.25438E+02   0.34267E+00  -0.19463E+00
   0.32743E+03   0.29889E+02   0.25188E+02   0.34279E+00  -0.20402E+00
   0.32778E+03   0.29892E+02   0.24906E+02   0.34761E+00  -0.22255E+00
   0.32813E+03   0.29897E+02   0.24908E+02   0.36001E+00  -0.22519E+00
   0.32848E+03   0.29905E+02   0.25174E+02   0.36966E+00  -0.22607E+00
   0.32883E+03   0.29912E+02   0.25240E+02   0.37566E+00  -0.24092E+00
   0.32918E+03   0.29918E+02   0.25053E+02   0.38448E+00  -0.25560E+00
   0.32953E+03   0.29924E+02   0.25186E+02   0.39689E+00  -0.25441E+00
   0.32988E+03   0.29932E+02   0.25718E+02   0.40615E+00  -0.24320E+00
   0.33023E+03   0.29939E+02   0.25774E+02   0.41337E+00  -0.24532E+00
   0.33058E+03   0.29944E+02   0.25846E+02   0.41970E+00  -0.24459E+00
   0.33093E+03   0.29947E+02   0.25979E+02   0.42403E+00  -0.23475E+00
   0.33128E+03   0.29950E+02   0.26055E+02   0.42689E+00  -0.22414E+00
   0.33163E+03   0.29952E+02   0.26240E+02   0.43083E+00  -0.21198E+00
   0.33198E+03   0.29954E+02   0.26467E+02   0.42971E+00  -0.20317E+00
   0.33233E+03   0.29954E+02   0.27008E+02   0.42809E+00  -0.18276E+00
   0.33268E+03   0.29955E+02   0.27113E+02   0.42540E+00  -0.16522E+00
   0.33303E+03   0.29952E+02   0.26941E+02   0.41505E+00  -0.16423E+00
   0.33338E+03   0.29948E+02   0.27132E+02   0.41271E+00  -0.14533E+00
   0.33373E+03   0.29947E+02   0.27170E+02   0.40880E+00  -0.12936E+00
   0.33408E+03   0.29944E+02   0.26998E+02   0.39432E+00  -0.12599E+00
   0.33443E+03   0.29939E+02   0.26862E+02   0.37536E+00  -0.11928E+00
   0.33478E+03   0.29930E+02   0.26937E+02   0.36354E+00  -0.10488E+00
   0.33513E+03   0.29921E+02   0.27040E+02   0.36158E+00  -0.88153E-01
   0.33548E+03   0.29914E+02   0.27003E+02   0.35375E+00  -0.93570E-01
   0.33583E+03   0.29906E+02   0.26851E+02   0.34343E+00  -0.10773E+00
   0.33618E+03   0.29901E+02   0.26774E+02   0.34024E+00  -0.10656E+00
   0.33653E+03   0.29897E+02   0.26879E+02   0.33459E+00  -0.96930E-01
   0.33688E+03   0.29890E+02   0.26899E+02   0.32369E+00  -0.96641E-01
   0.33723E+03   0.29880E+02   0.26746E+02   0.32058E+00  -0.10302E+00
   0.33758E+03   0.29876E+02   0.26584E+02   0.32118E+00  -0.10891E+00
   0.33793E+03   0.29872E+02   0.26383E+02   0.31592E+00  -0.11952E+00
   0.33828E+03   0.29865E+02   0.26066E+02   0.31173E+00  -0.13425E+00
   0.33863E+03   0.29859E+02   0.25860E+02   0.31407E+00  -0.14603E+00
   0.33898E+03   0.29857E+02   0.25893E+02   0.31790E+00  -0.14746E+00
   0.33933E+03   0.29857E+02   0.25798E+02   0.31547E+00  -0.15699E+00
   0.33968E+03   0.29858E+02   0.25332E+02   0.31526E+00  -0.18530E+00
   0.34003E+03   0.29863E+02   0.25120E+02   0.32707E+00  -0.19830E+00
   0.34038E+03   0.29873E+02   0.25083E+02   0.34204E+00  -0.20455E+00
   0.34073E+03   0.29885E+02   0.24789E+02   0.34660E+00  -0.22697E+00
   0.34108E+03   0.29892E+02   0.24595E+02   0.34458E+00  -0.24367E+00
   0.34143E+03   0.29896E+02   0.24808E+02   0.35489E+00  -0.24548E+00
   0.34178E+03   0.29904E+02   0.25280E+02   0.37329E+00  -0.23847E+00
   0.34213E+03   0.29915E+02   0.25245E+02   0.38646E+00  -0.25092E+00
   0.34248E+03   0.29925E+02   0.24839E+02   0.39722E+00  -0.28389E+00
   0.34283E+03   0.29935E+02   0.24820E+02   0.40836E+00  -0.29080E+00
   0.34318E+03   0.29940E+02   0.25255E+02   0.41739E+00  -0.27408E+00
   0.34353E+03   0.29945E+02   0.25576E+02   0.42689E+00  -0.26660E+00
   0.34388E+03   0.29950E+02   0.25495E+02   0.43678E+00  -0.27604E+00
   0.34423E+03   0.29955E+02   0.25313E+02   0.44517E+00  -0.28402E+00
   0.34458E+03   0.29959E+02   0.25464E+02   0.45177E+00  -0.27826E+00
   0.34493E+03   0.29962E+02   0.25673E+02   0.45674E+00  -0.26831E+00
   0.34528E+03   0.29965E+02   0.25583E+02   0.46304E+00  -0.25949E+00
   0.34563E+03   0.29967E+02   0.25654E+02   0.46854E+00  -0.25299E+00
   0.34598E+03   0.29968E+02   0.25964E+02   0.46358E+00  -0.23723E+00
   0.34633E+03   0.29967E+02   0.26308E+02   0.45420E+00  -0.21453E+00
   0.34668E+03   0.29966E+02   0.26296E+02   0.46180E+00  -0.20423E+00
   0.34703E+03   0.29967E+02   0.26230E+02   0.47059E+00  -0.19651E+00
   0.34738E+03   0.29968E+02   0.26356E+02   0.45833E+00  -0.18106E+00
   0.34773E+03   0.29965E+02   0.26264E+02   0.43604E+00  -0.17117E+00
   0.34808E+03   0.29961E+02   0.26393E+02   0.42386E+00  -0.15083E+00
   0.34843E+03   0.29957E+02   0.26724E+02   0.42365E+00  -0.12169E+00
   0.34878E+03   0.29954E+02   0.26919E+02   0.41379E+00  -0.11132E+00
   0.34913E+03   0.29947E+02   0.26965E+02   0.39576E+00  -0.10903E+00
   0.34948E+03   0.29939E+02   0.26931E+02   0.38541E+00  -0.10087E+00
   0.34983E+03   0.29934E+02   0.26907E+02   0.37858E+00  -0.89554E-01
   0.35018E+03   0.29927E+02   0.26787E+02   0.36572E+00  -0.90097E-01
   0.35053E+03   0.29917E+02   0.26766E+02   0.34784E+00  -0.96196E-01
   0.35088E+03   0.29904E+02   0.26633E+02   0.33589E+00  -0.97214E-01
   0.35123E+03   0.29894E+02   0.26356E+02   0.33075E+00  -0.10463E+00
   0.35158E+03   0.29888E+02   0.26261E+02   0.32825E+00  -0.11363E+00
   0.35193E+03   0.29884E+02   0.26079E+02   0.32527E+00  -0.12212E+00
   0.35228E+03   0.29878E+02   0.25775E+02   0.32208E+00  -0.13434E+00
   0.35263E+03   0.29875E+02   0.25537E+02   0.32284E+00  -0.14754E+00
   0.35298E+03   0.29875E+02   0.25514E+02   0.32126E+00  -0.15445E+00
   0.35333E+03   0.29875E+02   0.25394E+02   0.32423E+00  -0.16262E+00
   0.35368E+03   0.29877E+02   0.25020E+02   0.33227E+00  -0.18564E+00
   0.35403E+03   0.29881E+02   0.24963E+02   0.33717E+00  -0.19852E+00
   0.35438E+03   0.29886E+02   0.25272E+02   0.34090E+00  -0.19497E+00
   0.35473E+03   0.29889E+02   0.25204E+02   0.34629E+00  -0.20659E+00
   0.35508E+03   0.29894E+02   0.25031E+02   0.35726E+00  -0.22097E+00
   0.35543E+03   0.29901E+02   0.25185E+02   0.36590E+00  -0.22485E+00
   0.35578E+03   0.29908E+02   0.25137E+02   0.37057E+00  -0.23354E+00
   0.35613E+03   0.29915E+02   0.24895E+02   0.37555E+00  -0.24823E+00
   0.35648E+03   0.29922E+02   0.24834E+02   0.38527E+00  -0.25652E+00
   0.35683E+03   0.29928E+02   0.24810E+02   0.39022E+00  -0.25731E+00
   0.35718E+03   0.29932E+02   0.25043E+02   0.39460E+00  -0.25575E+00
   0.35753E+03   0.29936E+02   0.25381E+02   0.40641E+00  -0.25204E+00
   0.35788E+03   0.29942E+02   0.25476E+02   0.41736E+00  -0.25285E+00
   0.35823E+03   0.29947E+02   0.25643E+02   0.42766E+00  -0.25184E+00
   0.35858E+03   0.29951E+02   0.25977E+02   0.43743E+00  -0.24189E+00
   0.35893E+03   0.29955E+02   0.26353E+02   0.44003E+00  -0.22608E+00
   0.35928E+03   0.29958E+02   0.26370E+02   0.43828E+00  -0.21539E+00
   0.35963E+03   0.29959E+02   0.26341E+02   0.43921E+00  -0.20922E+00
   0.35998E+03   0.29958E+02   0.26458E+02   0.43616E+00  -0.19335E+00
   0.36033E+03   0.29957E+02   0.26630E+02   0.43098E+00  -0.17386E+00
   0.36068E+03   0.29957E+02   0.26611E+02   0.42491E+00  -0.16878E+00
   0.36103E+03   0.29955E+02   0.26432E+02   0.42041E+00  -0.16576E+00
   0.36138E+03   0.29950E+02   0.26537E+02   0.40846E+00  -0.14650E+00
   0.36173E+03   0.29944E+02   0.26782E+02   0.39727E+00  -0.12934E+00
   0.36208E+03   0.29940E+02   0.26774E+02   0.39536E+00  -0.12823E+00
   0.36243E+03   0.29938E+02   0.26649E+02   0.38978E+00  -0.12826E+00
   0.36278E+03   0.29935E+02   0.26562E+02   0.37759E+00  -0.12439E+00
   0.36313E+03   0.29930E+02   0.26483E+02   0.36475E+00  -0.11964E+00
   0.36348E+03   0.29923E+02   0.26419E+02   0.35818E+00  -0.11602E+00
   0.36383E+03   0.29914E+02   0.26364E+02   0.35157E+00  -0.11542E+00
   0.36418E+03   0.29905E+02   0.26355E+02   0.34719E+00  -0.11839E+00
   0.36453E+03   0.29898E+02   0.26354E+02   0.34392E+00  -0.12220E+00
   0.36488E+03   0.29894E+02   0.26270E+02   0.34004E+00  -0.12755E+00
   0.36523E+03   0.29892E+02   0.26108E+02   0.33926E+00  -0.13659E+00
   0.36558E+03   0.29892E+02   0.25954E+02   0.34044E+00  -0.14415E+00
   0.36593E+03   0.29889E+02   0.25902E+02   0.33410E+00  -0.14377E+00
   0.36628E+03   0.29883E+02   0.25832E+02   0.32942E+00  -0.14737E+00
   0.36663E+03   0.29882E+02   0.25768E+02   0.33490E+00  -0.15656E+00
   0.36698E+03   0.29884E+02   0.26004E+02   0.34157E+00  -0.15744E+00
   0.36733E+03   0.29887E+02   0.26045E+02   0.34193E+00  -0.16421E+00
   0.36768E+03   0.29889E+02   0.25618E+02   0.34134E+00  -0.18152E+00
   0.36803E+03   0.29892E+02   0.25157E+02   0.34396E+00  -0.19780E+00
   0.36838E+03   0.29895E+02   0.24803E+02   0.34373E+00  -0.21032E+00
   0.36873E+03   0.29895E+02   0.24628E+02   0.34618E+00  -0.21980E+00
   0.36908E+03   0.29899E+02   0.24997E+02   0.35387E+00  -0.22332E+00
   0.36943E+03   0.29905E+02   0.25312E+02   0.36479E+00  -0.22645E+00
   0.36978E+03   0.29911E+02   0.25195E+02   0.37619E+00  -0.23902E+00
   0.37013E+03   0.29919E+02   0.25342E+02   0.38727E+00  -0.24565E+00
   0.37048E+03   0.29926E+02   0.25731E+02   0.39939E+00  -0.23785E+00
   0.37083E+03   0.29933E+02   0.25802E+02   0.41179E+00  -0.23524E+00
   0.37118E+03   0.29939E+02   0.25700E+02   0.41448E+00  -0.23778E+00
   0.37153E+03   0.29944E+02   0.25883E+02   0.41414E+00  -0.23114E+00
   0.37188E+03   0.29946E+02   0.26146E+02   0.41469E+00  -0.21760E+00
   0.37223E+03   0.29947E+02   0.26070E+02   0.41682E+00  -0.21650E+00
   0.37258E+03   0.29948E+02   0.25879E+02   0.42248E+00  -0.21848E+00
   0.37293E+03   0.29950E+02   0.26002E+02   0.42212E+00  -0.21121E+00
   0.37328E+03   0.29949E+02   0.26382E+02   0.41598E+00  -0.19623E+00
   0.37363E+03   0.29948E+02   0.26696E+02   0.41443E+00  -0.17692E+00
   0.37398E+03   0.29948E+02   0.26815E+02   0.41536E+00  -0.16702E+00
   0.37433E+03   0.29947E+02   0.26923E+02   0.41246E+00  -0.15654E+00
   0.37468E+03   0.29945E+02   0.26875E+02   0.40783E+00  -0.14632E+00
   0.37503E+03   0.29944E+02   0.26507E+02   0.40012E+00  -0.14886E+00
   0.37538E+03   0.29941E+02   0.26518E+02   0.38837E+00  -0.13930E+00
   0.37573E+03   0.29936E+02   0.26653E+02   0.37941E+00  -0.12466E+00
   0.37608E+03   0.29930E+02   0.26361E+02   0.36937E+00  -0.13043E+00
   0.37643E+03   0.29922E+02   0.26325E+02   0.35670E+00  -0.12887E+00
   0.37678E+03   0.29915E+02   0.26431E+02   0.35288E+00  -0.12446E+00
   0.37713E+03   0.29911E+02   0.26322E+02   0.35573E+00  -0.12644E+00
   0.37748E+03   0.29910E+02   0.26201E+02   0.35443E+00  -0.12912E+00
   0.37783E+03   0.29907E+02   0.25989E+02   0.34409E+00  -0.14182E+00
   0.37818E+03   0.29902E+02   0.25629E+02   0.33865E+00  -0.15202E+00
   0.37853E+03   0.29896E+02   0.25419E+02   0.33938E+00  -0.15462E+00
   0.37888E+03   0.29894E+02   0.25559E+02   0.33884E+00  -0.15528E+00
   0.37923E+03   0.29891E+02   0.25787E+02   0.34011E+00  -0.15583E+00
   0.37958E+03   0.29890E+02   0.25687E+02   0.34727E+00  -0.16572E+00
   0.37993E+03   0.29893E+02   0.25618E+02   0.34834E+00  -0.17406E+00
   0.38028E+03   0.29896E+02   0.25744E+02   0.34731E+00  -0.17118E+00
   0.38063E+03   0.29900E+02   0.25619E+02   0.35167E+00  -0.17488E+00
   0.38098E+03   0.29903E+02   0.25582E+02   0.35217E+00  -0.17793E+00
   0.38133E+03   0.29903E+02   0.25530E+02   0.35038E+00  -0.17984E+00
   0.38168E+03   0.29901E+02   0.25326E+02   0.34814E+00  -0.19123E+00
   0.38203E+03   0.29900E+02   0.25351E+02   0.35329E+00  -0.19784E+00
   0.38238E+03   0.29904E+02   0.25476E+02   0.36156E+00  -0.19757E+00
   0.38273E+03   0.29909E+02   0.25309E+02   0.36541E+00  -0.20905E+00
   0.38308E+03   0.29911E+02   0.24958E+02   0.36600E+00  -0.22505E+00
   0.38343E+03   0.29914E+02   0.24941E+02   0.37182E+00  -0.22732E+00
   0.38378E+03   0.29919E+02   0.24923E+02   0.37961E+00  -0.22940E+00
   0.38413E+03   0.29924E+02   0.24730E+02   0.38704E+00  -0.24283E+00
   0.38448E+03   0.29930E+02   0.24997E+02   0.39580E+00  -0.24635E+00
   0.38483E+03   0.29934E+02   0.25644E+02   0.40098E+00  -0.22943E+00
   0.38518E+03   0.29938E+02   0.26009E+02   0.40714E+00  -0.21591E+00
   0.38553E+03   0.29942E+02   0.26190E+02   0.41791E+00  -0.21524E+00
   0.38588E+03   0.29946E+02   0.25995E+02   0.42619E+00  -0.22089E+00
   0.38623E+03   0.29949E+02   0.25687E+02   0.42373E+00  -0.22330E+00
   0.38658E+03   0.29950E+02   0.25720E+02   0.41795E+00  -0.21745E+00
   0.38693E+03   0.29949E+02   0.25824E+02   0.41382E+00  -0.20324E+00
   0.38728E+03   0.29947E+02   0.26131E+02   0.41091E+00  -0.18640E+00
   0.38763E+03   0.29945E+02   0.26332E+02   0.40993E+00  -0.18096E+00
   0.38798E+03   0.29945E+02   0.26405E+02   0.41114E+00  -0.18336E+00
   0.38833E+03   0.29945E+02   0.26387E+02   0.40953E+00  -0.17706E+00
   0.38868E+03   0.29945E+02   0.26271E+02   0.40756E+00  -0.16958E+00
   0.38903E+03   0.29944E+02   0.26030E+02   0.40601E+00  -0.16905E+00
   0.38938E+03   0.29941E+02   0.25767E+02   0.39132E+00  -0.16807E+00
   0.38973E+03   0.29934E+02   0.25941E+02   0.37728E+00  -0.15987E+00
   0.39008E+03   0.29929E+02   0.26078E+02   0.37981E+00  -0.14986E+00
   0.39043E+03   0.29930E+02   0.25931E+02   0.38263E+00  -0.15436E+00
   0.39078E+03   0.29928E+02   0.25822E+02   0.37738E+00  -0.16129E+00
   0.39113E+03   0.29926E+02   0.25965E+02   0.37203E+00  -0.15598E+00
   0.39148E+03   0.29924E+02   0.26258E+02   0.36931E+00  -0.13707E+00
   0.39183E+03   0.29920E+02   0.26377E+02   0.36627E+00  -0.12727E+00
   0.39218E+03   0.29916E+02   0.26428E+02   0.36307E+00  -0.13299E+00
   0.39253E+03   0.29913E+02   0.26339E+02   0.36012E+00  -0.13541E+00
   0.39288E+03   0.29909E+02   0.26365E+02   0.35608E+00  -0.12964E+00
   0.39323E+03   0.29906E+02   0.26335E+02   0.34905E+00  -0.13070E+00
   0.39358E+03   0.29903E+02   0.26106E+02   0.34371E+00  -0.13859E+00
   0.39393E+03   0.29897E+02   0.26153E+02   0.33992E+00  -0.13352E+00
   0.39428E+03   0.29891E+02   0.26161E+02   0.33161E+00  -0.13624E+00
   0.39463E+03   0.29887E+02   0.26050E+02   0.32845E+00  -0.14386E+00
   0.39498E+03   0.29885E+02   0.25931E+02   0.33547E+00  -0.14944E+00
   0.39533E+03   0.29888E+02   0.25704E+02   0.34056E+00  -0.16441E+00
   0.39568E+03   0.29890E+02   0.25548E+02   0.33731E+00  -0.16906E+00
   0.39603E+03   0.29887E+02   0.25603E+02   0.33326E+00  -0.17013E+00
   0.39638E+03   0.29887E+02   0.25523E+02   0.33810E+00  -0.17715E+00
   0.39673E+03   0.29890E+02   0.25499E+02   0.34626E+00  -0.17701E+00
   0.39708E+03   0.29893E+02   0.25403E+02   0.35166E+00  -0.19173E+00
   0.39743E+03   0.29898E+02   0.24969E+02   0.35542E+00  -0.21757E+00
   0.39778E+03   0.29903E+02   0.24470E+02   0.36029E+00  -0.23441E+00
   0.39813E+03   0.29908E+02   0.24311E+02   0.36685E+00  -0.24939E+00
   0.39848E+03   0.29913E+02   0.24260E+02   0.37269E+00  -0.25961E+00
   0.39883E+03   0.29918E+02   0.24145E+02   0.37882E+00  -0.27017E+00
   0.39918E+03   0.29923E+02   0.24241E+02   0.39067E+00  -0.28566E+00
   0.39953E+03   0.29931E+02   0.24367E+02   0.41160E+00  -0.29239E+00
   0.39988E+03   0.29941E+02   0.24740E+02   0.42816E+00  -0.29153E+00
   0.40023E+03   0.29949E+02   0.24968E+02   0.44122E+00  -0.29638E+00
   0.40058E+03   0.29955E+02   0.24990E+02   0.45216E+00  -0.29890E+00
   0.40093E+03   0.29960E+02   0.25262E+02   0.45982E+00  -0.28684E+00
   0.40128E+03   0.29964E+02   0.25618E+02   0.46465E+00  -0.27377E+00
   0.40163E+03   0.29967E+02   0.26093E+02   0.46959E+00  -0.25759E+00
   0.40198E+03   0.29969E+02   0.26347E+02   0.47564E+00  -0.24097E+00
   0.40233E+03   0.29970E+02   0.26515E+02   0.47510E+00  -0.22779E+00
   0.40268E+03   0.29970E+02   0.26955E+02   0.47080E+00  -0.20492E+00
   0.40303E+03   0.29969E+02   0.26965E+02   0.46659E+00  -0.19054E+00
   0.40338E+03   0.29968E+02   0.26682E+02   0.45918E+00  -0.18229E+00
   0.40373E+03   0.29967E+02   0.26686E+02   0.44570E+00  -0.16677E+00
   0.40408E+03   0.29963E+02   0.26749E+02   0.43127E+00  -0.14619E+00
   0.40443E+03   0.29958E+02   0.26704E+02   0.41723E+00  -0.12756E+00
   0.40478E+03   0.29953E+02   0.26571E+02   0.40717E+00  -0.12341E+00
   0.40513E+03   0.29948E+02   0.26561E+02   0.39967E+00  -0.11804E+00
   0.40548E+03   0.29942E+02   0.26582E+02   0.38686E+00  -0.10687E+00
   0.40583E+03   0.29935E+02   0.26414E+02   0.37421E+00  -0.10986E+00
   0.40618E+03   0.29928E+02   0.26239E+02   0.36702E+00  -0.11656E+00
   0.40653E+03   0.29920E+02   0.26182E+02   0.36057E+00  -0.11442E+00
   0.40688E+03   0.29913E+02   0.26062E+02   0.35120E+00  -0.11732E+00
   0.40723E+03   0.29904E+02   0.25950E+02   0.34353E+00  -0.12464E+00
   0.40758E+03   0.29899E+02   0.26074E+02   0.34432E+00  -0.12152E+00
   0.40793E+03   0.29898E+02   0.26102E+02   0.34359E+00  -0.11997E+00
   0.40828E+03   0.29895E+02   0.25855E+02   0.33998E+00  -0.13621E+00
   0.40863E+03   0.29892E+02   0.25820E+02   0.33540E+00  -0.14258E+00
   0.40898E+03   0.29889E+02   0.26033E+02   0.33312E+00  -0.13187E+00
   0.40933E+03   0.29888E+02   0.25979E+02   0.33522E+00  -0.13700E+00
   0.40968E+03   0.29887E+02   0.25677E+02   0.33012E+00  -0.15564E+00
   0.41003E+03   0.29882E+02   0.25352E+02   0.32547E+00  -0.16921E+00
   0.41038E+03   0.29879E+02   0.25307E+02   0.32884E+00  -0.17260E+00
   0.41073E+03   0.29880E+02   0.25392E+02   0.33397E+00  -0.17688E+00
   0.41108E+03   0.29882E+02   0.25413E+02   0.33929E+00  -0.18888E+00
   0.41143E+03   0.29886E+02   0.25087E+02   0.34434E+00  -0.20788E+00
   0.41178E+03   0.29890E+02   0.24637E+02   0.34924E+00  -0.23031E+00
   0.41213E+03   0.29896E+02   0.24711E+02   0.35787E+00  -0.23647E+00
   0.41248E+03   0.29903E+02   0.25053E+02   0.36833E+00  -0.23209E+00
   0.41283E+03   0.29912E+02   0.25258E+02   0.38221E+00  -0.23706E+00
   0.41318E+03   0.29921E+02   0.25393E+02   0.39391E+00  -0.24078E+00
   0.41353E+03   0.29929E+02   0.25480E+02   0.39492E+00  -0.24601E+00
   0.41388E+03   0.29933E+02   0.25750E+02   0.39984E+00  -0.24031E+00
   0.41423E+03   0.29938E+02   0.26072E+02   0.41752E+00  -0.22336E+00
   0.41458E+03   0.29944E+02   0.26096E+02   0.42685E+00  -0.22308E+00
   0.41493E+03   0.29948E+02   0.25973E+02   0.42099E+00  -0.22808E+00
   0.41528E+03   0.29948E+02   0.25826E+02   0.41294E+00  -0.22688E+00
   0.41563E+03   0.29948E+02   0.26000E+02   0.41628E+00  -0.21361E+00
   0.41598E+03   0.29950E+02   0.26543E+02   0.42269E+00  -0.18714E+00
   0.41633E+03   0.29950E+02   0.26850E+02   0.42025E+00  -0.17633E+00
   0.41668E+03   0.29949E+02   0.26654E+02   0.41717E+00  -0.18219E+00
   0.41703E+03   0.29947E+02   0.26419E+02   0.41397E+00  -0.17690E+00
   0.41738E+03   0.29946E+02   0.26316E+02   0.40804E+00  -0.16928E+00
   0.41773E+03   0.29945E+02   0.26371E+02   0.40327E+00  -0.15927E+00
   0.41808E+03   0.29943E+02   0.26304E+02   0.39602E+00  -0.14874E+00
   0.41843E+03   0.29938E+02   0.26346E+02   0.38015E+00  -0.13862E+00
   0.41878E+03   0.29931E+02   0.26452E+02   0.37131E+00  -0.13014E+00
   0.41913E+03   0.29927E+02   0.26339E+02   0.37363E+00  -0.13261E+00
   0.41948E+03   0.29926E+02   0.26329E+02   0.37369E+00  -0.12953E+00
   0.41983E+03   0.29922E+02   0.26414E+02   0.36707E+00  -0.12452E+00
