         228
  0.175000000000000        1312500.00000000     
         333
  0.525000000000000        3937500.00000000     
         163
  0.875000000000000        6562500.00000000     
          38
   1.22500000000000        9187500.00000000     
         114
   1.57500000000000        11812500.0000000     
         286
   1.92500000000000        14437500.0000000     
         517
   2.27500000000000        17062500.0000000     
          82
   2.62500000000000        19687500.0000000     
          17
   2.97500000000000        22312500.0000000     
         228
   3.32500000000000        24937500.0000000     
         487
   3.67500000000000        27562500.0000000     
          86
   4.02500000000000        30187500.0000000     
         406
   4.37500000000000        32812500.0000000     
          14
   4.72500000000000        35437500.0000000     
         102
   5.07500000000000        38062500.0000000     
         330
   5.42500000000000        40687500.0000000     
         478
   5.77500000000000        43312500.0000000     
          61
   6.12500000000000        45937500.0000000     
         235
   6.47500000000000        48562500.0000000     
         330
   6.82500000000000        51187500.0000000     
          39
   7.17500000000000        53812500.0000000     
          31
   7.52500000000000        56437500.0000000     
         283
   7.87500000000000        59062500.0000000     
         358
   8.22500000000000        61687500.0000000     
         507
   8.57500000000000        64312500.0000000     
          57
   8.92500000000000        66937500.0000000     
         519
   9.27500000000000        69562500.0000000     
         408
   9.62499999999999        72187500.0000000     
         120
   9.97499999999999        74812500.0000000     
         369
   10.3250000000000        77437500.0000000     
         530
   10.6750000000000        80062500.0000000     
         291
   11.0250000000000        82687500.0000000     
         496
   11.3750000000000        85312499.9999999     
          86
   11.7250000000000        87937499.9999999     
          25
   12.0750000000000        90562499.9999999     
         313
   12.4250000000000        93187499.9999999     
          25
   12.7750000000000        95812499.9999999     
          57
   13.1250000000000        98437499.9999999     
          37
   13.4750000000000        101062500.000000     
         294
   13.8250000000000        103687500.000000     
         538
   14.1750000000000        106312500.000000     
         539
   14.5250000000000        108937500.000000     
         522
   14.8750000000000        111562500.000000     
         319
   15.2250000000000        114187500.000000     
         236
   15.5750000000000        116812500.000000     
          15
   15.9250000000000        119437500.000000     
         388
   16.2750000000000        122062500.000000     
         327
   16.6250000000000        124687500.000000     
          60
   16.9750000000000        127312500.000000     
         172
   17.3250000000000        129937500.000000     
         346
   17.6750000000000        132562500.000000     
          37
   18.0250000000000        135187500.000000     
         111
   18.3750000000000        137812500.000000     
          69
   18.7250000000000        140437500.000000     
         201
   19.0750000000000        143062500.000000     
         247
   19.4250000000000        145687500.000000     
         129
   19.7750000000000        148312500.000000     
         102
   20.1250000000000        150937500.000000     
         447
   20.4750000000000        153562500.000000     
          39
   20.8250000000000        156187500.000000     
         205
   21.1750000000000        158812500.000000     
         267
   21.5250000000000        161437500.000000     
         111
   21.8750000000000        164062500.000000     
         329
   22.2250000000000        166687500.000000     
         371
   22.5750000000000        169312500.000000     
         165
   22.9250000000000        171937500.000000     
          18
   23.2750000000000        174562500.000000     
          74
   23.6250000000000        177187500.000000     
         275
   23.9750000000000        179812500.000000     
          97
   24.3250000000000        182437500.000000     
          69
   24.6750000000000        185062500.000000     
         249
   25.0250000000000        187687500.000000     
          76
   25.3750000000000        190312500.000000     
         434
   25.7250000000000        192937500.000000     
         514
   26.0750000000000        195562500.000000     
          36
   26.4250000000000        198187500.000000     
          65
   26.7750000000000        200812500.000000     
         377
   27.1250000000000        203437500.000000     
         163
   27.4750000000000        206062500.000000     
         418
   27.8250000000000        208687500.000000     
         309
   28.1750000000000        211312500.000000     
         397
   28.5250000000000        213937500.000000     
          15
   28.8750000000000        216562500.000000     
         313
   29.2250000000000        219187500.000000     
         468
   29.5750000000000        221812500.000000     
         319
   29.9250000000000        224437500.000000     
         334
   30.2750000000000        227062500.000000     
          76
   30.6250000000000        229687500.000000     
          60
   30.9750000000001        232312500.000000     
          41
   31.3250000000001        234937500.000000     
         435
   31.6750000000001        237562500.000000     
          94
   32.0250000000001        240187500.000000     
         473
   32.3750000000001        242812500.000000     
         255
   32.7250000000001        245437500.000000     
         524
   33.0750000000001        248062500.000000     
          95
   33.4250000000001        250687500.000000     
         281
   33.7750000000001        253312500.000000     
         187
   34.1250000000001        255937500.000000     
         469
   34.4750000000001        258562500.000000     
          81
   34.8250000000001        261187500.000001     
          58
   35.1750000000001        263812500.000001     
         188
   35.5250000000001        266437500.000001     
         201
   35.8750000000001        269062500.000001     
         306
   36.2250000000001        271687500.000001     
         176
   36.5750000000001        274312500.000001     
         429
   36.9250000000001        276937500.000001     
         179
   37.2750000000001        279562500.000001     
         201
   37.6250000000001        282187500.000001     
         466
   37.9750000000001        284812500.000001     
         536
   38.3250000000001        287437500.000001     
         493
   38.6750000000001        290062500.000001     
         437
   39.0250000000001        292687500.000001     
         116
   39.3750000000001        295312500.000001     
         208
   39.7250000000001        297937500.000001     
         279
   40.0750000000001        300562500.000001     
         464
   40.4250000000001        303187500.000001     
         327
   40.7750000000001        305812500.000001     
          90
   41.1250000000001        308437500.000001     
          82
   41.4750000000001        311062500.000001     
         471
   41.8250000000001        313687500.000001     
         463
   42.1750000000001        316312500.000001     
         491
   42.5250000000001        318937500.000001     
         174
   42.8750000000001        321562500.000001     
         316
   43.2250000000001        324187500.000001     
         277
   43.5750000000001        326812500.000001     
         354
   43.9250000000001        329437500.000001     
         432
   44.2750000000001        332062500.000001     
         166
   44.6250000000001        334687500.000001     
         119
   44.9750000000001        337312500.000001     
         315
   45.3250000000001        339937500.000001     
         419
   45.6750000000001        342562500.000001     
         222
   46.0250000000001        345187500.000001     
          72
   46.3750000000001        347812500.000001     
         489
   46.7250000000001        350437500.000001     
          25
   47.0750000000001        353062500.000001     
         140
   47.4250000000001        355687500.000001     
         205
   47.7750000000001        358312500.000001     
         287
   48.1250000000001        360937500.000001     
          88
   48.4750000000001        363562500.000001     
          59
   48.8250000000001        366187500.000001     
         382
   49.1750000000001        368812500.000001     
         167
   49.5250000000001        371437500.000001     
         301
   49.8750000000001        374062500.000001     
          57
   50.2250000000001        376687500.000001     
         461
   50.5750000000001        379312500.000001     
         288
   50.9250000000001        381937500.000001     
         192
   51.2750000000001        384562500.000001     
         373
   51.6250000000001        387187500.000001     
         251
   51.9750000000001        389812500.000001     
         324
   52.3250000000001        392437500.000001     
         318
   52.6750000000001        395062500.000001     
          38
   53.0250000000001        397687500.000001     
         289
   53.3750000000001        400312500.000001     
         213
   53.7250000000001        402937500.000001     
         488
   54.0750000000001        405562500.000001     
         306
   54.4250000000001        408187500.000001     
         425
   54.7750000000001        410812500.000001     
         214
   55.1250000000001        413437500.000001     
         268
   55.4750000000002        416062500.000001     
         116
   55.8250000000002        418687500.000001     
         478
   56.1750000000002        421312500.000001     
         135
   56.5250000000002        423937500.000001     
         234
   56.8750000000002        426562500.000001     
         151
   57.2250000000002        429187500.000001     
         512
   57.5750000000002        431812500.000001     
         157
   57.9250000000002        434437500.000001     
         354
   58.2750000000002        437062500.000001     
          90
   58.6250000000002        439687500.000001     
         122
   58.9750000000002        442312500.000001     
         190
   59.3250000000002        444937500.000001     
         133
   59.6750000000002        447562500.000001     
          43
   60.0250000000002        450187500.000001     
          72
   60.3750000000002        452812500.000001     
         384
   60.7250000000002        455437500.000001     
           5
   61.0750000000002        458062500.000001     
          94
   61.4250000000002        460687500.000001     
          79
   61.7750000000002        463312500.000001     
         119
   62.1250000000002        465937500.000001     
         414
   62.4750000000002        468562500.000001     
         303
   62.8250000000002        471187500.000001     
          84
   63.1750000000002        473812500.000001     
         321
   63.5250000000002        476437500.000001     
         294
   63.8750000000002        479062500.000001     
         235
   64.2250000000002        481687500.000001     
         489
   64.5750000000002        484312500.000001     
         351
   64.9250000000002        486937500.000001     
          66
   65.2750000000002        489562500.000001     
         457
   65.6250000000002        492187500.000001     
          83
   65.9750000000002        494812500.000001     
         333
   66.3250000000001        497437500.000001     
         124
   66.6750000000001        500062500.000001     
         516
   67.0250000000001        502687500.000001     
         482
   67.3750000000001        505312500.000001     
         231
   67.7250000000001        507937500.000001     
         167
   68.0750000000001        510562500.000001     
         379
   68.4250000000001        513187500.000001     
         231
   68.7750000000001        515812500.000001     
          26
   69.1250000000001        518437500.000001     
         448
   69.4750000000001        521062500.000001     
         314
   69.8250000000001        523687500.000001     
          12
   70.1750000000001        526312500.000001     
         180
   70.5250000000001        528937500.000001     
         300
   70.8750000000001        531562500.000001     
         509
   71.2250000000001        534187500.000000     
         251
   71.5750000000001        536812500.000000     
         471
   71.9250000000001        539437500.000000     
         269
   72.2750000000000        542062500.000000     
         301
   72.6250000000000        544687500.000000     
         448
   72.9750000000000        547312500.000000     
         295
   73.3250000000000        549937500.000000     
         110
   73.6750000000000        552562500.000000     
          44
   74.0250000000000        555187500.000000     
         444
   74.3750000000000        557812500.000000     
         154
   74.7250000000000        560437500.000000     
         387
   75.0750000000000        563062500.000000     
         290
   75.4250000000000        565687500.000000     
         294
   75.7750000000000        568312500.000000     
         269
   76.1250000000000        570937500.000000     
         534
   76.4750000000000        573562500.000000     
         220
   76.8250000000000        576187500.000000     
          41
   77.1750000000000        578812500.000000     
         316
   77.5250000000000        581437500.000000     
         310
   77.8750000000000        584062500.000000     
         507
   78.2250000000000        586687500.000000     
         272
   78.5749999999999        589312500.000000     
         472
   78.9249999999999        591937500.000000     
         194
   79.2749999999999        594562500.000000     
          90
   79.6249999999999        597187500.000000     
         407
   79.9749999999999        599812499.999999     
         148
   80.3249999999999        602437499.999999     
         147
   80.6749999999999        605062499.999999     
         480
   81.0249999999999        607687499.999999     
         260
   81.3749999999999        610312499.999999     
         496
   81.7249999999999        612937499.999999     
         449
   82.0749999999999        615562499.999999     
         524
   82.4249999999999        618187499.999999     
         125
   82.7749999999999        620812499.999999     
         150
   83.1249999999999        623437499.999999     
         211
   83.4749999999999        626062499.999999     
         349
   83.8249999999999        628687499.999999     
         386
   84.1749999999999        631312499.999999     
         253
   84.5249999999998        633937499.999999     
         134
   84.8749999999998        636562499.999999     
         403
   85.2249999999998        639187499.999999     
         111
   85.5749999999998        641812499.999999     
          77
   85.9249999999998        644437499.999999     
         222
   86.2749999999998        647062499.999999     
         318
   86.6249999999998        649687499.999999     
          21
   86.9749999999998        652312499.999999     
          60
   87.3249999999998        654937499.999999     
         427
   87.6749999999998        657562499.999998     
         358
   88.0249999999998        660187499.999998     
         295
   88.3749999999998        662812499.999998     
         334
   88.7249999999998        665437499.999998     
         383
   89.0749999999998        668062499.999998     
          28
   89.4249999999998        670687499.999998     
         144
   89.7749999999998        673312499.999998     
         267
   90.1249999999998        675937499.999998     
         111
   90.4749999999998        678562499.999998     
         337
   90.8249999999997        681187499.999998     
          16
   91.1749999999997        683812499.999998     
         238
   91.5249999999997        686437499.999998     
         349
   91.8749999999997        689062499.999998     
         534
   92.2249999999997        691687499.999998     
           3
   92.5749999999997        694312499.999998     
         517
   92.9249999999997        696937499.999998     
         312
   93.2749999999997        699562499.999998     
         354
   93.6249999999997        702187499.999998     
         468
   93.9749999999997        704812499.999998     
           5
   94.3249999999997        707437499.999998     
         174
   94.6749999999997        710062499.999998     
         277
   95.0249999999997        712687499.999998     
         228
   95.3749999999997        715312499.999997     
         479
   95.7249999999997        717937499.999997     
         260
   96.0749999999997        720562499.999997     
         241
   96.4249999999997        723187499.999997     
         262
   96.7749999999997        725812499.999997     
          89
   97.1249999999996        728437499.999997     
         306
   97.4749999999996        731062499.999997     
         394
   97.8249999999996        733687499.999997     
         294
   98.1749999999996        736312499.999997     
         328
   98.5249999999996        738937499.999997     
         491
   98.8749999999996        741562499.999997     
          61
   99.2249999999996        744187499.999997     
          82
   99.5749999999996        746812499.999997     
           3
   99.9249999999996        749437499.999997     
         233
   100.275000000000        752062499.999997     
           2
   100.625000000000        754687499.999997     
         475
   100.975000000000        757312499.999997     
          93
   101.325000000000        759937499.999997     
         198
   101.675000000000        762562499.999997     
          97
   102.025000000000        765187499.999997     
         382
   102.375000000000        767812499.999997     
         213
   102.725000000000        770437499.999997     
         305
   103.075000000000        773062499.999997     
         291
   103.425000000000        775687499.999997     
         307
   103.775000000000        778312499.999997     
         416
   104.125000000000        780937499.999996     
          57
   104.475000000000        783562499.999996     
         379
   104.825000000000        786187499.999996     
         270
   105.175000000000        788812499.999996     
         185
   105.525000000000        791437499.999996     
         318
   105.875000000000        794062499.999996     
         480
   106.224999999999        796687499.999996     
          69
   106.574999999999        799312499.999996     
         310
   106.924999999999        801937499.999996     
          27
   107.274999999999        804562499.999996     
          31
   107.624999999999        807187499.999996     
         180
   107.974999999999        809812499.999996     
          35
   108.324999999999        812437499.999996     
         356
   108.674999999999        815062499.999996     
          82
   109.024999999999        817687499.999996     
         167
   109.374999999999        820312499.999996     
         106
   109.724999999999        822937499.999996     
         200
   110.074999999999        825562499.999996     
         290
   110.424999999999        828187499.999996     
          68
   110.774999999999        830812499.999996     
         167
   111.124999999999        833437499.999996     
         522
   111.474999999999        836062499.999996     
         210
   111.824999999999        838687499.999996     
         263
   112.174999999999        841312499.999995     
         230
   112.524999999999        843937499.999995     
         251
   112.874999999999        846562499.999995     
         186
   113.224999999999        849187499.999995     
          25
   113.574999999999        851812499.999995     
          58
   113.924999999999        854437499.999995     
         197
   114.274999999999        857062499.999995     
         407
   114.624999999999        859687499.999995     
         358
   114.974999999999        862312499.999995     
         401
   115.324999999999        864937499.999995     
         364
   115.674999999999        867562499.999995     
         467
   116.024999999999        870187499.999995     
         527
   116.374999999999        872812499.999995     
         140
   116.724999999999        875437499.999995     
         521
   117.074999999999        878062499.999995     
          83
   117.424999999999        880687499.999995     
         539
   117.774999999999        883312499.999995     
         230
   118.124999999999        885937499.999995     
          42
   118.474999999999        888562499.999995     
         128
   118.824999999999        891187499.999995     
         118
   119.174999999999        893812499.999995     
         539
   119.524999999999        896437499.999995     
         151
   119.874999999999        899062499.999995     
         121
   120.224999999999        901687499.999995     
         136
   120.574999999999        904312499.999995     
         176
   120.924999999999        906937499.999994     
         206
   121.274999999999        909562499.999994     
         319
   121.624999999999        912187499.999994     
         112
   121.974999999999        914812499.999994     
          51
   122.324999999999        917437499.999994     
         509
   122.674999999999        920062499.999994     
         460
   123.024999999999        922687499.999994     
         426
   123.374999999999        925312499.999994     
         176
   123.724999999999        927937499.999994     
         371
   124.074999999999        930562499.999994     
         229
   124.424999999999        933187499.999994     
         181
   124.774999999999        935812499.999994     
         403
   125.124999999999        938437499.999994     
         293
   125.474999999999        941062499.999994     
         184
   125.824999999999        943687499.999994     
          44
   126.174999999999        946312499.999994     
         442
   126.524999999999        948937499.999994     
          26
   126.874999999999        951562499.999994     
           5
   127.224999999999        954187499.999994     
         325
   127.574999999999        956812499.999994     
         479
   127.924999999999        959437499.999994     
         291
   128.274999999999        962062499.999993     
         139
   128.624999999999        964687499.999993     
         205
   128.974999999999        967312499.999993     
         193
   129.324999999999        969937499.999993     
         191
   129.674999999999        972562499.999993     
         287
   130.024999999999        975187499.999993     
         145
   130.374999999999        977812499.999993     
         153
   130.724999999999        980437499.999993     
         300
   131.074999999999        983062499.999993     
         335
   131.424999999999        985687499.999993     
         508
   131.774999999999        988312499.999993     
          37
   132.124999999999        990937499.999993     
         215
   132.474999999999        993562499.999993     
         320
   132.824999999999        996187499.999993     
         269
   133.174999999999        998812499.999993     
           6
   133.524999999999        1001437499.99999     
         170
   133.874999999999        1004062499.99999     
         335
   134.224999999999        1006687499.99999     
         360
   134.574999999999        1009312499.99999     
         505
   134.924999999999        1011937499.99999     
          99
   135.274999999999        1014562499.99999     
         294
   135.624999999999        1017187499.99999     
         452
   135.974999999999        1019812499.99999     
         214
   136.324999999999        1022437499.99999     
         138
   136.674999999999        1025062499.99999     
          40
   137.024999999999        1027687499.99999     
         297
   137.374999999999        1030312499.99999     
          62
   137.724999999999        1032937499.99999     
         175
   138.074999999999        1035562499.99999     
         292
   138.424999999999        1038187499.99999     
         276
   138.774999999999        1040812499.99999     
         358
   139.124999999999        1043437499.99999     
         264
   139.474999999999        1046062499.99999     
          75
   139.824999999999        1048687499.99999     
         101
   140.174999999999        1051312499.99999     
          43
   140.524999999999        1053937499.99999     
         104
   140.874999999999        1056562499.99999     
         363
   141.224999999999        1059187499.99999     
         240
   141.574999999999        1061812499.99999     
         258
   141.924999999999        1064437499.99999     
         483
   142.274999999999        1067062499.99999     
         216
   142.624999999999        1069687499.99999     
         405
   142.974999999999        1072312499.99999     
          10
   143.324999999999        1074937499.99999     
         378
   143.674999999999        1077562499.99999     
          72
   144.024999999999        1080187499.99999     
         483
   144.374999999999        1082812499.99999     
           6
   144.724999999999        1085437499.99999     
         169
   145.074999999999        1088062499.99999     
         281
   145.424999999999        1090687499.99999     
         273
   145.774999999999        1093312499.99999     
         236
   146.124999999999        1095937499.99999     
         242
   146.474999999999        1098562499.99999     
         373
   146.824999999999        1101187499.99999     
         511
   147.174999999999        1103812499.99999     
         406
   147.524999999999        1106437499.99999     
         314
   147.874999999999        1109062499.99999     
         171
   148.224999999999        1111687499.99999     
         381
   148.574999999999        1114312499.99999     
         447
   148.924999999999        1116937499.99999     
          45
   149.274999999999        1119562499.99999     
         171
   149.624999999999        1122187499.99999     
         483
   149.974999999999        1124812499.99999     
           4
   150.324999999999        1127437499.99999     
          45
   150.674999999999        1130062499.99999     
         169
   151.024999999999        1132687499.99999     
         136
   151.374999999999        1135312499.99999     
         452
   151.724999999999        1137937499.99999     
         379
   152.074999999999        1140562499.99999     
         482
   152.424999999999        1143187499.99999     
          53
   152.774999999999        1145812499.99999     
         508
   153.124999999999        1148437499.99999     
          16
   153.474999999999        1151062499.99999     
         429
   153.824999999999        1153687499.99999     
         210
   154.174999999999        1156312499.99999     
         367
   154.524999999999        1158937499.99999     
         423
   154.874999999999        1161562499.99999     
          21
   155.224999999999        1164187499.99999     
          19
   155.574999999999        1166812499.99999     
         191
   155.924999999999        1169437499.99999     
         514
   156.274999999999        1172062499.99999     
         249
   156.624999999999        1174687499.99999     
         345
   156.974999999999        1177312499.99999     
         524
   157.324999999999        1179937499.99999     
          53
   157.674999999999        1182562499.99999     
         521
   158.024999999999        1185187499.99999     
         157
   158.374999999999        1187812499.99999     
         465
   158.724999999999        1190437499.99999     
         341
   159.074999999999        1193062499.99999     
         394
   159.424999999999        1195687499.99999     
         146
   159.774999999999        1198312499.99999     
         194
   160.124999999999        1200937499.99999     
         244
   160.474999999999        1203562499.99999     
         538
   160.824999999999        1206187499.99999     
         399
   161.174999999999        1208812499.99999     
          42
   161.524999999999        1211437499.99999     
         358
   161.874999999999        1214062499.99999     
           7
   162.224999999999        1216687499.99999     
         452
   162.574999999999        1219312499.99999     
          24
   162.924999999999        1221937499.99999     
          10
   163.274999999999        1224562499.99999     
         501
   163.624999999999        1227187499.99999     
         228
   163.974999999999        1229812499.99999     
          11
   164.324999999999        1232437499.99999     
         314
   164.674999999999        1235062499.99999     
         200
   165.024999999999        1237687499.99999     
         137
   165.374999999999        1240312499.99999     
         172
   165.724999999999        1242937499.99999     
         152
   166.074999999999        1245562499.99999     
          31
   166.424999999999        1248187499.99999     
          44
   166.774999999998        1250812499.99999     
         525
   167.124999999998        1253437499.99999     
         510
   167.474999999998        1256062499.99999     
         169
   167.824999999998        1258687499.99999     
         445
   168.174999999998        1261312499.99999     
          26
   168.524999999998        1263937499.99999     
         464
   168.874999999998        1266562499.99999     
         106
   169.224999999998        1269187499.99999     
         530
   169.574999999998        1271812499.99999     
         518
   169.924999999998        1274437499.99999     
         534
   170.274999999998        1277062499.99999     
         153
   170.624999999998        1279687499.99999     
         321
   170.974999999998        1282312499.99999     
         326
   171.324999999998        1284937499.99999     
         487
   171.674999999998        1287562499.99999     
         353
   172.024999999998        1290187499.99999     
          39
   172.374999999998        1292812499.99999     
          45
   172.724999999998        1295437499.99999     
         309
   173.074999999998        1298062499.99999     
         114
   173.424999999998        1300687499.99999     
         475
   173.774999999998        1303312499.99999     
         393
   174.124999999998        1305937499.99999     
         310
   174.474999999998        1308562499.99999     
         125
   174.824999999998        1311187499.99999     
         331
   175.174999999998        1313812499.99999     
         419
   175.524999999998        1316437499.99999     
         445
   175.874999999998        1319062499.99999     
          58
   176.224999999998        1321687499.99999     
         299
   176.574999999998        1324312499.99999     
          54
   176.924999999998        1326937499.99999     
         265
   177.274999999998        1329562499.99999     
         307
   177.624999999998        1332187499.99999     
          10
   177.974999999998        1334812499.99999     
         325
   178.324999999998        1337437499.99999     
         168
   178.674999999998        1340062499.99999     
         475
   179.024999999998        1342687499.99999     
         527
   179.374999999998        1345312499.99999     
         220
   179.724999999998        1347937499.99999     
         487
   180.074999999998        1350562499.99999     
         493
   180.424999999998        1353187499.99999     
         266
   180.774999999998        1355812499.99999     
         156
   181.124999999998        1358437499.99999     
         169
   181.474999999998        1361062499.99999     
         271
   181.824999999998        1363687499.99999     
          90
   182.174999999998        1366312499.99999     
          40
   182.524999999998        1368937499.99999     
          53
   182.874999999998        1371562499.99999     
         193
   183.224999999998        1374187499.99999     
          59
   183.574999999998        1376812499.99999     
         292
   183.924999999998        1379437499.99999     
         309
   184.274999999998        1382062499.99999     
         388
   184.624999999998        1384687499.99999     
         474
   184.974999999998        1387312499.99999     
         207
   185.324999999998        1389937499.99999     
         360
   185.674999999998        1392562499.99999     
         477
   186.024999999998        1395187499.99999     
         537
   186.374999999998        1397812499.99999     
          29
   186.724999999998        1400437499.99999     
         367
   187.074999999998        1403062499.99999     
         432
   187.424999999998        1405687499.99999     
         253
   187.774999999998        1408312499.99999     
          73
   188.124999999998        1410937499.99999     
         510
   188.474999999998        1413562499.99999     
         233
   188.824999999998        1416187499.99999     
         304
   189.174999999998        1418812499.99999     
         514
   189.524999999998        1421437499.99999     
         145
   189.874999999998        1424062499.99999     
         338
   190.224999999998        1426687499.99999     
         416
   190.574999999998        1429312499.99999     
         449
   190.924999999998        1431937499.99999     
          61
   191.274999999998        1434562499.99999     
         247
   191.624999999998        1437187499.99999     
          96
   191.974999999998        1439812499.99999     
         347
   192.324999999998        1442437499.99999     
         178
   192.674999999998        1445062499.99999     
         447
   193.024999999998        1447687499.99999     
          42
   193.374999999998        1450312499.99999     
         293
   193.724999999998        1452937499.99999     
         233
   194.074999999998        1455562499.99999     
         161
   194.424999999998        1458187499.99999     
           9
   194.774999999998        1460812499.99999     
         362
   195.124999999998        1463437499.99999     
         251
   195.474999999998        1466062499.99999     
         222
   195.824999999998        1468687499.99999     
         383
   196.174999999998        1471312499.99999     
         519
   196.524999999998        1473937499.99999     
          69
   196.874999999998        1476562499.99998     
         223
   197.224999999998        1479187499.99998     
         371
   197.574999999998        1481812499.99998     
         358
   197.924999999998        1484437499.99998     
         191
   198.274999999998        1487062499.99998     
          21
   198.624999999998        1489687499.99998     
         526
   198.974999999998        1492312499.99998     
          36
   199.324999999998        1494937499.99998     
         472
   199.674999999998        1497562499.99998     
           6
   200.024999999998        1500187499.99998     
          62
   200.374999999998        1502812499.99998     
          58
   200.724999999998        1505437499.99998     
         219
   201.074999999998        1508062499.99998     
         357
   201.424999999998        1510687499.99998     
          67
   201.774999999998        1513312499.99998     
         322
   202.124999999998        1515937499.99998     
         101
   202.474999999998        1518562499.99998     
          59
   202.824999999998        1521187499.99998     
         324
   203.174999999998        1523812499.99998     
         141
   203.524999999998        1526437499.99998     
         429
   203.874999999998        1529062499.99998     
         431
   204.224999999998        1531687499.99998     
         393
   204.574999999998        1534312499.99998     
         354
   204.924999999998        1536937499.99998     
         109
   205.274999999998        1539562499.99998     
         506
   205.624999999998        1542187499.99998     
         269
   205.974999999998        1544812499.99998     
          32
   206.324999999998        1547437499.99998     
          92
   206.674999999998        1550062499.99998     
         301
   207.024999999998        1552687499.99998     
          51
   207.374999999998        1555312499.99998     
         171
   207.724999999998        1557937499.99998     
         102
   208.074999999998        1560562499.99998     
         429
   208.424999999998        1563187499.99998     
         438
   208.774999999998        1565812499.99998     
          80
   209.124999999998        1568437499.99998     
         201
   209.474999999998        1571062499.99998     
         540
   209.824999999998        1573687499.99998     
         205
   210.174999999998        1576312499.99998     
         306
   210.524999999998        1578937499.99998     
         410
   210.874999999998        1581562499.99998     
         147
   211.224999999998        1584187499.99998     
         306
   211.574999999998        1586812499.99998     
         106
   211.924999999998        1589437499.99998     
         291
   212.274999999998        1592062499.99998     
         183
   212.624999999998        1594687499.99998     
         481
   212.974999999998        1597312499.99998     
         452
   213.324999999998        1599937499.99998     
         462
   213.674999999998        1602562499.99998     
         372
   214.024999999998        1605187499.99998     
         228
   214.374999999998        1607812499.99998     
         346
   214.724999999998        1610437499.99998     
         213
   215.074999999998        1613062499.99998     
         350
   215.424999999998        1615687499.99998     
         281
   215.774999999998        1618312499.99998     
         490
   216.124999999998        1620937499.99998     
         494
   216.474999999998        1623562499.99998     
         253
   216.824999999998        1626187499.99998     
         343
   217.174999999998        1628812499.99998     
         300
   217.524999999998        1631437499.99998     
         430
   217.874999999998        1634062499.99998     
           6
   218.224999999998        1636687499.99998     
         400
   218.574999999998        1639312499.99998     
         318
   218.924999999998        1641937499.99998     
         531
   219.274999999998        1644562499.99998     
         324
   219.624999999998        1647187499.99998     
         300
   219.974999999998        1649812499.99998     
         377
   220.324999999998        1652437499.99998     
         103
   220.674999999998        1655062499.99998     
         526
   221.024999999998        1657687499.99998     
         512
   221.374999999998        1660312499.99998     
          49
   221.724999999998        1662937499.99998     
         285
   222.074999999998        1665562499.99998     
         369
   222.424999999998        1668187499.99998     
          86
   222.774999999998        1670812499.99998     
         120
   223.124999999998        1673437499.99998     
         529
   223.474999999998        1676062499.99998     
         399
   223.824999999998        1678687499.99998     
         296
   224.174999999998        1681312499.99998     
          87
   224.524999999998        1683937499.99998     
         494
   224.874999999998        1686562499.99998     
         131
   225.224999999998        1689187499.99998     
         467
   225.574999999998        1691812499.99998     
         313
   225.924999999998        1694437499.99998     
         518
   226.274999999998        1697062499.99998     
         435
   226.624999999998        1699687499.99998     
         336
   226.974999999998        1702312499.99998     
         114
   227.324999999998        1704937499.99998     
         208
   227.674999999998        1707562499.99998     
         461
   228.024999999998        1710187499.99998     
         493
   228.374999999997        1712812499.99998     
         135
   228.724999999997        1715437499.99998     
         340
   229.074999999997        1718062499.99998     
           6
   229.424999999997        1720687499.99998     
         314
   229.774999999997        1723312499.99998     
         329
   230.124999999997        1725937499.99998     
         325
   230.474999999997        1728562499.99998     
         144
   230.824999999997        1731187499.99998     
         472
   231.174999999997        1733812499.99998     
         221
   231.524999999997        1736437499.99998     
         494
   231.874999999997        1739062499.99998     
         352
   232.224999999997        1741687499.99998     
         212
   232.574999999997        1744312499.99998     
          32
   232.924999999997        1746937499.99998     
         206
   233.274999999997        1749562499.99998     
         334
   233.624999999997        1752187499.99998     
         534
   233.974999999997        1754812499.99998     
         481
   234.324999999997        1757437499.99998     
         183
   234.674999999997        1760062499.99998     
          86
   235.024999999997        1762687499.99998     
         519
   235.374999999997        1765312499.99998     
         368
   235.724999999997        1767937499.99998     
          57
   236.074999999997        1770562499.99998     
          57
   236.424999999997        1773187499.99998     
          71
   236.774999999997        1775812499.99998     
         410
   237.124999999997        1778437499.99998     
         348
   237.474999999997        1781062499.99998     
         336
   237.824999999997        1783687499.99998     
         125
   238.174999999997        1786312499.99998     
         112
   238.524999999997        1788937499.99998     
         467
   238.874999999997        1791562499.99998     
         246
   239.224999999997        1794187499.99998     
         357
   239.574999999997        1796812499.99998     
         160
   239.924999999997        1799437499.99998     
         207
   240.274999999997        1802062499.99998     
          68
   240.624999999997        1804687499.99998     
         509
   240.974999999997        1807312499.99998     
         271
   241.324999999997        1809937499.99998     
         493
   241.674999999997        1812562499.99998     
         151
   242.024999999997        1815187499.99998     
         464
   242.374999999997        1817812499.99998     
         118
   242.724999999997        1820437499.99998     
         540
   243.074999999997        1823062499.99998     
         473
   243.424999999997        1825687499.99998     
         216
   243.774999999997        1828312499.99998     
         280
   244.124999999997        1830937499.99998     
         301
   244.474999999997        1833562499.99998     
         403
   244.824999999997        1836187499.99998     
          23
   245.174999999997        1838812499.99998     
          28
   245.524999999997        1841437499.99998     
         205
   245.874999999997        1844062499.99998     
         336
   246.224999999997        1846687499.99998     
         399
   246.574999999997        1849312499.99998     
         223
   246.924999999997        1851937499.99998     
         141
   247.274999999997        1854562499.99998     
         326
   247.624999999997        1857187499.99998     
         342
   247.974999999997        1859812499.99998     
         535
   248.324999999997        1862437499.99998     
         135
   248.674999999997        1865062499.99998     
         308
   249.024999999997        1867687499.99998     
         117
   249.374999999997        1870312499.99998     
         141
   249.724999999997        1872937499.99998     
         330
   250.074999999997        1875562499.99998     
         150
   250.424999999997        1878187499.99998     
         304
   250.774999999997        1880812499.99998     
          74
   251.124999999997        1883437499.99998     
         197
   251.474999999997        1886062499.99998     
         418
   251.824999999997        1888687499.99998     
         430
   252.174999999997        1891312499.99998     
         228
   252.524999999997        1893937499.99998     
         394
   252.874999999997        1896562499.99998     
         495
   253.224999999997        1899187499.99998     
         169
   253.574999999997        1901812499.99998     
         253
   253.924999999997        1904437499.99998     
         142
   254.274999999997        1907062499.99998     
         295
   254.624999999997        1909687499.99998     
         361
   254.974999999997        1912312499.99998     
         117
   255.324999999997        1914937499.99998     
         391
   255.674999999997        1917562499.99998     
         431
   256.024999999997        1920187499.99998     
          95
   256.374999999997        1922812499.99998     
         189
   256.724999999997        1925437499.99998     
         415
   257.074999999997        1928062499.99998     
         140
   257.424999999997        1930687499.99998     
          13
   257.774999999997        1933312499.99998     
          24
   258.124999999997        1935937499.99998     
         277
   258.474999999997        1938562499.99998     
         269
   258.824999999997        1941187499.99998     
          57
   259.174999999997        1943812499.99998     
          68
   259.524999999997        1946437499.99998     
          37
   259.874999999997        1949062499.99998     
         535
   260.224999999997        1951687499.99998     
         166
   260.574999999997        1954312499.99998     
          40
   260.924999999997        1956937499.99998     
         479
   261.274999999997        1959562499.99998     
         322
   261.624999999997        1962187499.99998     
         117
   261.974999999997        1964812499.99998     
         350
   262.324999999997        1967437499.99998     
         345
   262.674999999998        1970062499.99998     
         364
   263.024999999998        1972687499.99998     
         360
   263.374999999998        1975312499.99998     
         138
   263.724999999998        1977937499.99998     
         192
   264.074999999998        1980562499.99998     
          79
   264.424999999998        1983187499.99998     
         189
   264.774999999998        1985812499.99998     
          68
   265.124999999998        1988437499.99998     
         445
   265.474999999998        1991062499.99998     
         110
   265.824999999998        1993687499.99998     
         220
   266.174999999998        1996312499.99998     
         495
   266.524999999998        1998937499.99998     
          62
   266.874999999998        2001562499.99998     
           2
   267.224999999998        2004187499.99998     
         335
   267.574999999998        2006812499.99998     
         239
   267.924999999998        2009437499.99998     
           4
   268.274999999998        2012062499.99998     
         189
   268.624999999998        2014687499.99998     
         535
   268.974999999998        2017312499.99998     
         413
   269.324999999998        2019937499.99998     
         399
   269.674999999998        2022562499.99998     
          97
   270.024999999998        2025187499.99998     
         127
   270.374999999998        2027812499.99998     
         291
   270.724999999998        2030437499.99999     
          90
   271.074999999998        2033062499.99999     
         200
   271.424999999998        2035687499.99999     
         244
   271.774999999998        2038312499.99999     
         327
   272.124999999998        2040937499.99999     
         316
   272.474999999998        2043562499.99999     
         385
   272.824999999998        2046187499.99999     
          85
   273.174999999998        2048812499.99999     
         289
   273.524999999998        2051437499.99999     
         333
   273.874999999998        2054062499.99999     
         200
   274.224999999998        2056687499.99999     
          52
   274.574999999998        2059312499.99999     
           2
   274.924999999998        2061937499.99999     
         444
   275.274999999998        2064562499.99999     
          40
   275.624999999998        2067187499.99999     
         127
   275.974999999998        2069812499.99999     
         250
   276.324999999998        2072437499.99999     
           2
   276.674999999998        2075062499.99999     
         391
   277.024999999998        2077687499.99999     
         288
   277.374999999998        2080312499.99999     
         324
   277.724999999998        2082937499.99999     
         446
   278.074999999999        2085562499.99999     
         174
   278.424999999999        2088187499.99999     
          94
   278.774999999999        2090812499.99999     
          72
   279.124999999999        2093437499.99999     
          75
   279.474999999999        2096062499.99999     
         333
   279.824999999999        2098687499.99999     
         332
   280.174999999999        2101312499.99999     
         457
   280.524999999999        2103937499.99999     
         429
   280.874999999999        2106562499.99999     
         240
   281.224999999999        2109187499.99999     
         350
   281.574999999999        2111812499.99999     
         487
   281.924999999999        2114437499.99999     
         150
   282.274999999999        2117062499.99999     
           6
   282.624999999999        2119687499.99999     
         143
   282.974999999999        2122312499.99999     
         520
   283.324999999999        2124937499.99999     
          78
   283.674999999999        2127562499.99999     
         226
   284.024999999999        2130187499.99999     
          31
   284.374999999999        2132812499.99999     
         124
   284.724999999999        2135437499.99999     
         477
   285.074999999999        2138062499.99999     
         505
   285.424999999999        2140687499.99999     
           6
   285.774999999999        2143312499.99999     
         246
   286.124999999999        2145937499.99999     
         313
   286.474999999999        2148562499.99999     
         126
   286.824999999999        2151187499.99999     
          62
   287.174999999999        2153812499.99999     
         468
   287.524999999999        2156437499.99999     
         337
   287.874999999999        2159062499.99999     
         196
   288.224999999999        2161687499.99999     
         121
   288.574999999999        2164312499.99999     
          83
   288.924999999999        2166937499.99999     
          53
   289.274999999999        2169562499.99999     
         261
   289.624999999999        2172187499.99999     
         268
   289.974999999999        2174812499.99999     
         300
   290.324999999999        2177437499.99999     
         129
   290.674999999999        2180062499.99999     
         163
   291.024999999999        2182687500.00000     
         424
   291.374999999999        2185312500.00000     
         277
   291.724999999999        2187937500.00000     
         237
   292.074999999999        2190562500.00000     
         327
   292.424999999999        2193187500.00000     
         315
   292.774999999999        2195812500.00000     
         510
   293.124999999999        2198437500.00000     
         500
   293.475000000000        2201062500.00000     
         414
   293.825000000000        2203687500.00000     
         513
   294.175000000000        2206312500.00000     
         393
   294.525000000000        2208937500.00000     
         423
   294.875000000000        2211562500.00000     
         330
   295.225000000000        2214187500.00000     
         161
   295.575000000000        2216812500.00000     
         198
   295.925000000000        2219437500.00000     
         246
   296.275000000000        2222062500.00000     
         410
   296.625000000000        2224687500.00000     
         334
   296.975000000000        2227312500.00000     
         315
   297.325000000000        2229937500.00000     
         404
   297.675000000000        2232562500.00000     
         504
   298.025000000000        2235187500.00000     
         292
   298.375000000000        2237812500.00000     
         209
   298.725000000000        2240437500.00000     
         234
   299.075000000000        2243062500.00000     
         197
   299.425000000000        2245687500.00000     
         462
   299.775000000000        2248312500.00000     
         508
   300.125000000000        2250937500.00000     
         453
   300.475000000000        2253562500.00000     
         404
   300.825000000000        2256187500.00000     
         151
   301.175000000000        2258812500.00000     
         237
   301.525000000000        2261437500.00000     
          38
   301.875000000000        2264062500.00000     
         215
   302.225000000000        2266687500.00000     
          19
   302.575000000000        2269312500.00000     
         251
   302.925000000000        2271937500.00000     
         145
   303.275000000000        2274562500.00000     
         304
   303.625000000000        2277187500.00000     
         483
   303.975000000000        2279812500.00000     
         357
   304.325000000000        2282437500.00000     
         391
   304.675000000000        2285062500.00000     
         269
   305.025000000000        2287687500.00000     
         186
   305.375000000000        2290312500.00000     
          57
   305.725000000000        2292937500.00000     
         219
   306.075000000000        2295562500.00000     
         204
   306.425000000000        2298187500.00000     
         185
   306.775000000000        2300812500.00000     
         455
   307.125000000000        2303437500.00000     
           9
   307.475000000000        2306062500.00000     
         147
   307.825000000000        2308687500.00000     
         506
   308.175000000000        2311312500.00000     
          16
   308.525000000000        2313937500.00000     
         211
   308.875000000001        2316562500.00000     
         353
   309.225000000001        2319187500.00000     
         111
   309.575000000001        2321812500.00000     
         256
   309.925000000001        2324437500.00000     
         472
   310.275000000001        2327062500.00000     
          67
   310.625000000001        2329687500.00000     
         383
   310.975000000001        2332312500.00000     
         308
   311.325000000001        2334937500.00001     
         471
   311.675000000001        2337562500.00001     
          83
   312.025000000001        2340187500.00001     
         316
   312.375000000001        2342812500.00001     
         228
   312.725000000001        2345437500.00001     
         354
   313.075000000001        2348062500.00001     
         144
   313.425000000001        2350687500.00001     
         379
   313.775000000001        2353312500.00001     
         199
   314.125000000001        2355937500.00001     
         166
   314.475000000001        2358562500.00001     
         158
   314.825000000001        2361187500.00001     
         229
   315.175000000001        2363812500.00001     
         199
   315.525000000001        2366437500.00001     
         116
   315.875000000001        2369062500.00001     
         371
   316.225000000001        2371687500.00001     
         129
   316.575000000001        2374312500.00001     
          72
   316.925000000001        2376937500.00001     
         530
   317.275000000001        2379562500.00001     
         433
   317.625000000001        2382187500.00001     
         466
   317.975000000001        2384812500.00001     
         160
   318.325000000001        2387437500.00001     
          50
   318.675000000001        2390062500.00001     
         142
   319.025000000001        2392687500.00001     
         193
   319.375000000001        2395312500.00001     
         473
   319.725000000001        2397937500.00001     
         373
   320.075000000001        2400562500.00001     
         261
   320.425000000001        2403187500.00001     
         310
   320.775000000001        2405812500.00001     
          92
   321.125000000001        2408437500.00001     
         360
   321.475000000001        2411062500.00001     
         449
   321.825000000001        2413687500.00001     
         128
   322.175000000001        2416312500.00001     
          46
   322.525000000001        2418937500.00001     
         522
   322.875000000001        2421562500.00001     
         473
   323.225000000001        2424187500.00001     
         434
   323.575000000001        2426812500.00001     
          81
   323.925000000001        2429437500.00001     
         463
   324.275000000002        2432062500.00001     
         435
   324.625000000002        2434687500.00001     
         319
   324.975000000002        2437312500.00001     
         231
   325.325000000002        2439937500.00001     
         177
   325.675000000002        2442562500.00001     
          78
   326.025000000002        2445187500.00001     
          98
   326.375000000002        2447812500.00001     
         480
   326.725000000002        2450437500.00001     
         512
   327.075000000002        2453062500.00001     
         302
   327.425000000002        2455687500.00001     
         200
   327.775000000002        2458312500.00001     
          38
   328.125000000002        2460937500.00001     
         279
   328.475000000002        2463562500.00001     
         278
   328.825000000002        2466187500.00001     
         448
   329.175000000002        2468812500.00001     
         412
   329.525000000002        2471437500.00001     
         237
   329.875000000002        2474062500.00001     
         206
   330.225000000002        2476687500.00001     
          26
   330.575000000002        2479312500.00001     
         426
   330.925000000002        2481937500.00001     
         142
   331.275000000002        2484562500.00001     
         181
   331.625000000002        2487187500.00001     
         286
   331.975000000002        2489812500.00002     
          27
   332.325000000002        2492437500.00002     
          85
   332.675000000002        2495062500.00002     
         207
   333.025000000002        2497687500.00002     
          10
   333.375000000002        2500312500.00002     
         305
   333.725000000002        2502937500.00002     
         482
   334.075000000002        2505562500.00002     
         121
   334.425000000002        2508187500.00002     
         153
   334.775000000002        2510812500.00002     
         458
   335.125000000002        2513437500.00002     
         276
   335.475000000002        2516062500.00002     
          71
   335.825000000002        2518687500.00002     
         362
   336.175000000002        2521312500.00002     
          57
   336.525000000002        2523937500.00002     
         158
   336.875000000002        2526562500.00002     
          90
   337.225000000002        2529187500.00002     
          35
   337.575000000002        2531812500.00002     
         518
   337.925000000002        2534437500.00002     
         484
   338.275000000002        2537062500.00002     
         511
   338.625000000002        2539687500.00002     
         524
   338.975000000002        2542312500.00002     
         524
   339.325000000002        2544937500.00002     
          75
   339.675000000003        2547562500.00002     
           1
   340.025000000003        2550187500.00002     
         120
   340.375000000003        2552812500.00002     
          32
   340.725000000003        2555437500.00002     
         200
   341.075000000003        2558062500.00002     
         127
   341.425000000003        2560687500.00002     
         203
   341.775000000003        2563312500.00002     
         285
   342.125000000003        2565937500.00002     
          99
   342.475000000003        2568562500.00002     
         350
   342.825000000003        2571187500.00002     
         269
   343.175000000003        2573812500.00002     
         475
   343.525000000003        2576437500.00002     
         370
   343.875000000003        2579062500.00002     
         118
   344.225000000003        2581687500.00002     
         505
   344.575000000003        2584312500.00002     
          59
   344.925000000003        2586937500.00002     
         134
   345.275000000003        2589562500.00002     
         378
   345.625000000003        2592187500.00002     
         480
   345.975000000003        2594812500.00002     
         503
   346.325000000003        2597437500.00002     
         522
   346.675000000003        2600062500.00002     
         380
   347.025000000003        2602687500.00002     
         335
   347.375000000003        2605312500.00002     
         468
   347.725000000003        2607937500.00002     
         399
   348.075000000003        2610562500.00002     
         311
   348.425000000003        2613187500.00002     
         193
   348.775000000003        2615812500.00002     
         494
   349.125000000003        2618437500.00002     
         372
   349.475000000003        2621062500.00002     
         527
   349.825000000003        2623687500.00002     
          19
   350.175000000003        2626312500.00002     
         155
   350.525000000003        2628937500.00002     
         102
   350.875000000003        2631562500.00002     
         245
   351.225000000003        2634187500.00002     
         193
   351.575000000003        2636812500.00002     
         239
   351.925000000003        2639437500.00002     
          34
   352.275000000003        2642062500.00002     
         240
   352.625000000003        2644687500.00003     
         495
   352.975000000003        2647312500.00003     
         334
   353.325000000003        2649937500.00003     
         415
   353.675000000003        2652562500.00003     
          70
   354.025000000003        2655187500.00003     
         493
   354.375000000003        2657812500.00003     
          11
   354.725000000003        2660437500.00003     
         335
   355.075000000004        2663062500.00003     
         327
   355.425000000004        2665687500.00003     
         243
   355.775000000004        2668312500.00003     
          19
   356.125000000004        2670937500.00003     
          67
   356.475000000004        2673562500.00003     
         175
   356.825000000004        2676187500.00003     
          94
   357.175000000004        2678812500.00003     
          10
   357.525000000004        2681437500.00003     
         140
   357.875000000004        2684062500.00003     
         310
   358.225000000004        2686687500.00003     
         277
   358.575000000004        2689312500.00003     
         384
   358.925000000004        2691937500.00003     
         141
   359.275000000004        2694562500.00003     
         196
   359.625000000004        2697187500.00003     
         255
   359.975000000004        2699812500.00003     
         280
   360.325000000004        2702437500.00003     
         264
   360.675000000004        2705062500.00003     
         302
   361.025000000004        2707687500.00003     
         525
   361.375000000004        2710312500.00003     
         163
   361.725000000004        2712937500.00003     
         303
   362.075000000004        2715562500.00003     
         475
   362.425000000004        2718187500.00003     
         114
   362.775000000004        2720812500.00003     
         457
   363.125000000004        2723437500.00003     
         155
   363.475000000004        2726062500.00003     
         428
   363.825000000004        2728687500.00003     
         515
   364.175000000004        2731312500.00003     
         500
   364.525000000004        2733937500.00003     
         213
   364.875000000004        2736562500.00003     
         512
   365.225000000004        2739187500.00003     
         129
   365.575000000004        2741812500.00003     
         208
   365.925000000004        2744437500.00003     
          77
   366.275000000004        2747062500.00003     
         432
   366.625000000004        2749687500.00003     
         172
   366.975000000004        2752312500.00003     
         490
   367.325000000004        2754937500.00003     
          30
   367.675000000004        2757562500.00003     
         240
   368.025000000004        2760187500.00003     
         164
   368.375000000004        2762812500.00003     
         387
   368.725000000004        2765437500.00003     
         319
   369.075000000004        2768062500.00003     
         252
   369.425000000004        2770687500.00003     
         123
   369.775000000004        2773312500.00003     
         102
   370.125000000004        2775937500.00003     
         349
   370.475000000005        2778562500.00003     
         482
   370.825000000005        2781187500.00003     
         483
   371.175000000005        2783812500.00003     
         368
   371.525000000005        2786437500.00003     
         403
   371.875000000005        2789062500.00003     
         294
   372.225000000005        2791687500.00003     
         255
   372.575000000005        2794312500.00003     
         504
   372.925000000005        2796937500.00003     
         527
   373.275000000005        2799562500.00004     
          46
   373.625000000005        2802187500.00004     
         273
   373.975000000005        2804812500.00004     
         507
   374.325000000005        2807437500.00004     
         188
   374.675000000005        2810062500.00004     
         307
   375.025000000005        2812687500.00004     
         430
   375.375000000005        2815312500.00004     
         389
   375.725000000005        2817937500.00004     
          91
   376.075000000005        2820562500.00004     
         357
   376.425000000005        2823187500.00004     
          87
   376.775000000005        2825812500.00004     
         315
   377.125000000005        2828437500.00004     
          60
   377.475000000005        2831062500.00004     
         191
   377.825000000005        2833687500.00004     
         151
   378.175000000005        2836312500.00004     
           6
   378.525000000005        2838937500.00004     
          50
   378.875000000005        2841562500.00004     
         534
   379.225000000005        2844187500.00004     
          50
   379.575000000005        2846812500.00004     
         126
   379.925000000005        2849437500.00004     
          31
   380.275000000005        2852062500.00004     
          68
   380.625000000005        2854687500.00004     
         315
   380.975000000005        2857312500.00004     
         209
   381.325000000005        2859937500.00004     
         304
   381.675000000005        2862562500.00004     
         129
   382.025000000005        2865187500.00004     
         331
   382.375000000005        2867812500.00004     
         394
   382.725000000005        2870437500.00004     
         212
   383.075000000005        2873062500.00004     
         116
   383.425000000005        2875687500.00004     
          37
   383.775000000005        2878312500.00004     
         249
   384.125000000005        2880937500.00004     
          80
   384.475000000005        2883562500.00004     
         515
   384.825000000005        2886187500.00004     
         369
   385.175000000005        2888812500.00004     
          73
   385.525000000005        2891437500.00004     
         257
   385.875000000006        2894062500.00004     
          24
   386.225000000006        2896687500.00004     
         318
   386.575000000006        2899312500.00004     
         373
   386.925000000006        2901937500.00004     
         269
   387.275000000006        2904562500.00004     
          60
   387.625000000006        2907187500.00004     
         490
   387.975000000006        2909812500.00004     
         504
   388.325000000006        2912437500.00004     
         459
   388.675000000006        2915062500.00004     
         395
   389.025000000006        2917687500.00004     
         454
   389.375000000006        2920312500.00004     
         376
   389.725000000006        2922937500.00004     
         100
   390.075000000006        2925562500.00004     
          41
   390.425000000006        2928187500.00004     
          16
   390.775000000006        2930812500.00004     
           0
   391.125000000006        2933437500.00004     
          33
   391.475000000006        2936062500.00004     
         194
   391.825000000006        2938687500.00004     
         309
   392.175000000006        2941312500.00004     
         157
   392.525000000006        2943937500.00004     
          78
   392.875000000006        2946562500.00004     
         467
   393.225000000006        2949187500.00004     
         363
   393.575000000006        2951812500.00005     
         392
   393.925000000006        2954437500.00005     
         265
   394.275000000006        2957062500.00005     
         426
   394.625000000006        2959687500.00005     
           1
   394.975000000006        2962312500.00005     
         299
   395.325000000006        2964937500.00005     
         158
   395.675000000006        2967562500.00005     
         176
   396.025000000006        2970187500.00005     
         146
   396.375000000006        2972812500.00005     
         262
   396.725000000006        2975437500.00005     
          92
   397.075000000006        2978062500.00005     
         473
   397.425000000006        2980687500.00005     
         346
   397.775000000006        2983312500.00005     
         131
   398.125000000006        2985937500.00005     
          32
   398.475000000006        2988562500.00005     
         145
   398.825000000006        2991187500.00005     
          28
   399.175000000006        2993812500.00005     
         375
   399.525000000006        2996437500.00005     
         523
   399.875000000006        2999062500.00005     
         147
   400.225000000006        3001687500.00005     
         277
   400.575000000006        3004312500.00005     
         459
   400.925000000006        3006937500.00005     
         256
   401.275000000007        3009562500.00005     
         427
   401.625000000007        3012187500.00005     
         255
   401.975000000007        3014812500.00005     
          46
   402.325000000007        3017437500.00005     
          48
   402.675000000007        3020062500.00005     
         535
   403.025000000007        3022687500.00005     
         226
   403.375000000007        3025312500.00005     
         448
   403.725000000007        3027937500.00005     
          46
   404.075000000007        3030562500.00005     
          68
   404.425000000007        3033187500.00005     
         498
   404.775000000007        3035812500.00005     
         121
   405.125000000007        3038437500.00005     
         345
   405.475000000007        3041062500.00005     
         170
   405.825000000007        3043687500.00005     
         268
   406.175000000007        3046312500.00005     
         421
   406.525000000007        3048937500.00005     
         363
   406.875000000007        3051562500.00005     
         425
   407.225000000007        3054187500.00005     
         292
   407.575000000007        3056812500.00005     
         190
   407.925000000007        3059437500.00005     
         255
   408.275000000007        3062062500.00005     
          81
   408.625000000007        3064687500.00005     
         401
   408.975000000007        3067312500.00005     
         161
   409.325000000007        3069937500.00005     
          27
   409.675000000007        3072562500.00005     
         536
   410.025000000007        3075187500.00005     
         297
   410.375000000007        3077812500.00005     
         491
   410.725000000007        3080437500.00005     
         425
   411.075000000007        3083062500.00005     
         219
   411.425000000007        3085687500.00005     
         148
   411.775000000007        3088312500.00005     
         414
   412.125000000007        3090937500.00005     
         224
   412.475000000007        3093562500.00005     
         362
   412.825000000007        3096187500.00005     
         301
   413.175000000007        3098812500.00005     
         152
   413.525000000007        3101437500.00005     
          27
   413.875000000007        3104062500.00005     
         473
   414.225000000007        3106687500.00006     
         322
   414.575000000007        3109312500.00006     
         382
   414.925000000007        3111937500.00006     
         173
   415.275000000007        3114562500.00006     
         534
   415.625000000007        3117187500.00006     
         185
   415.975000000007        3119812500.00006     
         395
   416.325000000007        3122437500.00006     
         468
   416.675000000008        3125062500.00006     
         216
   417.025000000008        3127687500.00006     
         511
   417.375000000008        3130312500.00006     
         428
   417.725000000008        3132937500.00006     
         212
   418.075000000008        3135562500.00006     
         165
   418.425000000008        3138187500.00006     
         367
   418.775000000008        3140812500.00006     
         306
   419.125000000008        3143437500.00006     
         246
   419.475000000008        3146062500.00006     
         337
   419.825000000008        3148687500.00006     
