       time        TW        TE         hW        hE
   0.17500E+00   0.29412E+02   0.29410E+02   0.39728E-02  -0.23679E-01
   0.52500E+00   0.28672E+02   0.28100E+02   0.29783E-01  -0.84364E-01
   0.87500E+00   0.28491E+02   0.26823E+02   0.67536E-01  -0.15919E+00
   0.12250E+01   0.28594E+02   0.25498E+02   0.11494E+00  -0.24255E+00
   0.15750E+01   0.28903E+02   0.24154E+02   0.17199E+00  -0.32657E+00
   0.19250E+01   0.29224E+02   0.22992E+02   0.22732E+00  -0.40257E+00
   0.22750E+01   0.29487E+02   0.22448E+02   0.28888E+00  -0.47658E+00
   0.26250E+01   0.29684E+02   0.22522E+02   0.35850E+00  -0.54439E+00
   0.29750E+01   0.29813E+02   0.22684E+02   0.43297E+00  -0.59935E+00
   0.33250E+01   0.29893E+02   0.23271E+02   0.50492E+00  -0.63817E+00
   0.36750E+01   0.29940E+02   0.24026E+02   0.57656E+00  -0.65993E+00
   0.40250E+01   0.29966E+02   0.24664E+02   0.64128E+00  -0.65312E+00
   0.43750E+01   0.29980E+02   0.25425E+02   0.69942E+00  -0.61197E+00
   0.47250E+01   0.29988E+02   0.26226E+02   0.75158E+00  -0.55565E+00
   0.50750E+01   0.29991E+02   0.26933E+02   0.78641E+00  -0.48334E+00
   0.54250E+01   0.29994E+02   0.27527E+02   0.78969E+00  -0.40238E+00
   0.57750E+01   0.29997E+02   0.28004E+02   0.76861E+00  -0.32602E+00
   0.61250E+01   0.29999E+02   0.28414E+02   0.73201E+00  -0.24449E+00
   0.64750E+01   0.29998E+02   0.28753E+02   0.68297E+00  -0.17062E+00
   0.68250E+01   0.29996E+02   0.29002E+02   0.62887E+00  -0.11622E+00
   0.71750E+01   0.29993E+02   0.29175E+02   0.57214E+00  -0.63959E-01
   0.75250E+01   0.29989E+02   0.29305E+02   0.51855E+00  -0.14991E-01
   0.78750E+01   0.29983E+02   0.29133E+02   0.47056E+00   0.62081E-02
   0.82250E+01   0.29973E+02   0.28769E+02   0.42853E+00   0.14007E-01
   0.85750E+01   0.29960E+02   0.28619E+02   0.39369E+00   0.29571E-01
   0.89250E+01   0.29941E+02   0.28605E+02   0.36858E+00   0.38338E-01
   0.92750E+01   0.29925E+02   0.28589E+02   0.35152E+00   0.34401E-01
   0.96250E+01   0.29914E+02   0.28536E+02   0.33760E+00   0.26074E-01
   0.99750E+01   0.29902E+02   0.28477E+02   0.32709E+00   0.17117E-01
   0.10325E+02   0.29892E+02   0.28344E+02   0.31975E+00   0.98585E-02
   0.10675E+02   0.29881E+02   0.28154E+02   0.31123E+00   0.81627E-03
   0.11025E+02   0.29867E+02   0.27905E+02   0.30508E+00  -0.17859E-01
   0.11375E+02   0.29854E+02   0.27680E+02   0.29711E+00  -0.34130E-01
   0.11725E+02   0.29839E+02   0.27387E+02   0.28416E+00  -0.47938E-01
   0.12075E+02   0.29817E+02   0.26899E+02   0.27294E+00  -0.75635E-01
   0.12425E+02   0.29804E+02   0.26461E+02   0.27146E+00  -0.10043E+00
   0.12775E+02   0.29796E+02   0.26038E+02   0.27052E+00  -0.11926E+00
   0.13125E+02   0.29782E+02   0.25727E+02   0.27224E+00  -0.14022E+00
   0.13475E+02   0.29781E+02   0.25455E+02   0.27772E+00  -0.16197E+00
   0.13825E+02   0.29794E+02   0.24926E+02   0.28283E+00  -0.18931E+00
   0.14175E+02   0.29807E+02   0.24546E+02   0.29044E+00  -0.21252E+00
   0.14525E+02   0.29817E+02   0.24563E+02   0.29940E+00  -0.22636E+00
   0.14875E+02   0.29831E+02   0.24663E+02   0.31046E+00  -0.23196E+00
   0.15225E+02   0.29848E+02   0.24604E+02   0.32595E+00  -0.24695E+00
   0.15575E+02   0.29868E+02   0.24325E+02   0.34363E+00  -0.28037E+00
   0.15925E+02   0.29884E+02   0.24280E+02   0.35542E+00  -0.29641E+00
   0.16275E+02   0.29898E+02   0.24345E+02   0.37675E+00  -0.30475E+00
   0.16625E+02   0.29915E+02   0.24101E+02   0.40308E+00  -0.33279E+00
   0.16975E+02   0.29931E+02   0.24057E+02   0.42310E+00  -0.35602E+00
   0.17325E+02   0.29943E+02   0.24426E+02   0.43979E+00  -0.36341E+00
   0.17675E+02   0.29953E+02   0.24994E+02   0.46176E+00  -0.35868E+00
   0.18025E+02   0.29961E+02   0.25513E+02   0.48706E+00  -0.34603E+00
   0.18375E+02   0.29969E+02   0.26082E+02   0.50953E+00  -0.33635E+00
   0.18725E+02   0.29975E+02   0.26809E+02   0.52673E+00  -0.31900E+00
   0.19075E+02   0.29979E+02   0.26982E+02   0.53402E+00  -0.29610E+00
   0.19425E+02   0.29981E+02   0.26899E+02   0.53418E+00  -0.27767E+00
   0.19775E+02   0.29983E+02   0.27153E+02   0.53244E+00  -0.25141E+00
   0.20125E+02   0.29983E+02   0.27318E+02   0.52371E+00  -0.21777E+00
   0.20475E+02   0.29982E+02   0.27136E+02   0.50385E+00  -0.19271E+00
   0.20825E+02   0.29979E+02   0.27106E+02   0.48844E+00  -0.17137E+00
   0.21175E+02   0.29976E+02   0.27513E+02   0.47834E+00  -0.13852E+00
   0.21525E+02   0.29973E+02   0.27481E+02   0.46745E+00  -0.11875E+00
   0.21875E+02   0.29970E+02   0.27211E+02   0.44830E+00  -0.11627E+00
   0.22225E+02   0.29964E+02   0.27202E+02   0.42301E+00  -0.99789E-01
   0.22575E+02   0.29956E+02   0.27223E+02   0.40403E+00  -0.74294E-01
   0.22925E+02   0.29946E+02   0.27279E+02   0.39040E+00  -0.59842E-01
   0.23275E+02   0.29936E+02   0.27361E+02   0.37470E+00  -0.57326E-01
   0.23625E+02   0.29928E+02   0.27303E+02   0.35973E+00  -0.59378E-01
   0.23975E+02   0.29917E+02   0.27125E+02   0.34605E+00  -0.63116E-01
   0.24325E+02   0.29906E+02   0.27125E+02   0.33474E+00  -0.60346E-01
   0.24675E+02   0.29894E+02   0.27182E+02   0.32380E+00  -0.53468E-01
   0.25025E+02   0.29881E+02   0.27027E+02   0.31770E+00  -0.67901E-01
   0.25375E+02   0.29870E+02   0.26712E+02   0.31180E+00  -0.91557E-01
   0.25725E+02   0.29861E+02   0.26438E+02   0.30386E+00  -0.10030E+00
   0.26075E+02   0.29854E+02   0.26301E+02   0.30232E+00  -0.10571E+00
   0.26425E+02   0.29851E+02   0.26129E+02   0.30520E+00  -0.11853E+00
   0.26775E+02   0.29849E+02   0.25850E+02   0.30560E+00  -0.13311E+00
   0.27125E+02   0.29844E+02   0.25482E+02   0.29987E+00  -0.15020E+00
   0.27475E+02   0.29839E+02   0.25306E+02   0.30040E+00  -0.16560E+00
   0.27825E+02   0.29841E+02   0.25297E+02   0.31260E+00  -0.17227E+00
   0.28175E+02   0.29853E+02   0.25127E+02   0.32306E+00  -0.18762E+00
   0.28525E+02   0.29863E+02   0.24866E+02   0.32406E+00  -0.21272E+00
   0.28875E+02   0.29866E+02   0.24754E+02   0.32683E+00  -0.22632E+00
   0.29225E+02   0.29873E+02   0.24766E+02   0.33924E+00  -0.23033E+00
   0.29575E+02   0.29885E+02   0.24715E+02   0.35311E+00  -0.24409E+00
   0.29925E+02   0.29897E+02   0.24646E+02   0.36772E+00  -0.26618E+00
   0.30275E+02   0.29909E+02   0.24530E+02   0.37927E+00  -0.28369E+00
   0.30625E+02   0.29918E+02   0.24501E+02   0.38773E+00  -0.29190E+00
   0.30975E+02   0.29927E+02   0.24646E+02   0.40456E+00  -0.29757E+00
   0.31325E+02   0.29937E+02   0.24999E+02   0.42378E+00  -0.30395E+00
   0.31675E+02   0.29946E+02   0.25318E+02   0.43865E+00  -0.30155E+00
   0.32025E+02   0.29953E+02   0.25473E+02   0.44710E+00  -0.29712E+00
   0.32375E+02   0.29958E+02   0.25494E+02   0.46291E+00  -0.29655E+00
   0.32725E+02   0.29964E+02   0.25759E+02   0.47688E+00  -0.28735E+00
   0.33075E+02   0.29968E+02   0.26236E+02   0.48307E+00  -0.27452E+00
   0.33425E+02   0.29971E+02   0.26553E+02   0.48564E+00  -0.25624E+00
   0.33775E+02   0.29972E+02   0.27072E+02   0.48367E+00  -0.22466E+00
   0.34125E+02   0.29972E+02   0.27401E+02   0.48097E+00  -0.19864E+00
   0.34475E+02   0.29972E+02   0.27633E+02   0.47863E+00  -0.18044E+00
   0.34825E+02   0.29972E+02   0.27927E+02   0.47520E+00  -0.15772E+00
   0.35175E+02   0.29970E+02   0.27981E+02   0.45955E+00  -0.13495E+00
   0.35525E+02   0.29966E+02   0.27820E+02   0.44028E+00  -0.11466E+00
   0.35875E+02   0.29961E+02   0.27312E+02   0.41958E+00  -0.10610E+00
   0.36225E+02   0.29954E+02   0.26968E+02   0.39541E+00  -0.99962E-01
   0.36575E+02   0.29943E+02   0.26837E+02   0.37330E+00  -0.87703E-01
   0.36925E+02   0.29931E+02   0.26776E+02   0.36298E+00  -0.83270E-01
   0.37275E+02   0.29920E+02   0.26891E+02   0.35693E+00  -0.77624E-01
   0.37625E+02   0.29912E+02   0.26706E+02   0.34710E+00  -0.87731E-01
   0.37975E+02   0.29904E+02   0.26434E+02   0.33873E+00  -0.10631E+00
   0.38325E+02   0.29894E+02   0.26443E+02   0.33523E+00  -0.10107E+00
   0.38675E+02   0.29889E+02   0.26451E+02   0.33508E+00  -0.95771E-01
   0.39025E+02   0.29888E+02   0.26262E+02   0.33168E+00  -0.11011E+00
   0.39375E+02   0.29884E+02   0.26070E+02   0.32756E+00  -0.12582E+00
   0.39725E+02   0.29878E+02   0.26006E+02   0.32288E+00  -0.12773E+00
   0.40075E+02   0.29870E+02   0.25955E+02   0.32224E+00  -0.12896E+00
   0.40425E+02   0.29869E+02   0.25819E+02   0.32672E+00  -0.14411E+00
   0.40775E+02   0.29872E+02   0.25440E+02   0.32692E+00  -0.16759E+00
   0.41125E+02   0.29872E+02   0.25232E+02   0.32269E+00  -0.17988E+00
   0.41475E+02   0.29869E+02   0.25177E+02   0.32161E+00  -0.18735E+00
   0.41825E+02   0.29869E+02   0.24834E+02   0.33043E+00  -0.20448E+00
   0.42175E+02   0.29877E+02   0.24462E+02   0.34259E+00  -0.22701E+00
   0.42525E+02   0.29888E+02   0.24215E+02   0.34734E+00  -0.25307E+00
   0.42875E+02   0.29894E+02   0.24320E+02   0.35263E+00  -0.26415E+00
   0.43225E+02   0.29900E+02   0.24523E+02   0.36747E+00  -0.26380E+00
   0.43575E+02   0.29911E+02   0.24671E+02   0.38688E+00  -0.27310E+00
   0.43925E+02   0.29923E+02   0.24801E+02   0.40647E+00  -0.28693E+00
   0.44275E+02   0.29934E+02   0.24606E+02   0.41631E+00  -0.30220E+00
   0.44625E+02   0.29942E+02   0.24790E+02   0.42423E+00  -0.30506E+00
   0.44975E+02   0.29949E+02   0.25186E+02   0.44319E+00  -0.29309E+00
   0.45325E+02   0.29956E+02   0.25375E+02   0.45912E+00  -0.28950E+00
   0.45675E+02   0.29961E+02   0.25474E+02   0.46140E+00  -0.28906E+00
   0.46025E+02   0.29964E+02   0.25725E+02   0.46063E+00  -0.27590E+00
   0.46375E+02   0.29966E+02   0.26124E+02   0.47246E+00  -0.25751E+00
   0.46725E+02   0.29969E+02   0.26651E+02   0.48289E+00  -0.23390E+00
   0.47075E+02   0.29971E+02   0.26863E+02   0.48297E+00  -0.21967E+00
   0.47425E+02   0.29971E+02   0.26772E+02   0.47545E+00  -0.20989E+00
   0.47775E+02   0.29970E+02   0.27163E+02   0.46607E+00  -0.18147E+00
   0.48125E+02   0.29969E+02   0.27287E+02   0.45700E+00  -0.15549E+00
   0.48475E+02   0.29966E+02   0.27332E+02   0.44568E+00  -0.13646E+00
   0.48825E+02   0.29962E+02   0.27472E+02   0.43386E+00  -0.11485E+00
   0.49175E+02   0.29957E+02   0.27472E+02   0.41647E+00  -0.95699E-01
   0.49525E+02   0.29951E+02   0.27477E+02   0.39680E+00  -0.83262E-01
   0.49875E+02   0.29944E+02   0.27180E+02   0.38217E+00  -0.88437E-01
   0.50225E+02   0.29932E+02   0.26986E+02   0.36967E+00  -0.86818E-01
   0.50575E+02   0.29920E+02   0.27129E+02   0.35791E+00  -0.68782E-01
   0.50925E+02   0.29910E+02   0.27100E+02   0.34201E+00  -0.73461E-01
   0.51275E+02   0.29895E+02   0.26906E+02   0.33135E+00  -0.86528E-01
   0.51625E+02   0.29886E+02   0.26735E+02   0.33121E+00  -0.91874E-01
   0.51975E+02   0.29883E+02   0.26388E+02   0.32825E+00  -0.10382E+00
   0.52325E+02   0.29878E+02   0.26178E+02   0.32030E+00  -0.11398E+00
   0.52675E+02   0.29870E+02   0.26002E+02   0.31531E+00  -0.12313E+00
   0.53025E+02   0.29863E+02   0.25766E+02   0.31583E+00  -0.13083E+00
   0.53375E+02   0.29859E+02   0.25644E+02   0.31695E+00  -0.14008E+00
   0.53725E+02   0.29860E+02   0.25631E+02   0.31818E+00  -0.15583E+00
   0.54075E+02   0.29863E+02   0.25580E+02   0.32080E+00  -0.16438E+00
   0.54425E+02   0.29871E+02   0.25350E+02   0.32886E+00  -0.17354E+00
   0.54775E+02   0.29879E+02   0.25027E+02   0.33083E+00  -0.19342E+00
   0.55125E+02   0.29879E+02   0.24982E+02   0.32755E+00  -0.20138E+00
   0.55475E+02   0.29877E+02   0.24940E+02   0.33439E+00  -0.20772E+00
   0.55825E+02   0.29884E+02   0.24790E+02   0.34898E+00  -0.22397E+00
   0.56175E+02   0.29894E+02   0.24899E+02   0.35736E+00  -0.23836E+00
   0.56525E+02   0.29902E+02   0.24886E+02   0.36312E+00  -0.25375E+00
   0.56875E+02   0.29910E+02   0.24932E+02   0.37326E+00  -0.25890E+00
   0.57225E+02   0.29917E+02   0.25328E+02   0.38931E+00  -0.24972E+00
   0.57575E+02   0.29927E+02   0.25829E+02   0.40385E+00  -0.24619E+00
   0.57925E+02   0.29935E+02   0.25988E+02   0.41053E+00  -0.25061E+00
   0.58275E+02   0.29941E+02   0.25907E+02   0.42074E+00  -0.25070E+00
   0.58625E+02   0.29946E+02   0.26082E+02   0.42747E+00  -0.24249E+00
   0.58975E+02   0.29950E+02   0.26302E+02   0.42945E+00  -0.22701E+00
   0.59325E+02   0.29953E+02   0.26183E+02   0.43159E+00  -0.22334E+00
   0.59675E+02   0.29954E+02   0.26215E+02   0.42952E+00  -0.21897E+00
   0.60025E+02   0.29954E+02   0.26324E+02   0.42582E+00  -0.20327E+00
   0.60375E+02   0.29953E+02   0.26243E+02   0.42577E+00  -0.19522E+00
   0.60725E+02   0.29953E+02   0.26304E+02   0.42700E+00  -0.18865E+00
   0.61075E+02   0.29953E+02   0.26428E+02   0.42496E+00  -0.17620E+00
   0.61425E+02   0.29951E+02   0.26417E+02   0.41728E+00  -0.16535E+00
   0.61775E+02   0.29949E+02   0.26325E+02   0.40982E+00  -0.16074E+00
   0.62125E+02   0.29948E+02   0.26218E+02   0.40309E+00  -0.15639E+00
   0.62475E+02   0.29944E+02   0.26361E+02   0.39694E+00  -0.14213E+00
   0.62825E+02   0.29940E+02   0.26599E+02   0.39247E+00  -0.12846E+00
   0.63175E+02   0.29938E+02   0.26484E+02   0.38275E+00  -0.12558E+00
   0.63525E+02   0.29932E+02   0.26215E+02   0.36839E+00  -0.13020E+00
   0.63875E+02   0.29926E+02   0.25918E+02   0.36254E+00  -0.13879E+00
   0.64225E+02   0.29922E+02   0.25889E+02   0.35820E+00  -0.13211E+00
   0.64575E+02   0.29915E+02   0.26189E+02   0.35067E+00  -0.11985E+00
   0.64925E+02   0.29909E+02   0.26267E+02   0.34805E+00  -0.12571E+00
   0.65275E+02   0.29904E+02   0.26402E+02   0.34670E+00  -0.12511E+00
   0.65625E+02   0.29899E+02   0.26575E+02   0.34606E+00  -0.11840E+00
   0.65975E+02   0.29896E+02   0.26336E+02   0.34349E+00  -0.12915E+00
   0.66325E+02   0.29896E+02   0.26031E+02   0.34183E+00  -0.13877E+00
   0.66675E+02   0.29897E+02   0.25842E+02   0.33687E+00  -0.14151E+00
   0.67025E+02   0.29891E+02   0.25870E+02   0.32579E+00  -0.14123E+00
   0.67375E+02   0.29879E+02   0.25897E+02   0.31943E+00  -0.14065E+00
   0.67725E+02   0.29873E+02   0.25811E+02   0.32675E+00  -0.15236E+00
   0.68075E+02   0.29878E+02   0.25725E+02   0.33484E+00  -0.16682E+00
   0.68425E+02   0.29882E+02   0.25346E+02   0.33611E+00  -0.18647E+00
   0.68775E+02   0.29884E+02   0.25130E+02   0.33997E+00  -0.20145E+00
   0.69125E+02   0.29888E+02   0.25104E+02   0.34473E+00  -0.20412E+00
   0.69475E+02   0.29893E+02   0.25008E+02   0.35198E+00  -0.21335E+00
   0.69825E+02   0.29899E+02   0.24892E+02   0.35737E+00  -0.22671E+00
   0.70175E+02   0.29905E+02   0.24628E+02   0.36013E+00  -0.24216E+00
   0.70525E+02   0.29911E+02   0.24684E+02   0.37092E+00  -0.24699E+00
   0.70875E+02   0.29919E+02   0.24779E+02   0.38598E+00  -0.24905E+00
   0.71225E+02   0.29926E+02   0.24529E+02   0.39705E+00  -0.26647E+00
   0.71575E+02   0.29932E+02   0.24193E+02   0.40123E+00  -0.28551E+00
   0.71925E+02   0.29937E+02   0.23874E+02   0.40709E+00  -0.30424E+00
   0.72275E+02   0.29942E+02   0.23663E+02   0.42221E+00  -0.31996E+00
   0.72625E+02   0.29949E+02   0.23586E+02   0.43636E+00  -0.33177E+00
   0.72975E+02   0.29955E+02   0.23845E+02   0.44836E+00  -0.34087E+00
   0.73325E+02   0.29960E+02   0.24109E+02   0.46561E+00  -0.34247E+00
   0.73675E+02   0.29965E+02   0.24597E+02   0.48160E+00  -0.33249E+00
   0.74025E+02   0.29970E+02   0.25582E+02   0.49527E+00  -0.31289E+00
   0.74375E+02   0.29974E+02   0.26513E+02   0.51256E+00  -0.28690E+00
   0.74725E+02   0.29977E+02   0.27246E+02   0.52534E+00  -0.25429E+00
   0.75075E+02   0.29980E+02   0.27692E+02   0.52318E+00  -0.22670E+00
   0.75425E+02   0.29980E+02   0.27723E+02   0.51131E+00  -0.20353E+00
   0.75775E+02   0.29980E+02   0.27398E+02   0.49804E+00  -0.17979E+00
   0.76125E+02   0.29978E+02   0.26966E+02   0.47934E+00  -0.15927E+00
   0.76475E+02   0.29974E+02   0.26748E+02   0.45464E+00  -0.13951E+00
   0.76825E+02   0.29967E+02   0.26870E+02   0.43235E+00  -0.11781E+00
   0.77175E+02   0.29960E+02   0.27093E+02   0.41573E+00  -0.97701E-01
   0.77525E+02   0.29953E+02   0.27126E+02   0.40218E+00  -0.87710E-01
   0.77875E+02   0.29945E+02   0.27065E+02   0.39293E+00  -0.87341E-01
   0.78225E+02   0.29938E+02   0.27040E+02   0.38316E+00  -0.81289E-01
   0.78575E+02   0.29932E+02   0.26919E+02   0.36879E+00  -0.76867E-01
   0.78925E+02   0.29923E+02   0.26652E+02   0.35521E+00  -0.84880E-01
   0.79275E+02   0.29912E+02   0.26389E+02   0.34190E+00  -0.89646E-01
   0.79625E+02   0.29900E+02   0.26397E+02   0.33133E+00  -0.85115E-01
   0.79975E+02   0.29890E+02   0.26608E+02   0.32605E+00  -0.79457E-01
   0.80325E+02   0.29884E+02   0.26760E+02   0.32401E+00  -0.82372E-01
   0.80675E+02   0.29882E+02   0.26818E+02   0.32329E+00  -0.86667E-01
   0.81025E+02   0.29878E+02   0.26763E+02   0.32075E+00  -0.92141E-01
   0.81375E+02   0.29874E+02   0.26613E+02   0.31361E+00  -0.99703E-01
   0.81725E+02   0.29866E+02   0.26553E+02   0.30678E+00  -0.99935E-01
   0.82075E+02   0.29857E+02   0.26523E+02   0.30347E+00  -0.10211E+00
   0.82425E+02   0.29850E+02   0.26358E+02   0.29869E+00  -0.11315E+00
   0.82775E+02   0.29842E+02   0.26102E+02   0.29296E+00  -0.12793E+00
   0.83125E+02   0.29832E+02   0.25932E+02   0.29346E+00  -0.14134E+00
   0.83475E+02   0.29830E+02   0.25733E+02   0.30114E+00  -0.15581E+00
   0.83825E+02   0.29837E+02   0.25449E+02   0.30928E+00  -0.17255E+00
   0.84175E+02   0.29844E+02   0.25206E+02   0.31192E+00  -0.19344E+00
   0.84525E+02   0.29849E+02   0.25080E+02   0.31671E+00  -0.20727E+00
   0.84875E+02   0.29859E+02   0.25121E+02   0.32940E+00  -0.21024E+00
   0.85225E+02   0.29874E+02   0.24967E+02   0.34297E+00  -0.22673E+00
   0.85575E+02   0.29887E+02   0.24821E+02   0.35313E+00  -0.24643E+00
   0.85925E+02   0.29897E+02   0.24811E+02   0.36387E+00  -0.25229E+00
   0.86275E+02   0.29907E+02   0.24832E+02   0.37894E+00  -0.26060E+00
   0.86625E+02   0.29917E+02   0.24714E+02   0.39131E+00  -0.27757E+00
   0.86975E+02   0.29927E+02   0.24503E+02   0.40250E+00  -0.29764E+00
   0.87325E+02   0.29936E+02   0.24617E+02   0.41494E+00  -0.30485E+00
   0.87675E+02   0.29943E+02   0.24859E+02   0.42680E+00  -0.30024E+00
   0.88025E+02   0.29950E+02   0.24897E+02   0.44201E+00  -0.30667E+00
   0.88375E+02   0.29956E+02   0.24738E+02   0.45783E+00  -0.31927E+00
   0.88725E+02   0.29962E+02   0.24793E+02   0.47179E+00  -0.32340E+00
   0.89075E+02   0.29967E+02   0.25000E+02   0.48182E+00  -0.31742E+00
   0.89425E+02   0.29970E+02   0.25042E+02   0.48606E+00  -0.30966E+00
   0.89775E+02   0.29973E+02   0.25020E+02   0.49341E+00  -0.30206E+00
   0.90125E+02   0.29975E+02   0.25026E+02   0.49936E+00  -0.29285E+00
   0.90475E+02   0.29977E+02   0.25452E+02   0.50167E+00  -0.27383E+00
   0.90825E+02   0.29977E+02   0.26253E+02   0.50476E+00  -0.24546E+00
   0.91175E+02   0.29978E+02   0.26752E+02   0.50978E+00  -0.22226E+00
   0.91525E+02   0.29979E+02   0.26873E+02   0.50674E+00  -0.20223E+00
   0.91875E+02   0.29978E+02   0.26950E+02   0.49013E+00  -0.18017E+00
   0.92225E+02   0.29976E+02   0.27029E+02   0.47256E+00  -0.15235E+00
   0.92575E+02   0.29972E+02   0.27159E+02   0.45875E+00  -0.12165E+00
   0.92925E+02   0.29967E+02   0.27339E+02   0.44834E+00  -0.99169E-01
   0.93275E+02   0.29962E+02   0.27250E+02   0.42816E+00  -0.93324E-01
   0.93625E+02   0.29954E+02   0.27062E+02   0.40006E+00  -0.90943E-01
   0.93975E+02   0.29943E+02   0.27041E+02   0.38160E+00  -0.77066E-01
   0.94325E+02   0.29934E+02   0.27095E+02   0.37177E+00  -0.63855E-01
   0.94675E+02   0.29923E+02   0.27195E+02   0.35911E+00  -0.59534E-01
   0.95025E+02   0.29909E+02   0.27278E+02   0.34553E+00  -0.60606E-01
   0.95375E+02   0.29898E+02   0.27304E+02   0.33626E+00  -0.61217E-01
   0.95725E+02   0.29892E+02   0.27293E+02   0.32990E+00  -0.59513E-01
   0.96075E+02   0.29888E+02   0.27177E+02   0.32378E+00  -0.67630E-01
   0.96425E+02   0.29882E+02   0.27184E+02   0.31493E+00  -0.69338E-01
   0.96775E+02   0.29870E+02   0.27248E+02   0.30309E+00  -0.58780E-01
   0.97125E+02   0.29855E+02   0.27101E+02   0.29326E+00  -0.66599E-01
   0.97475E+02   0.29845E+02   0.26839E+02   0.28833E+00  -0.86731E-01
   0.97825E+02   0.29836E+02   0.26547E+02   0.28531E+00  -0.10035E+00
   0.98175E+02   0.29830E+02   0.26124E+02   0.28503E+00  -0.11876E+00
   0.98525E+02   0.29824E+02   0.25700E+02   0.28184E+00  -0.14177E+00
   0.98875E+02   0.29819E+02   0.25397E+02   0.28328E+00  -0.15831E+00
   0.99225E+02   0.29823E+02   0.24949E+02   0.29016E+00  -0.18238E+00
   0.99575E+02   0.29828E+02   0.24536E+02   0.29897E+00  -0.21094E+00
   0.99925E+02   0.29835E+02   0.24457E+02   0.31511E+00  -0.22712E+00
   0.10027E+03   0.29851E+02   0.24419E+02   0.33163E+00  -0.24428E+00
   0.10062E+03   0.29870E+02   0.24394E+02   0.34807E+00  -0.26488E+00
   0.10097E+03   0.29887E+02   0.24540E+02   0.36452E+00  -0.28105E+00
   0.10132E+03   0.29902E+02   0.24400E+02   0.37773E+00  -0.29694E+00
   0.10167E+03   0.29916E+02   0.24173E+02   0.39080E+00  -0.31292E+00
   0.10202E+03   0.29928E+02   0.24487E+02   0.41172E+00  -0.32253E+00
   0.10237E+03   0.29939E+02   0.25165E+02   0.43091E+00  -0.31802E+00
   0.10272E+03   0.29949E+02   0.25995E+02   0.44526E+00  -0.30625E+00
   0.10307E+03   0.29956E+02   0.25921E+02   0.46064E+00  -0.31051E+00
   0.10342E+03   0.29962E+02   0.25381E+02   0.47205E+00  -0.31995E+00
   0.10377E+03   0.29967E+02   0.25787E+02   0.48393E+00  -0.30295E+00
   0.10412E+03   0.29971E+02   0.26420E+02   0.49366E+00  -0.28004E+00
   0.10447E+03   0.29973E+02   0.26954E+02   0.49837E+00  -0.26169E+00
   0.10482E+03   0.29975E+02   0.27123E+02   0.50004E+00  -0.24173E+00
   0.10517E+03   0.29976E+02   0.27025E+02   0.49271E+00  -0.22615E+00
   0.10552E+03   0.29975E+02   0.27108E+02   0.48387E+00  -0.20325E+00
   0.10587E+03   0.29974E+02   0.26963E+02   0.48090E+00  -0.18426E+00
   0.10622E+03   0.29973E+02   0.26937E+02   0.47407E+00  -0.16419E+00
   0.10657E+03   0.29970E+02   0.27143E+02   0.45650E+00  -0.13602E+00
   0.10692E+03   0.29965E+02   0.27207E+02   0.43644E+00  -0.12145E+00
   0.10727E+03   0.29960E+02   0.27055E+02   0.41918E+00  -0.11130E+00
   0.10762E+03   0.29955E+02   0.27053E+02   0.40640E+00  -0.94621E-01
   0.10797E+03   0.29950E+02   0.27260E+02   0.40051E+00  -0.81206E-01
   0.10832E+03   0.29942E+02   0.27264E+02   0.38338E+00  -0.70942E-01
   0.10867E+03   0.29932E+02   0.27104E+02   0.35965E+00  -0.68561E-01
   0.10902E+03   0.29918E+02   0.26926E+02   0.34680E+00  -0.74552E-01
   0.10937E+03   0.29908E+02   0.26870E+02   0.34021E+00  -0.74054E-01
   0.10972E+03   0.29896E+02   0.26887E+02   0.32892E+00  -0.71718E-01
   0.11007E+03   0.29885E+02   0.26727E+02   0.32147E+00  -0.88084E-01
   0.11042E+03   0.29880E+02   0.26380E+02   0.31888E+00  -0.10735E+00
   0.11077E+03   0.29874E+02   0.26073E+02   0.31223E+00  -0.11377E+00
   0.11112E+03   0.29868E+02   0.25875E+02   0.30873E+00  -0.12545E+00
   0.11147E+03   0.29863E+02   0.25791E+02   0.31023E+00  -0.13645E+00
   0.11182E+03   0.29861E+02   0.25688E+02   0.31627E+00  -0.14286E+00
   0.11217E+03   0.29861E+02   0.25570E+02   0.31820E+00  -0.15466E+00
   0.11252E+03   0.29861E+02   0.25576E+02   0.31725E+00  -0.16495E+00
   0.11287E+03   0.29863E+02   0.25321E+02   0.32351E+00  -0.17764E+00
   0.11322E+03   0.29871E+02   0.24825E+02   0.33222E+00  -0.20176E+00
   0.11357E+03   0.29876E+02   0.24454E+02   0.33382E+00  -0.22554E+00
   0.11392E+03   0.29879E+02   0.24411E+02   0.33769E+00  -0.23622E+00
   0.11427E+03   0.29886E+02   0.24445E+02   0.34665E+00  -0.24495E+00
   0.11462E+03   0.29895E+02   0.24553E+02   0.35677E+00  -0.25889E+00
   0.11497E+03   0.29905E+02   0.24582E+02   0.37381E+00  -0.27327E+00
   0.11532E+03   0.29916E+02   0.24089E+02   0.38957E+00  -0.29733E+00
   0.11567E+03   0.29926E+02   0.23956E+02   0.40302E+00  -0.31699E+00
   0.11602E+03   0.29936E+02   0.24471E+02   0.42217E+00  -0.32017E+00
   0.11637E+03   0.29946E+02   0.25151E+02   0.44034E+00  -0.31278E+00
   0.11672E+03   0.29953E+02   0.25680E+02   0.45102E+00  -0.29938E+00
   0.11707E+03   0.29959E+02   0.25947E+02   0.46175E+00  -0.29558E+00
   0.11742E+03   0.29964E+02   0.26085E+02   0.47644E+00  -0.28919E+00
   0.11777E+03   0.29968E+02   0.26550E+02   0.48939E+00  -0.26552E+00
   0.11812E+03   0.29972E+02   0.27280E+02   0.49606E+00  -0.24078E+00
   0.11847E+03   0.29974E+02   0.27638E+02   0.49281E+00  -0.21821E+00
   0.11882E+03   0.29974E+02   0.27762E+02   0.48014E+00  -0.19223E+00
   0.11917E+03   0.29972E+02   0.27958E+02   0.46522E+00  -0.16524E+00
   0.11952E+03   0.29970E+02   0.28173E+02   0.45484E+00  -0.13503E+00
   0.11987E+03   0.29966E+02   0.28353E+02   0.44910E+00  -0.10538E+00
   0.12022E+03   0.29963E+02   0.28298E+02   0.43559E+00  -0.91540E-01
   0.12057E+03   0.29959E+02   0.27988E+02   0.40896E+00  -0.85246E-01
   0.12092E+03   0.29949E+02   0.27580E+02   0.38073E+00  -0.76390E-01
   0.12127E+03   0.29933E+02   0.27424E+02   0.36178E+00  -0.63060E-01
   0.12162E+03   0.29920E+02   0.27465E+02   0.35184E+00  -0.50159E-01
   0.12197E+03   0.29908E+02   0.27417E+02   0.34000E+00  -0.54245E-01
   0.12232E+03   0.29895E+02   0.27391E+02   0.32721E+00  -0.62063E-01
   0.12267E+03   0.29884E+02   0.27208E+02   0.31802E+00  -0.65748E-01
   0.12302E+03   0.29877E+02   0.27029E+02   0.31652E+00  -0.68983E-01
   0.12337E+03   0.29872E+02   0.26896E+02   0.31392E+00  -0.78645E-01
   0.12372E+03   0.29864E+02   0.26503E+02   0.30702E+00  -0.99351E-01
   0.12407E+03   0.29855E+02   0.26189E+02   0.30191E+00  -0.11029E+00
   0.12442E+03   0.29844E+02   0.26093E+02   0.29896E+00  -0.11979E+00
   0.12477E+03   0.29841E+02   0.25838E+02   0.30465E+00  -0.13545E+00
   0.12512E+03   0.29847E+02   0.25434E+02   0.30753E+00  -0.15503E+00
   0.12547E+03   0.29849E+02   0.25163E+02   0.30727E+00  -0.17784E+00
   0.12582E+03   0.29851E+02   0.25004E+02   0.31272E+00  -0.18820E+00
   0.12617E+03   0.29857E+02   0.25051E+02   0.31930E+00  -0.19261E+00
   0.12652E+03   0.29864E+02   0.25273E+02   0.32990E+00  -0.20466E+00
   0.12687E+03   0.29873E+02   0.25176E+02   0.34365E+00  -0.22080E+00
   0.12722E+03   0.29885E+02   0.24941E+02   0.35056E+00  -0.23574E+00
   0.12757E+03   0.29893E+02   0.24961E+02   0.35469E+00  -0.24720E+00
   0.12792E+03   0.29902E+02   0.25132E+02   0.36794E+00  -0.24876E+00
   0.12827E+03   0.29912E+02   0.25143E+02   0.38191E+00  -0.25151E+00
   0.12862E+03   0.29920E+02   0.25181E+02   0.38930E+00  -0.26048E+00
   0.12897E+03   0.29927E+02   0.25546E+02   0.39639E+00  -0.26441E+00
   0.12932E+03   0.29934E+02   0.26031E+02   0.41058E+00  -0.25661E+00
   0.12967E+03   0.29941E+02   0.26293E+02   0.42639E+00  -0.24801E+00
   0.13002E+03   0.29948E+02   0.26112E+02   0.43511E+00  -0.25424E+00
   0.13037E+03   0.29953E+02   0.26366E+02   0.43682E+00  -0.24488E+00
   0.13072E+03   0.29956E+02   0.27162E+02   0.43870E+00  -0.21035E+00
   0.13107E+03   0.29957E+02   0.27172E+02   0.44266E+00  -0.19767E+00
   0.13142E+03   0.29958E+02   0.26729E+02   0.44459E+00  -0.20182E+00
   0.13177E+03   0.29959E+02   0.26632E+02   0.43919E+00  -0.19423E+00
   0.13212E+03   0.29958E+02   0.26598E+02   0.42767E+00  -0.17792E+00
   0.13247E+03   0.29954E+02   0.26896E+02   0.41839E+00  -0.15279E+00
   0.13282E+03   0.29951E+02   0.27147E+02   0.41436E+00  -0.13649E+00
   0.13317E+03   0.29949E+02   0.26737E+02   0.40709E+00  -0.13985E+00
   0.13352E+03   0.29945E+02   0.26376E+02   0.39218E+00  -0.14423E+00
   0.13387E+03   0.29939E+02   0.26455E+02   0.38207E+00  -0.13388E+00
   0.13422E+03   0.29933E+02   0.26568E+02   0.37927E+00  -0.11535E+00
   0.13457E+03   0.29929E+02   0.26665E+02   0.37653E+00  -0.11104E+00
   0.13492E+03   0.29922E+02   0.26752E+02   0.36601E+00  -0.11692E+00
   0.13527E+03   0.29916E+02   0.26787E+02   0.35201E+00  -0.10860E+00
   0.13562E+03   0.29912E+02   0.26590E+02   0.34325E+00  -0.10878E+00
   0.13597E+03   0.29909E+02   0.26336E+02   0.34528E+00  -0.11794E+00
   0.13632E+03   0.29903E+02   0.26444E+02   0.34273E+00  -0.10924E+00
   0.13667E+03   0.29894E+02   0.26610E+02   0.32946E+00  -0.10206E+00
   0.13702E+03   0.29884E+02   0.26581E+02   0.31947E+00  -0.10966E+00
   0.13737E+03   0.29878E+02   0.26438E+02   0.31937E+00  -0.11997E+00
   0.13772E+03   0.29875E+02   0.26170E+02   0.32349E+00  -0.13070E+00
   0.13807E+03   0.29872E+02   0.25828E+02   0.32110E+00  -0.14499E+00
   0.13842E+03   0.29869E+02   0.25849E+02   0.31901E+00  -0.15106E+00
   0.13877E+03   0.29868E+02   0.25957E+02   0.31996E+00  -0.15035E+00
   0.13912E+03   0.29869E+02   0.25649E+02   0.32178E+00  -0.16346E+00
   0.13947E+03   0.29869E+02   0.25264E+02   0.32599E+00  -0.18855E+00
   0.13982E+03   0.29872E+02   0.25018E+02   0.33361E+00  -0.20501E+00
   0.14017E+03   0.29877E+02   0.24662E+02   0.34093E+00  -0.22077E+00
   0.14052E+03   0.29884E+02   0.24290E+02   0.35120E+00  -0.24501E+00
   0.14087E+03   0.29894E+02   0.24239E+02   0.35951E+00  -0.26228E+00
   0.14122E+03   0.29901E+02   0.24498E+02   0.36408E+00  -0.26375E+00
   0.14157E+03   0.29910E+02   0.24998E+02   0.37728E+00  -0.26023E+00
   0.14192E+03   0.29921E+02   0.25242E+02   0.39866E+00  -0.26588E+00
   0.14227E+03   0.29932E+02   0.25334E+02   0.41537E+00  -0.27286E+00
   0.14262E+03   0.29941E+02   0.25850E+02   0.42777E+00  -0.26583E+00
   0.14297E+03   0.29949E+02   0.26091E+02   0.43674E+00  -0.25913E+00
   0.14332E+03   0.29953E+02   0.25877E+02   0.43971E+00  -0.25782E+00
   0.14367E+03   0.29955E+02   0.25499E+02   0.43963E+00  -0.25800E+00
   0.14402E+03   0.29957E+02   0.25292E+02   0.43839E+00  -0.25772E+00
   0.14437E+03   0.29958E+02   0.25685E+02   0.44142E+00  -0.24060E+00
   0.14472E+03   0.29959E+02   0.26090E+02   0.44345E+00  -0.22454E+00
   0.14507E+03   0.29960E+02   0.26153E+02   0.44703E+00  -0.21970E+00
   0.14542E+03   0.29961E+02   0.26403E+02   0.45063E+00  -0.20732E+00
   0.14577E+03   0.29961E+02   0.26687E+02   0.44583E+00  -0.19034E+00
   0.14612E+03   0.29961E+02   0.26664E+02   0.43744E+00  -0.17185E+00
   0.14647E+03   0.29960E+02   0.26852E+02   0.43218E+00  -0.14901E+00
   0.14682E+03   0.29958E+02   0.27036E+02   0.42770E+00  -0.12974E+00
   0.14717E+03   0.29953E+02   0.26991E+02   0.41028E+00  -0.11406E+00
   0.14752E+03   0.29945E+02   0.27027E+02   0.39171E+00  -0.10431E+00
   0.14787E+03   0.29939E+02   0.26933E+02   0.38424E+00  -0.10193E+00
   0.14822E+03   0.29932E+02   0.26835E+02   0.37236E+00  -0.90829E-01
   0.14857E+03   0.29923E+02   0.26733E+02   0.35680E+00  -0.91538E-01
   0.14892E+03   0.29911E+02   0.26355E+02   0.34386E+00  -0.11143E+00
   0.14927E+03   0.29903E+02   0.26123E+02   0.33485E+00  -0.11444E+00
   0.14962E+03   0.29896E+02   0.26130E+02   0.33026E+00  -0.11165E+00
   0.14997E+03   0.29888E+02   0.26173E+02   0.33210E+00  -0.11569E+00
   0.15032E+03   0.29883E+02   0.26375E+02   0.33255E+00  -0.11264E+00
   0.15067E+03   0.29884E+02   0.26418E+02   0.33294E+00  -0.11729E+00
   0.15102E+03   0.29885E+02   0.26155E+02   0.33193E+00  -0.13145E+00
   0.15137E+03   0.29885E+02   0.25890E+02   0.32931E+00  -0.14082E+00
   0.15172E+03   0.29886E+02   0.25798E+02   0.32499E+00  -0.14175E+00
   0.15207E+03   0.29879E+02   0.25646E+02   0.31980E+00  -0.14703E+00
   0.15242E+03   0.29870E+02   0.25333E+02   0.31990E+00  -0.16752E+00
   0.15277E+03   0.29868E+02   0.25042E+02   0.32017E+00  -0.18575E+00
   0.15312E+03   0.29870E+02   0.24852E+02   0.32369E+00  -0.20278E+00
   0.15347E+03   0.29876E+02   0.24733E+02   0.33505E+00  -0.22223E+00
   0.15382E+03   0.29884E+02   0.24741E+02   0.34836E+00  -0.22829E+00
   0.15417E+03   0.29892E+02   0.24777E+02   0.35442E+00  -0.23506E+00
   0.15452E+03   0.29900E+02   0.24828E+02   0.36439E+00  -0.24827E+00
   0.15487E+03   0.29910E+02   0.24864E+02   0.37789E+00  -0.25444E+00
   0.15522E+03   0.29920E+02   0.24815E+02   0.38877E+00  -0.25850E+00
   0.15557E+03   0.29928E+02   0.25024E+02   0.39886E+00  -0.25975E+00
   0.15592E+03   0.29935E+02   0.25295E+02   0.41065E+00  -0.25642E+00
   0.15627E+03   0.29941E+02   0.25537E+02   0.41612E+00  -0.25208E+00
   0.15662E+03   0.29945E+02   0.25634E+02   0.41971E+00  -0.25208E+00
   0.15697E+03   0.29949E+02   0.25726E+02   0.42831E+00  -0.24943E+00
   0.15732E+03   0.29953E+02   0.25984E+02   0.43571E+00  -0.23631E+00
   0.15767E+03   0.29956E+02   0.25977E+02   0.43764E+00  -0.23020E+00
   0.15802E+03   0.29957E+02   0.25955E+02   0.43690E+00  -0.22835E+00
   0.15837E+03   0.29958E+02   0.26137E+02   0.43824E+00  -0.21414E+00
   0.15872E+03   0.29957E+02   0.26200E+02   0.43790E+00  -0.20162E+00
   0.15907E+03   0.29957E+02   0.25995E+02   0.43431E+00  -0.20135E+00
   0.15942E+03   0.29956E+02   0.25850E+02   0.42926E+00  -0.19834E+00
   0.15977E+03   0.29955E+02   0.26289E+02   0.42673E+00  -0.17535E+00
   0.16012E+03   0.29954E+02   0.26484E+02   0.42082E+00  -0.15804E+00
   0.16047E+03   0.29951E+02   0.26300E+02   0.41355E+00  -0.15707E+00
   0.16082E+03   0.29948E+02   0.26358E+02   0.40865E+00  -0.14782E+00
   0.16117E+03   0.29945E+02   0.26316E+02   0.39875E+00  -0.13531E+00
   0.16152E+03   0.29941E+02   0.26270E+02   0.38809E+00  -0.12660E+00
   0.16187E+03   0.29936E+02   0.26157E+02   0.38092E+00  -0.12842E+00
   0.16222E+03   0.29931E+02   0.25961E+02   0.37035E+00  -0.13440E+00
   0.16257E+03   0.29926E+02   0.25977E+02   0.36091E+00  -0.12822E+00
   0.16292E+03   0.29919E+02   0.25980E+02   0.35302E+00  -0.12772E+00
   0.16327E+03   0.29909E+02   0.25816E+02   0.34837E+00  -0.13528E+00
   0.16362E+03   0.29903E+02   0.25836E+02   0.35101E+00  -0.13512E+00
   0.16397E+03   0.29902E+02   0.26015E+02   0.35288E+00  -0.13531E+00
   0.16432E+03   0.29902E+02   0.25962E+02   0.34744E+00  -0.14212E+00
   0.16467E+03   0.29900E+02   0.25716E+02   0.34124E+00  -0.14986E+00
   0.16502E+03   0.29898E+02   0.25512E+02   0.34202E+00  -0.15421E+00
   0.16537E+03   0.29898E+02   0.25393E+02   0.34280E+00  -0.15811E+00
   0.16572E+03   0.29894E+02   0.25401E+02   0.33731E+00  -0.16514E+00
   0.16607E+03   0.29891E+02   0.25590E+02   0.33853E+00  -0.17040E+00
   0.16642E+03   0.29894E+02   0.25890E+02   0.34733E+00  -0.16632E+00
   0.16677E+03   0.29898E+02   0.26118E+02   0.35111E+00  -0.16173E+00
   0.16712E+03   0.29901E+02   0.26104E+02   0.34767E+00  -0.16806E+00
   0.16747E+03   0.29900E+02   0.25870E+02   0.34953E+00  -0.17478E+00
   0.16782E+03   0.29900E+02   0.25642E+02   0.35893E+00  -0.17724E+00
   0.16817E+03   0.29903E+02   0.25686E+02   0.35846E+00  -0.18300E+00
   0.16852E+03   0.29904E+02   0.25667E+02   0.35519E+00  -0.19060E+00
   0.16887E+03   0.29904E+02   0.25450E+02   0.35514E+00  -0.20064E+00
   0.16922E+03   0.29904E+02   0.25462E+02   0.35889E+00  -0.20410E+00
   0.16957E+03   0.29907E+02   0.25551E+02   0.36549E+00  -0.20158E+00
   0.16992E+03   0.29911E+02   0.25516E+02   0.37149E+00  -0.20986E+00
   0.17027E+03   0.29917E+02   0.25364E+02   0.38328E+00  -0.22328E+00
   0.17062E+03   0.29924E+02   0.25574E+02   0.39075E+00  -0.22210E+00
   0.17097E+03   0.29929E+02   0.25714E+02   0.39084E+00  -0.21996E+00
   0.17132E+03   0.29932E+02   0.25276E+02   0.39270E+00  -0.23162E+00
   0.17167E+03   0.29934E+02   0.25069E+02   0.39715E+00  -0.23387E+00
   0.17202E+03   0.29937E+02   0.24992E+02   0.40380E+00  -0.23447E+00
   0.17237E+03   0.29940E+02   0.25016E+02   0.40612E+00  -0.23849E+00
   0.17272E+03   0.29943E+02   0.25283E+02   0.40909E+00  -0.23316E+00
   0.17307E+03   0.29946E+02   0.25463E+02   0.41548E+00  -0.22922E+00
   0.17342E+03   0.29948E+02   0.25591E+02   0.42085E+00  -0.22421E+00
   0.17377E+03   0.29949E+02   0.25842E+02   0.42180E+00  -0.21558E+00
   0.17412E+03   0.29950E+02   0.25991E+02   0.42516E+00  -0.20825E+00
   0.17447E+03   0.29952E+02   0.26093E+02   0.42973E+00  -0.19872E+00
   0.17482E+03   0.29953E+02   0.26190E+02   0.42997E+00  -0.19444E+00
   0.17517E+03   0.29952E+02   0.26257E+02   0.42239E+00  -0.18561E+00
   0.17552E+03   0.29950E+02   0.26227E+02   0.41027E+00  -0.17556E+00
   0.17587E+03   0.29947E+02   0.26320E+02   0.40638E+00  -0.16587E+00
   0.17622E+03   0.29944E+02   0.26671E+02   0.40635E+00  -0.14552E+00
   0.17657E+03   0.29943E+02   0.26722E+02   0.39947E+00  -0.14011E+00
   0.17692E+03   0.29942E+02   0.26637E+02   0.38665E+00  -0.14174E+00
   0.17727E+03   0.29937E+02   0.26575E+02   0.38137E+00  -0.13248E+00
   0.17762E+03   0.29932E+02   0.26612E+02   0.37463E+00  -0.11871E+00
   0.17797E+03   0.29924E+02   0.26574E+02   0.36443E+00  -0.11334E+00
   0.17832E+03   0.29916E+02   0.26440E+02   0.35790E+00  -0.12250E+00
   0.17867E+03   0.29914E+02   0.26396E+02   0.35104E+00  -0.12360E+00
   0.17902E+03   0.29908E+02   0.26421E+02   0.34159E+00  -0.11448E+00
   0.17937E+03   0.29901E+02   0.26519E+02   0.33908E+00  -0.11389E+00
   0.17972E+03   0.29897E+02   0.26570E+02   0.33963E+00  -0.11348E+00
   0.18007E+03   0.29894E+02   0.26437E+02   0.33729E+00  -0.11953E+00
   0.18042E+03   0.29891E+02   0.26201E+02   0.33175E+00  -0.13463E+00
   0.18077E+03   0.29885E+02   0.26008E+02   0.32747E+00  -0.14248E+00
   0.18112E+03   0.29880E+02   0.25968E+02   0.32921E+00  -0.14018E+00
   0.18147E+03   0.29878E+02   0.25880E+02   0.32968E+00  -0.14781E+00
   0.18182E+03   0.29875E+02   0.25609E+02   0.32952E+00  -0.16675E+00
   0.18217E+03   0.29874E+02   0.25532E+02   0.32933E+00  -0.17339E+00
   0.18252E+03   0.29878E+02   0.25529E+02   0.33302E+00  -0.18146E+00
   0.18287E+03   0.29885E+02   0.25302E+02   0.34325E+00  -0.19418E+00
   0.18322E+03   0.29892E+02   0.25234E+02   0.35009E+00  -0.20318E+00
   0.18357E+03   0.29895E+02   0.25285E+02   0.34992E+00  -0.21192E+00
   0.18392E+03   0.29898E+02   0.25540E+02   0.35646E+00  -0.21000E+00
   0.18427E+03   0.29905E+02   0.25745E+02   0.36854E+00  -0.21080E+00
   0.18462E+03   0.29913E+02   0.25448E+02   0.37619E+00  -0.22676E+00
   0.18497E+03   0.29919E+02   0.25150E+02   0.38111E+00  -0.23808E+00
   0.18532E+03   0.29924E+02   0.25017E+02   0.38514E+00  -0.24466E+00
   0.18567E+03   0.29927E+02   0.25323E+02   0.38949E+00  -0.23946E+00
   0.18602E+03   0.29931E+02   0.25898E+02   0.39886E+00  -0.22499E+00
   0.18637E+03   0.29936E+02   0.26090E+02   0.40965E+00  -0.22842E+00
   0.18672E+03   0.29940E+02   0.26114E+02   0.41578E+00  -0.23228E+00
   0.18707E+03   0.29944E+02   0.26307E+02   0.41869E+00  -0.22397E+00
   0.18742E+03   0.29947E+02   0.26229E+02   0.42307E+00  -0.21743E+00
   0.18777E+03   0.29949E+02   0.26150E+02   0.42873E+00  -0.20750E+00
   0.18812E+03   0.29951E+02   0.25896E+02   0.42449E+00  -0.20690E+00
   0.18847E+03   0.29949E+02   0.25493E+02   0.40909E+00  -0.21234E+00
   0.18882E+03   0.29945E+02   0.25550E+02   0.40591E+00  -0.20086E+00
   0.18917E+03   0.29947E+02   0.25552E+02   0.41174E+00  -0.19283E+00
   0.18952E+03   0.29948E+02   0.25601E+02   0.40924E+00  -0.19027E+00
   0.18987E+03   0.29946E+02   0.26030E+02   0.40795E+00  -0.17820E+00
   0.19022E+03   0.29945E+02   0.26398E+02   0.40732E+00  -0.16250E+00
   0.19057E+03   0.29944E+02   0.26516E+02   0.40419E+00  -0.14694E+00
   0.19092E+03   0.29943E+02   0.26502E+02   0.40196E+00  -0.14785E+00
   0.19127E+03   0.29943E+02   0.26239E+02   0.39772E+00  -0.15007E+00
   0.19162E+03   0.29940E+02   0.26001E+02   0.38257E+00  -0.13808E+00
   0.19197E+03   0.29933E+02   0.25918E+02   0.36614E+00  -0.13684E+00
   0.19232E+03   0.29923E+02   0.26049E+02   0.36032E+00  -0.13314E+00
   0.19267E+03   0.29916E+02   0.26267E+02   0.35933E+00  -0.12083E+00
   0.19302E+03   0.29911E+02   0.25981E+02   0.35382E+00  -0.13928E+00
   0.19337E+03   0.29906E+02   0.25573E+02   0.34864E+00  -0.16315E+00
   0.19372E+03   0.29904E+02   0.25534E+02   0.35003E+00  -0.15668E+00
   0.19407E+03   0.29903E+02   0.25537E+02   0.35284E+00  -0.15548E+00
   0.19442E+03   0.29904E+02   0.25316E+02   0.35241E+00  -0.17158E+00
   0.19477E+03   0.29904E+02   0.24949E+02   0.34597E+00  -0.19024E+00
   0.19512E+03   0.29899E+02   0.24740E+02   0.34584E+00  -0.19733E+00
   0.19547E+03   0.29900E+02   0.24539E+02   0.35511E+00  -0.20497E+00
   0.19582E+03   0.29905E+02   0.24415E+02   0.36359E+00  -0.22456E+00
   0.19617E+03   0.29911E+02   0.24314E+02   0.37008E+00  -0.24384E+00
   0.19652E+03   0.29916E+02   0.24298E+02   0.37343E+00  -0.25218E+00
   0.19687E+03   0.29920E+02   0.24545E+02   0.37835E+00  -0.25031E+00
   0.19722E+03   0.29925E+02   0.24571E+02   0.39265E+00  -0.25744E+00
   0.19757E+03   0.29932E+02   0.24572E+02   0.40684E+00  -0.27118E+00
   0.19792E+03   0.29940E+02   0.24563E+02   0.41962E+00  -0.28147E+00
   0.19827E+03   0.29946E+02   0.24611E+02   0.42678E+00  -0.28502E+00
   0.19862E+03   0.29950E+02   0.24882E+02   0.42783E+00  -0.27866E+00
   0.19897E+03   0.29953E+02   0.25186E+02   0.43498E+00  -0.26763E+00
   0.19932E+03   0.29957E+02   0.25434E+02   0.44746E+00  -0.25879E+00
   0.19967E+03   0.29960E+02   0.25327E+02   0.44884E+00  -0.25826E+00
   0.20002E+03   0.29962E+02   0.25308E+02   0.44847E+00  -0.25934E+00
   0.20037E+03   0.29964E+02   0.25512E+02   0.45999E+00  -0.24913E+00
   0.20072E+03   0.29965E+02   0.25834E+02   0.46568E+00  -0.23209E+00
   0.20107E+03   0.29966E+02   0.26541E+02   0.45969E+00  -0.20792E+00
   0.20142E+03   0.29965E+02   0.26996E+02   0.45181E+00  -0.18735E+00
   0.20177E+03   0.29965E+02   0.26993E+02   0.44890E+00  -0.17256E+00
   0.20212E+03   0.29963E+02   0.26990E+02   0.44655E+00  -0.15523E+00
   0.20247E+03   0.29961E+02   0.26773E+02   0.43948E+00  -0.14896E+00
   0.20282E+03   0.29957E+02   0.26533E+02   0.42629E+00  -0.14090E+00
   0.20317E+03   0.29953E+02   0.26685E+02   0.40880E+00  -0.12107E+00
   0.20352E+03   0.29945E+02   0.26798E+02   0.38832E+00  -0.10716E+00
   0.20387E+03   0.29936E+02   0.26808E+02   0.37550E+00  -0.10048E+00
   0.20422E+03   0.29927E+02   0.26826E+02   0.37091E+00  -0.96299E-01
   0.20457E+03   0.29921E+02   0.26688E+02   0.36579E+00  -0.10152E+00
   0.20492E+03   0.29916E+02   0.26507E+02   0.35848E+00  -0.10586E+00
   0.20527E+03   0.29908E+02   0.26481E+02   0.34786E+00  -0.10295E+00
   0.20562E+03   0.29898E+02   0.26566E+02   0.33781E+00  -0.97070E-01
   0.20597E+03   0.29892E+02   0.26406E+02   0.33212E+00  -0.10209E+00
   0.20632E+03   0.29885E+02   0.26244E+02   0.32666E+00  -0.11650E+00
   0.20667E+03   0.29878E+02   0.26126E+02   0.32437E+00  -0.12380E+00
   0.20702E+03   0.29877E+02   0.25767E+02   0.32613E+00  -0.13490E+00
   0.20737E+03   0.29876E+02   0.25655E+02   0.32418E+00  -0.14430E+00
   0.20772E+03   0.29873E+02   0.25680E+02   0.32097E+00  -0.14922E+00
   0.20807E+03   0.29872E+02   0.25473E+02   0.31916E+00  -0.15700E+00
   0.20842E+03   0.29871E+02   0.25337E+02   0.31944E+00  -0.16668E+00
   0.20877E+03   0.29872E+02   0.25093E+02   0.32833E+00  -0.18644E+00
   0.20912E+03   0.29879E+02   0.24654E+02   0.33801E+00  -0.20737E+00
   0.20947E+03   0.29885E+02   0.24183E+02   0.33967E+00  -0.23177E+00
   0.20982E+03   0.29890E+02   0.23912E+02   0.34530E+00  -0.25835E+00
   0.21017E+03   0.29895E+02   0.24210E+02   0.35566E+00  -0.26087E+00
   0.21052E+03   0.29904E+02   0.24477E+02   0.36934E+00  -0.26409E+00
   0.21087E+03   0.29914E+02   0.24488E+02   0.38439E+00  -0.28580E+00
   0.21122E+03   0.29925E+02   0.24777E+02   0.40408E+00  -0.29196E+00
   0.21157E+03   0.29936E+02   0.25080E+02   0.42086E+00  -0.28626E+00
   0.21192E+03   0.29945E+02   0.25298E+02   0.43185E+00  -0.28375E+00
   0.21227E+03   0.29951E+02   0.25446E+02   0.44579E+00  -0.28220E+00
   0.21262E+03   0.29957E+02   0.25394E+02   0.45247E+00  -0.28094E+00
   0.21297E+03   0.29961E+02   0.25562E+02   0.45080E+00  -0.27086E+00
   0.21332E+03   0.29963E+02   0.25938E+02   0.45523E+00  -0.26086E+00
   0.21367E+03   0.29965E+02   0.26556E+02   0.46238E+00  -0.23754E+00
   0.21402E+03   0.29966E+02   0.27116E+02   0.46695E+00  -0.20546E+00
   0.21437E+03   0.29967E+02   0.27363E+02   0.46664E+00  -0.19619E+00
   0.21472E+03   0.29967E+02   0.27545E+02   0.45913E+00  -0.18102E+00
   0.21507E+03   0.29966E+02   0.27860E+02   0.44938E+00  -0.14504E+00
   0.21542E+03   0.29964E+02   0.27858E+02   0.44135E+00  -0.12340E+00
   0.21577E+03   0.29960E+02   0.27673E+02   0.42896E+00  -0.10969E+00
   0.21612E+03   0.29954E+02   0.27687E+02   0.40465E+00  -0.90796E-01
   0.21647E+03   0.29946E+02   0.27547E+02   0.38163E+00  -0.79735E-01
   0.21682E+03   0.29935E+02   0.27432E+02   0.36783E+00  -0.71780E-01
   0.21717E+03   0.29925E+02   0.27470E+02   0.35959E+00  -0.62529E-01
   0.21752E+03   0.29914E+02   0.27344E+02   0.34498E+00  -0.66746E-01
   0.21787E+03   0.29900E+02   0.27092E+02   0.33218E+00  -0.79774E-01
   0.21822E+03   0.29890E+02   0.26952E+02   0.32452E+00  -0.83319E-01
   0.21857E+03   0.29882E+02   0.26815E+02   0.31855E+00  -0.83207E-01
   0.21892E+03   0.29872E+02   0.26528E+02   0.31546E+00  -0.97248E-01
   0.21927E+03   0.29866E+02   0.26266E+02   0.31518E+00  -0.11478E+00
   0.21962E+03   0.29862E+02   0.26276E+02   0.31288E+00  -0.11288E+00
   0.21997E+03   0.29857E+02   0.26126E+02   0.30918E+00  -0.11996E+00
   0.22032E+03   0.29855E+02   0.25622E+02   0.31318E+00  -0.14877E+00
   0.22067E+03   0.29856E+02   0.25192E+02   0.31544E+00  -0.16524E+00
   0.22102E+03   0.29857E+02   0.25014E+02   0.31282E+00  -0.17368E+00
   0.22137E+03   0.29859E+02   0.25086E+02   0.31341E+00  -0.18355E+00
   0.22172E+03   0.29863E+02   0.25398E+02   0.32396E+00  -0.18383E+00
   0.22207E+03   0.29870E+02   0.25204E+02   0.33590E+00  -0.20084E+00
   0.22242E+03   0.29880E+02   0.24680E+02   0.34227E+00  -0.23217E+00
   0.22277E+03   0.29888E+02   0.24254E+02   0.34993E+00  -0.25754E+00
   0.22312E+03   0.29897E+02   0.24231E+02   0.35988E+00  -0.26775E+00
   0.22347E+03   0.29907E+02   0.24929E+02   0.37035E+00  -0.25737E+00
   0.22382E+03   0.29916E+02   0.25142E+02   0.38271E+00  -0.26221E+00
   0.22417E+03   0.29923E+02   0.24739E+02   0.39299E+00  -0.28592E+00
   0.22452E+03   0.29930E+02   0.24783E+02   0.40403E+00  -0.29333E+00
   0.22487E+03   0.29938E+02   0.25035E+02   0.42520E+00  -0.29180E+00
   0.22522E+03   0.29948E+02   0.25394E+02   0.44599E+00  -0.29006E+00
   0.22557E+03   0.29955E+02   0.26056E+02   0.45258E+00  -0.27627E+00
   0.22592E+03   0.29960E+02   0.26389E+02   0.45082E+00  -0.26036E+00
   0.22627E+03   0.29962E+02   0.26460E+02   0.45431E+00  -0.25055E+00
   0.22662E+03   0.29964E+02   0.26549E+02   0.46688E+00  -0.24069E+00
   0.22697E+03   0.29966E+02   0.26636E+02   0.47186E+00  -0.22813E+00
   0.22732E+03   0.29968E+02   0.26730E+02   0.47312E+00  -0.21677E+00
   0.22767E+03   0.29968E+02   0.26838E+02   0.46290E+00  -0.20121E+00
   0.22802E+03   0.29965E+02   0.27224E+02   0.44245E+00  -0.17244E+00
   0.22837E+03   0.29963E+02   0.27506E+02   0.43618E+00  -0.14648E+00
   0.22872E+03   0.29961E+02   0.27382E+02   0.43696E+00  -0.13931E+00
   0.22907E+03   0.29959E+02   0.27160E+02   0.42672E+00  -0.13360E+00
   0.22942E+03   0.29955E+02   0.27021E+02   0.40870E+00  -0.12035E+00
   0.22977E+03   0.29948E+02   0.26912E+02   0.39431E+00  -0.10802E+00
   0.23012E+03   0.29940E+02   0.26827E+02   0.37936E+00  -0.95572E-01
   0.23047E+03   0.29931E+02   0.26890E+02   0.36285E+00  -0.86289E-01
   0.23082E+03   0.29923E+02   0.26761E+02   0.34962E+00  -0.90659E-01
   0.23117E+03   0.29915E+02   0.26355E+02   0.34210E+00  -0.10598E+00
   0.23152E+03   0.29904E+02   0.26306E+02   0.33979E+00  -0.10648E+00
   0.23187E+03   0.29900E+02   0.26429E+02   0.33781E+00  -0.10160E+00
   0.23222E+03   0.29898E+02   0.26363E+02   0.33101E+00  -0.10683E+00
   0.23257E+03   0.29891E+02   0.26341E+02   0.32238E+00  -0.11065E+00
   0.23292E+03   0.29879E+02   0.26406E+02   0.31882E+00  -0.11010E+00
   0.23327E+03   0.29871E+02   0.26527E+02   0.32657E+00  -0.10513E+00
   0.23362E+03   0.29873E+02   0.26358E+02   0.33158E+00  -0.12125E+00
   0.23397E+03   0.29875E+02   0.25893E+02   0.32752E+00  -0.15027E+00
   0.23432E+03   0.29873E+02   0.25592E+02   0.31678E+00  -0.15600E+00
   0.23467E+03   0.29869E+02   0.25397E+02   0.31013E+00  -0.15845E+00
   0.23502E+03   0.29865E+02   0.25034E+02   0.31163E+00  -0.17748E+00
   0.23537E+03   0.29863E+02   0.24836E+02   0.31771E+00  -0.19605E+00
   0.23572E+03   0.29868E+02   0.24908E+02   0.32903E+00  -0.20973E+00
   0.23607E+03   0.29874E+02   0.24982E+02   0.34262E+00  -0.22224E+00
   0.23642E+03   0.29882E+02   0.25054E+02   0.35378E+00  -0.23263E+00
   0.23677E+03   0.29893E+02   0.25152E+02   0.36786E+00  -0.24213E+00
   0.23712E+03   0.29906E+02   0.25244E+02   0.38401E+00  -0.24704E+00
   0.23747E+03   0.29918E+02   0.25261E+02   0.38674E+00  -0.25158E+00
   0.23782E+03   0.29924E+02   0.25268E+02   0.39049E+00  -0.25666E+00
   0.23817E+03   0.29930E+02   0.25352E+02   0.40792E+00  -0.25514E+00
   0.23852E+03   0.29938E+02   0.25605E+02   0.42074E+00  -0.25392E+00
   0.23887E+03   0.29944E+02   0.26100E+02   0.42171E+00  -0.24906E+00
   0.23922E+03   0.29947E+02   0.26478E+02   0.42252E+00  -0.23803E+00
   0.23957E+03   0.29950E+02   0.26640E+02   0.43242E+00  -0.22912E+00
   0.23992E+03   0.29954E+02   0.26878E+02   0.44252E+00  -0.21549E+00
   0.24027E+03   0.29957E+02   0.26923E+02   0.43936E+00  -0.20894E+00
   0.24062E+03   0.29958E+02   0.26633E+02   0.43557E+00  -0.20722E+00
   0.24097E+03   0.29958E+02   0.26369E+02   0.43158E+00  -0.19162E+00
   0.24132E+03   0.29955E+02   0.26262E+02   0.42413E+00  -0.18176E+00
   0.24167E+03   0.29952E+02   0.26313E+02   0.41730E+00  -0.17365E+00
   0.24202E+03   0.29950E+02   0.26584E+02   0.41167E+00  -0.15862E+00
   0.24237E+03   0.29947E+02   0.26697E+02   0.41016E+00  -0.15357E+00
   0.24272E+03   0.29946E+02   0.26683E+02   0.40755E+00  -0.14750E+00
   0.24307E+03   0.29944E+02   0.26705E+02   0.39958E+00  -0.13909E+00
   0.24342E+03   0.29941E+02   0.26452E+02   0.39200E+00  -0.14045E+00
   0.24377E+03   0.29938E+02   0.26455E+02   0.38373E+00  -0.13155E+00
   0.24412E+03   0.29930E+02   0.26667E+02   0.37409E+00  -0.11724E+00
   0.24447E+03   0.29923E+02   0.26466E+02   0.36777E+00  -0.12162E+00
   0.24482E+03   0.29920E+02   0.26127E+02   0.35843E+00  -0.13308E+00
   0.24517E+03   0.29913E+02   0.25982E+02   0.34818E+00  -0.13539E+00
   0.24552E+03   0.29906E+02   0.25821E+02   0.34441E+00  -0.13433E+00
   0.24587E+03   0.29900E+02   0.25815E+02   0.34090E+00  -0.13376E+00
   0.24622E+03   0.29894E+02   0.25880E+02   0.34055E+00  -0.14116E+00
   0.24657E+03   0.29891E+02   0.25620E+02   0.34370E+00  -0.16086E+00
   0.24692E+03   0.29893E+02   0.25272E+02   0.34317E+00  -0.17674E+00
   0.24727E+03   0.29894E+02   0.25077E+02   0.34231E+00  -0.18466E+00
   0.24762E+03   0.29895E+02   0.24851E+02   0.34774E+00  -0.19485E+00
   0.24797E+03   0.29900E+02   0.24622E+02   0.35177E+00  -0.20669E+00
   0.24832E+03   0.29902E+02   0.24623E+02   0.34894E+00  -0.21515E+00
   0.24867E+03   0.29903E+02   0.24687E+02   0.35471E+00  -0.22322E+00
   0.24902E+03   0.29908E+02   0.24681E+02   0.36672E+00  -0.22925E+00
   0.24937E+03   0.29915E+02   0.24803E+02   0.38061E+00  -0.23831E+00
   0.24972E+03   0.29922E+02   0.24938E+02   0.39136E+00  -0.25149E+00
   0.25007E+03   0.29928E+02   0.24962E+02   0.39707E+00  -0.25630E+00
   0.25042E+03   0.29932E+02   0.25207E+02   0.40482E+00  -0.25390E+00
   0.25077E+03   0.29939E+02   0.25309E+02   0.41425E+00  -0.25459E+00
   0.25112E+03   0.29945E+02   0.25149E+02   0.41750E+00  -0.25736E+00
   0.25147E+03   0.29949E+02   0.25093E+02   0.41836E+00  -0.25563E+00
   0.25182E+03   0.29951E+02   0.25256E+02   0.42332E+00  -0.24655E+00
   0.25217E+03   0.29952E+02   0.25638E+02   0.43184E+00  -0.23218E+00
   0.25252E+03   0.29955E+02   0.26118E+02   0.43851E+00  -0.22190E+00
   0.25287E+03   0.29957E+02   0.26329E+02   0.43973E+00  -0.21812E+00
   0.25322E+03   0.29957E+02   0.26562E+02   0.43814E+00  -0.20229E+00
   0.25357E+03   0.29957E+02   0.26771E+02   0.43576E+00  -0.18162E+00
   0.25392E+03   0.29957E+02   0.26762E+02   0.43476E+00  -0.16999E+00
   0.25427E+03   0.29956E+02   0.26839E+02   0.43089E+00  -0.15801E+00
   0.25462E+03   0.29955E+02   0.26602E+02   0.41783E+00  -0.15559E+00
   0.25497E+03   0.29950E+02   0.26168E+02   0.40026E+00  -0.15558E+00
   0.25532E+03   0.29944E+02   0.26168E+02   0.39101E+00  -0.14069E+00
   0.25567E+03   0.29939E+02   0.26548E+02   0.38506E+00  -0.12271E+00
   0.25602E+03   0.29933E+02   0.26726E+02   0.37953E+00  -0.11506E+00
   0.25637E+03   0.29927E+02   0.26558E+02   0.37516E+00  -0.12358E+00
   0.25672E+03   0.29922E+02   0.26423E+02   0.36724E+00  -0.12691E+00
   0.25707E+03   0.29918E+02   0.26539E+02   0.36145E+00  -0.11308E+00
   0.25742E+03   0.29915E+02   0.26613E+02   0.35856E+00  -0.10804E+00
   0.25777E+03   0.29909E+02   0.26525E+02   0.34955E+00  -0.11186E+00
   0.25812E+03   0.29902E+02   0.26363E+02   0.33801E+00  -0.11452E+00
   0.25847E+03   0.29890E+02   0.26299E+02   0.33098E+00  -0.11695E+00
   0.25882E+03   0.29884E+02   0.26097E+02   0.33013E+00  -0.12579E+00
   0.25917E+03   0.29880E+02   0.25854E+02   0.32941E+00  -0.13931E+00
   0.25952E+03   0.29878E+02   0.25637E+02   0.33125E+00  -0.15417E+00
   0.25987E+03   0.29879E+02   0.25310E+02   0.32608E+00  -0.17043E+00
   0.26022E+03   0.29874E+02   0.25187E+02   0.32242E+00  -0.17677E+00
   0.26057E+03   0.29875E+02   0.25286E+02   0.33156E+00  -0.17887E+00
   0.26092E+03   0.29883E+02   0.25385E+02   0.34399E+00  -0.18644E+00
   0.26127E+03   0.29892E+02   0.25390E+02   0.35240E+00  -0.19448E+00
   0.26162E+03   0.29897E+02   0.25369E+02   0.35198E+00  -0.20602E+00
   0.26197E+03   0.29900E+02   0.25469E+02   0.35932E+00  -0.20814E+00
   0.26232E+03   0.29907E+02   0.25505E+02   0.37030E+00  -0.20437E+00
   0.26267E+03   0.29913E+02   0.25367E+02   0.37418E+00  -0.22018E+00
   0.26302E+03   0.29917E+02   0.25393E+02   0.37148E+00  -0.22829E+00
   0.26337E+03   0.29919E+02   0.25720E+02   0.37476E+00  -0.21425E+00
   0.26372E+03   0.29922E+02   0.26101E+02   0.38735E+00  -0.20570E+00
   0.26407E+03   0.29927E+02   0.26179E+02   0.39547E+00  -0.20908E+00
   0.26442E+03   0.29932E+02   0.26018E+02   0.40005E+00  -0.21717E+00
   0.26477E+03   0.29936E+02   0.25960E+02   0.40090E+00  -0.21930E+00
   0.26512E+03   0.29938E+02   0.25876E+02   0.40097E+00  -0.21360E+00
   0.26547E+03   0.29939E+02   0.25980E+02   0.40218E+00  -0.20640E+00
   0.26582E+03   0.29940E+02   0.26390E+02   0.40594E+00  -0.19590E+00
   0.26617E+03   0.29941E+02   0.26614E+02   0.40611E+00  -0.18614E+00
   0.26652E+03   0.29941E+02   0.26822E+02   0.40146E+00  -0.17569E+00
   0.26687E+03   0.29941E+02   0.26760E+02   0.40347E+00  -0.16768E+00
   0.26722E+03   0.29942E+02   0.26602E+02   0.40531E+00  -0.16282E+00
   0.26757E+03   0.29942E+02   0.26564E+02   0.40241E+00  -0.15942E+00
   0.26792E+03   0.29939E+02   0.26433E+02   0.39044E+00  -0.15896E+00
   0.26827E+03   0.29932E+02   0.26645E+02   0.37831E+00  -0.14611E+00
   0.26862E+03   0.29927E+02   0.26893E+02   0.37709E+00  -0.12964E+00
   0.26897E+03   0.29924E+02   0.26761E+02   0.37551E+00  -0.13101E+00
   0.26932E+03   0.29921E+02   0.26553E+02   0.36890E+00  -0.13793E+00
   0.26967E+03   0.29916E+02   0.26312E+02   0.36300E+00  -0.14050E+00
   0.27002E+03   0.29915E+02   0.26277E+02   0.35869E+00  -0.13415E+00
   0.27037E+03   0.29912E+02   0.26287E+02   0.35242E+00  -0.13010E+00
   0.27072E+03   0.29904E+02   0.26040E+02   0.34485E+00  -0.14033E+00
   0.27107E+03   0.29897E+02   0.25965E+02   0.33900E+00  -0.14350E+00
   0.27142E+03   0.29895E+02   0.25906E+02   0.34009E+00  -0.14404E+00
   0.27177E+03   0.29894E+02   0.25753E+02   0.34283E+00  -0.15614E+00
   0.27212E+03   0.29894E+02   0.25509E+02   0.34534E+00  -0.17015E+00
   0.27247E+03   0.29895E+02   0.25216E+02   0.34660E+00  -0.17999E+00
   0.27282E+03   0.29895E+02   0.24970E+02   0.34465E+00  -0.19206E+00
   0.27317E+03   0.29896E+02   0.24609E+02   0.34409E+00  -0.21324E+00
   0.27352E+03   0.29897E+02   0.24406E+02   0.35245E+00  -0.23020E+00
   0.27387E+03   0.29903E+02   0.24397E+02   0.36678E+00  -0.23995E+00
   0.27422E+03   0.29912E+02   0.24312E+02   0.37277E+00  -0.25626E+00
   0.27457E+03   0.29918E+02   0.24308E+02   0.37874E+00  -0.26752E+00
   0.27492E+03   0.29923E+02   0.24574E+02   0.39275E+00  -0.26901E+00
   0.27527E+03   0.29931E+02   0.25065E+02   0.40989E+00  -0.26489E+00
   0.27562E+03   0.29940E+02   0.25479E+02   0.42413E+00  -0.26220E+00
   0.27597E+03   0.29947E+02   0.25496E+02   0.42956E+00  -0.27133E+00
   0.27632E+03   0.29951E+02   0.25450E+02   0.43530E+00  -0.26723E+00
   0.27667E+03   0.29955E+02   0.25723E+02   0.44470E+00  -0.24947E+00
   0.27702E+03   0.29958E+02   0.26360E+02   0.44790E+00  -0.23463E+00
   0.27737E+03   0.29960E+02   0.26663E+02   0.44680E+00  -0.22414E+00
   0.27772E+03   0.29961E+02   0.26775E+02   0.44726E+00  -0.21142E+00
   0.27807E+03   0.29961E+02   0.27177E+02   0.44643E+00  -0.18922E+00
   0.27842E+03   0.29960E+02   0.27495E+02   0.44218E+00  -0.16765E+00
   0.27877E+03   0.29958E+02   0.27438E+02   0.43778E+00  -0.15708E+00
   0.27912E+03   0.29956E+02   0.27117E+02   0.42943E+00  -0.15165E+00
   0.27947E+03   0.29953E+02   0.26908E+02   0.41406E+00  -0.13781E+00
   0.27982E+03   0.29948E+02   0.26778E+02   0.39534E+00  -0.12474E+00
   0.28017E+03   0.29942E+02   0.26779E+02   0.38132E+00  -0.11569E+00
   0.28052E+03   0.29934E+02   0.26902E+02   0.37696E+00  -0.10032E+00
   0.28087E+03   0.29927E+02   0.26946E+02   0.37085E+00  -0.95831E-01
   0.28122E+03   0.29921E+02   0.27053E+02   0.35712E+00  -0.92504E-01
   0.28157E+03   0.29913E+02   0.27022E+02   0.34902E+00  -0.88906E-01
   0.28192E+03   0.29907E+02   0.26745E+02   0.34734E+00  -0.98764E-01
   0.28227E+03   0.29901E+02   0.26650E+02   0.34071E+00  -0.99487E-01
   0.28262E+03   0.29893E+02   0.26582E+02   0.33035E+00  -0.10452E+00
   0.28297E+03   0.29885E+02   0.26270E+02   0.32118E+00  -0.11923E+00
   0.28332E+03   0.29878E+02   0.25851E+02   0.31825E+00  -0.13222E+00
   0.28367E+03   0.29871E+02   0.25596E+02   0.31965E+00  -0.14502E+00
   0.28402E+03   0.29867E+02   0.25492E+02   0.32055E+00  -0.15555E+00
   0.28437E+03   0.29868E+02   0.25573E+02   0.32180E+00  -0.16082E+00
   0.28472E+03   0.29873E+02   0.25552E+02   0.32756E+00  -0.16819E+00
   0.28507E+03   0.29877E+02   0.25487E+02   0.33257E+00  -0.17845E+00
   0.28542E+03   0.29878E+02   0.25637E+02   0.33823E+00  -0.17920E+00
   0.28577E+03   0.29884E+02   0.25601E+02   0.34726E+00  -0.18714E+00
   0.28612E+03   0.29892E+02   0.25444E+02   0.35249E+00  -0.20346E+00
   0.28647E+03   0.29899E+02   0.25298E+02   0.35595E+00  -0.21238E+00
   0.28682E+03   0.29903E+02   0.25227E+02   0.35432E+00  -0.21573E+00
   0.28717E+03   0.29904E+02   0.25135E+02   0.35687E+00  -0.22133E+00
   0.28752E+03   0.29907E+02   0.25048E+02   0.36663E+00  -0.23246E+00
   0.28787E+03   0.29912E+02   0.25212E+02   0.37903E+00  -0.24150E+00
   0.28822E+03   0.29920E+02   0.25528E+02   0.39078E+00  -0.24448E+00
   0.28857E+03   0.29928E+02   0.25784E+02   0.39937E+00  -0.24551E+00
   0.28892E+03   0.29934E+02   0.25770E+02   0.40725E+00  -0.24643E+00
   0.28927E+03   0.29940E+02   0.25604E+02   0.41547E+00  -0.24436E+00
   0.28962E+03   0.29945E+02   0.25879E+02   0.42078E+00  -0.23508E+00
   0.28997E+03   0.29948E+02   0.26037E+02   0.42368E+00  -0.22918E+00
   0.29032E+03   0.29950E+02   0.25712E+02   0.42975E+00  -0.23477E+00
   0.29067E+03   0.29953E+02   0.25560E+02   0.43298E+00  -0.23641E+00
   0.29102E+03   0.29954E+02   0.25844E+02   0.43030E+00  -0.22481E+00
   0.29137E+03   0.29954E+02   0.26016E+02   0.42858E+00  -0.21444E+00
   0.29172E+03   0.29954E+02   0.26104E+02   0.42886E+00  -0.20531E+00
   0.29207E+03   0.29954E+02   0.26291E+02   0.43294E+00  -0.19306E+00
   0.29242E+03   0.29956E+02   0.26093E+02   0.43129E+00  -0.19108E+00
   0.29277E+03   0.29955E+02   0.25984E+02   0.42369E+00  -0.18856E+00
   0.29312E+03   0.29952E+02   0.26045E+02   0.41918E+00  -0.17403E+00
   0.29347E+03   0.29950E+02   0.26035E+02   0.41552E+00  -0.16329E+00
   0.29382E+03   0.29948E+02   0.26247E+02   0.40760E+00  -0.15141E+00
   0.29417E+03   0.29943E+02   0.26380E+02   0.39374E+00  -0.14315E+00
   0.29452E+03   0.29938E+02   0.26235E+02   0.38683E+00  -0.14137E+00
   0.29487E+03   0.29935E+02   0.26153E+02   0.38552E+00  -0.13305E+00
   0.29522E+03   0.29931E+02   0.26106E+02   0.37845E+00  -0.13273E+00
   0.29557E+03   0.29927E+02   0.25971E+02   0.36825E+00  -0.13701E+00
   0.29592E+03   0.29923E+02   0.25831E+02   0.35838E+00  -0.13701E+00
   0.29627E+03   0.29915E+02   0.25845E+02   0.35131E+00  -0.13697E+00
   0.29662E+03   0.29908E+02   0.25920E+02   0.35194E+00  -0.13663E+00
   0.29697E+03   0.29905E+02   0.25861E+02   0.35208E+00  -0.14282E+00
   0.29732E+03   0.29903E+02   0.25733E+02   0.35159E+00  -0.15404E+00
   0.29767E+03   0.29902E+02   0.25587E+02   0.35188E+00  -0.16103E+00
   0.29802E+03   0.29901E+02   0.25324E+02   0.34955E+00  -0.16749E+00
   0.29837E+03   0.29900E+02   0.25441E+02   0.34620E+00  -0.16610E+00
   0.29872E+03   0.29901E+02   0.25590E+02   0.34913E+00  -0.16609E+00
   0.29907E+03   0.29902E+02   0.25491E+02   0.35074E+00  -0.17425E+00
   0.29942E+03   0.29904E+02   0.25367E+02   0.34946E+00  -0.18272E+00
   0.29977E+03   0.29903E+02   0.25390E+02   0.35189E+00  -0.18574E+00
   0.30012E+03   0.29904E+02   0.25566E+02   0.35917E+00  -0.18163E+00
   0.30047E+03   0.29907E+02   0.25685E+02   0.36182E+00  -0.18094E+00
   0.30082E+03   0.29908E+02   0.25617E+02   0.36072E+00  -0.19034E+00
   0.30118E+03   0.29908E+02   0.25606E+02   0.36366E+00  -0.19520E+00
   0.30153E+03   0.29911E+02   0.25682E+02   0.36785E+00  -0.19263E+00
   0.30188E+03   0.29914E+02   0.25556E+02   0.37222E+00  -0.19801E+00
   0.30223E+03   0.29916E+02   0.25809E+02   0.37640E+00  -0.19869E+00
   0.30258E+03   0.29919E+02   0.26167E+02   0.38020E+00  -0.18728E+00
   0.30293E+03   0.29922E+02   0.25857E+02   0.37855E+00  -0.19262E+00
   0.30328E+03   0.29923E+02   0.25702E+02   0.38044E+00  -0.20580E+00
   0.30363E+03   0.29927E+02   0.25744E+02   0.38362E+00  -0.20253E+00
   0.30398E+03   0.29929E+02   0.25719E+02   0.38383E+00  -0.19237E+00
   0.30433E+03   0.29929E+02   0.25884E+02   0.38548E+00  -0.18851E+00
   0.30468E+03   0.29930E+02   0.26128E+02   0.38466E+00  -0.18532E+00
   0.30503E+03   0.29930E+02   0.26064E+02   0.38360E+00  -0.18094E+00
   0.30538E+03   0.29932E+02   0.25545E+02   0.38636E+00  -0.19679E+00
   0.30573E+03   0.29930E+02   0.25459E+02   0.38639E+00  -0.20019E+00
   0.30608E+03   0.29929E+02   0.25865E+02   0.38895E+00  -0.17836E+00
   0.30643E+03   0.29930E+02   0.26103E+02   0.39036E+00  -0.17403E+00
   0.30678E+03   0.29931E+02   0.25910E+02   0.38657E+00  -0.18559E+00
   0.30713E+03   0.29930E+02   0.25699E+02   0.38204E+00  -0.18812E+00
   0.30748E+03   0.29928E+02   0.25492E+02   0.38322E+00  -0.18763E+00
   0.30783E+03   0.29930E+02   0.25535E+02   0.38684E+00  -0.18469E+00
   0.30818E+03   0.29930E+02   0.25833E+02   0.38670E+00  -0.17594E+00
   0.30853E+03   0.29929E+02   0.25870E+02   0.38179E+00  -0.17632E+00
   0.30888E+03   0.29927E+02   0.25766E+02   0.37507E+00  -0.17726E+00
   0.30923E+03   0.29924E+02   0.25560E+02   0.37597E+00  -0.17891E+00
   0.30958E+03   0.29925E+02   0.25480E+02   0.37792E+00  -0.18353E+00
   0.30993E+03   0.29927E+02   0.25550E+02   0.38014E+00  -0.17972E+00
   0.31028E+03   0.29927E+02   0.25265E+02   0.37860E+00  -0.18876E+00
   0.31063E+03   0.29926E+02   0.24996E+02   0.37179E+00  -0.20101E+00
   0.31098E+03   0.29923E+02   0.24925E+02   0.36678E+00  -0.20060E+00
   0.31133E+03   0.29922E+02   0.24822E+02   0.37406E+00  -0.20461E+00
   0.31168E+03   0.29924E+02   0.24630E+02   0.38370E+00  -0.21809E+00
   0.31203E+03   0.29927E+02   0.24434E+02   0.38586E+00  -0.23295E+00
   0.31238E+03   0.29928E+02   0.24419E+02   0.38696E+00  -0.24067E+00
   0.31273E+03   0.29931E+02   0.24704E+02   0.39601E+00  -0.23749E+00
   0.31308E+03   0.29935E+02   0.25011E+02   0.40578E+00  -0.23046E+00
   0.31343E+03   0.29941E+02   0.24852E+02   0.40801E+00  -0.23804E+00
   0.31378E+03   0.29944E+02   0.24544E+02   0.41200E+00  -0.25396E+00
   0.31413E+03   0.29946E+02   0.24640E+02   0.41908E+00  -0.25190E+00
   0.31448E+03   0.29949E+02   0.25162E+02   0.42207E+00  -0.23487E+00
   0.31483E+03   0.29950E+02   0.25506E+02   0.42808E+00  -0.22929E+00
   0.31518E+03   0.29952E+02   0.25699E+02   0.43450E+00  -0.22889E+00
   0.31553E+03   0.29953E+02   0.25985E+02   0.42900E+00  -0.21581E+00
   0.31588E+03   0.29954E+02   0.26245E+02   0.42622E+00  -0.20083E+00
   0.31623E+03   0.29955E+02   0.26420E+02   0.43292E+00  -0.19081E+00
   0.31658E+03   0.29956E+02   0.26378E+02   0.43451E+00  -0.18320E+00
   0.31693E+03   0.29955E+02   0.26294E+02   0.42160E+00  -0.17406E+00
   0.31728E+03   0.29951E+02   0.26317E+02   0.40591E+00  -0.16280E+00
   0.31763E+03   0.29947E+02   0.26307E+02   0.39483E+00  -0.14968E+00
   0.31798E+03   0.29942E+02   0.26392E+02   0.39192E+00  -0.13370E+00
   0.31833E+03   0.29939E+02   0.26518E+02   0.39157E+00  -0.13305E+00
   0.31868E+03   0.29935E+02   0.26603E+02   0.38387E+00  -0.13279E+00
   0.31903E+03   0.29930E+02   0.26678E+02   0.37390E+00  -0.12136E+00
   0.31938E+03   0.29926E+02   0.26713E+02   0.36929E+00  -0.11764E+00
   0.31973E+03   0.29923E+02   0.26571E+02   0.36557E+00  -0.11835E+00
   0.32008E+03   0.29918E+02   0.26321E+02   0.35559E+00  -0.12157E+00
   0.32043E+03   0.29911E+02   0.26372E+02   0.34375E+00  -0.12047E+00
   0.32078E+03   0.29902E+02   0.26512E+02   0.33920E+00  -0.11112E+00
   0.32113E+03   0.29896E+02   0.26377E+02   0.34189E+00  -0.11478E+00
   0.32148E+03   0.29892E+02   0.26278E+02   0.33763E+00  -0.12810E+00
   0.32183E+03   0.29887E+02   0.26296E+02   0.32894E+00  -0.12995E+00
   0.32218E+03   0.29884E+02   0.26207E+02   0.32889E+00  -0.12966E+00
   0.32253E+03   0.29882E+02   0.26238E+02   0.32943E+00  -0.13034E+00
   0.32288E+03   0.29880E+02   0.26251E+02   0.32776E+00  -0.13264E+00
   0.32323E+03   0.29880E+02   0.25927E+02   0.32714E+00  -0.14763E+00
   0.32358E+03   0.29880E+02   0.25552E+02   0.32454E+00  -0.16350E+00
   0.32393E+03   0.29876E+02   0.25459E+02   0.32139E+00  -0.16887E+00
   0.32428E+03   0.29875E+02   0.25350E+02   0.32814E+00  -0.17552E+00
   0.32463E+03   0.29879E+02   0.25117E+02   0.33447E+00  -0.19098E+00
   0.32498E+03   0.29882E+02   0.24942E+02   0.33417E+00  -0.20807E+00
   0.32533E+03   0.29885E+02   0.24993E+02   0.33754E+00  -0.21304E+00
   0.32568E+03   0.29890E+02   0.24981E+02   0.35131E+00  -0.21706E+00
   0.32603E+03   0.29899E+02   0.24816E+02   0.36804E+00  -0.23316E+00
   0.32638E+03   0.29909E+02   0.25096E+02   0.37800E+00  -0.24217E+00
   0.32673E+03   0.29918E+02   0.25443E+02   0.38413E+00  -0.24109E+00
   0.32708E+03   0.29925E+02   0.25702E+02   0.39032E+00  -0.23596E+00
   0.32743E+03   0.29931E+02   0.25869E+02   0.39930E+00  -0.23000E+00
   0.32778E+03   0.29936E+02   0.25665E+02   0.40784E+00  -0.23419E+00
   0.32813E+03   0.29940E+02   0.25566E+02   0.41302E+00  -0.23823E+00
   0.32848E+03   0.29942E+02   0.25726E+02   0.41492E+00  -0.23434E+00
   0.32883E+03   0.29944E+02   0.25917E+02   0.41821E+00  -0.22776E+00
   0.32918E+03   0.29946E+02   0.26096E+02   0.42189E+00  -0.21754E+00
   0.32953E+03   0.29948E+02   0.26359E+02   0.42244E+00  -0.21094E+00
   0.32988E+03   0.29950E+02   0.26485E+02   0.41973E+00  -0.20298E+00
   0.33023E+03   0.29950E+02   0.26654E+02   0.41895E+00  -0.18505E+00
   0.33058E+03   0.29950E+02   0.26736E+02   0.42423E+00  -0.17362E+00
   0.33093E+03   0.29951E+02   0.26544E+02   0.42361E+00  -0.17032E+00
   0.33128E+03   0.29950E+02   0.26513E+02   0.40924E+00  -0.16301E+00
   0.33163E+03   0.29946E+02   0.26391E+02   0.39569E+00  -0.15681E+00
   0.33198E+03   0.29942E+02   0.25964E+02   0.38891E+00  -0.15696E+00
   0.33233E+03   0.29939E+02   0.25564E+02   0.38309E+00  -0.16136E+00
   0.33268E+03   0.29935E+02   0.25303E+02   0.37523E+00  -0.17180E+00
   0.33303E+03   0.29930E+02   0.25202E+02   0.37194E+00  -0.17558E+00
   0.33338E+03   0.29925E+02   0.25186E+02   0.37186E+00  -0.17435E+00
   0.33373E+03   0.29924E+02   0.24840E+02   0.37399E+00  -0.19003E+00
   0.33408E+03   0.29924E+02   0.24518E+02   0.37560E+00  -0.20788E+00
   0.33443E+03   0.29924E+02   0.24645E+02   0.37920E+00  -0.20767E+00
   0.33478E+03   0.29927E+02   0.25097E+02   0.38363E+00  -0.19559E+00
   0.33513E+03   0.29929E+02   0.25431E+02   0.38965E+00  -0.18985E+00
   0.33548E+03   0.29932E+02   0.25465E+02   0.39761E+00  -0.19697E+00
   0.33583E+03   0.29933E+02   0.25580E+02   0.39440E+00  -0.19681E+00
   0.33618E+03   0.29932E+02   0.25631E+02   0.39317E+00  -0.18919E+00
   0.33653E+03   0.29932E+02   0.25663E+02   0.39401E+00  -0.18789E+00
   0.33688E+03   0.29932E+02   0.25747E+02   0.39529E+00  -0.18704E+00
   0.33723E+03   0.29932E+02   0.25840E+02   0.39006E+00  -0.18456E+00
   0.33758E+03   0.29930E+02   0.25897E+02   0.37860E+00  -0.18302E+00
   0.33793E+03   0.29925E+02   0.25858E+02   0.37622E+00  -0.17977E+00
   0.33828E+03   0.29925E+02   0.25839E+02   0.38386E+00  -0.17641E+00
   0.33863E+03   0.29927E+02   0.25784E+02   0.38709E+00  -0.18255E+00
   0.33898E+03   0.29929E+02   0.25720E+02   0.38271E+00  -0.18953E+00
   0.33933E+03   0.29928E+02   0.25722E+02   0.37444E+00  -0.18161E+00
   0.33968E+03   0.29926E+02   0.25741E+02   0.37258E+00  -0.17188E+00
   0.34003E+03   0.29925E+02   0.25766E+02   0.37963E+00  -0.16920E+00
   0.34038E+03   0.29926E+02   0.25968E+02   0.37974E+00  -0.16893E+00
   0.34073E+03   0.29926E+02   0.26256E+02   0.37730E+00  -0.16483E+00
   0.34108E+03   0.29925E+02   0.26218E+02   0.37990E+00  -0.16122E+00
   0.34143E+03   0.29926E+02   0.25937E+02   0.38055E+00  -0.16651E+00
   0.34178E+03   0.29925E+02   0.25739E+02   0.37342E+00  -0.16971E+00
   0.34213E+03   0.29922E+02   0.25454E+02   0.36439E+00  -0.17493E+00
   0.34248E+03   0.29920E+02   0.25410E+02   0.36174E+00  -0.17467E+00
   0.34283E+03   0.29918E+02   0.25505E+02   0.36343E+00  -0.17069E+00
   0.34318E+03   0.29917E+02   0.25155E+02   0.36342E+00  -0.18952E+00
   0.34353E+03   0.29916E+02   0.24987E+02   0.36631E+00  -0.20359E+00
   0.34388E+03   0.29915E+02   0.25082E+02   0.37100E+00  -0.20033E+00
   0.34423E+03   0.29917E+02   0.25138E+02   0.37555E+00  -0.20572E+00
   0.34458E+03   0.29920E+02   0.25364E+02   0.38116E+00  -0.20607E+00
   0.34493E+03   0.29923E+02   0.25466E+02   0.38905E+00  -0.20649E+00
   0.34528E+03   0.29928E+02   0.25493E+02   0.38968E+00  -0.21037E+00
   0.34563E+03   0.29931E+02   0.25308E+02   0.38837E+00  -0.21099E+00
   0.34598E+03   0.29933E+02   0.25158E+02   0.39076E+00  -0.21465E+00
   0.34633E+03   0.29934E+02   0.25417E+02   0.39390E+00  -0.20294E+00
   0.34668E+03   0.29935E+02   0.25629E+02   0.39432E+00  -0.19206E+00
   0.34703E+03   0.29936E+02   0.25562E+02   0.38956E+00  -0.20149E+00
   0.34738E+03   0.29935E+02   0.25433E+02   0.38958E+00  -0.20786E+00
   0.34773E+03   0.29935E+02   0.25502E+02   0.39661E+00  -0.20113E+00
   0.34808E+03   0.29936E+02   0.25473E+02   0.40125E+00  -0.20266E+00
   0.34843E+03   0.29938E+02   0.25327E+02   0.40012E+00  -0.21304E+00
   0.34878E+03   0.29938E+02   0.25504E+02   0.39643E+00  -0.20580E+00
   0.34913E+03   0.29939E+02   0.25765E+02   0.39513E+00  -0.18958E+00
   0.34948E+03   0.29939E+02   0.25878E+02   0.39735E+00  -0.18151E+00
   0.34983E+03   0.29940E+02   0.26116E+02   0.39885E+00  -0.17603E+00
   0.35018E+03   0.29940E+02   0.26354E+02   0.40007E+00  -0.16793E+00
   0.35053E+03   0.29939E+02   0.26450E+02   0.40018E+00  -0.15676E+00
   0.35088E+03   0.29939E+02   0.26270E+02   0.39210E+00  -0.15652E+00
   0.35123E+03   0.29935E+02   0.26096E+02   0.37852E+00  -0.15780E+00
   0.35158E+03   0.29929E+02   0.26284E+02   0.37507E+00  -0.14022E+00
   0.35193E+03   0.29926E+02   0.26399E+02   0.37256E+00  -0.13269E+00
   0.35228E+03   0.29921E+02   0.26231E+02   0.36444E+00  -0.14349E+00
   0.35263E+03   0.29916E+02   0.26286E+02   0.35920E+00  -0.14379E+00
   0.35298E+03   0.29913E+02   0.26525E+02   0.35982E+00  -0.13226E+00
   0.35333E+03   0.29910E+02   0.26488E+02   0.35778E+00  -0.12477E+00
   0.35368E+03   0.29908E+02   0.26409E+02   0.34916E+00  -0.13084E+00
   0.35403E+03   0.29903E+02   0.26337E+02   0.34519E+00  -0.13796E+00
   0.35438E+03   0.29900E+02   0.26203E+02   0.34672E+00  -0.13567E+00
   0.35473E+03   0.29899E+02   0.26035E+02   0.34101E+00  -0.14132E+00
   0.35508E+03   0.29895E+02   0.25810E+02   0.33444E+00  -0.15441E+00
   0.35543E+03   0.29891E+02   0.25556E+02   0.33607E+00  -0.16220E+00
   0.35578E+03   0.29888E+02   0.25509E+02   0.33798E+00  -0.16606E+00
   0.35613E+03   0.29886E+02   0.25659E+02   0.33922E+00  -0.17023E+00
   0.35648E+03   0.29889E+02   0.25553E+02   0.34310E+00  -0.18247E+00
   0.35683E+03   0.29894E+02   0.25288E+02   0.35280E+00  -0.19667E+00
   0.35718E+03   0.29898E+02   0.25110E+02   0.35863E+00  -0.20324E+00
   0.35753E+03   0.29901E+02   0.24912E+02   0.35793E+00  -0.21479E+00
   0.35788E+03   0.29904E+02   0.24833E+02   0.36393E+00  -0.22533E+00
   0.35823E+03   0.29910E+02   0.24995E+02   0.37563E+00  -0.22857E+00
   0.35858E+03   0.29916E+02   0.25242E+02   0.38245E+00  -0.23268E+00
   0.35893E+03   0.29921E+02   0.25479E+02   0.38752E+00  -0.23203E+00
   0.35928E+03   0.29926E+02   0.25530E+02   0.39532E+00  -0.23536E+00
   0.35963E+03   0.29933E+02   0.25695E+02   0.40768E+00  -0.23737E+00
   0.35998E+03   0.29939E+02   0.26019E+02   0.41634E+00  -0.22701E+00
   0.36033E+03   0.29942E+02   0.26191E+02   0.41556E+00  -0.22165E+00
   0.36068E+03   0.29944E+02   0.26247E+02   0.41793E+00  -0.21924E+00
   0.36103E+03   0.29946E+02   0.26280E+02   0.42198E+00  -0.20840E+00
   0.36138E+03   0.29949E+02   0.26362E+02   0.41859E+00  -0.20196E+00
   0.36173E+03   0.29949E+02   0.26659E+02   0.41363E+00  -0.18886E+00
   0.36208E+03   0.29947E+02   0.26949E+02   0.41532E+00  -0.16810E+00
   0.36243E+03   0.29947E+02   0.27057E+02   0.41345E+00  -0.15605E+00
   0.36278E+03   0.29946E+02   0.27002E+02   0.40714E+00  -0.15102E+00
   0.36313E+03   0.29943E+02   0.26905E+02   0.39798E+00  -0.14648E+00
   0.36348E+03   0.29938E+02   0.26929E+02   0.38893E+00  -0.13079E+00
   0.36383E+03   0.29935E+02   0.27046E+02   0.38478E+00  -0.11394E+00
   0.36418E+03   0.29931E+02   0.26928E+02   0.37411E+00  -0.11497E+00
   0.36453E+03   0.29923E+02   0.26592E+02   0.35967E+00  -0.12220E+00
   0.36488E+03   0.29915E+02   0.26644E+02   0.35183E+00  -0.11377E+00
   0.36523E+03   0.29910E+02   0.26890E+02   0.35002E+00  -0.10013E+00
   0.36558E+03   0.29907E+02   0.26799E+02   0.34508E+00  -0.10479E+00
   0.36593E+03   0.29899E+02   0.26520E+02   0.33837E+00  -0.11827E+00
   0.36628E+03   0.29890E+02   0.26253E+02   0.33447E+00  -0.12898E+00
   0.36663E+03   0.29883E+02   0.25901E+02   0.33104E+00  -0.13943E+00
   0.36698E+03   0.29878E+02   0.25700E+02   0.33013E+00  -0.14978E+00
   0.36733E+03   0.29879E+02   0.25674E+02   0.33271E+00  -0.15773E+00
   0.36768E+03   0.29882E+02   0.25513E+02   0.33174E+00  -0.16441E+00
   0.36803E+03   0.29882E+02   0.25557E+02   0.32887E+00  -0.16709E+00
   0.36838E+03   0.29880E+02   0.25624E+02   0.33215E+00  -0.17075E+00
   0.36873E+03   0.29884E+02   0.25492E+02   0.34589E+00  -0.17814E+00
   0.36908E+03   0.29894E+02   0.25392E+02   0.35531E+00  -0.18903E+00
   0.36943E+03   0.29898E+02   0.25386E+02   0.35085E+00  -0.20438E+00
   0.36978E+03   0.29898E+02   0.25425E+02   0.34998E+00  -0.20455E+00
   0.37013E+03   0.29901E+02   0.25207E+02   0.35606E+00  -0.20671E+00
   0.37048E+03   0.29907E+02   0.24986E+02   0.36302E+00  -0.22458E+00
   0.37083E+03   0.29910E+02   0.24863E+02   0.36739E+00  -0.23671E+00
   0.37118E+03   0.29913E+02   0.24981E+02   0.37493E+00  -0.23723E+00
   0.37153E+03   0.29919E+02   0.25317E+02   0.38754E+00  -0.23586E+00
   0.37188E+03   0.29927E+02   0.25303E+02   0.39825E+00  -0.24535E+00
   0.37223E+03   0.29935E+02   0.24919E+02   0.40132E+00  -0.26021E+00
   0.37258E+03   0.29938E+02   0.24901E+02   0.40295E+00  -0.25860E+00
   0.37293E+03   0.29941E+02   0.25014E+02   0.41394E+00  -0.25132E+00
   0.37328E+03   0.29946E+02   0.25217E+02   0.42598E+00  -0.24906E+00
   0.37363E+03   0.29951E+02   0.25803E+02   0.43204E+00  -0.24126E+00
   0.37398E+03   0.29953E+02   0.26128E+02   0.43536E+00  -0.23143E+00
   0.37433E+03   0.29955E+02   0.26205E+02   0.43568E+00  -0.21771E+00
   0.37468E+03   0.29957E+02   0.26183E+02   0.43525E+00  -0.20512E+00
   0.37503E+03   0.29957E+02   0.26279E+02   0.43825E+00  -0.19622E+00
   0.37538E+03   0.29958E+02   0.26554E+02   0.43746E+00  -0.17960E+00
   0.37573E+03   0.29958E+02   0.26734E+02   0.42608E+00  -0.16369E+00
   0.37608E+03   0.29954E+02   0.26773E+02   0.41195E+00  -0.15412E+00
   0.37643E+03   0.29949E+02   0.26788E+02   0.40670E+00  -0.14028E+00
   0.37678E+03   0.29946E+02   0.26918E+02   0.40065E+00  -0.12507E+00
   0.37713E+03   0.29941E+02   0.26954E+02   0.39084E+00  -0.11865E+00
   0.37748E+03   0.29936E+02   0.26824E+02   0.37997E+00  -0.11974E+00
   0.37783E+03   0.29930E+02   0.26726E+02   0.36824E+00  -0.11325E+00
   0.37818E+03   0.29921E+02   0.26822E+02   0.35969E+00  -0.99601E-01
   0.37853E+03   0.29913E+02   0.26877E+02   0.35150E+00  -0.97905E-01
   0.37888E+03   0.29905E+02   0.26836E+02   0.34370E+00  -0.10227E+00
   0.37923E+03   0.29898E+02   0.26693E+02   0.34179E+00  -0.10796E+00
   0.37958E+03   0.29893E+02   0.26547E+02   0.33742E+00  -0.11429E+00
   0.37993E+03   0.29887E+02   0.26490E+02   0.33179E+00  -0.11588E+00
   0.38028E+03   0.29884E+02   0.26500E+02   0.32855E+00  -0.11618E+00
   0.38063E+03   0.29881E+02   0.26340E+02   0.32411E+00  -0.12440E+00
   0.38098E+03   0.29877E+02   0.26035E+02   0.32084E+00  -0.13544E+00
   0.38133E+03   0.29873E+02   0.25831E+02   0.31813E+00  -0.14411E+00
   0.38168E+03   0.29875E+02   0.25516E+02   0.31872E+00  -0.15801E+00
   0.38203E+03   0.29876E+02   0.25237E+02   0.32019E+00  -0.17099E+00
   0.38238E+03   0.29874E+02   0.25159E+02   0.32309E+00  -0.17826E+00
   0.38273E+03   0.29872E+02   0.25093E+02   0.32495E+00  -0.18994E+00
   0.38308E+03   0.29875E+02   0.25051E+02   0.33158E+00  -0.20143E+00
   0.38343E+03   0.29883E+02   0.25116E+02   0.34506E+00  -0.21337E+00
   0.38378E+03   0.29893E+02   0.25050E+02   0.35729E+00  -0.22590E+00
   0.38413E+03   0.29901E+02   0.24873E+02   0.36406E+00  -0.23418E+00
   0.38448E+03   0.29909E+02   0.24565E+02   0.36996E+00  -0.25467E+00
   0.38483E+03   0.29916E+02   0.24305E+02   0.37959E+00  -0.26942E+00
   0.38518E+03   0.29923E+02   0.24318E+02   0.38862E+00  -0.27587E+00
   0.38553E+03   0.29929E+02   0.24109E+02   0.39663E+00  -0.29507E+00
   0.38588E+03   0.29936E+02   0.24008E+02   0.40765E+00  -0.30890E+00
   0.38623E+03   0.29943E+02   0.24246E+02   0.42162E+00  -0.30943E+00
   0.38658E+03   0.29948E+02   0.24252E+02   0.43757E+00  -0.31557E+00
   0.38693E+03   0.29955E+02   0.24356E+02   0.45614E+00  -0.32326E+00
   0.38728E+03   0.29961E+02   0.24390E+02   0.47107E+00  -0.33084E+00
   0.38763E+03   0.29967E+02   0.24547E+02   0.48181E+00  -0.33019E+00
   0.38798E+03   0.29971E+02   0.25224E+02   0.49262E+00  -0.30940E+00
   0.38833E+03   0.29974E+02   0.25613E+02   0.50045E+00  -0.29149E+00
   0.38868E+03   0.29976E+02   0.25694E+02   0.50539E+00  -0.27886E+00
   0.38903E+03   0.29978E+02   0.25984E+02   0.51011E+00  -0.26077E+00
   0.38938E+03   0.29979E+02   0.26608E+02   0.50818E+00  -0.23132E+00
   0.38973E+03   0.29978E+02   0.27344E+02   0.50188E+00  -0.18988E+00
   0.39008E+03   0.29978E+02   0.27583E+02   0.49583E+00  -0.15989E+00
   0.39043E+03   0.29976E+02   0.27593E+02   0.48249E+00  -0.14013E+00
   0.39078E+03   0.29973E+02   0.27631E+02   0.45868E+00  -0.11596E+00
   0.39113E+03   0.29968E+02   0.27545E+02   0.43501E+00  -0.95099E-01
   0.39148E+03   0.29960E+02   0.27558E+02   0.41789E+00  -0.72631E-01
   0.39183E+03   0.29952E+02   0.27455E+02   0.40094E+00  -0.62287E-01
   0.39218E+03   0.29942E+02   0.27246E+02   0.37460E+00  -0.69213E-01
   0.39253E+03   0.29927E+02   0.27172E+02   0.34929E+00  -0.65633E-01
   0.39288E+03   0.29909E+02   0.27140E+02   0.33976E+00  -0.58628E-01
   0.39323E+03   0.29898E+02   0.27191E+02   0.33949E+00  -0.57614E-01
   0.39358E+03   0.29893E+02   0.27224E+02   0.33554E+00  -0.62948E-01
   0.39393E+03   0.29886E+02   0.26947E+02   0.32429E+00  -0.80386E-01
   0.39428E+03   0.29878E+02   0.26628E+02   0.31382E+00  -0.89424E-01
   0.39463E+03   0.29870E+02   0.26511E+02   0.31091E+00  -0.87167E-01
   0.39498E+03   0.29864E+02   0.26419E+02   0.31168E+00  -0.94296E-01
   0.39533E+03   0.29863E+02   0.26299E+02   0.30684E+00  -0.10790E+00
   0.39568E+03   0.29853E+02   0.26110E+02   0.29822E+00  -0.12221E+00
   0.39603E+03   0.29841E+02   0.25752E+02   0.29804E+00  -0.13791E+00
   0.39638E+03   0.29841E+02   0.25673E+02   0.30633E+00  -0.14768E+00
   0.39673E+03   0.29847E+02   0.25745E+02   0.31248E+00  -0.15596E+00
   0.39708E+03   0.29852E+02   0.25366E+02   0.31345E+00  -0.17936E+00
   0.39743E+03   0.29856E+02   0.24837E+02   0.31457E+00  -0.20339E+00
   0.39778E+03   0.29860E+02   0.24659E+02   0.31886E+00  -0.21202E+00
   0.39813E+03   0.29864E+02   0.24884E+02   0.32965E+00  -0.21716E+00
   0.39848E+03   0.29874E+02   0.25172E+02   0.34718E+00  -0.22439E+00
   0.39883E+03   0.29887E+02   0.25508E+02   0.35928E+00  -0.23049E+00
   0.39918E+03   0.29899E+02   0.25326E+02   0.36620E+00  -0.24572E+00
   0.39953E+03   0.29908E+02   0.25007E+02   0.37480E+00  -0.26192E+00
   0.39988E+03   0.29918E+02   0.25058E+02   0.38903E+00  -0.26280E+00
   0.40023E+03   0.29927E+02   0.25292E+02   0.40112E+00  -0.25747E+00
   0.40058E+03   0.29934E+02   0.25730E+02   0.40875E+00  -0.25313E+00
   0.40093E+03   0.29939E+02   0.25720E+02   0.41514E+00  -0.25791E+00
   0.40128E+03   0.29944E+02   0.25536E+02   0.42189E+00  -0.26228E+00
   0.40163E+03   0.29949E+02   0.25584E+02   0.43279E+00  -0.26033E+00
   0.40198E+03   0.29953E+02   0.25797E+02   0.44513E+00  -0.25767E+00
   0.40233E+03   0.29958E+02   0.26379E+02   0.45054E+00  -0.23767E+00
   0.40268E+03   0.29960E+02   0.26702E+02   0.44746E+00  -0.22006E+00
   0.40303E+03   0.29961E+02   0.26643E+02   0.44377E+00  -0.21450E+00
   0.40338E+03   0.29961E+02   0.26768E+02   0.44497E+00  -0.19401E+00
   0.40373E+03   0.29961E+02   0.26893E+02   0.44563E+00  -0.17450E+00
   0.40408E+03   0.29961E+02   0.27105E+02   0.44111E+00  -0.16166E+00
   0.40443E+03   0.29960E+02   0.27065E+02   0.43147E+00  -0.14966E+00
   0.40478E+03   0.29955E+02   0.26831E+02   0.41320E+00  -0.14065E+00
   0.40513E+03   0.29948E+02   0.26882E+02   0.39816E+00  -0.12418E+00
   0.40548E+03   0.29943E+02   0.26958E+02   0.38793E+00  -0.10901E+00
   0.40583E+03   0.29937E+02   0.27040E+02   0.38139E+00  -0.99745E-01
   0.40618E+03   0.29930E+02   0.26894E+02   0.37278E+00  -0.10249E+00
   0.40653E+03   0.29920E+02   0.26687E+02   0.36012E+00  -0.10889E+00
   0.40688E+03   0.29912E+02   0.26732E+02   0.35262E+00  -0.10075E+00
   0.40723E+03   0.29908E+02   0.26613E+02   0.34506E+00  -0.10065E+00
   0.40758E+03   0.29902E+02   0.26607E+02   0.33493E+00  -0.10302E+00
   0.40793E+03   0.29894E+02   0.26614E+02   0.33133E+00  -0.10155E+00
   0.40828E+03   0.29887E+02   0.26432E+02   0.32494E+00  -0.10884E+00
   0.40863E+03   0.29879E+02   0.26389E+02   0.32096E+00  -0.11159E+00
   0.40898E+03   0.29875E+02   0.26034E+02   0.32536E+00  -0.12773E+00
   0.40933E+03   0.29875E+02   0.25486E+02   0.32226E+00  -0.15324E+00
   0.40968E+03   0.29874E+02   0.25071E+02   0.31326E+00  -0.16954E+00
   0.41003E+03   0.29866E+02   0.24899E+02   0.31137E+00  -0.18225E+00
   0.41038E+03   0.29863E+02   0.24987E+02   0.32227E+00  -0.18526E+00
   0.41073E+03   0.29872E+02   0.24885E+02   0.33253E+00  -0.19901E+00
   0.41108E+03   0.29883E+02   0.24524E+02   0.34038E+00  -0.22790E+00
   0.41143E+03   0.29890E+02   0.24546E+02   0.34793E+00  -0.24258E+00
   0.41178E+03   0.29897E+02   0.24999E+02   0.36283E+00  -0.23352E+00
   0.41213E+03   0.29908E+02   0.25354E+02   0.37619E+00  -0.22866E+00
   0.41248E+03   0.29917E+02   0.25393E+02   0.38529E+00  -0.24452E+00
   0.41283E+03   0.29923E+02   0.25194E+02   0.39009E+00  -0.25444E+00
   0.41318E+03   0.29928E+02   0.24910E+02   0.39357E+00  -0.25954E+00
   0.41353E+03   0.29934E+02   0.25046E+02   0.40456E+00  -0.26381E+00
   0.41388E+03   0.29941E+02   0.25153E+02   0.41589E+00  -0.26662E+00
   0.41423E+03   0.29946E+02   0.24812E+02   0.42040E+00  -0.27863E+00
   0.41458E+03   0.29948E+02   0.24872E+02   0.42006E+00  -0.28367E+00
   0.41493E+03   0.29950E+02   0.25435E+02   0.43064E+00  -0.27138E+00
   0.41528E+03   0.29953E+02   0.26062E+02   0.44728E+00  -0.25618E+00
   0.41563E+03   0.29959E+02   0.26237E+02   0.46543E+00  -0.25419E+00
   0.41598E+03   0.29964E+02   0.26126E+02   0.46978E+00  -0.25706E+00
   0.41633E+03   0.29966E+02   0.26238E+02   0.46128E+00  -0.24000E+00
   0.41668E+03   0.29966E+02   0.26504E+02   0.45829E+00  -0.21226E+00
   0.41703E+03   0.29966E+02   0.26992E+02   0.46303E+00  -0.18576E+00
   0.41738E+03   0.29967E+02   0.27315E+02   0.45968E+00  -0.16614E+00
   0.41773E+03   0.29965E+02   0.27421E+02   0.44448E+00  -0.15458E+00
   0.41808E+03   0.29962E+02   0.27580E+02   0.42938E+00  -0.13354E+00
   0.41843E+03   0.29957E+02   0.27534E+02   0.41956E+00  -0.11076E+00
   0.41878E+03   0.29952E+02   0.27479E+02   0.41246E+00  -0.96879E-01
   0.41913E+03   0.29948E+02   0.27376E+02   0.39228E+00  -0.91600E-01
   0.41948E+03   0.29938E+02   0.27253E+02   0.36553E+00  -0.83797E-01
   0.41983E+03   0.29922E+02   0.27271E+02   0.35159E+00  -0.70814E-01
