       time        TW        TE         hW        hE
   0.17500E+00   0.29504E+02   0.29044E+02   0.24060E-02  -0.35165E-01
   0.52500E+00   0.28764E+02   0.27434E+02   0.23992E-01  -0.10689E+00
   0.87500E+00   0.28486E+02   0.26165E+02   0.64223E-01  -0.18011E+00
   0.12250E+01   0.28600E+02   0.24791E+02   0.11708E+00  -0.26753E+00
   0.15750E+01   0.28925E+02   0.23621E+02   0.17787E+00  -0.36097E+00
   0.19250E+01   0.29251E+02   0.23036E+02   0.24108E+00  -0.43692E+00
   0.22750E+01   0.29512E+02   0.22618E+02   0.31050E+00  -0.50791E+00
   0.26250E+01   0.29704E+02   0.22432E+02   0.38327E+00  -0.57599E+00
   0.29750E+01   0.29830E+02   0.22667E+02   0.46087E+00  -0.63034E+00
   0.33250E+01   0.29906E+02   0.23254E+02   0.53728E+00  -0.66085E+00
   0.36750E+01   0.29949E+02   0.24271E+02   0.60564E+00  -0.66523E+00
   0.40250E+01   0.29972E+02   0.25356E+02   0.66712E+00  -0.64196E+00
   0.43750E+01   0.29983E+02   0.26255E+02   0.72325E+00  -0.59029E+00
   0.47250E+01   0.29990E+02   0.26990E+02   0.76828E+00  -0.52201E+00
   0.50750E+01   0.29994E+02   0.27574E+02   0.79583E+00  -0.44269E+00
   0.54250E+01   0.29997E+02   0.28059E+02   0.79324E+00  -0.35774E+00
   0.57750E+01   0.29999E+02   0.28459E+02   0.76232E+00  -0.28111E+00
   0.61250E+01   0.29999E+02   0.28780E+02   0.71385E+00  -0.20648E+00
   0.64750E+01   0.29997E+02   0.29042E+02   0.65653E+00  -0.13263E+00
   0.68250E+01   0.29994E+02   0.29226E+02   0.59602E+00  -0.76674E-01
   0.71750E+01   0.29991E+02   0.29157E+02   0.53632E+00  -0.36766E-01
   0.75250E+01   0.29985E+02   0.28859E+02   0.48626E+00  -0.11695E-01
   0.78750E+01   0.29975E+02   0.28786E+02   0.44383E+00   0.16125E-01
   0.82250E+01   0.29963E+02   0.28802E+02   0.40768E+00   0.35390E-01
   0.85750E+01   0.29949E+02   0.28711E+02   0.37735E+00   0.32135E-01
   0.89250E+01   0.29933E+02   0.28563E+02   0.35841E+00   0.25927E-01
   0.92750E+01   0.29916E+02   0.28357E+02   0.34138E+00   0.15854E-01
   0.96250E+01   0.29902E+02   0.28300E+02   0.33010E+00   0.13299E-01
   0.99750E+01   0.29895E+02   0.28179E+02   0.32663E+00   0.40668E-02
   0.10325E+02   0.29890E+02   0.27854E+02   0.31993E+00  -0.20798E-01
   0.10675E+02   0.29879E+02   0.27566E+02   0.30766E+00  -0.29428E-01
   0.11025E+02   0.29863E+02   0.27384E+02   0.29855E+00  -0.38672E-01
   0.11375E+02   0.29848E+02   0.27172E+02   0.29616E+00  -0.54717E-01
   0.11725E+02   0.29837E+02   0.26896E+02   0.29259E+00  -0.72695E-01
   0.12075E+02   0.29829E+02   0.26542E+02   0.28825E+00  -0.98236E-01
   0.12425E+02   0.29818E+02   0.26399E+02   0.27987E+00  -0.10686E+00
   0.12775E+02   0.29805E+02   0.26363E+02   0.27619E+00  -0.11128E+00
   0.13125E+02   0.29802E+02   0.26020E+02   0.28268E+00  -0.13410E+00
   0.13475E+02   0.29809E+02   0.25567E+02   0.28638E+00  -0.16061E+00
   0.13825E+02   0.29806E+02   0.25344E+02   0.28396E+00  -0.17624E+00
   0.14175E+02   0.29806E+02   0.25308E+02   0.28863E+00  -0.18206E+00
   0.14525E+02   0.29815E+02   0.25354E+02   0.29781E+00  -0.18971E+00
   0.14875E+02   0.29828E+02   0.25472E+02   0.30990E+00  -0.20460E+00
   0.15225E+02   0.29843E+02   0.25186E+02   0.32076E+00  -0.22467E+00
   0.15575E+02   0.29858E+02   0.24543E+02   0.32714E+00  -0.25108E+00
   0.15925E+02   0.29871E+02   0.24284E+02   0.34214E+00  -0.27121E+00
   0.16275E+02   0.29887E+02   0.24517E+02   0.36587E+00  -0.27877E+00
   0.16625E+02   0.29904E+02   0.24625E+02   0.38353E+00  -0.29026E+00
   0.16975E+02   0.29918E+02   0.24730E+02   0.39643E+00  -0.30759E+00
   0.17325E+02   0.29930E+02   0.25036E+02   0.41311E+00  -0.31743E+00
   0.17675E+02   0.29941E+02   0.25244E+02   0.43756E+00  -0.31524E+00
   0.18025E+02   0.29951E+02   0.25550E+02   0.46449E+00  -0.31258E+00
   0.18375E+02   0.29961E+02   0.25817E+02   0.48001E+00  -0.31426E+00
   0.18725E+02   0.29967E+02   0.26300E+02   0.48586E+00  -0.30207E+00
   0.19075E+02   0.29970E+02   0.26956E+02   0.49112E+00  -0.27325E+00
   0.19425E+02   0.29973E+02   0.27250E+02   0.49558E+00  -0.24967E+00
   0.19775E+02   0.29974E+02   0.27177E+02   0.49776E+00  -0.23675E+00
   0.20125E+02   0.29976E+02   0.27128E+02   0.49695E+00  -0.22549E+00
   0.20475E+02   0.29975E+02   0.27035E+02   0.48647E+00  -0.21027E+00
   0.20825E+02   0.29973E+02   0.26826E+02   0.47354E+00  -0.18929E+00
   0.21175E+02   0.29971E+02   0.26864E+02   0.45896E+00  -0.16980E+00
   0.21525E+02   0.29967E+02   0.26843E+02   0.44627E+00  -0.15388E+00
   0.21875E+02   0.29963E+02   0.26717E+02   0.43411E+00  -0.14283E+00
   0.22225E+02   0.29958E+02   0.26601E+02   0.42117E+00  -0.13629E+00
   0.22575E+02   0.29954E+02   0.26568E+02   0.41280E+00  -0.12488E+00
   0.22925E+02   0.29950E+02   0.26564E+02   0.40599E+00  -0.11434E+00
   0.23275E+02   0.29945E+02   0.26595E+02   0.39406E+00  -0.10669E+00
   0.23625E+02   0.29936E+02   0.26754E+02   0.37414E+00  -0.93691E-01
   0.23975E+02   0.29926E+02   0.26808E+02   0.36483E+00  -0.86267E-01
   0.24325E+02   0.29920E+02   0.26723E+02   0.36272E+00  -0.90352E-01
   0.24675E+02   0.29915E+02   0.26575E+02   0.35339E+00  -0.96740E-01
   0.25025E+02   0.29907E+02   0.26306E+02   0.34002E+00  -0.10565E+00
   0.25375E+02   0.29898E+02   0.26005E+02   0.32888E+00  -0.11295E+00
   0.25725E+02   0.29886E+02   0.25929E+02   0.32155E+00  -0.11338E+00
   0.26075E+02   0.29876E+02   0.26061E+02   0.32174E+00  -0.11622E+00
   0.26425E+02   0.29875E+02   0.26075E+02   0.32417E+00  -0.12959E+00
   0.26775E+02   0.29877E+02   0.25968E+02   0.32436E+00  -0.14248E+00
   0.27125E+02   0.29876E+02   0.25838E+02   0.32698E+00  -0.14795E+00
   0.27475E+02   0.29875E+02   0.25689E+02   0.32892E+00  -0.15200E+00
   0.27825E+02   0.29876E+02   0.25644E+02   0.32820E+00  -0.15498E+00
   0.28175E+02   0.29878E+02   0.25720E+02   0.32843E+00  -0.16112E+00
   0.28525E+02   0.29876E+02   0.25774E+02   0.32656E+00  -0.16828E+00
   0.28875E+02   0.29874E+02   0.25497E+02   0.32967E+00  -0.17783E+00
   0.29225E+02   0.29879E+02   0.25067E+02   0.33567E+00  -0.19771E+00
   0.29575E+02   0.29885E+02   0.24946E+02   0.33821E+00  -0.21422E+00
   0.29925E+02   0.29888E+02   0.24988E+02   0.34463E+00  -0.21919E+00
   0.30275E+02   0.29893E+02   0.24812E+02   0.35307E+00  -0.23140E+00
   0.30625E+02   0.29899E+02   0.24707E+02   0.36178E+00  -0.24775E+00
   0.30975E+02   0.29907E+02   0.24891E+02   0.37467E+00  -0.25507E+00
   0.31325E+02   0.29917E+02   0.24886E+02   0.38942E+00  -0.26464E+00
   0.31675E+02   0.29927E+02   0.24818E+02   0.40204E+00  -0.27349E+00
   0.32025E+02   0.29935E+02   0.24956E+02   0.41451E+00  -0.27721E+00
   0.32375E+02   0.29943E+02   0.25118E+02   0.42451E+00  -0.27924E+00
   0.32725E+02   0.29948E+02   0.25470E+02   0.43301E+00  -0.27198E+00
   0.33075E+02   0.29953E+02   0.26075E+02   0.44051E+00  -0.25778E+00
   0.33425E+02   0.29957E+02   0.26638E+02   0.44935E+00  -0.24084E+00
   0.33775E+02   0.29961E+02   0.27040E+02   0.45726E+00  -0.22198E+00
   0.34125E+02   0.29964E+02   0.27230E+02   0.45734E+00  -0.20818E+00
   0.34475E+02   0.29964E+02   0.27055E+02   0.45070E+00  -0.19591E+00
   0.34825E+02   0.29963E+02   0.26769E+02   0.44558E+00  -0.18233E+00
   0.35175E+02   0.29961E+02   0.26740E+02   0.43783E+00  -0.17070E+00
   0.35525E+02   0.29958E+02   0.26839E+02   0.42423E+00  -0.15580E+00
   0.35875E+02   0.29953E+02   0.26856E+02   0.41090E+00  -0.14234E+00
   0.36225E+02   0.29949E+02   0.26816E+02   0.40126E+00  -0.13562E+00
   0.36575E+02   0.29944E+02   0.26768E+02   0.39428E+00  -0.12517E+00
   0.36925E+02   0.29938E+02   0.26706E+02   0.38658E+00  -0.11680E+00
   0.37275E+02   0.29932E+02   0.26597E+02   0.38048E+00  -0.11790E+00
   0.37625E+02   0.29927E+02   0.26624E+02   0.37238E+00  -0.11194E+00
   0.37975E+02   0.29923E+02   0.26568E+02   0.36258E+00  -0.11115E+00
   0.38325E+02   0.29918E+02   0.26353E+02   0.35214E+00  -0.11791E+00
   0.38675E+02   0.29912E+02   0.26331E+02   0.34288E+00  -0.11349E+00
   0.39025E+02   0.29904E+02   0.26315E+02   0.34028E+00  -0.11230E+00
   0.39375E+02   0.29897E+02   0.26193E+02   0.33816E+00  -0.11814E+00
   0.39725E+02   0.29892E+02   0.26197E+02   0.33447E+00  -0.12260E+00
   0.40075E+02   0.29889E+02   0.26330E+02   0.33286E+00  -0.12502E+00
   0.40425E+02   0.29886E+02   0.26280E+02   0.33001E+00  -0.12687E+00
   0.40775E+02   0.29883E+02   0.25990E+02   0.32718E+00  -0.13854E+00
   0.41125E+02   0.29879E+02   0.25794E+02   0.32642E+00  -0.14832E+00
   0.41475E+02   0.29877E+02   0.25867E+02   0.32590E+00  -0.14743E+00
   0.41825E+02   0.29876E+02   0.25945E+02   0.32636E+00  -0.15092E+00
   0.42175E+02   0.29876E+02   0.26040E+02   0.32987E+00  -0.15577E+00
   0.42525E+02   0.29878E+02   0.26088E+02   0.33265E+00  -0.16075E+00
   0.42875E+02   0.29879E+02   0.26102E+02   0.33467E+00  -0.16412E+00
   0.43225E+02   0.29882E+02   0.25999E+02   0.33876E+00  -0.16888E+00
   0.43575E+02   0.29888E+02   0.25637E+02   0.33817E+00  -0.18270E+00
   0.43925E+02   0.29890E+02   0.25327E+02   0.33853E+00  -0.19187E+00
   0.44275E+02   0.29893E+02   0.25473E+02   0.34210E+00  -0.18896E+00
   0.44625E+02   0.29894E+02   0.25983E+02   0.34528E+00  -0.18252E+00
   0.44975E+02   0.29896E+02   0.26190E+02   0.35270E+00  -0.18216E+00
   0.45325E+02   0.29902E+02   0.26042E+02   0.36270E+00  -0.19491E+00
   0.45675E+02   0.29908E+02   0.26062E+02   0.37012E+00  -0.19834E+00
   0.46025E+02   0.29914E+02   0.25952E+02   0.37223E+00  -0.19579E+00
   0.46375E+02   0.29917E+02   0.25802E+02   0.37138E+00  -0.20067E+00
   0.46725E+02   0.29918E+02   0.25920E+02   0.37740E+00  -0.19604E+00
   0.47075E+02   0.29922E+02   0.25838E+02   0.37895E+00  -0.19654E+00
   0.47425E+02   0.29925E+02   0.25635E+02   0.37290E+00  -0.20650E+00
   0.47775E+02   0.29924E+02   0.25379E+02   0.37505E+00  -0.21549E+00
   0.48125E+02   0.29925E+02   0.25149E+02   0.38757E+00  -0.22106E+00
   0.48475E+02   0.29929E+02   0.25213E+02   0.39354E+00  -0.22153E+00
   0.48825E+02   0.29932E+02   0.25115E+02   0.39282E+00  -0.23288E+00
   0.49175E+02   0.29933E+02   0.24954E+02   0.39615E+00  -0.24344E+00
   0.49525E+02   0.29936E+02   0.25096E+02   0.40254E+00  -0.23666E+00
   0.49875E+02   0.29939E+02   0.25204E+02   0.41268E+00  -0.23550E+00
   0.50225E+02   0.29944E+02   0.24958E+02   0.42111E+00  -0.24763E+00
   0.50575E+02   0.29948E+02   0.24872E+02   0.42197E+00  -0.25033E+00
   0.50925E+02   0.29950E+02   0.25121E+02   0.42355E+00  -0.23964E+00
   0.51275E+02   0.29952E+02   0.25159E+02   0.42770E+00  -0.23459E+00
   0.51625E+02   0.29953E+02   0.25180E+02   0.42821E+00  -0.23348E+00
   0.51975E+02   0.29955E+02   0.25433E+02   0.43079E+00  -0.22646E+00
   0.52325E+02   0.29956E+02   0.25772E+02   0.43368E+00  -0.21738E+00
   0.52675E+02   0.29957E+02   0.26198E+02   0.43529E+00  -0.20042E+00
   0.53025E+02   0.29956E+02   0.26378E+02   0.43310E+00  -0.18738E+00
   0.53375E+02   0.29955E+02   0.26384E+02   0.43085E+00  -0.18190E+00
   0.53725E+02   0.29955E+02   0.26790E+02   0.42694E+00  -0.16077E+00
   0.54075E+02   0.29952E+02   0.27116E+02   0.41451E+00  -0.13540E+00
   0.54425E+02   0.29947E+02   0.27213E+02   0.40203E+00  -0.12097E+00
   0.54775E+02   0.29943E+02   0.27354E+02   0.39638E+00  -0.10607E+00
   0.55125E+02   0.29940E+02   0.27477E+02   0.38510E+00  -0.88534E-01
   0.55475E+02   0.29931E+02   0.27434E+02   0.36499E+00  -0.83844E-01
   0.55825E+02   0.29922E+02   0.27260E+02   0.35244E+00  -0.85772E-01
   0.56175E+02   0.29912E+02   0.27133E+02   0.34440E+00  -0.83142E-01
   0.56525E+02   0.29902E+02   0.26904E+02   0.33373E+00  -0.88563E-01
   0.56875E+02   0.29893E+02   0.26614E+02   0.31827E+00  -0.10119E+00
   0.57225E+02   0.29878E+02   0.26236E+02   0.30864E+00  -0.11284E+00
   0.57575E+02   0.29865E+02   0.26010E+02   0.31351E+00  -0.11904E+00
   0.57925E+02   0.29863E+02   0.25793E+02   0.31830E+00  -0.13220E+00
   0.58275E+02   0.29867E+02   0.25281E+02   0.31658E+00  -0.16095E+00
   0.58625E+02   0.29869E+02   0.25042E+02   0.31812E+00  -0.17814E+00
   0.58975E+02   0.29871E+02   0.25086E+02   0.32661E+00  -0.17932E+00
   0.59325E+02   0.29875E+02   0.25167E+02   0.33487E+00  -0.18197E+00
   0.59675E+02   0.29881E+02   0.24959E+02   0.34273E+00  -0.20367E+00
   0.60025E+02   0.29888E+02   0.24765E+02   0.34881E+00  -0.22873E+00
   0.60375E+02   0.29895E+02   0.24742E+02   0.35694E+00  -0.23327E+00
   0.60725E+02   0.29903E+02   0.24425E+02   0.36402E+00  -0.24863E+00
   0.61075E+02   0.29910E+02   0.24120E+02   0.37035E+00  -0.27327E+00
   0.61425E+02   0.29915E+02   0.23990E+02   0.37797E+00  -0.28716E+00
   0.61775E+02   0.29921E+02   0.23990E+02   0.38851E+00  -0.29879E+00
   0.62125E+02   0.29929E+02   0.24072E+02   0.40183E+00  -0.30904E+00
   0.62475E+02   0.29937E+02   0.24133E+02   0.41552E+00  -0.32290E+00
   0.62825E+02   0.29946E+02   0.24549E+02   0.43938E+00  -0.32530E+00
   0.63175E+02   0.29955E+02   0.25107E+02   0.45956E+00  -0.31534E+00
   0.63525E+02   0.29961E+02   0.25220E+02   0.46689E+00  -0.31389E+00
   0.63875E+02   0.29966E+02   0.25674E+02   0.47797E+00  -0.30182E+00
   0.64225E+02   0.29970E+02   0.26415E+02   0.49530E+00  -0.27468E+00
   0.64575E+02   0.29974E+02   0.26740E+02   0.50075E+00  -0.25352E+00
   0.64925E+02   0.29975E+02   0.27095E+02   0.49546E+00  -0.23324E+00
   0.65275E+02   0.29976E+02   0.27315E+02   0.49238E+00  -0.21186E+00
   0.65625E+02   0.29975E+02   0.27195E+02   0.48796E+00  -0.19072E+00
   0.65975E+02   0.29974E+02   0.26943E+02   0.47622E+00  -0.17661E+00
   0.66325E+02   0.29972E+02   0.26667E+02   0.45618E+00  -0.17049E+00
   0.66675E+02   0.29967E+02   0.26604E+02   0.43796E+00  -0.14845E+00
   0.67025E+02   0.29961E+02   0.26555E+02   0.42670E+00  -0.12614E+00
   0.67375E+02   0.29955E+02   0.26647E+02   0.41416E+00  -0.11409E+00
   0.67725E+02   0.29949E+02   0.26797E+02   0.40049E+00  -0.10163E+00
   0.68075E+02   0.29944E+02   0.26787E+02   0.39265E+00  -0.96317E-01
   0.68425E+02   0.29940E+02   0.26939E+02   0.38370E+00  -0.84616E-01
   0.68775E+02   0.29933E+02   0.27107E+02   0.36946E+00  -0.69545E-01
   0.69125E+02   0.29922E+02   0.27001E+02   0.35732E+00  -0.74163E-01
   0.69475E+02   0.29910E+02   0.26862E+02   0.34889E+00  -0.81870E-01
   0.69825E+02   0.29902E+02   0.26728E+02   0.33762E+00  -0.86698E-01
   0.70175E+02   0.29893E+02   0.26523E+02   0.32356E+00  -0.94783E-01
   0.70525E+02   0.29883E+02   0.26396E+02   0.31757E+00  -0.10091E+00
   0.70875E+02   0.29877E+02   0.26276E+02   0.31560E+00  -0.10572E+00
   0.71225E+02   0.29868E+02   0.26274E+02   0.31227E+00  -0.10979E+00
   0.71575E+02   0.29863E+02   0.26076E+02   0.31078E+00  -0.12571E+00
   0.71925E+02   0.29861E+02   0.25635E+02   0.31220E+00  -0.14704E+00
   0.72275E+02   0.29860E+02   0.25540E+02   0.31818E+00  -0.15407E+00
   0.72625E+02   0.29861E+02   0.25714E+02   0.32267E+00  -0.15521E+00
   0.72975E+02   0.29862E+02   0.25781E+02   0.32369E+00  -0.16264E+00
   0.73325E+02   0.29865E+02   0.25775E+02   0.32807E+00  -0.17320E+00
   0.73675E+02   0.29871E+02   0.25703E+02   0.33462E+00  -0.18458E+00
   0.74025E+02   0.29879E+02   0.25482E+02   0.34036E+00  -0.19281E+00
   0.74375E+02   0.29885E+02   0.25294E+02   0.34357E+00  -0.20416E+00
   0.74725E+02   0.29890E+02   0.25258E+02   0.34868E+00  -0.21358E+00
   0.75075E+02   0.29895E+02   0.25232E+02   0.35410E+00  -0.21867E+00
   0.75425E+02   0.29901E+02   0.25094E+02   0.35896E+00  -0.23151E+00
   0.75775E+02   0.29907E+02   0.24782E+02   0.36388E+00  -0.25070E+00
   0.76125E+02   0.29913E+02   0.24870E+02   0.37451E+00  -0.25574E+00
   0.76475E+02   0.29921E+02   0.25351E+02   0.39305E+00  -0.24891E+00
   0.76825E+02   0.29931E+02   0.25374E+02   0.40572E+00  -0.25565E+00
   0.77175E+02   0.29937E+02   0.25264E+02   0.40987E+00  -0.26550E+00
   0.77525E+02   0.29942E+02   0.25276E+02   0.41980E+00  -0.26879E+00
   0.77875E+02   0.29947E+02   0.25486E+02   0.43372E+00  -0.26105E+00
   0.78225E+02   0.29952E+02   0.25823E+02   0.43920E+00  -0.24879E+00
   0.78575E+02   0.29956E+02   0.25889E+02   0.44296E+00  -0.24918E+00
   0.78925E+02   0.29958E+02   0.26161E+02   0.44878E+00  -0.23887E+00
   0.79275E+02   0.29960E+02   0.26628E+02   0.45167E+00  -0.21522E+00
   0.79625E+02   0.29962E+02   0.26753E+02   0.44825E+00  -0.20590E+00
   0.79975E+02   0.29962E+02   0.26602E+02   0.44730E+00  -0.19896E+00
   0.80325E+02   0.29962E+02   0.26708E+02   0.44466E+00  -0.17996E+00
   0.80675E+02   0.29961E+02   0.27093E+02   0.43389E+00  -0.15252E+00
   0.81025E+02   0.29956E+02   0.27339E+02   0.41999E+00  -0.13475E+00
   0.81375E+02   0.29951E+02   0.27277E+02   0.41260E+00  -0.12716E+00
   0.81725E+02   0.29947E+02   0.27148E+02   0.40686E+00  -0.11554E+00
   0.82075E+02   0.29942E+02   0.27043E+02   0.39238E+00  -0.11162E+00
   0.82425E+02   0.29934E+02   0.26846E+02   0.37363E+00  -0.10969E+00
   0.82775E+02   0.29925E+02   0.26610E+02   0.36079E+00  -0.10483E+00
   0.83125E+02   0.29917E+02   0.26520E+02   0.35422E+00  -0.10074E+00
   0.83475E+02   0.29910E+02   0.26503E+02   0.34342E+00  -0.10173E+00
   0.83825E+02   0.29900E+02   0.26360E+02   0.33286E+00  -0.11162E+00
   0.84175E+02   0.29892E+02   0.26342E+02   0.33472E+00  -0.11530E+00
   0.84525E+02   0.29891E+02   0.26231E+02   0.34073E+00  -0.11900E+00
   0.84875E+02   0.29890E+02   0.25734E+02   0.33665E+00  -0.14283E+00
   0.85225E+02   0.29887E+02   0.25213E+02   0.32740E+00  -0.16580E+00
   0.85575E+02   0.29881E+02   0.25118E+02   0.32484E+00  -0.16791E+00
   0.85925E+02   0.29878E+02   0.25398E+02   0.33575E+00  -0.16141E+00
   0.86275E+02   0.29881E+02   0.25356E+02   0.34209E+00  -0.17574E+00
   0.86625E+02   0.29885E+02   0.24995E+02   0.34312E+00  -0.20570E+00
   0.86975E+02   0.29891E+02   0.24658E+02   0.34903E+00  -0.22075E+00
   0.87325E+02   0.29897E+02   0.24549E+02   0.35566E+00  -0.22557E+00
   0.87675E+02   0.29902E+02   0.24754E+02   0.36267E+00  -0.22941E+00
   0.88025E+02   0.29907E+02   0.24917E+02   0.37061E+00  -0.23699E+00
   0.88375E+02   0.29915E+02   0.24729E+02   0.37883E+00  -0.25189E+00
   0.88725E+02   0.29922E+02   0.24599E+02   0.38143E+00  -0.26429E+00
   0.89075E+02   0.29926E+02   0.24556E+02   0.38767E+00  -0.27145E+00
   0.89425E+02   0.29931E+02   0.24614E+02   0.40618E+00  -0.27305E+00
   0.89775E+02   0.29940E+02   0.24680E+02   0.42461E+00  -0.27648E+00
   0.90125E+02   0.29946E+02   0.24779E+02   0.42476E+00  -0.28775E+00
   0.90475E+02   0.29949E+02   0.25088E+02   0.42677E+00  -0.28674E+00
   0.90825E+02   0.29952E+02   0.25352E+02   0.44345E+00  -0.27154E+00
   0.91175E+02   0.29958E+02   0.25934E+02   0.46237E+00  -0.25907E+00
   0.91525E+02   0.29963E+02   0.26143E+02   0.47311E+00  -0.25828E+00
   0.91875E+02   0.29966E+02   0.26366E+02   0.46848E+00  -0.24996E+00
   0.92225E+02   0.29968E+02   0.26835E+02   0.46738E+00  -0.22311E+00
   0.92575E+02   0.29969E+02   0.27040E+02   0.46735E+00  -0.19512E+00
   0.92925E+02   0.29969E+02   0.27477E+02   0.46092E+00  -0.16948E+00
   0.93275E+02   0.29967E+02   0.27331E+02   0.45067E+00  -0.15682E+00
   0.93625E+02   0.29963E+02   0.27029E+02   0.43799E+00  -0.14809E+00
   0.93975E+02   0.29958E+02   0.27364E+02   0.42722E+00  -0.12364E+00
   0.94325E+02   0.29955E+02   0.27481E+02   0.41539E+00  -0.10542E+00
   0.94675E+02   0.29950E+02   0.27428E+02   0.39922E+00  -0.95381E-01
   0.95025E+02   0.29941E+02   0.27325E+02   0.37997E+00  -0.88873E-01
   0.95375E+02   0.29930E+02   0.27273E+02   0.36187E+00  -0.77842E-01
   0.95725E+02   0.29917E+02   0.27294E+02   0.35143E+00  -0.65282E-01
   0.96075E+02   0.29909E+02   0.27087E+02   0.34862E+00  -0.77129E-01
   0.96425E+02   0.29901E+02   0.26859E+02   0.33869E+00  -0.87739E-01
   0.96775E+02   0.29887E+02   0.26788E+02   0.32423E+00  -0.85894E-01
   0.97125E+02   0.29878E+02   0.26636E+02   0.31323E+00  -0.90510E-01
   0.97475E+02   0.29873E+02   0.26385E+02   0.30854E+00  -0.10001E+00
   0.97825E+02   0.29864E+02   0.26306E+02   0.31221E+00  -0.10903E+00
   0.98175E+02   0.29860E+02   0.26260E+02   0.31587E+00  -0.11609E+00
   0.98525E+02   0.29859E+02   0.26113E+02   0.31219E+00  -0.12500E+00
   0.98875E+02   0.29857E+02   0.26001E+02   0.31069E+00  -0.13615E+00
   0.99225E+02   0.29856E+02   0.25788E+02   0.31632E+00  -0.14810E+00
   0.99575E+02   0.29858E+02   0.25731E+02   0.31798E+00  -0.14927E+00
   0.99925E+02   0.29856E+02   0.25748E+02   0.31598E+00  -0.15663E+00
   0.10027E+03   0.29857E+02   0.25435E+02   0.31991E+00  -0.17989E+00
   0.10062E+03   0.29864E+02   0.25239E+02   0.32694E+00  -0.18918E+00
   0.10097E+03   0.29873E+02   0.25026E+02   0.33114E+00  -0.20114E+00
   0.10132E+03   0.29878E+02   0.24678E+02   0.33270E+00  -0.22554E+00
   0.10167E+03   0.29884E+02   0.24614E+02   0.33753E+00  -0.23262E+00
   0.10202E+03   0.29891E+02   0.24747E+02   0.35091E+00  -0.23823E+00
   0.10237E+03   0.29899E+02   0.24794E+02   0.36642E+00  -0.25258E+00
   0.10272E+03   0.29909E+02   0.24923E+02   0.37691E+00  -0.26145E+00
   0.10307E+03   0.29919E+02   0.25089E+02   0.39076E+00  -0.26951E+00
   0.10342E+03   0.29929E+02   0.24973E+02   0.40790E+00  -0.27663E+00
   0.10377E+03   0.29937E+02   0.25247E+02   0.41794E+00  -0.27587E+00
   0.10412E+03   0.29944E+02   0.25748E+02   0.42805E+00  -0.26746E+00
   0.10447E+03   0.29950E+02   0.25897E+02   0.43772E+00  -0.26483E+00
   0.10482E+03   0.29955E+02   0.25808E+02   0.44655E+00  -0.26632E+00
   0.10517E+03   0.29959E+02   0.25808E+02   0.45068E+00  -0.26167E+00
   0.10552E+03   0.29961E+02   0.26236E+02   0.45274E+00  -0.24681E+00
   0.10587E+03   0.29963E+02   0.26745E+02   0.45773E+00  -0.22470E+00
   0.10622E+03   0.29964E+02   0.27218E+02   0.46016E+00  -0.20519E+00
   0.10657E+03   0.29965E+02   0.27515E+02   0.45637E+00  -0.18716E+00
   0.10692E+03   0.29965E+02   0.27591E+02   0.44887E+00  -0.17179E+00
   0.10727E+03   0.29963E+02   0.27327E+02   0.44243E+00  -0.16124E+00
   0.10762E+03   0.29961E+02   0.26968E+02   0.43319E+00  -0.14835E+00
   0.10797E+03   0.29957E+02   0.26933E+02   0.41724E+00  -0.13062E+00
   0.10832E+03   0.29951E+02   0.26824E+02   0.39852E+00  -0.11938E+00
   0.10867E+03   0.29944E+02   0.26582E+02   0.38149E+00  -0.11572E+00
   0.10902E+03   0.29935E+02   0.26556E+02   0.36980E+00  -0.10895E+00
   0.10937E+03   0.29926E+02   0.26663E+02   0.36601E+00  -0.10165E+00
   0.10972E+03   0.29919E+02   0.26741E+02   0.36369E+00  -0.96767E-01
   0.11007E+03   0.29915E+02   0.26642E+02   0.35746E+00  -0.10287E+00
   0.11042E+03   0.29908E+02   0.26459E+02   0.34552E+00  -0.11070E+00
   0.11077E+03   0.29898E+02   0.26310E+02   0.34008E+00  -0.10999E+00
   0.11112E+03   0.29893E+02   0.26019E+02   0.33676E+00  -0.11895E+00
   0.11147E+03   0.29888E+02   0.25901E+02   0.32939E+00  -0.12801E+00
   0.11182E+03   0.29887E+02   0.25822E+02   0.32657E+00  -0.13313E+00
   0.11217E+03   0.29885E+02   0.25555E+02   0.32293E+00  -0.14487E+00
   0.11252E+03   0.29879E+02   0.25640E+02   0.32017E+00  -0.14367E+00
   0.11287E+03   0.29875E+02   0.25917E+02   0.32690E+00  -0.14257E+00
   0.11322E+03   0.29879E+02   0.25752E+02   0.33664E+00  -0.15953E+00
   0.11357E+03   0.29886E+02   0.25595E+02   0.33514E+00  -0.17463E+00
   0.11392E+03   0.29887E+02   0.25515E+02   0.33332E+00  -0.18270E+00
   0.11427E+03   0.29886E+02   0.25133E+02   0.33697E+00  -0.18998E+00
   0.11462E+03   0.29886E+02   0.24982E+02   0.34084E+00  -0.20010E+00
   0.11497E+03   0.29890E+02   0.24950E+02   0.34653E+00  -0.21379E+00
   0.11532E+03   0.29895E+02   0.24694E+02   0.34816E+00  -0.23039E+00
   0.11567E+03   0.29897E+02   0.24696E+02   0.35405E+00  -0.23868E+00
   0.11602E+03   0.29904E+02   0.24984E+02   0.36950E+00  -0.23882E+00
   0.11637E+03   0.29916E+02   0.25146E+02   0.38189E+00  -0.24257E+00
   0.11672E+03   0.29925E+02   0.24996E+02   0.38830E+00  -0.25500E+00
   0.11707E+03   0.29931E+02   0.25053E+02   0.39786E+00  -0.26138E+00
   0.11742E+03   0.29936E+02   0.25305E+02   0.40859E+00  -0.25203E+00
   0.11777E+03   0.29941E+02   0.25472E+02   0.41786E+00  -0.24763E+00
   0.11812E+03   0.29946E+02   0.25599E+02   0.42868E+00  -0.25307E+00
   0.11847E+03   0.29950E+02   0.25490E+02   0.43167E+00  -0.25339E+00
   0.11882E+03   0.29953E+02   0.25399E+02   0.42967E+00  -0.24876E+00
   0.11917E+03   0.29954E+02   0.25833E+02   0.43481E+00  -0.23720E+00
   0.11952E+03   0.29956E+02   0.26252E+02   0.44320E+00  -0.22023E+00
   0.11987E+03   0.29959E+02   0.26382E+02   0.44424E+00  -0.20765E+00
   0.12022E+03   0.29959E+02   0.26663E+02   0.44029E+00  -0.19801E+00
   0.12057E+03   0.29959E+02   0.26583E+02   0.43644E+00  -0.19008E+00
   0.12092E+03   0.29958E+02   0.26248E+02   0.43123E+00  -0.17820E+00
   0.12127E+03   0.29957E+02   0.26227E+02   0.42577E+00  -0.17023E+00
   0.12162E+03   0.29954E+02   0.26340E+02   0.41696E+00  -0.15973E+00
   0.12197E+03   0.29949E+02   0.26418E+02   0.40238E+00  -0.13863E+00
   0.12232E+03   0.29943E+02   0.26577E+02   0.38918E+00  -0.12720E+00
   0.12267E+03   0.29939E+02   0.26783E+02   0.38619E+00  -0.11555E+00
   0.12302E+03   0.29935E+02   0.26777E+02   0.38365E+00  -0.10577E+00
   0.12337E+03   0.29928E+02   0.26778E+02   0.37407E+00  -0.10631E+00
   0.12372E+03   0.29923E+02   0.26740E+02   0.36281E+00  -0.10345E+00
   0.12407E+03   0.29917E+02   0.26648E+02   0.35329E+00  -0.98661E-01
   0.12442E+03   0.29909E+02   0.26642E+02   0.34243E+00  -0.99001E-01
   0.12477E+03   0.29897E+02   0.26583E+02   0.33135E+00  -0.10210E+00
   0.12512E+03   0.29886E+02   0.26551E+02   0.32923E+00  -0.10220E+00
   0.12547E+03   0.29881E+02   0.26514E+02   0.32901E+00  -0.10824E+00
   0.12582E+03   0.29879E+02   0.26373E+02   0.32555E+00  -0.12169E+00
   0.12617E+03   0.29874E+02   0.26117E+02   0.32327E+00  -0.13162E+00
   0.12652E+03   0.29871E+02   0.25945E+02   0.32123E+00  -0.13841E+00
   0.12687E+03   0.29869E+02   0.25978E+02   0.31954E+00  -0.13838E+00
   0.12722E+03   0.29867E+02   0.26038E+02   0.32158E+00  -0.14189E+00
   0.12757E+03   0.29866E+02   0.26121E+02   0.32648E+00  -0.15222E+00
   0.12792E+03   0.29870E+02   0.26120E+02   0.33119E+00  -0.15672E+00
   0.12827E+03   0.29877E+02   0.25935E+02   0.33395E+00  -0.16533E+00
   0.12862E+03   0.29880E+02   0.25812E+02   0.33385E+00  -0.17797E+00
   0.12897E+03   0.29881E+02   0.25712E+02   0.33696E+00  -0.18121E+00
   0.12932E+03   0.29885E+02   0.25441E+02   0.33864E+00  -0.18971E+00
   0.12967E+03   0.29888E+02   0.25293E+02   0.33838E+00  -0.20644E+00
   0.13002E+03   0.29890E+02   0.25387E+02   0.34529E+00  -0.20949E+00
   0.13037E+03   0.29894E+02   0.25529E+02   0.35516E+00  -0.20911E+00
   0.13072E+03   0.29901E+02   0.25551E+02   0.36818E+00  -0.21985E+00
   0.13107E+03   0.29910E+02   0.25293E+02   0.37858E+00  -0.23818E+00
   0.13142E+03   0.29918E+02   0.25044E+02   0.38198E+00  -0.25121E+00
   0.13177E+03   0.29923E+02   0.25003E+02   0.38804E+00  -0.25034E+00
   0.13212E+03   0.29929E+02   0.25043E+02   0.39849E+00  -0.25010E+00
   0.13247E+03   0.29935E+02   0.25346E+02   0.40734E+00  -0.25063E+00
   0.13282E+03   0.29940E+02   0.25940E+02   0.41425E+00  -0.24167E+00
   0.13317E+03   0.29945E+02   0.26249E+02   0.42364E+00  -0.23486E+00
   0.13352E+03   0.29949E+02   0.26294E+02   0.43130E+00  -0.22884E+00
   0.13387E+03   0.29953E+02   0.26287E+02   0.43549E+00  -0.22133E+00
   0.13422E+03   0.29955E+02   0.26397E+02   0.43667E+00  -0.21258E+00
   0.13457E+03   0.29956E+02   0.26398E+02   0.43292E+00  -0.20098E+00
   0.13492E+03   0.29956E+02   0.26389E+02   0.42185E+00  -0.18731E+00
   0.13527E+03   0.29953E+02   0.26528E+02   0.41538E+00  -0.17495E+00
   0.13562E+03   0.29950E+02   0.26702E+02   0.41497E+00  -0.15828E+00
   0.13597E+03   0.29947E+02   0.26933E+02   0.41043E+00  -0.14021E+00
   0.13632E+03   0.29947E+02   0.26552E+02   0.40361E+00  -0.14880E+00
   0.13667E+03   0.29944E+02   0.25997E+02   0.39123E+00  -0.16114E+00
   0.13702E+03   0.29939E+02   0.25938E+02   0.38272E+00  -0.14812E+00
   0.13737E+03   0.29933E+02   0.26115E+02   0.37412E+00  -0.13133E+00
   0.13772E+03   0.29926E+02   0.26342E+02   0.36632E+00  -0.12415E+00
   0.13807E+03   0.29922E+02   0.26479E+02   0.36492E+00  -0.12429E+00
   0.13842E+03   0.29919E+02   0.26542E+02   0.36280E+00  -0.12446E+00
   0.13877E+03   0.29916E+02   0.26437E+02   0.36045E+00  -0.12445E+00
   0.13912E+03   0.29913E+02   0.26289E+02   0.35596E+00  -0.12871E+00
   0.13947E+03   0.29910E+02   0.26132E+02   0.35345E+00  -0.13140E+00
   0.13982E+03   0.29904E+02   0.26012E+02   0.34171E+00  -0.13206E+00
   0.14017E+03   0.29895E+02   0.25844E+02   0.32936E+00  -0.13947E+00
   0.14052E+03   0.29887E+02   0.25566E+02   0.32738E+00  -0.15207E+00
   0.14087E+03   0.29885E+02   0.25244E+02   0.33306E+00  -0.16852E+00
   0.14122E+03   0.29887E+02   0.25064E+02   0.33920E+00  -0.18245E+00
   0.14157E+03   0.29888E+02   0.24985E+02   0.34109E+00  -0.19457E+00
   0.14192E+03   0.29890E+02   0.24825E+02   0.34188E+00  -0.20650E+00
   0.14227E+03   0.29891E+02   0.24705E+02   0.34811E+00  -0.21695E+00
   0.14262E+03   0.29896E+02   0.24714E+02   0.36195E+00  -0.22559E+00
   0.14297E+03   0.29905E+02   0.24704E+02   0.36979E+00  -0.23391E+00
   0.14332E+03   0.29914E+02   0.24303E+02   0.37366E+00  -0.25318E+00
   0.14367E+03   0.29920E+02   0.23943E+02   0.38124E+00  -0.27344E+00
   0.14402E+03   0.29926E+02   0.24009E+02   0.39306E+00  -0.27824E+00
   0.14437E+03   0.29932E+02   0.24477E+02   0.40126E+00  -0.27119E+00
   0.14472E+03   0.29938E+02   0.24854E+02   0.41112E+00  -0.27750E+00
   0.14507E+03   0.29944E+02   0.25013E+02   0.42498E+00  -0.28565E+00
   0.14542E+03   0.29949E+02   0.25600E+02   0.44079E+00  -0.27016E+00
   0.14577E+03   0.29955E+02   0.26023E+02   0.45190E+00  -0.25936E+00
   0.14612E+03   0.29960E+02   0.25866E+02   0.46155E+00  -0.26397E+00
   0.14647E+03   0.29964E+02   0.25571E+02   0.46561E+00  -0.26419E+00
   0.14682E+03   0.29966E+02   0.25464E+02   0.45923E+00  -0.25624E+00
   0.14717E+03   0.29966E+02   0.25653E+02   0.45237E+00  -0.23661E+00
   0.14752E+03   0.29965E+02   0.25890E+02   0.44853E+00  -0.21794E+00
   0.14787E+03   0.29964E+02   0.25990E+02   0.45033E+00  -0.20883E+00
   0.14822E+03   0.29964E+02   0.26046E+02   0.45167E+00  -0.19786E+00
   0.14857E+03   0.29964E+02   0.25957E+02   0.44688E+00  -0.19452E+00
   0.14892E+03   0.29962E+02   0.25845E+02   0.43785E+00  -0.18990E+00
   0.14927E+03   0.29960E+02   0.26028E+02   0.43492E+00  -0.17033E+00
   0.14962E+03   0.29959E+02   0.26236E+02   0.42851E+00  -0.14904E+00
   0.14997E+03   0.29955E+02   0.26480E+02   0.41260E+00  -0.13243E+00
   0.15032E+03   0.29950E+02   0.26510E+02   0.40040E+00  -0.12688E+00
   0.15067E+03   0.29946E+02   0.26450E+02   0.39743E+00  -0.12275E+00
   0.15102E+03   0.29943E+02   0.26533E+02   0.39436E+00  -0.11302E+00
   0.15137E+03   0.29938E+02   0.26524E+02   0.38037E+00  -0.10936E+00
   0.15172E+03   0.29930E+02   0.26607E+02   0.36079E+00  -0.10228E+00
   0.15207E+03   0.29920E+02   0.26711E+02   0.34979E+00  -0.90537E-01
   0.15242E+03   0.29911E+02   0.26681E+02   0.34397E+00  -0.91907E-01
   0.15277E+03   0.29901E+02   0.26566E+02   0.33638E+00  -0.10262E+00
   0.15312E+03   0.29893E+02   0.26535E+02   0.33588E+00  -0.10847E+00
   0.15347E+03   0.29889E+02   0.26544E+02   0.33534E+00  -0.10861E+00
   0.15382E+03   0.29883E+02   0.26388E+02   0.32751E+00  -0.11538E+00
   0.15417E+03   0.29876E+02   0.26172E+02   0.32005E+00  -0.12805E+00
   0.15452E+03   0.29870E+02   0.26037E+02   0.31873E+00  -0.13516E+00
   0.15487E+03   0.29868E+02   0.25849E+02   0.32135E+00  -0.14293E+00
   0.15522E+03   0.29867E+02   0.25785E+02   0.32282E+00  -0.15116E+00
   0.15557E+03   0.29868E+02   0.25909E+02   0.32471E+00  -0.15171E+00
   0.15592E+03   0.29871E+02   0.25778E+02   0.32646E+00  -0.15756E+00
   0.15627E+03   0.29872E+02   0.25576E+02   0.32787E+00  -0.17044E+00
   0.15662E+03   0.29874E+02   0.25761E+02   0.33224E+00  -0.17428E+00
   0.15697E+03   0.29877E+02   0.26020E+02   0.34040E+00  -0.17253E+00
   0.15732E+03   0.29885E+02   0.25941E+02   0.34770E+00  -0.18138E+00
   0.15767E+03   0.29894E+02   0.25461E+02   0.34752E+00  -0.20185E+00
   0.15802E+03   0.29897E+02   0.24832E+02   0.34372E+00  -0.21940E+00
   0.15837E+03   0.29897E+02   0.24501E+02   0.34652E+00  -0.22933E+00
   0.15872E+03   0.29900E+02   0.24454E+02   0.35695E+00  -0.23686E+00
   0.15907E+03   0.29906E+02   0.24597E+02   0.36814E+00  -0.24845E+00
   0.15942E+03   0.29914E+02   0.24830E+02   0.37715E+00  -0.25857E+00
   0.15977E+03   0.29922E+02   0.25024E+02   0.38834E+00  -0.26220E+00
   0.16012E+03   0.29930E+02   0.25103E+02   0.40355E+00  -0.26620E+00
   0.16047E+03   0.29938E+02   0.25146E+02   0.41944E+00  -0.26876E+00
   0.16082E+03   0.29946E+02   0.25328E+02   0.43278E+00  -0.26456E+00
   0.16117E+03   0.29951E+02   0.25705E+02   0.43815E+00  -0.25342E+00
   0.16152E+03   0.29955E+02   0.25627E+02   0.43885E+00  -0.25048E+00
   0.16187E+03   0.29957E+02   0.25280E+02   0.43718E+00  -0.25218E+00
   0.16222E+03   0.29959E+02   0.25384E+02   0.44159E+00  -0.24336E+00
   0.16257E+03   0.29960E+02   0.25421E+02   0.44823E+00  -0.23737E+00
   0.16292E+03   0.29962E+02   0.25445E+02   0.44387E+00  -0.23519E+00
   0.16327E+03   0.29962E+02   0.25704E+02   0.44035E+00  -0.22591E+00
   0.16362E+03   0.29961E+02   0.26115E+02   0.44390E+00  -0.20603E+00
   0.16397E+03   0.29961E+02   0.26545E+02   0.44366E+00  -0.17938E+00
   0.16432E+03   0.29961E+02   0.27051E+02   0.43988E+00  -0.16260E+00
   0.16467E+03   0.29961E+02   0.27355E+02   0.43625E+00  -0.14944E+00
   0.16502E+03   0.29959E+02   0.27198E+02   0.42758E+00  -0.12917E+00
   0.16537E+03   0.29955E+02   0.26855E+02   0.41066E+00  -0.11770E+00
   0.16572E+03   0.29948E+02   0.26760E+02   0.39082E+00  -0.10860E+00
   0.16607E+03   0.29940E+02   0.26762E+02   0.37511E+00  -0.97490E-01
   0.16642E+03   0.29929E+02   0.26767E+02   0.36149E+00  -0.90818E-01
   0.16677E+03   0.29916E+02   0.26769E+02   0.35191E+00  -0.94789E-01
   0.16712E+03   0.29907E+02   0.26591E+02   0.34531E+00  -0.10561E+00
   0.16747E+03   0.29903E+02   0.26448E+02   0.34067E+00  -0.10941E+00
   0.16782E+03   0.29898E+02   0.26267E+02   0.33672E+00  -0.11576E+00
   0.16817E+03   0.29894E+02   0.26149E+02   0.33381E+00  -0.12057E+00
   0.16852E+03   0.29889E+02   0.26128E+02   0.32725E+00  -0.11781E+00
   0.16887E+03   0.29881E+02   0.26021E+02   0.32626E+00  -0.12675E+00
   0.16922E+03   0.29878E+02   0.25842E+02   0.33039E+00  -0.13819E+00
   0.16957E+03   0.29879E+02   0.25674E+02   0.32706E+00  -0.14650E+00
   0.16992E+03   0.29879E+02   0.25489E+02   0.32489E+00  -0.15940E+00
   0.17027E+03   0.29878E+02   0.25218E+02   0.32694E+00  -0.17257E+00
   0.17062E+03   0.29877E+02   0.25091E+02   0.32811E+00  -0.18093E+00
   0.17097E+03   0.29878E+02   0.25158E+02   0.33001E+00  -0.18805E+00
   0.17132E+03   0.29882E+02   0.25001E+02   0.33722E+00  -0.20713E+00
   0.17167E+03   0.29888E+02   0.25031E+02   0.34768E+00  -0.21609E+00
   0.17202E+03   0.29897E+02   0.25084E+02   0.35611E+00  -0.22022E+00
   0.17237E+03   0.29904E+02   0.25025E+02   0.36214E+00  -0.23374E+00
   0.17272E+03   0.29909E+02   0.25194E+02   0.37204E+00  -0.23472E+00
   0.17307E+03   0.29916E+02   0.25591E+02   0.38167E+00  -0.22626E+00
   0.17342E+03   0.29923E+02   0.25647E+02   0.38797E+00  -0.23017E+00
   0.17377E+03   0.29930E+02   0.25291E+02   0.39242E+00  -0.24288E+00
   0.17412E+03   0.29934E+02   0.25022E+02   0.39728E+00  -0.25008E+00
   0.17447E+03   0.29937E+02   0.25014E+02   0.40339E+00  -0.24578E+00
   0.17482E+03   0.29940E+02   0.25048E+02   0.40841E+00  -0.24669E+00
   0.17517E+03   0.29943E+02   0.25011E+02   0.41229E+00  -0.25180E+00
   0.17552E+03   0.29945E+02   0.25159E+02   0.41663E+00  -0.24935E+00
   0.17587E+03   0.29949E+02   0.25321E+02   0.42391E+00  -0.24282E+00
   0.17622E+03   0.29952E+02   0.25641E+02   0.43192E+00  -0.23422E+00
   0.17657E+03   0.29955E+02   0.25881E+02   0.44257E+00  -0.22833E+00
   0.17692E+03   0.29958E+02   0.25781E+02   0.44550E+00  -0.22587E+00
   0.17727E+03   0.29959E+02   0.25656E+02   0.44057E+00  -0.22202E+00
   0.17762E+03   0.29958E+02   0.25885E+02   0.43618E+00  -0.20623E+00
   0.17797E+03   0.29957E+02   0.26109E+02   0.43137E+00  -0.18645E+00
   0.17832E+03   0.29956E+02   0.26080E+02   0.43008E+00  -0.17660E+00
   0.17867E+03   0.29955E+02   0.26180E+02   0.42568E+00  -0.17336E+00
   0.17902E+03   0.29952E+02   0.26470E+02   0.41562E+00  -0.15786E+00
   0.17937E+03   0.29949E+02   0.26632E+02   0.40847E+00  -0.13938E+00
   0.17972E+03   0.29946E+02   0.26550E+02   0.40574E+00  -0.13668E+00
   0.18007E+03   0.29944E+02   0.26639E+02   0.39801E+00  -0.13171E+00
   0.18042E+03   0.29939E+02   0.26856E+02   0.38146E+00  -0.11395E+00
   0.18077E+03   0.29930E+02   0.26913E+02   0.37007E+00  -0.10502E+00
   0.18112E+03   0.29922E+02   0.26925E+02   0.36762E+00  -0.10186E+00
   0.18147E+03   0.29918E+02   0.26906E+02   0.35826E+00  -0.95972E-01
   0.18182E+03   0.29910E+02   0.26841E+02   0.34606E+00  -0.97669E-01
   0.18217E+03   0.29899E+02   0.26843E+02   0.33771E+00  -0.98197E-01
   0.18252E+03   0.29890E+02   0.26878E+02   0.33069E+00  -0.92489E-01
   0.18287E+03   0.29885E+02   0.26822E+02   0.32597E+00  -0.94860E-01
   0.18322E+03   0.29879E+02   0.26742E+02   0.32188E+00  -0.10416E+00
   0.18357E+03   0.29869E+02   0.26731E+02   0.31662E+00  -0.10371E+00
   0.18392E+03   0.29860E+02   0.26686E+02   0.31431E+00  -0.10450E+00
   0.18427E+03   0.29857E+02   0.26592E+02   0.31911E+00  -0.11695E+00
   0.18462E+03   0.29860E+02   0.26379E+02   0.31971E+00  -0.13104E+00
   0.18497E+03   0.29858E+02   0.26044E+02   0.31138E+00  -0.14016E+00
   0.18532E+03   0.29852E+02   0.25881E+02   0.30810E+00  -0.14660E+00
   0.18567E+03   0.29852E+02   0.25861E+02   0.31404E+00  -0.15149E+00
   0.18602E+03   0.29855E+02   0.25692E+02   0.31946E+00  -0.16145E+00
   0.18637E+03   0.29858E+02   0.25539E+02   0.32215E+00  -0.18119E+00
   0.18672E+03   0.29864E+02   0.25362E+02   0.32861E+00  -0.19603E+00
   0.18707E+03   0.29872E+02   0.24945E+02   0.33603E+00  -0.21071E+00
   0.18742E+03   0.29878E+02   0.24717E+02   0.34285E+00  -0.23080E+00
   0.18777E+03   0.29888E+02   0.24668E+02   0.35318E+00  -0.24507E+00
   0.18812E+03   0.29898E+02   0.24665E+02   0.36269E+00  -0.25378E+00
   0.18847E+03   0.29907E+02   0.24842E+02   0.37215E+00  -0.26161E+00
   0.18882E+03   0.29915E+02   0.25176E+02   0.38750E+00  -0.26618E+00
   0.18917E+03   0.29926E+02   0.25890E+02   0.40714E+00  -0.25377E+00
   0.18952E+03   0.29937E+02   0.26325E+02   0.41995E+00  -0.24858E+00
   0.18987E+03   0.29944E+02   0.26320E+02   0.42766E+00  -0.25512E+00
   0.19022E+03   0.29949E+02   0.26508E+02   0.43419E+00  -0.24016E+00
   0.19057E+03   0.29953E+02   0.26676E+02   0.43871E+00  -0.22492E+00
   0.19092E+03   0.29955E+02   0.26692E+02   0.43836E+00  -0.21769E+00
   0.19127E+03   0.29956E+02   0.26616E+02   0.43188E+00  -0.20775E+00
   0.19162E+03   0.29955E+02   0.26334E+02   0.42956E+00  -0.20439E+00
   0.19197E+03   0.29954E+02   0.26248E+02   0.42507E+00  -0.19804E+00
   0.19232E+03   0.29952E+02   0.26484E+02   0.42193E+00  -0.18500E+00
   0.19267E+03   0.29951E+02   0.26486E+02   0.42144E+00  -0.17727E+00
   0.19302E+03   0.29950E+02   0.26530E+02   0.41638E+00  -0.16733E+00
   0.19337E+03   0.29949E+02   0.26536E+02   0.40862E+00  -0.15784E+00
   0.19372E+03   0.29947E+02   0.26358E+02   0.40067E+00  -0.15234E+00
   0.19407E+03   0.29943E+02   0.26376E+02   0.39701E+00  -0.14313E+00
   0.19442E+03   0.29940E+02   0.26434E+02   0.39394E+00  -0.13338E+00
   0.19477E+03   0.29936E+02   0.26467E+02   0.38582E+00  -0.12792E+00
   0.19512E+03   0.29930E+02   0.26494E+02   0.37359E+00  -0.12556E+00
   0.19547E+03   0.29923E+02   0.26545E+02   0.36223E+00  -0.11787E+00
   0.19582E+03   0.29918E+02   0.26556E+02   0.35897E+00  -0.11066E+00
   0.19617E+03   0.29915E+02   0.26404E+02   0.35450E+00  -0.11473E+00
   0.19652E+03   0.29910E+02   0.26276E+02   0.34371E+00  -0.12200E+00
   0.19687E+03   0.29902E+02   0.26262E+02   0.33752E+00  -0.12278E+00
   0.19722E+03   0.29896E+02   0.26255E+02   0.33618E+00  -0.12243E+00
   0.19757E+03   0.29891E+02   0.26287E+02   0.33256E+00  -0.12350E+00
   0.19792E+03   0.29886E+02   0.26107E+02   0.32824E+00  -0.13483E+00
   0.19827E+03   0.29882E+02   0.26045E+02   0.32840E+00  -0.14077E+00
   0.19862E+03   0.29883E+02   0.26075E+02   0.32949E+00  -0.13853E+00
   0.19897E+03   0.29884E+02   0.25878E+02   0.32777E+00  -0.14969E+00
   0.19932E+03   0.29882E+02   0.25861E+02   0.32917E+00  -0.15773E+00
   0.19967E+03   0.29881E+02   0.25850E+02   0.33209E+00  -0.15780E+00
   0.20002E+03   0.29880E+02   0.25876E+02   0.33069E+00  -0.15926E+00
   0.20037E+03   0.29881E+02   0.25890E+02   0.33380E+00  -0.16899E+00
   0.20072E+03   0.29884E+02   0.25577E+02   0.33903E+00  -0.18407E+00
   0.20107E+03   0.29888E+02   0.25366E+02   0.34314E+00  -0.19039E+00
   0.20142E+03   0.29892E+02   0.25390E+02   0.34575E+00  -0.19529E+00
   0.20177E+03   0.29895E+02   0.25285E+02   0.34710E+00  -0.20427E+00
   0.20212E+03   0.29898E+02   0.25315E+02   0.35203E+00  -0.20600E+00
   0.20247E+03   0.29904E+02   0.25783E+02   0.36179E+00  -0.19967E+00
   0.20282E+03   0.29910E+02   0.26148E+02   0.36835E+00  -0.19519E+00
   0.20317E+03   0.29913E+02   0.26050E+02   0.37512E+00  -0.20173E+00
   0.20352E+03   0.29919E+02   0.25942E+02   0.38451E+00  -0.20814E+00
   0.20387E+03   0.29924E+02   0.26116E+02   0.38886E+00  -0.20408E+00
   0.20422E+03   0.29927E+02   0.26177E+02   0.38772E+00  -0.19956E+00
   0.20457E+03   0.29928E+02   0.26133E+02   0.38522E+00  -0.19868E+00
   0.20492E+03   0.29928E+02   0.26113E+02   0.38553E+00  -0.19630E+00
   0.20527E+03   0.29930E+02   0.25843E+02   0.38789E+00  -0.19742E+00
   0.20562E+03   0.29932E+02   0.25784E+02   0.38766E+00  -0.20226E+00
   0.20597E+03   0.29932E+02   0.25922E+02   0.38773E+00  -0.19653E+00
   0.20632E+03   0.29932E+02   0.25908E+02   0.39376E+00  -0.19289E+00
   0.20667E+03   0.29934E+02   0.25806E+02   0.39586E+00  -0.19607E+00
   0.20702E+03   0.29934E+02   0.25646E+02   0.38915E+00  -0.19845E+00
   0.20737E+03   0.29932E+02   0.25734E+02   0.38885E+00  -0.19679E+00
   0.20772E+03   0.29932E+02   0.25861E+02   0.39973E+00  -0.18741E+00
   0.20807E+03   0.29936E+02   0.25859E+02   0.40270E+00  -0.18752E+00
   0.20842E+03   0.29939E+02   0.26013E+02   0.39627E+00  -0.18906E+00
   0.20877E+03   0.29937E+02   0.26195E+02   0.39046E+00  -0.17659E+00
   0.20912E+03   0.29935E+02   0.26049E+02   0.39110E+00  -0.16867E+00
   0.20947E+03   0.29934E+02   0.25970E+02   0.39318E+00  -0.16975E+00
   0.20982E+03   0.29932E+02   0.26236E+02   0.39138E+00  -0.16779E+00
   0.21017E+03   0.29932E+02   0.26113E+02   0.38759E+00  -0.17020E+00
   0.21052E+03   0.29930E+02   0.26082E+02   0.38025E+00  -0.16480E+00
   0.21087E+03   0.29927E+02   0.26097E+02   0.37449E+00  -0.15825E+00
   0.21122E+03   0.29926E+02   0.25776E+02   0.36904E+00  -0.16295E+00
   0.21157E+03   0.29923E+02   0.25518E+02   0.36657E+00  -0.16797E+00
   0.21192E+03   0.29920E+02   0.25276E+02   0.36536E+00  -0.17968E+00
   0.21227E+03   0.29917E+02   0.25296E+02   0.36366E+00  -0.18300E+00
   0.21262E+03   0.29916E+02   0.25549E+02   0.36621E+00  -0.17461E+00
   0.21297E+03   0.29916E+02   0.25878E+02   0.36973E+00  -0.17172E+00
   0.21332E+03   0.29918E+02   0.25929E+02   0.36964E+00  -0.17075E+00
   0.21367E+03   0.29920E+02   0.25963E+02   0.36994E+00  -0.17044E+00
   0.21402E+03   0.29921E+02   0.25919E+02   0.37631E+00  -0.17389E+00
   0.21437E+03   0.29922E+02   0.25875E+02   0.37885E+00  -0.17002E+00
   0.21472E+03   0.29922E+02   0.25757E+02   0.37495E+00  -0.17383E+00
   0.21507E+03   0.29921E+02   0.25337E+02   0.36661E+00  -0.18986E+00
   0.21542E+03   0.29918E+02   0.25381E+02   0.35847E+00  -0.18882E+00
   0.21577E+03   0.29915E+02   0.25748E+02   0.36016E+00  -0.17417E+00
   0.21612E+03   0.29915E+02   0.25910E+02   0.36716E+00  -0.17432E+00
   0.21647E+03   0.29918E+02   0.25782E+02   0.37274E+00  -0.18405E+00
   0.21682E+03   0.29920E+02   0.25701E+02   0.37181E+00  -0.18805E+00
   0.21717E+03   0.29920E+02   0.25827E+02   0.37133E+00  -0.17926E+00
   0.21752E+03   0.29920E+02   0.25970E+02   0.37317E+00  -0.16862E+00
   0.21787E+03   0.29920E+02   0.25951E+02   0.37493E+00  -0.17337E+00
   0.21822E+03   0.29922E+02   0.26065E+02   0.37461E+00  -0.17451E+00
   0.21857E+03   0.29921E+02   0.26314E+02   0.37026E+00  -0.16787E+00
   0.21892E+03   0.29919E+02   0.26127E+02   0.37039E+00  -0.17136E+00
   0.21927E+03   0.29919E+02   0.25767E+02   0.37271E+00  -0.18273E+00
   0.21962E+03   0.29921E+02   0.25621E+02   0.37288E+00  -0.18490E+00
   0.21997E+03   0.29919E+02   0.25393E+02   0.36719E+00  -0.18889E+00
   0.22032E+03   0.29916E+02   0.25391E+02   0.36326E+00  -0.19215E+00
   0.22067E+03   0.29915E+02   0.25632E+02   0.36786E+00  -0.18930E+00
   0.22102E+03   0.29918E+02   0.25769E+02   0.37903E+00  -0.18963E+00
   0.22137E+03   0.29923E+02   0.25995E+02   0.38407E+00  -0.18905E+00
   0.22172E+03   0.29925E+02   0.26205E+02   0.38031E+00  -0.18174E+00
   0.22207E+03   0.29928E+02   0.25824E+02   0.38270E+00  -0.18477E+00
   0.22242E+03   0.29929E+02   0.25576E+02   0.38438E+00  -0.19181E+00
   0.22277E+03   0.29928E+02   0.25635E+02   0.38417E+00  -0.18736E+00
   0.22312E+03   0.29928E+02   0.25462E+02   0.37809E+00  -0.19188E+00
   0.22347E+03   0.29927E+02   0.25244E+02   0.37232E+00  -0.20256E+00
   0.22382E+03   0.29926E+02   0.24825E+02   0.37583E+00  -0.21529E+00
   0.22417E+03   0.29925E+02   0.24758E+02   0.37763E+00  -0.21748E+00
   0.22452E+03   0.29926E+02   0.25156E+02   0.38167E+00  -0.20915E+00
   0.22487E+03   0.29931E+02   0.25362E+02   0.39185E+00  -0.21298E+00
   0.22522E+03   0.29935E+02   0.25159E+02   0.39746E+00  -0.22307E+00
   0.22557E+03   0.29936E+02   0.24840E+02   0.39898E+00  -0.23118E+00
   0.22592E+03   0.29939E+02   0.24823E+02   0.40262E+00  -0.23258E+00
   0.22627E+03   0.29941E+02   0.25003E+02   0.40636E+00  -0.22620E+00
   0.22662E+03   0.29942E+02   0.24958E+02   0.41031E+00  -0.22973E+00
   0.22697E+03   0.29945E+02   0.24865E+02   0.41240E+00  -0.23675E+00
   0.22732E+03   0.29946E+02   0.24821E+02   0.40820E+00  -0.23716E+00
   0.22767E+03   0.29945E+02   0.24742E+02   0.40997E+00  -0.24015E+00
   0.22802E+03   0.29947E+02   0.24771E+02   0.42281E+00  -0.24034E+00
   0.22837E+03   0.29950E+02   0.24771E+02   0.42743E+00  -0.24048E+00
   0.22872E+03   0.29952E+02   0.24829E+02   0.42818E+00  -0.24547E+00
   0.22907E+03   0.29953E+02   0.25241E+02   0.42585E+00  -0.23474E+00
   0.22942E+03   0.29953E+02   0.25881E+02   0.42811E+00  -0.20668E+00
   0.22977E+03   0.29954E+02   0.26043E+02   0.43925E+00  -0.19576E+00
   0.23012E+03   0.29957E+02   0.25887E+02   0.43785E+00  -0.19932E+00
   0.23047E+03   0.29956E+02   0.26132E+02   0.42929E+00  -0.18626E+00
   0.23082E+03   0.29955E+02   0.26462E+02   0.42457E+00  -0.16334E+00
   0.23117E+03   0.29953E+02   0.26733E+02   0.41700E+00  -0.14516E+00
   0.23152E+03   0.29950E+02   0.26983E+02   0.40689E+00  -0.12833E+00
   0.23187E+03   0.29945E+02   0.27045E+02   0.39562E+00  -0.11929E+00
   0.23222E+03   0.29939E+02   0.27028E+02   0.38245E+00  -0.11271E+00
   0.23257E+03   0.29931E+02   0.26969E+02   0.37200E+00  -0.10344E+00
   0.23292E+03   0.29924E+02   0.26847E+02   0.36785E+00  -0.10276E+00
   0.23327E+03   0.29918E+02   0.26934E+02   0.35890E+00  -0.94684E-01
   0.23362E+03   0.29909E+02   0.26936E+02   0.34029E+00  -0.90495E-01
   0.23397E+03   0.29895E+02   0.26758E+02   0.32733E+00  -0.98090E-01
   0.23432E+03   0.29883E+02   0.26727E+02   0.32606E+00  -0.96287E-01
   0.23467E+03   0.29880E+02   0.26693E+02   0.33149E+00  -0.96179E-01
   0.23502E+03   0.29879E+02   0.26335E+02   0.32880E+00  -0.11901E+00
   0.23537E+03   0.29874E+02   0.25764E+02   0.31886E+00  -0.14604E+00
   0.23572E+03   0.29869E+02   0.25515E+02   0.31366E+00  -0.14886E+00
   0.23607E+03   0.29865E+02   0.25465E+02   0.31690E+00  -0.14912E+00
   0.23642E+03   0.29865E+02   0.25252E+02   0.32194E+00  -0.16785E+00
   0.23677E+03   0.29869E+02   0.24989E+02   0.32473E+00  -0.18998E+00
   0.23712E+03   0.29873E+02   0.24936E+02   0.33280E+00  -0.20076E+00
   0.23747E+03   0.29881E+02   0.24788E+02   0.34364E+00  -0.21336E+00
   0.23782E+03   0.29890E+02   0.24413E+02   0.34853E+00  -0.23368E+00
   0.23817E+03   0.29896E+02   0.24358E+02   0.35470E+00  -0.24557E+00
   0.23852E+03   0.29904E+02   0.24598E+02   0.36539E+00  -0.24760E+00
   0.23887E+03   0.29910E+02   0.24824E+02   0.37259E+00  -0.24846E+00
   0.23922E+03   0.29916E+02   0.25003E+02   0.38347E+00  -0.25807E+00
   0.23957E+03   0.29925E+02   0.25104E+02   0.40292E+00  -0.26958E+00
   0.23992E+03   0.29934E+02   0.25363E+02   0.41922E+00  -0.26558E+00
   0.24027E+03   0.29942E+02   0.25295E+02   0.42225E+00  -0.27117E+00
   0.24062E+03   0.29947E+02   0.25321E+02   0.42488E+00  -0.27643E+00
   0.24097E+03   0.29951E+02   0.25778E+02   0.43432E+00  -0.25852E+00
   0.24132E+03   0.29955E+02   0.26084E+02   0.44301E+00  -0.24324E+00
   0.24167E+03   0.29957E+02   0.26307E+02   0.44676E+00  -0.23718E+00
   0.24202E+03   0.29960E+02   0.26416E+02   0.44799E+00  -0.22956E+00
   0.24237E+03   0.29962E+02   0.26361E+02   0.44914E+00  -0.21807E+00
   0.24272E+03   0.29963E+02   0.26350E+02   0.44998E+00  -0.20576E+00
   0.24307E+03   0.29962E+02   0.26537E+02   0.44198E+00  -0.18705E+00
   0.24342E+03   0.29960E+02   0.26600E+02   0.43088E+00  -0.17017E+00
   0.24377E+03   0.29958E+02   0.26611E+02   0.42639E+00  -0.16004E+00
   0.24412E+03   0.29955E+02   0.26576E+02   0.41962E+00  -0.14895E+00
   0.24447E+03   0.29953E+02   0.26375E+02   0.40779E+00  -0.14339E+00
   0.24482E+03   0.29948E+02   0.26326E+02   0.39962E+00  -0.13710E+00
   0.24517E+03   0.29943E+02   0.26394E+02   0.39487E+00  -0.12687E+00
   0.24552E+03   0.29938E+02   0.26475E+02   0.38083E+00  -0.11459E+00
   0.24587E+03   0.29929E+02   0.26679E+02   0.36943E+00  -0.10482E+00
   0.24622E+03   0.29923E+02   0.26646E+02   0.36601E+00  -0.11045E+00
   0.24657E+03   0.29919E+02   0.26436E+02   0.36172E+00  -0.11300E+00
   0.24692E+03   0.29915E+02   0.26497E+02   0.35305E+00  -0.10807E+00
   0.24727E+03   0.29909E+02   0.26426E+02   0.34306E+00  -0.11213E+00
   0.24762E+03   0.29901E+02   0.26245E+02   0.33528E+00  -0.11193E+00
   0.24797E+03   0.29893E+02   0.26340E+02   0.32995E+00  -0.11030E+00
   0.24832E+03   0.29886E+02   0.26482E+02   0.32596E+00  -0.11389E+00
   0.24867E+03   0.29881E+02   0.26590E+02   0.32561E+00  -0.11242E+00
   0.24902E+03   0.29878E+02   0.26657E+02   0.32919E+00  -0.11629E+00
   0.24937E+03   0.29878E+02   0.26311E+02   0.32831E+00  -0.13445E+00
   0.24972E+03   0.29878E+02   0.25941E+02   0.32119E+00  -0.14358E+00
   0.25007E+03   0.29874E+02   0.25867E+02   0.31446E+00  -0.14369E+00
   0.25042E+03   0.29866E+02   0.25762E+02   0.31507E+00  -0.14921E+00
   0.25077E+03   0.29864E+02   0.25761E+02   0.31957E+00  -0.15372E+00
   0.25112E+03   0.29865E+02   0.25768E+02   0.32375E+00  -0.16757E+00
   0.25147E+03   0.29866E+02   0.25613E+02   0.32974E+00  -0.18398E+00
   0.25182E+03   0.29874E+02   0.25274E+02   0.33570E+00  -0.19688E+00
   0.25217E+03   0.29882E+02   0.24966E+02   0.34174E+00  -0.21338E+00
   0.25252E+03   0.29889E+02   0.24917E+02   0.34911E+00  -0.22167E+00
   0.25287E+03   0.29895E+02   0.25143E+02   0.35122E+00  -0.21717E+00
   0.25322E+03   0.29901E+02   0.25133E+02   0.35893E+00  -0.22356E+00
   0.25357E+03   0.29908E+02   0.25125E+02   0.37142E+00  -0.23791E+00
   0.25392E+03   0.29916E+02   0.25529E+02   0.38540E+00  -0.23741E+00
   0.25427E+03   0.29925E+02   0.25502E+02   0.39782E+00  -0.24089E+00
   0.25462E+03   0.29932E+02   0.25346E+02   0.40382E+00  -0.25620E+00
   0.25497E+03   0.29937E+02   0.25474E+02   0.40887E+00  -0.25775E+00
   0.25532E+03   0.29941E+02   0.25979E+02   0.41361E+00  -0.23680E+00
   0.25567E+03   0.29944E+02   0.26254E+02   0.42006E+00  -0.22677E+00
   0.25602E+03   0.29947E+02   0.26154E+02   0.42635E+00  -0.23269E+00
   0.25637E+03   0.29951E+02   0.26139E+02   0.43221E+00  -0.22852E+00
   0.25672E+03   0.29953E+02   0.25859E+02   0.43252E+00  -0.22688E+00
   0.25707E+03   0.29955E+02   0.25847E+02   0.43045E+00  -0.22211E+00
   0.25742E+03   0.29955E+02   0.26205E+02   0.42608E+00  -0.20065E+00
   0.25777E+03   0.29954E+02   0.26364E+02   0.42181E+00  -0.18670E+00
   0.25812E+03   0.29953E+02   0.26571E+02   0.42173E+00  -0.17541E+00
   0.25847E+03   0.29952E+02   0.26764E+02   0.41682E+00  -0.16322E+00
   0.25882E+03   0.29951E+02   0.26818E+02   0.41288E+00  -0.15228E+00
   0.25917E+03   0.29949E+02   0.26905E+02   0.41316E+00  -0.13828E+00
   0.25952E+03   0.29948E+02   0.26841E+02   0.40179E+00  -0.12835E+00
   0.25987E+03   0.29943E+02   0.26629E+02   0.37962E+00  -0.12230E+00
   0.26022E+03   0.29933E+02   0.26593E+02   0.36633E+00  -0.11629E+00
   0.26057E+03   0.29925E+02   0.26513E+02   0.36323E+00  -0.11411E+00
   0.26092E+03   0.29918E+02   0.26419E+02   0.35840E+00  -0.11630E+00
   0.26127E+03   0.29910E+02   0.26447E+02   0.35119E+00  -0.12039E+00
   0.26162E+03   0.29906E+02   0.26192E+02   0.34377E+00  -0.12758E+00
   0.26197E+03   0.29901E+02   0.25977E+02   0.33901E+00  -0.12978E+00
   0.26232E+03   0.29894E+02   0.25946E+02   0.33851E+00  -0.13515E+00
   0.26267E+03   0.29891E+02   0.25680E+02   0.33629E+00  -0.14927E+00
   0.26302E+03   0.29890E+02   0.25323E+02   0.33789E+00  -0.16089E+00
   0.26337E+03   0.29890E+02   0.25336E+02   0.33935E+00  -0.16890E+00
   0.26372E+03   0.29889E+02   0.25430E+02   0.33646E+00  -0.17059E+00
   0.26407E+03   0.29890E+02   0.25453E+02   0.34146E+00  -0.16921E+00
   0.26442E+03   0.29892E+02   0.25468E+02   0.34863E+00  -0.18135E+00
   0.26477E+03   0.29897E+02   0.25200E+02   0.35160E+00  -0.19783E+00
   0.26512E+03   0.29901E+02   0.24879E+02   0.35272E+00  -0.20922E+00
   0.26547E+03   0.29903E+02   0.24725E+02   0.35830E+00  -0.22421E+00
   0.26582E+03   0.29908E+02   0.24499E+02   0.36160E+00  -0.23583E+00
   0.26617E+03   0.29910E+02   0.24555E+02   0.36464E+00  -0.23646E+00
   0.26652E+03   0.29912E+02   0.24756E+02   0.37455E+00  -0.24474E+00
   0.26687E+03   0.29918E+02   0.25061E+02   0.38540E+00  -0.24821E+00
   0.26722E+03   0.29927E+02   0.25090E+02   0.39928E+00  -0.25346E+00
   0.26757E+03   0.29936E+02   0.24665E+02   0.41252E+00  -0.27858E+00
   0.26792E+03   0.29942E+02   0.24872E+02   0.42072E+00  -0.27802E+00
   0.26827E+03   0.29946E+02   0.25280E+02   0.42427E+00  -0.25872E+00
   0.26862E+03   0.29950E+02   0.25283E+02   0.43218E+00  -0.26218E+00
   0.26897E+03   0.29954E+02   0.25653E+02   0.44045E+00  -0.25973E+00
   0.26932E+03   0.29957E+02   0.26007E+02   0.44444E+00  -0.24529E+00
   0.26967E+03   0.29959E+02   0.25839E+02   0.44850E+00  -0.24187E+00
   0.27002E+03   0.29961E+02   0.25497E+02   0.45201E+00  -0.24097E+00
   0.27037E+03   0.29962E+02   0.25366E+02   0.45205E+00  -0.23726E+00
   0.27072E+03   0.29962E+02   0.25797E+02   0.44905E+00  -0.22111E+00
   0.27107E+03   0.29962E+02   0.26096E+02   0.44360E+00  -0.20437E+00
   0.27142E+03   0.29961E+02   0.26298E+02   0.43751E+00  -0.19248E+00
   0.27177E+03   0.29960E+02   0.26539E+02   0.43848E+00  -0.17532E+00
   0.27212E+03   0.29959E+02   0.26603E+02   0.43635E+00  -0.16089E+00
   0.27247E+03   0.29958E+02   0.26669E+02   0.42889E+00  -0.14653E+00
   0.27282E+03   0.29955E+02   0.26475E+02   0.41631E+00  -0.14213E+00
   0.27317E+03   0.29951E+02   0.26250E+02   0.40126E+00  -0.13585E+00
   0.27352E+03   0.29944E+02   0.26243E+02   0.38676E+00  -0.11926E+00
   0.27387E+03   0.29933E+02   0.26288E+02   0.37334E+00  -0.11440E+00
   0.27422E+03   0.29925E+02   0.26357E+02   0.36499E+00  -0.11267E+00
   0.27457E+03   0.29921E+02   0.26408E+02   0.36359E+00  -0.11338E+00
   0.27492E+03   0.29919E+02   0.26340E+02   0.36012E+00  -0.11860E+00
   0.27527E+03   0.29915E+02   0.26278E+02   0.34784E+00  -0.11713E+00
   0.27562E+03   0.29908E+02   0.26180E+02   0.34105E+00  -0.11523E+00
   0.27597E+03   0.29901E+02   0.26179E+02   0.34017E+00  -0.11562E+00
   0.27632E+03   0.29894E+02   0.26241E+02   0.33962E+00  -0.11887E+00
   0.27667E+03   0.29889E+02   0.26250E+02   0.33405E+00  -0.12479E+00
   0.27702E+03   0.29884E+02   0.26223E+02   0.33180E+00  -0.13174E+00
   0.27737E+03   0.29884E+02   0.25919E+02   0.33559E+00  -0.14212E+00
   0.27772E+03   0.29886E+02   0.25695E+02   0.32989E+00  -0.15228E+00
   0.27807E+03   0.29879E+02   0.25536E+02   0.32350E+00  -0.16197E+00
   0.27842E+03   0.29875E+02   0.25462E+02   0.32937E+00  -0.16794E+00
   0.27877E+03   0.29878E+02   0.25476E+02   0.33364E+00  -0.17358E+00
   0.27912E+03   0.29881E+02   0.25319E+02   0.33672E+00  -0.18969E+00
   0.27947E+03   0.29887E+02   0.25103E+02   0.34324E+00  -0.20698E+00
   0.27982E+03   0.29892E+02   0.24979E+02   0.34712E+00  -0.21461E+00
   0.28017E+03   0.29897E+02   0.25188E+02   0.35539E+00  -0.21342E+00
   0.28052E+03   0.29903E+02   0.25499E+02   0.36679E+00  -0.21214E+00
   0.28087E+03   0.29911E+02   0.25749E+02   0.37207E+00  -0.21422E+00
   0.28122E+03   0.29916E+02   0.25566E+02   0.37621E+00  -0.22049E+00
   0.28157E+03   0.29920E+02   0.25426E+02   0.38487E+00  -0.22821E+00
   0.28192E+03   0.29925E+02   0.25746E+02   0.39367E+00  -0.22355E+00
   0.28227E+03   0.29930E+02   0.25931E+02   0.40218E+00  -0.21878E+00
   0.28262E+03   0.29935E+02   0.25876E+02   0.40505E+00  -0.22828E+00
   0.28297E+03   0.29940E+02   0.25812E+02   0.40105E+00  -0.22991E+00
   0.28332E+03   0.29941E+02   0.25905E+02   0.39936E+00  -0.21442E+00
   0.28367E+03   0.29941E+02   0.26166E+02   0.40637E+00  -0.20035E+00
   0.28402E+03   0.29943E+02   0.26280E+02   0.41292E+00  -0.19561E+00
   0.28437E+03   0.29946E+02   0.26123E+02   0.41466E+00  -0.19489E+00
   0.28472E+03   0.29946E+02   0.26213E+02   0.40792E+00  -0.19003E+00
   0.28507E+03   0.29944E+02   0.26297E+02   0.40085E+00  -0.17554E+00
   0.28542E+03   0.29943E+02   0.26394E+02   0.40140E+00  -0.15938E+00
   0.28577E+03   0.29943E+02   0.26404E+02   0.39806E+00  -0.15702E+00
   0.28612E+03   0.29941E+02   0.26068E+02   0.39021E+00  -0.16407E+00
   0.28647E+03   0.29937E+02   0.25909E+02   0.38163E+00  -0.15997E+00
   0.28682E+03   0.29931E+02   0.25916E+02   0.37862E+00  -0.15416E+00
   0.28717E+03   0.29928E+02   0.26018E+02   0.37987E+00  -0.15179E+00
   0.28752E+03   0.29927E+02   0.25815E+02   0.37579E+00  -0.15744E+00
   0.28787E+03   0.29924E+02   0.25288E+02   0.36366E+00  -0.17561E+00
   0.28822E+03   0.29919E+02   0.25169E+02   0.35822E+00  -0.17300E+00
   0.28857E+03   0.29918E+02   0.25181E+02   0.36241E+00  -0.16769E+00
   0.28892E+03   0.29919E+02   0.24968E+02   0.36811E+00  -0.18347E+00
   0.28927E+03   0.29919E+02   0.24907E+02   0.36695E+00  -0.19474E+00
   0.28962E+03   0.29917E+02   0.25165E+02   0.36399E+00  -0.19198E+00
   0.28997E+03   0.29915E+02   0.25408E+02   0.36938E+00  -0.18309E+00
   0.29032E+03   0.29916E+02   0.25342E+02   0.37927E+00  -0.19124E+00
   0.29067E+03   0.29922E+02   0.25253E+02   0.38614E+00  -0.20864E+00
   0.29102E+03   0.29926E+02   0.25310E+02   0.38459E+00  -0.20795E+00
   0.29137E+03   0.29928E+02   0.24956E+02   0.38062E+00  -0.21471E+00
   0.29172E+03   0.29929E+02   0.24660E+02   0.37609E+00  -0.22407E+00
   0.29207E+03   0.29929E+02   0.24671E+02   0.37972E+00  -0.22020E+00
   0.29242E+03   0.29930E+02   0.24842E+02   0.38549E+00  -0.22096E+00
   0.29277E+03   0.29931E+02   0.25263E+02   0.38582E+00  -0.21713E+00
   0.29312E+03   0.29933E+02   0.25442E+02   0.39086E+00  -0.21455E+00
   0.29347E+03   0.29937E+02   0.25301E+02   0.40242E+00  -0.22180E+00
   0.29382E+03   0.29941E+02   0.25311E+02   0.40808E+00  -0.21751E+00
   0.29417E+03   0.29942E+02   0.25512E+02   0.40381E+00  -0.20904E+00
   0.29452E+03   0.29941E+02   0.25492E+02   0.40413E+00  -0.20676E+00
   0.29487E+03   0.29942E+02   0.25633E+02   0.40790E+00  -0.19863E+00
   0.29522E+03   0.29944E+02   0.25906E+02   0.40804E+00  -0.19112E+00
   0.29557E+03   0.29944E+02   0.25814E+02   0.40334E+00  -0.19404E+00
   0.29592E+03   0.29942E+02   0.25793E+02   0.39911E+00  -0.18869E+00
   0.29627E+03   0.29941E+02   0.26168E+02   0.40328E+00  -0.16953E+00
   0.29662E+03   0.29941E+02   0.26460E+02   0.40329E+00  -0.15807E+00
   0.29697E+03   0.29940E+02   0.26630E+02   0.39499E+00  -0.15110E+00
   0.29732E+03   0.29939E+02   0.26744E+02   0.38642E+00  -0.14158E+00
   0.29767E+03   0.29937E+02   0.26600E+02   0.38173E+00  -0.13452E+00
   0.29802E+03   0.29931E+02   0.26488E+02   0.37614E+00  -0.12965E+00
   0.29837E+03   0.29924E+02   0.26600E+02   0.36817E+00  -0.12191E+00
   0.29872E+03   0.29919E+02   0.26542E+02   0.36149E+00  -0.12283E+00
   0.29907E+03   0.29913E+02   0.26430E+02   0.35164E+00  -0.12802E+00
   0.29942E+03   0.29906E+02   0.26371E+02   0.34271E+00  -0.12799E+00
   0.29977E+03   0.29900E+02   0.26347E+02   0.33934E+00  -0.12335E+00
   0.30012E+03   0.29897E+02   0.26354E+02   0.34079E+00  -0.12330E+00
   0.30047E+03   0.29898E+02   0.26259E+02   0.33954E+00  -0.13198E+00
   0.30082E+03   0.29894E+02   0.26177E+02   0.33582E+00  -0.13670E+00
   0.30118E+03   0.29887E+02   0.25934E+02   0.33359E+00  -0.14365E+00
   0.30153E+03   0.29882E+02   0.25654E+02   0.33461E+00  -0.15565E+00
   0.30188E+03   0.29880E+02   0.25536E+02   0.33904E+00  -0.16650E+00
   0.30223E+03   0.29882E+02   0.25624E+02   0.33976E+00  -0.17199E+00
   0.30258E+03   0.29887E+02   0.25666E+02   0.33797E+00  -0.17610E+00
   0.30293E+03   0.29890E+02   0.25545E+02   0.34053E+00  -0.18050E+00
   0.30328E+03   0.29892E+02   0.25615E+02   0.34848E+00  -0.18268E+00
   0.30363E+03   0.29897E+02   0.25697E+02   0.35617E+00  -0.18452E+00
   0.30398E+03   0.29902E+02   0.25568E+02   0.35907E+00  -0.19468E+00
   0.30433E+03   0.29906E+02   0.25207E+02   0.36308E+00  -0.21490E+00
   0.30468E+03   0.29910E+02   0.24825E+02   0.36391E+00  -0.22927E+00
   0.30503E+03   0.29912E+02   0.24904E+02   0.36529E+00  -0.22881E+00
   0.30538E+03   0.29913E+02   0.24816E+02   0.37418E+00  -0.23988E+00
   0.30573E+03   0.29918E+02   0.24581E+02   0.38161E+00  -0.25686E+00
   0.30608E+03   0.29924E+02   0.24625E+02   0.39103E+00  -0.26358E+00
   0.30643E+03   0.29930E+02   0.24661E+02   0.40749E+00  -0.27419E+00
   0.30678E+03   0.29938E+02   0.24675E+02   0.41878E+00  -0.28028E+00
   0.30713E+03   0.29945E+02   0.24858E+02   0.42680E+00  -0.28070E+00
   0.30748E+03   0.29951E+02   0.25074E+02   0.43951E+00  -0.28082E+00
   0.30783E+03   0.29956E+02   0.25391E+02   0.44618E+00  -0.26846E+00
   0.30818E+03   0.29960E+02   0.25723E+02   0.44989E+00  -0.25472E+00
   0.30853E+03   0.29962E+02   0.26050E+02   0.45785E+00  -0.24615E+00
   0.30888E+03   0.29965E+02   0.26410E+02   0.46471E+00  -0.22790E+00
   0.30923E+03   0.29966E+02   0.26556E+02   0.46283E+00  -0.20632E+00
   0.30958E+03   0.29966E+02   0.26693E+02   0.45370E+00  -0.19252E+00
   0.30993E+03   0.29964E+02   0.26963E+02   0.44730E+00  -0.17517E+00
   0.31028E+03   0.29962E+02   0.27126E+02   0.44299E+00  -0.15277E+00
   0.31063E+03   0.29960E+02   0.26862E+02   0.43090E+00  -0.14738E+00
   0.31098E+03   0.29956E+02   0.26684E+02   0.41392E+00  -0.14447E+00
   0.31133E+03   0.29949E+02   0.26704E+02   0.40138E+00  -0.12471E+00
   0.31168E+03   0.29944E+02   0.26583E+02   0.39256E+00  -0.11368E+00
   0.31203E+03   0.29939E+02   0.26391E+02   0.37814E+00  -0.11898E+00
   0.31238E+03   0.29932E+02   0.26470E+02   0.36560E+00  -0.11248E+00
   0.31273E+03   0.29924E+02   0.26823E+02   0.35969E+00  -0.91370E-01
   0.31308E+03   0.29919E+02   0.26974E+02   0.35564E+00  -0.81302E-01
   0.31343E+03   0.29913E+02   0.26831E+02   0.34793E+00  -0.92554E-01
   0.31378E+03   0.29905E+02   0.26592E+02   0.34050E+00  -0.10264E+00
   0.31413E+03   0.29900E+02   0.26410E+02   0.33260E+00  -0.10136E+00
   0.31448E+03   0.29893E+02   0.26425E+02   0.32175E+00  -0.97892E-01
   0.31483E+03   0.29883E+02   0.26462E+02   0.31727E+00  -0.10249E+00
   0.31518E+03   0.29874E+02   0.26307E+02   0.31505E+00  -0.11423E+00
   0.31553E+03   0.29868E+02   0.25978E+02   0.31164E+00  -0.12796E+00
   0.31588E+03   0.29863E+02   0.25586E+02   0.30930E+00  -0.15106E+00
   0.31623E+03   0.29858E+02   0.25342E+02   0.31387E+00  -0.16303E+00
   0.31658E+03   0.29859E+02   0.25207E+02   0.32279E+00  -0.16968E+00
   0.31693E+03   0.29863E+02   0.25106E+02   0.32742E+00  -0.18717E+00
   0.31728E+03   0.29868E+02   0.25028E+02   0.32694E+00  -0.20031E+00
   0.31763E+03   0.29873E+02   0.24868E+02   0.33093E+00  -0.21261E+00
   0.31798E+03   0.29881E+02   0.24846E+02   0.34692E+00  -0.22148E+00
   0.31833E+03   0.29894E+02   0.24591E+02   0.36315E+00  -0.23796E+00
   0.31868E+03   0.29903E+02   0.24377E+02   0.36434E+00  -0.25822E+00
   0.31903E+03   0.29909E+02   0.24683E+02   0.36838E+00  -0.25989E+00
   0.31938E+03   0.29916E+02   0.25060E+02   0.38285E+00  -0.25396E+00
   0.31973E+03   0.29924E+02   0.25320E+02   0.39583E+00  -0.25335E+00
   0.32008E+03   0.29932E+02   0.25443E+02   0.40598E+00  -0.26126E+00
   0.32043E+03   0.29939E+02   0.25660E+02   0.41879E+00  -0.26291E+00
   0.32078E+03   0.29946E+02   0.26242E+02   0.43051E+00  -0.24344E+00
   0.32113E+03   0.29951E+02   0.26689E+02   0.43541E+00  -0.22893E+00
   0.32148E+03   0.29954E+02   0.26813E+02   0.43999E+00  -0.22319E+00
   0.32183E+03   0.29956E+02   0.27073E+02   0.44020E+00  -0.20722E+00
   0.32218E+03   0.29957E+02   0.27391E+02   0.43310E+00  -0.18427E+00
   0.32253E+03   0.29956E+02   0.27455E+02   0.42764E+00  -0.16576E+00
   0.32288E+03   0.29955E+02   0.27126E+02   0.42400E+00  -0.15947E+00
   0.32323E+03   0.29952E+02   0.26841E+02   0.41501E+00  -0.15244E+00
   0.32358E+03   0.29948E+02   0.26895E+02   0.40271E+00  -0.13677E+00
   0.32393E+03   0.29942E+02   0.26964E+02   0.38778E+00  -0.12512E+00
   0.32428E+03   0.29935E+02   0.26771E+02   0.38033E+00  -0.12299E+00
   0.32463E+03   0.29931E+02   0.26489E+02   0.37715E+00  -0.12674E+00
   0.32498E+03   0.29927E+02   0.26218E+02   0.36733E+00  -0.13363E+00
   0.32533E+03   0.29920E+02   0.26206E+02   0.35756E+00  -0.12769E+00
   0.32568E+03   0.29915E+02   0.26274E+02   0.35392E+00  -0.12244E+00
   0.32603E+03   0.29910E+02   0.26223E+02   0.35547E+00  -0.12417E+00
   0.32638E+03   0.29906E+02   0.26251E+02   0.35223E+00  -0.12369E+00
   0.32673E+03   0.29904E+02   0.26130E+02   0.34307E+00  -0.13171E+00
   0.32708E+03   0.29901E+02   0.26060E+02   0.33880E+00  -0.13472E+00
   0.32743E+03   0.29899E+02   0.25966E+02   0.34281E+00  -0.13391E+00
   0.32778E+03   0.29895E+02   0.25728E+02   0.34228E+00  -0.14793E+00
   0.32813E+03   0.29892E+02   0.25567E+02   0.33494E+00  -0.15981E+00
   0.32848E+03   0.29889E+02   0.25518E+02   0.32871E+00  -0.16635E+00
   0.32883E+03   0.29887E+02   0.25293E+02   0.33395E+00  -0.17954E+00
   0.32918E+03   0.29888E+02   0.24963E+02   0.34091E+00  -0.19099E+00
   0.32953E+03   0.29890E+02   0.24804E+02   0.34331E+00  -0.20746E+00
   0.32988E+03   0.29893E+02   0.24754E+02   0.34868E+00  -0.22074E+00
   0.33023E+03   0.29897E+02   0.24790E+02   0.35797E+00  -0.22572E+00
   0.33058E+03   0.29904E+02   0.24761E+02   0.36864E+00  -0.23780E+00
   0.33093E+03   0.29914E+02   0.24477E+02   0.37730E+00  -0.25876E+00
   0.33128E+03   0.29923E+02   0.24181E+02   0.38407E+00  -0.27764E+00
   0.33163E+03   0.29928E+02   0.24476E+02   0.39187E+00  -0.27775E+00
   0.33198E+03   0.29933E+02   0.25188E+02   0.40754E+00  -0.26123E+00
   0.33233E+03   0.29940E+02   0.25781E+02   0.42406E+00  -0.25537E+00
   0.33268E+03   0.29947E+02   0.26134E+02   0.43354E+00  -0.25806E+00
   0.33303E+03   0.29953E+02   0.26320E+02   0.43977E+00  -0.25122E+00
   0.33338E+03   0.29957E+02   0.26502E+02   0.44412E+00  -0.23642E+00
   0.33373E+03   0.29959E+02   0.26692E+02   0.44922E+00  -0.21691E+00
   0.33408E+03   0.29960E+02   0.26820E+02   0.45100E+00  -0.20428E+00
   0.33443E+03   0.29961E+02   0.27106E+02   0.44012E+00  -0.18685E+00
   0.33478E+03   0.29959E+02   0.27357E+02   0.42678E+00  -0.16308E+00
   0.33513E+03   0.29955E+02   0.27276E+02   0.41885E+00  -0.14978E+00
   0.33548E+03   0.29952E+02   0.27022E+02   0.41626E+00  -0.14262E+00
   0.33583E+03   0.29950E+02   0.26936E+02   0.40954E+00  -0.13222E+00
   0.33618E+03   0.29947E+02   0.26954E+02   0.39361E+00  -0.12339E+00
   0.33653E+03   0.29941E+02   0.27012E+02   0.37628E+00  -0.10959E+00
   0.33688E+03   0.29930E+02   0.27135E+02   0.36655E+00  -0.93330E-01
   0.33723E+03   0.29921E+02   0.27211E+02   0.36599E+00  -0.88606E-01
   0.33758E+03   0.29917E+02   0.27272E+02   0.35967E+00  -0.87437E-01
   0.33793E+03   0.29911E+02   0.27179E+02   0.34864E+00  -0.91684E-01
   0.33828E+03   0.29905E+02   0.26934E+02   0.33974E+00  -0.96516E-01
   0.33863E+03   0.29898E+02   0.26746E+02   0.33230E+00  -0.91952E-01
   0.33898E+03   0.29891E+02   0.26681E+02   0.32083E+00  -0.91070E-01
   0.33933E+03   0.29880E+02   0.26475E+02   0.30746E+00  -0.10363E+00
   0.33968E+03   0.29866E+02   0.26287E+02   0.30560E+00  -0.11257E+00
   0.34003E+03   0.29858E+02   0.26255E+02   0.31268E+00  -0.11701E+00
   0.34038E+03   0.29857E+02   0.26151E+02   0.31481E+00  -0.13051E+00
   0.34073E+03   0.29857E+02   0.26012E+02   0.31629E+00  -0.14596E+00
   0.34108E+03   0.29856E+02   0.25792E+02   0.31765E+00  -0.15774E+00
   0.34143E+03   0.29860E+02   0.25412E+02   0.31896E+00  -0.17035E+00
   0.34178E+03   0.29864E+02   0.25150E+02   0.32158E+00  -0.18582E+00
   0.34213E+03   0.29867E+02   0.24871E+02   0.32727E+00  -0.20558E+00
   0.34248E+03   0.29873E+02   0.24452E+02   0.33628E+00  -0.22664E+00
   0.34283E+03   0.29882E+02   0.24310E+02   0.34250E+00  -0.24300E+00
   0.34318E+03   0.29892E+02   0.24276E+02   0.34860E+00  -0.26057E+00
   0.34353E+03   0.29900E+02   0.24198E+02   0.35892E+00  -0.27535E+00
   0.34388E+03   0.29909E+02   0.24238E+02   0.37765E+00  -0.28394E+00
   0.34423E+03   0.29919E+02   0.24197E+02   0.39687E+00  -0.30124E+00
   0.34458E+03   0.29931E+02   0.24088E+02   0.41300E+00  -0.32162E+00
   0.34493E+03   0.29941E+02   0.24205E+02   0.42834E+00  -0.33158E+00
   0.34528E+03   0.29950E+02   0.24255E+02   0.44516E+00  -0.33881E+00
   0.34563E+03   0.29957E+02   0.24460E+02   0.45953E+00  -0.33653E+00
   0.34598E+03   0.29962E+02   0.25126E+02   0.47323E+00  -0.32282E+00
   0.34633E+03   0.29967E+02   0.25730E+02   0.48929E+00  -0.31056E+00
   0.34668E+03   0.29972E+02   0.25847E+02   0.50271E+00  -0.30186E+00
   0.34703E+03   0.29975E+02   0.26061E+02   0.51124E+00  -0.29235E+00
   0.34738E+03   0.29977E+02   0.26760E+02   0.51523E+00  -0.26518E+00
   0.34773E+03   0.29979E+02   0.27387E+02   0.51545E+00  -0.22849E+00
   0.34808E+03   0.29979E+02   0.27783E+02   0.50764E+00  -0.20187E+00
   0.34843E+03   0.29978E+02   0.28013E+02   0.49644E+00  -0.17886E+00
   0.34878E+03   0.29977E+02   0.28323E+02   0.48299E+00  -0.14194E+00
   0.34913E+03   0.29975E+02   0.28332E+02   0.46689E+00  -0.10980E+00
   0.34948E+03   0.29970E+02   0.28008E+02   0.44807E+00  -0.97807E-01
   0.34983E+03   0.29964E+02   0.27775E+02   0.42384E+00  -0.79591E-01
   0.35018E+03   0.29955E+02   0.27562E+02   0.39874E+00  -0.63878E-01
   0.35053E+03   0.29941E+02   0.27495E+02   0.37424E+00  -0.56670E-01
   0.35088E+03   0.29928E+02   0.27543E+02   0.35761E+00  -0.48081E-01
   0.35123E+03   0.29918E+02   0.27498E+02   0.34745E+00  -0.47059E-01
   0.35158E+03   0.29908E+02   0.27264E+02   0.33523E+00  -0.58065E-01
   0.35193E+03   0.29893E+02   0.27095E+02   0.32370E+00  -0.67225E-01
   0.35228E+03   0.29881E+02   0.27179E+02   0.31930E+00  -0.57472E-01
   0.35263E+03   0.29876E+02   0.27242E+02   0.31588E+00  -0.55359E-01
   0.35298E+03   0.29867E+02   0.26961E+02   0.31195E+00  -0.78420E-01
   0.35333E+03   0.29855E+02   0.26684E+02   0.30506E+00  -0.91192E-01
   0.35368E+03   0.29843E+02   0.26571E+02   0.29966E+00  -0.94808E-01
   0.35403E+03   0.29841E+02   0.26336E+02   0.30248E+00  -0.10975E+00
   0.35438E+03   0.29842E+02   0.25963E+02   0.30214E+00  -0.13324E+00
   0.35473E+03   0.29839E+02   0.25762E+02   0.29633E+00  -0.14624E+00
   0.35508E+03   0.29839E+02   0.25728E+02   0.29342E+00  -0.14473E+00
   0.35543E+03   0.29836E+02   0.25517E+02   0.29754E+00  -0.15984E+00
   0.35578E+03   0.29836E+02   0.25262E+02   0.30875E+00  -0.18246E+00
   0.35613E+03   0.29847E+02   0.25020E+02   0.32066E+00  -0.19843E+00
   0.35648E+03   0.29858E+02   0.24804E+02   0.32554E+00  -0.22058E+00
   0.35683E+03   0.29867E+02   0.24631E+02   0.33078E+00  -0.23828E+00
   0.35718E+03   0.29874E+02   0.24664E+02   0.33928E+00  -0.24421E+00
   0.35753E+03   0.29884E+02   0.24740E+02   0.35696E+00  -0.25338E+00
   0.35788E+03   0.29898E+02   0.24552E+02   0.37178E+00  -0.27262E+00
   0.35823E+03   0.29911E+02   0.24354E+02   0.38176E+00  -0.29272E+00
   0.35858E+03   0.29922E+02   0.24425E+02   0.39589E+00  -0.29990E+00
   0.35893E+03   0.29932E+02   0.24537E+02   0.41873E+00  -0.30571E+00
   0.35928E+03   0.29943E+02   0.24591E+02   0.43504E+00  -0.31650E+00
   0.35963E+03   0.29951E+02   0.24831E+02   0.43850E+00  -0.31966E+00
   0.35998E+03   0.29956E+02   0.25188E+02   0.45378E+00  -0.31316E+00
   0.36033E+03   0.29962E+02   0.25532E+02   0.47404E+00  -0.29946E+00
   0.36068E+03   0.29967E+02   0.25733E+02   0.48677E+00  -0.29001E+00
   0.36103E+03   0.29971E+02   0.26085E+02   0.49146E+00  -0.28148E+00
   0.36138E+03   0.29974E+02   0.26698E+02   0.49763E+00  -0.25452E+00
   0.36173E+03   0.29975E+02   0.26840E+02   0.49610E+00  -0.22808E+00
   0.36208E+03   0.29975E+02   0.26864E+02   0.48753E+00  -0.21153E+00
   0.36243E+03   0.29974E+02   0.27128E+02   0.48372E+00  -0.18765E+00
   0.36278E+03   0.29974E+02   0.27229E+02   0.47486E+00  -0.16243E+00
   0.36313E+03   0.29971E+02   0.27439E+02   0.45733E+00  -0.13431E+00
   0.36348E+03   0.29967E+02   0.27732E+02   0.44075E+00  -0.10768E+00
   0.36383E+03   0.29963E+02   0.27693E+02   0.42489E+00  -0.89093E-01
   0.36418E+03   0.29957E+02   0.27457E+02   0.40594E+00  -0.76642E-01
   0.36453E+03   0.29948E+02   0.27106E+02   0.38223E+00  -0.80317E-01
   0.36488E+03   0.29935E+02   0.26992E+02   0.36297E+00  -0.72833E-01
   0.36523E+03   0.29923E+02   0.27078E+02   0.35411E+00  -0.58756E-01
   0.36558E+03   0.29912E+02   0.26990E+02   0.34240E+00  -0.70476E-01
   0.36593E+03   0.29902E+02   0.26758E+02   0.32835E+00  -0.86281E-01
   0.36628E+03   0.29891E+02   0.26521E+02   0.31946E+00  -0.91407E-01
   0.36663E+03   0.29880E+02   0.26448E+02   0.32077E+00  -0.92621E-01
   0.36698E+03   0.29874E+02   0.26437E+02   0.32440E+00  -0.94175E-01
   0.36733E+03   0.29873E+02   0.26280E+02   0.32369E+00  -0.11095E+00
   0.36768E+03   0.29872E+02   0.25964E+02   0.31750E+00  -0.13033E+00
   0.36803E+03   0.29866E+02   0.25683E+02   0.31038E+00  -0.13723E+00
   0.36838E+03   0.29858E+02   0.25674E+02   0.31323E+00  -0.13910E+00
   0.36873E+03   0.29860E+02   0.25764E+02   0.32071E+00  -0.14508E+00
   0.36908E+03   0.29867E+02   0.25522E+02   0.32238E+00  -0.16643E+00
   0.36943E+03   0.29866E+02   0.25159E+02   0.31935E+00  -0.19119E+00
   0.36978E+03   0.29867E+02   0.24987E+02   0.32279E+00  -0.19961E+00
   0.37013E+03   0.29873E+02   0.24942E+02   0.32872E+00  -0.20133E+00
   0.37048E+03   0.29877E+02   0.24774E+02   0.34098E+00  -0.22246E+00
   0.37083E+03   0.29886E+02   0.24388E+02   0.35033E+00  -0.25090E+00
   0.37118E+03   0.29893E+02   0.24207E+02   0.35192E+00  -0.26623E+00
   0.37153E+03   0.29900E+02   0.24221E+02   0.36525E+00  -0.27799E+00
   0.37188E+03   0.29911E+02   0.24217E+02   0.38666E+00  -0.29279E+00
   0.37223E+03   0.29924E+02   0.24224E+02   0.40286E+00  -0.30536E+00
   0.37258E+03   0.29934E+02   0.24418E+02   0.41534E+00  -0.31491E+00
   0.37293E+03   0.29942E+02   0.24499E+02   0.43099E+00  -0.32568E+00
   0.37328E+03   0.29951E+02   0.24787E+02   0.44985E+00  -0.32356E+00
   0.37363E+03   0.29958E+02   0.25470E+02   0.47228E+00  -0.31373E+00
   0.37398E+03   0.29965E+02   0.25873E+02   0.48772E+00  -0.31000E+00
   0.37433E+03   0.29970E+02   0.26368E+02   0.49299E+00  -0.28975E+00
   0.37468E+03   0.29973E+02   0.26857E+02   0.49719E+00  -0.26678E+00
   0.37503E+03   0.29975E+02   0.27178E+02   0.50549E+00  -0.24920E+00
   0.37538E+03   0.29977E+02   0.27622E+02   0.50716E+00  -0.21628E+00
   0.37573E+03   0.29977E+02   0.27842E+02   0.49895E+00  -0.19129E+00
   0.37608E+03   0.29976E+02   0.27874E+02   0.48218E+00  -0.16844E+00
   0.37643E+03   0.29973E+02   0.27934E+02   0.46546E+00  -0.13548E+00
   0.37678E+03   0.29969E+02   0.27896E+02   0.45163E+00  -0.11352E+00
   0.37713E+03   0.29964E+02   0.27734E+02   0.43146E+00  -0.98874E-01
   0.37748E+03   0.29958E+02   0.27550E+02   0.41087E+00  -0.85481E-01
   0.37783E+03   0.29949E+02   0.27499E+02   0.39066E+00  -0.73656E-01
   0.37818E+03   0.29937E+02   0.27438E+02   0.37234E+00  -0.63009E-01
   0.37853E+03   0.29928E+02   0.27487E+02   0.35869E+00  -0.54063E-01
   0.37888E+03   0.29921E+02   0.27436E+02   0.34635E+00  -0.57960E-01
   0.37923E+03   0.29913E+02   0.27104E+02   0.33325E+00  -0.71287E-01
   0.37958E+03   0.29900E+02   0.26975E+02   0.32306E+00  -0.70075E-01
   0.37993E+03   0.29885E+02   0.27053E+02   0.31776E+00  -0.63623E-01
   0.38028E+03   0.29876E+02   0.27010E+02   0.31624E+00  -0.70741E-01
   0.38063E+03   0.29866E+02   0.26929E+02   0.31081E+00  -0.82970E-01
   0.38098E+03   0.29860E+02   0.26644E+02   0.30596E+00  -0.99395E-01
   0.38133E+03   0.29855E+02   0.26294E+02   0.30174E+00  -0.11129E+00
   0.38168E+03   0.29847E+02   0.26060E+02   0.30196E+00  -0.12217E+00
   0.38203E+03   0.29846E+02   0.25776E+02   0.30302E+00  -0.14027E+00
   0.38238E+03   0.29845E+02   0.25601E+02   0.30127E+00  -0.15034E+00
   0.38273E+03   0.29845E+02   0.25441E+02   0.30065E+00  -0.16296E+00
   0.38308E+03   0.29847E+02   0.24929E+02   0.30052E+00  -0.18819E+00
   0.38343E+03   0.29849E+02   0.24513E+02   0.31135E+00  -0.20612E+00
   0.38378E+03   0.29857E+02   0.24385E+02   0.32492E+00  -0.22325E+00
   0.38413E+03   0.29868E+02   0.24243E+02   0.33182E+00  -0.24391E+00
   0.38448E+03   0.29877E+02   0.24233E+02   0.34032E+00  -0.26055E+00
   0.38483E+03   0.29889E+02   0.24024E+02   0.35617E+00  -0.28298E+00
   0.38518E+03   0.29903E+02   0.24071E+02   0.37173E+00  -0.29701E+00
   0.38553E+03   0.29915E+02   0.24559E+02   0.39105E+00  -0.29957E+00
   0.38588E+03   0.29928E+02   0.24851E+02   0.41148E+00  -0.30791E+00
   0.38623E+03   0.29938E+02   0.25315E+02   0.42959E+00  -0.30641E+00
   0.38658E+03   0.29948E+02   0.25565E+02   0.44750E+00  -0.30067E+00
   0.38693E+03   0.29956E+02   0.25228E+02   0.45660E+00  -0.31257E+00
   0.38728E+03   0.29961E+02   0.25048E+02   0.46252E+00  -0.31334E+00
   0.38763E+03   0.29965E+02   0.25612E+02   0.47629E+00  -0.29405E+00
   0.38798E+03   0.29969E+02   0.25997E+02   0.48609E+00  -0.28194E+00
   0.38833E+03   0.29972E+02   0.26127E+02   0.48516E+00  -0.27070E+00
   0.38868E+03   0.29973E+02   0.26603E+02   0.48654E+00  -0.25341E+00
   0.38903E+03   0.29974E+02   0.26788E+02   0.49143E+00  -0.23513E+00
   0.38938E+03   0.29975E+02   0.27101E+02   0.49046E+00  -0.20680E+00
   0.38973E+03   0.29975E+02   0.27356E+02   0.48622E+00  -0.18804E+00
   0.39008E+03   0.29973E+02   0.27238E+02   0.47395E+00  -0.17047E+00
   0.39043E+03   0.29971E+02   0.27037E+02   0.45613E+00  -0.14193E+00
   0.39078E+03   0.29966E+02   0.26851E+02   0.43800E+00  -0.12893E+00
   0.39113E+03   0.29960E+02   0.27114E+02   0.42206E+00  -0.10456E+00
   0.39148E+03   0.29954E+02   0.27330E+02   0.41136E+00  -0.79226E-01
   0.39183E+03   0.29948E+02   0.27246E+02   0.39602E+00  -0.79774E-01
   0.39218E+03   0.29939E+02   0.27150E+02   0.37665E+00  -0.78734E-01
   0.39253E+03   0.29927E+02   0.27058E+02   0.35831E+00  -0.71630E-01
   0.39288E+03   0.29916E+02   0.27060E+02   0.34910E+00  -0.62986E-01
   0.39323E+03   0.29909E+02   0.26951E+02   0.33939E+00  -0.68460E-01
   0.39358E+03   0.29898E+02   0.26828E+02   0.32454E+00  -0.78715E-01
   0.39393E+03   0.29885E+02   0.26870E+02   0.31505E+00  -0.72579E-01
   0.39428E+03   0.29873E+02   0.26903E+02   0.31242E+00  -0.73403E-01
   0.39463E+03   0.29864E+02   0.27004E+02   0.31568E+00  -0.75698E-01
   0.39498E+03   0.29864E+02   0.26860E+02   0.31500E+00  -0.89088E-01
   0.39533E+03   0.29862E+02   0.26579E+02   0.30656E+00  -0.11045E+00
   0.39568E+03   0.29852E+02   0.26441E+02   0.30099E+00  -0.11111E+00
   0.39603E+03   0.29843E+02   0.26154E+02   0.29881E+00  -0.11808E+00
   0.39638E+03   0.29840E+02   0.25781E+02   0.29842E+00  -0.13795E+00
   0.39673E+03   0.29841E+02   0.25550E+02   0.30045E+00  -0.15680E+00
   0.39708E+03   0.29839E+02   0.25305E+02   0.30053E+00  -0.17621E+00
   0.39743E+03   0.29839E+02   0.24987E+02   0.30427E+00  -0.19132E+00
   0.39778E+03   0.29847E+02   0.24744E+02   0.31798E+00  -0.20949E+00
   0.39813E+03   0.29858E+02   0.24786E+02   0.33219E+00  -0.22702E+00
   0.39848E+03   0.29871E+02   0.24899E+02   0.33885E+00  -0.23302E+00
   0.39883E+03   0.29882E+02   0.24574E+02   0.34698E+00  -0.25131E+00
   0.39918E+03   0.29893E+02   0.24263E+02   0.36299E+00  -0.27644E+00
   0.39953E+03   0.29907E+02   0.24011E+02   0.38108E+00  -0.29359E+00
   0.39988E+03   0.29919E+02   0.23998E+02   0.39379E+00  -0.31018E+00
   0.40023E+03   0.29928E+02   0.24283E+02   0.40492E+00  -0.32269E+00
   0.40058E+03   0.29937E+02   0.24552E+02   0.42392E+00  -0.32578E+00
   0.40093E+03   0.29946E+02   0.25075E+02   0.44612E+00  -0.32174E+00
   0.40128E+03   0.29955E+02   0.25506E+02   0.46254E+00  -0.32291E+00
   0.40163E+03   0.29962E+02   0.26036E+02   0.47980E+00  -0.31667E+00
   0.40198E+03   0.29968E+02   0.26849E+02   0.49644E+00  -0.28452E+00
   0.40233E+03   0.29973E+02   0.27370E+02   0.50457E+00  -0.25543E+00
   0.40268E+03   0.29976E+02   0.27603E+02   0.50627E+00  -0.23595E+00
   0.40303E+03   0.29977E+02   0.27737E+02   0.49757E+00  -0.21085E+00
   0.40338E+03   0.29976E+02   0.27626E+02   0.48613E+00  -0.18683E+00
   0.40373E+03   0.29974E+02   0.27651E+02   0.47718E+00  -0.15947E+00
   0.40408E+03   0.29972E+02   0.27685E+02   0.45896E+00  -0.13595E+00
   0.40443E+03   0.29967E+02   0.27510E+02   0.43634E+00  -0.11995E+00
   0.40478E+03   0.29962E+02   0.27342E+02   0.41814E+00  -0.10406E+00
   0.40513E+03   0.29953E+02   0.27060E+02   0.40047E+00  -0.97980E-01
   0.40548E+03   0.29943E+02   0.26915E+02   0.38781E+00  -0.94442E-01
   0.40583E+03   0.29936E+02   0.26926E+02   0.37912E+00  -0.83401E-01
   0.40618E+03   0.29930E+02   0.26863E+02   0.36835E+00  -0.86580E-01
   0.40653E+03   0.29922E+02   0.26696E+02   0.35336E+00  -0.92025E-01
   0.40688E+03   0.29911E+02   0.26475E+02   0.34068E+00  -0.93052E-01
   0.40723E+03   0.29901E+02   0.26316E+02   0.33686E+00  -0.97695E-01
   0.40758E+03   0.29895E+02   0.26280E+02   0.33720E+00  -0.97928E-01
   0.40793E+03   0.29892E+02   0.26194E+02   0.33056E+00  -0.10850E+00
   0.40828E+03   0.29884E+02   0.26065E+02   0.32273E+00  -0.11997E+00
   0.40863E+03   0.29878E+02   0.25918E+02   0.32345E+00  -0.12580E+00
   0.40898E+03   0.29875E+02   0.25691E+02   0.32375E+00  -0.13911E+00
   0.40933E+03   0.29878E+02   0.25295E+02   0.32081E+00  -0.16057E+00
   0.40968E+03   0.29877E+02   0.25181E+02   0.31921E+00  -0.17204E+00
   0.41003E+03   0.29875E+02   0.25234E+02   0.32449E+00  -0.17349E+00
   0.41038E+03   0.29876E+02   0.24917E+02   0.32701E+00  -0.18863E+00
   0.41073E+03   0.29876E+02   0.24856E+02   0.33101E+00  -0.20787E+00
   0.41108E+03   0.29881E+02   0.24879E+02   0.34405E+00  -0.21875E+00
   0.41143E+03   0.29890E+02   0.25012E+02   0.35183E+00  -0.22203E+00
   0.41178E+03   0.29897E+02   0.25426E+02   0.35934E+00  -0.22200E+00
   0.41213E+03   0.29904E+02   0.25490E+02   0.37156E+00  -0.22951E+00
   0.41248E+03   0.29913E+02   0.25431E+02   0.38052E+00  -0.23202E+00
   0.41283E+03   0.29922E+02   0.25386E+02   0.38340E+00  -0.23299E+00
   0.41318E+03   0.29927E+02   0.25289E+02   0.38714E+00  -0.24262E+00
   0.41353E+03   0.29930E+02   0.25234E+02   0.39496E+00  -0.24020E+00
   0.41388E+03   0.29934E+02   0.25435E+02   0.40287E+00  -0.23271E+00
   0.41423E+03   0.29939E+02   0.25514E+02   0.40692E+00  -0.23760E+00
   0.41458E+03   0.29942E+02   0.25689E+02   0.40615E+00  -0.23741E+00
   0.41493E+03   0.29944E+02   0.25953E+02   0.41334E+00  -0.22428E+00
   0.41528E+03   0.29947E+02   0.25831E+02   0.42530E+00  -0.21945E+00
   0.41563E+03   0.29950E+02   0.25949E+02   0.42947E+00  -0.21673E+00
   0.41598E+03   0.29952E+02   0.26047E+02   0.42763E+00  -0.21014E+00
   0.41633E+03   0.29953E+02   0.25957E+02   0.42240E+00  -0.20552E+00
   0.41668E+03   0.29952E+02   0.26053E+02   0.42138E+00  -0.19156E+00
   0.41703E+03   0.29952E+02   0.26052E+02   0.42035E+00  -0.18306E+00
   0.41738E+03   0.29950E+02   0.25921E+02   0.41141E+00  -0.18226E+00
   0.41773E+03   0.29947E+02   0.26000E+02   0.40778E+00  -0.17496E+00
   0.41808E+03   0.29946E+02   0.26284E+02   0.40712E+00  -0.15859E+00
   0.41843E+03   0.29946E+02   0.26252E+02   0.39869E+00  -0.15201E+00
   0.41878E+03   0.29942E+02   0.25860E+02   0.39134E+00  -0.16355E+00
   0.41913E+03   0.29940E+02   0.25835E+02   0.38747E+00  -0.16072E+00
   0.41948E+03   0.29935E+02   0.26137E+02   0.37948E+00  -0.14016E+00
   0.41983E+03   0.29929E+02   0.26315E+02   0.37461E+00  -0.13216E+00
