         286
  0.175000000000000        1312500.00000000     
         497
  0.525000000000000        3937500.00000000     
         192
  0.875000000000000        6562500.00000000     
          65
   1.22500000000000        9187500.00000000     
         297
   1.57500000000000        11812500.0000000     
         525
   1.92500000000000        14437500.0000000     
         301
   2.27500000000000        17062500.0000000     
          17
   2.62500000000000        19687500.0000000     
          75
   2.97500000000000        22312500.0000000     
         315
   3.32500000000000        24937500.0000000     
         365
   3.67500000000000        27562500.0000000     
         107
   4.02500000000000        30187500.0000000     
          12
   4.37500000000000        32812500.0000000     
         228
   4.72500000000000        35437500.0000000     
         155
   5.07500000000000        38062500.0000000     
         505
   5.42500000000000        40687500.0000000     
         300
   5.77500000000000        43312500.0000000     
         217
   6.12500000000000        45937500.0000000     
         211
   6.47500000000000        48562500.0000000     
         199
   6.82500000000000        51187500.0000000     
          36
   7.17500000000000        53812500.0000000     
         327
   7.52500000000000        56437500.0000000     
         215
   7.87500000000000        59062500.0000000     
         247
   8.22500000000000        61687500.0000000     
         281
   8.57500000000000        64312500.0000000     
         251
   8.92500000000000        66937500.0000000     
         336
   9.27500000000000        69562500.0000000     
         148
   9.62499999999999        72187500.0000000     
         223
   9.97499999999999        74812500.0000000     
          84
   10.3250000000000        77437500.0000000     
         388
   10.6750000000000        80062500.0000000     
         497
   11.0250000000000        82687500.0000000     
          65
   11.3750000000000        85312499.9999999     
         284
   11.7250000000000        87937499.9999999     
         354
   12.0750000000000        90562499.9999999     
         145
   12.4250000000000        93187499.9999999     
         310
   12.7750000000000        95812499.9999999     
          48
   13.1250000000000        98437499.9999999     
         113
   13.4750000000000        101062500.000000     
         505
   13.8250000000000        103687500.000000     
         232
   14.1750000000000        106312500.000000     
          18
   14.5250000000000        108937500.000000     
         407
   14.8750000000000        111562500.000000     
         356
   15.2250000000000        114187500.000000     
         361
   15.5750000000000        116812500.000000     
         178
   15.9250000000000        119437500.000000     
         501
   16.2750000000000        122062500.000000     
         362
   16.6250000000000        124687500.000000     
         218
   16.9750000000000        127312500.000000     
          39
   17.3250000000000        129937500.000000     
         271
   17.6750000000000        132562500.000000     
          81
   18.0250000000000        135187500.000000     
         187
   18.3750000000000        137812500.000000     
         412
   18.7250000000000        140437500.000000     
          23
   19.0750000000000        143062500.000000     
         488
   19.4250000000000        145687500.000000     
         379
   19.7750000000000        148312500.000000     
         351
   20.1250000000000        150937500.000000     
         101
   20.4750000000000        153562500.000000     
           7
   20.8250000000000        156187500.000000     
         386
   21.1750000000000        158812500.000000     
         200
   21.5250000000000        161437500.000000     
         334
   21.8750000000000        164062500.000000     
         534
   22.2250000000000        166687500.000000     
         309
   22.5750000000000        169312500.000000     
         485
   22.9250000000000        171937500.000000     
          81
   23.2750000000000        174562500.000000     
         130
   23.6250000000000        177187500.000000     
          76
   23.9750000000000        179812500.000000     
         114
   24.3250000000000        182437500.000000     
         314
   24.6750000000000        185062500.000000     
         377
   25.0250000000000        187687500.000000     
          28
   25.3750000000000        190312500.000000     
         248
   25.7250000000000        192937500.000000     
         230
   26.0750000000000        195562500.000000     
         389
   26.4250000000000        198187500.000000     
         390
   26.7750000000000        200812500.000000     
          23
   27.1250000000000        203437500.000000     
         266
   27.4750000000000        206062500.000000     
         430
   27.8250000000000        208687500.000000     
          64
   28.1750000000000        211312500.000000     
         421
   28.5250000000000        213937500.000000     
         267
   28.8750000000000        216562500.000000     
         209
   29.2250000000000        219187500.000000     
         519
   29.5750000000000        221812500.000000     
         165
   29.9250000000000        224437500.000000     
         528
   30.2750000000000        227062500.000000     
         517
   30.6250000000000        229687500.000000     
         121
   30.9750000000001        232312500.000000     
         308
   31.3250000000001        234937500.000000     
         125
   31.6750000000001        237562500.000000     
          60
   32.0250000000001        240187500.000000     
         122
   32.3750000000001        242812500.000000     
         375
   32.7250000000001        245437500.000000     
         170
   33.0750000000001        248062500.000000     
         367
   33.4250000000001        250687500.000000     
         480
   33.7750000000001        253312500.000000     
         508
   34.1250000000001        255937500.000000     
         318
   34.4750000000001        258562500.000000     
         399
   34.8250000000001        261187500.000001     
         245
   35.1750000000001        263812500.000001     
         246
   35.5250000000001        266437500.000001     
         400
   35.8750000000001        269062500.000001     
         522
   36.2250000000001        271687500.000001     
          34
   36.5750000000001        274312500.000001     
         165
   36.9250000000001        276937500.000001     
          65
   37.2750000000001        279562500.000001     
         516
   37.6250000000001        282187500.000001     
         358
   37.9750000000001        284812500.000001     
         323
   38.3250000000001        287437500.000001     
         508
   38.6750000000001        290062500.000001     
         502
   39.0250000000001        292687500.000001     
         250
   39.3750000000001        295312500.000001     
         489
   39.7250000000001        297937500.000001     
         147
   40.0750000000001        300562500.000001     
          42
   40.4250000000001        303187500.000001     
         321
   40.7750000000001        305812500.000001     
         429
   41.1250000000001        308437500.000001     
         443
   41.4750000000001        311062500.000001     
         486
   41.8250000000001        313687500.000001     
         254
   42.1750000000001        316312500.000001     
         118
   42.5250000000001        318937500.000001     
         163
   42.8750000000001        321562500.000001     
         202
   43.2250000000001        324187500.000001     
         290
   43.5750000000001        326812500.000001     
         491
   43.9250000000001        329437500.000001     
         153
   44.2750000000001        332062500.000001     
          66
   44.6250000000001        334687500.000001     
         429
   44.9750000000001        337312500.000001     
         111
   45.3250000000001        339937500.000001     
         281
   45.6750000000001        342562500.000001     
         197
   46.0250000000001        345187500.000001     
          55
   46.3750000000001        347812500.000001     
         396
   46.7250000000001        350437500.000001     
         534
   47.0750000000001        353062500.000001     
         136
   47.4250000000001        355687500.000001     
         268
   47.7750000000001        358312500.000001     
         359
   48.1250000000001        360937500.000001     
         331
   48.4750000000001        363562500.000001     
         341
   48.8250000000001        366187500.000001     
         141
   49.1750000000001        368812500.000001     
         319
   49.5250000000001        371437500.000001     
         271
   49.8750000000001        374062500.000001     
         378
   50.2250000000001        376687500.000001     
         522
   50.5750000000001        379312500.000001     
         256
   50.9250000000001        381937500.000001     
         459
   51.2750000000001        384562500.000001     
           8
   51.6250000000001        387187500.000001     
         134
   51.9750000000001        389812500.000001     
          39
   52.3250000000001        392437500.000001     
         382
   52.6750000000001        395062500.000001     
         399
   53.0250000000001        397687500.000001     
          33
   53.3750000000001        400312500.000001     
         240
   53.7250000000001        402937500.000001     
         104
   54.0750000000001        405562500.000001     
         281
   54.4250000000001        408187500.000001     
         417
   54.7750000000001        410812500.000001     
         415
   55.1250000000001        413437500.000001     
          14
   55.4750000000002        416062500.000001     
          45
   55.8250000000002        418687500.000001     
         458
   56.1750000000002        421312500.000001     
         102
   56.5250000000002        423937500.000001     
         258
   56.8750000000002        426562500.000001     
         401
   57.2250000000002        429187500.000001     
         112
   57.5750000000002        431812500.000001     
         269
   57.9250000000002        434437500.000001     
         473
   58.2750000000002        437062500.000001     
         390
   58.6250000000002        439687500.000001     
         430
   58.9750000000002        442312500.000001     
          63
   59.3250000000002        444937500.000001     
         358
   59.6750000000002        447562500.000001     
         412
   60.0250000000002        450187500.000001     
         238
   60.3750000000002        452812500.000001     
         438
   60.7250000000002        455437500.000001     
         314
   61.0750000000002        458062500.000001     
         437
   61.4250000000002        460687500.000001     
          72
   61.7750000000002        463312500.000001     
         238
   62.1250000000002        465937500.000001     
         440
   62.4750000000002        468562500.000001     
          97
   62.8250000000002        471187500.000001     
         530
   63.1750000000002        473812500.000001     
           9
   63.5250000000002        476437500.000001     
          31
   63.8750000000002        479062500.000001     
         339
   64.2250000000002        481687500.000001     
         233
   64.5750000000002        484312500.000001     
         107
   64.9250000000002        486937500.000001     
         485
   65.2750000000002        489562500.000001     
         312
   65.6250000000002        492187500.000001     
         358
   65.9750000000002        494812500.000001     
         186
   66.3250000000001        497437500.000001     
         435
   66.6750000000001        500062500.000001     
         318
   67.0250000000001        502687500.000001     
         422
   67.3750000000001        505312500.000001     
         316
   67.7250000000001        507937500.000001     
         232
   68.0750000000001        510562500.000001     
         148
   68.4250000000001        513187500.000001     
          63
   68.7750000000001        515812500.000001     
         268
   69.1250000000001        518437500.000001     
         109
   69.4750000000001        521062500.000001     
          12
   69.8250000000001        523687500.000001     
         464
   70.1750000000001        526312500.000001     
         258
   70.5250000000001        528937500.000001     
         373
   70.8750000000001        531562500.000001     
         382
   71.2250000000001        534187500.000000     
         301
   71.5750000000001        536812500.000000     
         177
   71.9250000000001        539437500.000000     
         477
   72.2750000000000        542062500.000000     
         347
   72.6250000000000        544687500.000000     
         173
   72.9750000000000        547312500.000000     
         443
   73.3250000000000        549937500.000000     
         384
   73.6750000000000        552562500.000000     
         129
   74.0250000000000        555187500.000000     
          14
   74.3750000000000        557812500.000000     
           6
   74.7250000000000        560437500.000000     
         149
   75.0750000000000        563062500.000000     
         491
   75.4250000000000        565687500.000000     
         301
   75.7750000000000        568312500.000000     
         148
   76.1250000000000        570937500.000000     
          87
   76.4750000000000        573562500.000000     
         183
   76.8250000000000        576187500.000000     
         386
   77.1750000000000        578812500.000000     
          24
   77.5250000000000        581437500.000000     
         107
   77.8750000000000        584062500.000000     
         265
   78.2250000000000        586687500.000000     
         370
   78.5749999999999        589312500.000000     
          58
   78.9249999999999        591937500.000000     
         111
   79.2749999999999        594562500.000000     
          35
   79.6249999999999        597187500.000000     
         290
   79.9749999999999        599812499.999999     
         218
   80.3249999999999        602437499.999999     
         443
   80.6749999999999        605062499.999999     
         206
   81.0249999999999        607687499.999999     
         289
   81.3749999999999        610312499.999999     
         222
   81.7249999999999        612937499.999999     
          52
   82.0749999999999        615562499.999999     
         513
   82.4249999999999        618187499.999999     
         402
   82.7749999999999        620812499.999999     
         430
   83.1249999999999        623437499.999999     
         523
   83.4749999999999        626062499.999999     
         149
   83.8249999999999        628687499.999999     
         193
   84.1749999999999        631312499.999999     
         515
   84.5249999999998        633937499.999999     
         472
   84.8749999999998        636562499.999999     
         473
   85.2249999999998        639187499.999999     
         337
   85.5749999999998        641812499.999999     
         442
   85.9249999999998        644437499.999999     
          22
   86.2749999999998        647062499.999999     
          91
   86.6249999999998        649687499.999999     
          80
   86.9749999999998        652312499.999999     
          81
   87.3249999999998        654937499.999999     
         109
   87.6749999999998        657562499.999998     
         384
   88.0249999999998        660187499.999998     
         294
   88.3749999999998        662812499.999998     
         396
   88.7249999999998        665437499.999998     
         377
   89.0749999999998        668062499.999998     
         517
   89.4249999999998        670687499.999998     
         294
   89.7749999999998        673312499.999998     
         483
   90.1249999999998        675937499.999998     
         211
   90.4749999999998        678562499.999998     
         511
   90.8249999999997        681187499.999998     
         442
   91.1749999999997        683812499.999998     
         358
   91.5249999999997        686437499.999998     
         442
   91.8749999999997        689062499.999998     
         306
   92.2249999999997        691687499.999998     
         162
   92.5749999999997        694312499.999998     
         153
   92.9249999999997        696937499.999998     
         401
   93.2749999999997        699562499.999998     
          32
   93.6249999999997        702187499.999998     
         376
   93.9749999999997        704812499.999998     
          54
   94.3249999999997        707437499.999998     
         196
   94.6749999999997        710062499.999998     
          21
   95.0249999999997        712687499.999998     
         453
   95.3749999999997        715312499.999997     
         330
   95.7249999999997        717937499.999997     
         119
   96.0749999999997        720562499.999997     
          38
   96.4249999999997        723187499.999997     
         365
   96.7749999999997        725812499.999997     
         425
   97.1249999999996        728437499.999997     
         423
   97.4749999999996        731062499.999997     
          50
   97.8249999999996        733687499.999997     
         245
   98.1749999999996        736312499.999997     
         538
   98.5249999999996        738937499.999997     
          19
   98.8749999999996        741562499.999997     
          83
   99.2249999999996        744187499.999997     
         131
   99.5749999999996        746812499.999997     
         431
   99.9249999999996        749437499.999997     
         175
   100.275000000000        752062499.999997     
         134
   100.625000000000        754687499.999997     
         272
   100.975000000000        757312499.999997     
         434
   101.325000000000        759937499.999997     
          45
   101.675000000000        762562499.999997     
         466
   102.025000000000        765187499.999997     
          16
   102.375000000000        767812499.999997     
          87
   102.725000000000        770437499.999997     
         344
   103.075000000000        773062499.999997     
         358
   103.425000000000        775687499.999997     
         376
   103.775000000000        778312499.999997     
         493
   104.125000000000        780937499.999996     
         511
   104.475000000000        783562499.999996     
         143
   104.825000000000        786187499.999996     
         167
   105.175000000000        788812499.999996     
         478
   105.525000000000        791437499.999996     
         107
   105.875000000000        794062499.999996     
         115
   106.224999999999        796687499.999996     
         499
   106.574999999999        799312499.999996     
         519
   106.924999999999        801937499.999996     
         176
   107.274999999999        804562499.999996     
         435
   107.624999999999        807187499.999996     
         178
   107.974999999999        809812499.999996     
         419
   108.324999999999        812437499.999996     
         419
   108.674999999999        815062499.999996     
         139
   109.024999999999        817687499.999996     
         384
   109.374999999999        820312499.999996     
         112
   109.724999999999        822937499.999996     
         380
   110.074999999999        825562499.999996     
         431
   110.424999999999        828187499.999996     
         300
   110.774999999999        830812499.999996     
         176
   111.124999999999        833437499.999996     
         132
   111.474999999999        836062499.999996     
         304
   111.824999999999        838687499.999996     
          62
   112.174999999999        841312499.999995     
         221
   112.524999999999        843937499.999995     
         445
   112.874999999999        846562499.999995     
         197
   113.224999999999        849187499.999995     
         152
   113.574999999999        851812499.999995     
         434
   113.924999999999        854437499.999995     
         267
   114.274999999999        857062499.999995     
          19
   114.624999999999        859687499.999995     
          11
   114.974999999999        862312499.999995     
         177
   115.324999999999        864937499.999995     
         130
   115.674999999999        867562499.999995     
         180
   116.024999999999        870187499.999995     
         168
   116.374999999999        872812499.999995     
         424
   116.724999999999        875437499.999995     
         117
   117.074999999999        878062499.999995     
         423
   117.424999999999        880687499.999995     
         172
   117.774999999999        883312499.999995     
         455
   118.124999999999        885937499.999995     
         528
   118.474999999999        888562499.999995     
          24
   118.824999999999        891187499.999995     
         219
   119.174999999999        893812499.999995     
         256
   119.524999999999        896437499.999995     
         107
   119.874999999999        899062499.999995     
         231
   120.224999999999        901687499.999995     
          85
   120.574999999999        904312499.999995     
         143
   120.924999999999        906937499.999994     
         325
   121.274999999999        909562499.999994     
          89
   121.624999999999        912187499.999994     
         273
   121.974999999999        914812499.999994     
         539
   122.324999999999        917437499.999994     
          64
   122.674999999999        920062499.999994     
          22
   123.024999999999        922687499.999994     
         376
   123.374999999999        925312499.999994     
         419
   123.724999999999        927937499.999994     
         443
   124.074999999999        930562499.999994     
          89
   124.424999999999        933187499.999994     
         363
   124.774999999999        935812499.999994     
         208
   125.124999999999        938437499.999994     
         193
   125.474999999999        941062499.999994     
          89
   125.824999999999        943687499.999994     
         330
   126.174999999999        946312499.999994     
           6
   126.524999999999        948937499.999994     
          18
   126.874999999999        951562499.999994     
         533
   127.224999999999        954187499.999994     
           4
   127.574999999999        956812499.999994     
         371
   127.924999999999        959437499.999994     
         492
   128.274999999999        962062499.999993     
         310
   128.624999999999        964687499.999993     
           1
   128.974999999999        967312499.999993     
          84
   129.324999999999        969937499.999993     
         170
   129.674999999999        972562499.999993     
         140
   130.024999999999        975187499.999993     
         230
   130.374999999999        977812499.999993     
         149
   130.724999999999        980437499.999993     
         175
   131.074999999999        983062499.999993     
         119
   131.424999999999        985687499.999993     
         210
   131.774999999999        988312499.999993     
          26
   132.124999999999        990937499.999993     
         512
   132.474999999999        993562499.999993     
         467
   132.824999999999        996187499.999993     
         537
   133.174999999999        998812499.999993     
         319
   133.524999999999        1001437499.99999     
         487
   133.874999999999        1004062499.99999     
         244
   134.224999999999        1006687499.99999     
         425
   134.574999999999        1009312499.99999     
         263
   134.924999999999        1011937499.99999     
         273
   135.274999999999        1014562499.99999     
         130
   135.624999999999        1017187499.99999     
          58
   135.974999999999        1019812499.99999     
         305
   136.324999999999        1022437499.99999     
         340
   136.674999999999        1025062499.99999     
         258
   137.024999999999        1027687499.99999     
         501
   137.374999999999        1030312499.99999     
         231
   137.724999999999        1032937499.99999     
          64
   138.074999999999        1035562499.99999     
         150
   138.424999999999        1038187499.99999     
          48
   138.774999999999        1040812499.99999     
         322
   139.124999999999        1043437499.99999     
         186
   139.474999999999        1046062499.99999     
         245
   139.824999999999        1048687499.99999     
          85
   140.174999999999        1051312499.99999     
         291
   140.524999999999        1053937499.99999     
         294
   140.874999999999        1056562499.99999     
          29
   141.224999999999        1059187499.99999     
         532
   141.574999999999        1061812499.99999     
          72
   141.924999999999        1064437499.99999     
         510
   142.274999999999        1067062499.99999     
         244
   142.624999999999        1069687499.99999     
         380
   142.974999999999        1072312499.99999     
          73
   143.324999999999        1074937499.99999     
         177
   143.674999999999        1077562499.99999     
         488
   144.024999999999        1080187499.99999     
         414
   144.374999999999        1082812499.99999     
         257
   144.724999999999        1085437499.99999     
         322
   145.074999999999        1088062499.99999     
         219
   145.424999999999        1090687499.99999     
         336
   145.774999999999        1093312499.99999     
         463
   146.124999999999        1095937499.99999     
         176
   146.474999999999        1098562499.99999     
         137
   146.824999999999        1101187499.99999     
          48
   147.174999999999        1103812499.99999     
          42
   147.524999999999        1106437499.99999     
         296
   147.874999999999        1109062499.99999     
         328
   148.224999999999        1111687499.99999     
         301
   148.574999999999        1114312499.99999     
          34
   148.924999999999        1116937499.99999     
         522
   149.274999999999        1119562499.99999     
         481
   149.624999999999        1122187499.99999     
         166
   149.974999999999        1124812499.99999     
          80
   150.324999999999        1127437499.99999     
         116
   150.674999999999        1130062499.99999     
         348
   151.024999999999        1132687499.99999     
         320
   151.374999999999        1135312499.99999     
         470
   151.724999999999        1137937499.99999     
         540
   152.074999999999        1140562499.99999     
         494
   152.424999999999        1143187499.99999     
         518
   152.774999999999        1145812499.99999     
         147
   153.124999999999        1148437499.99999     
         517
   153.474999999999        1151062499.99999     
         427
   153.824999999999        1153687499.99999     
         540
   154.174999999999        1156312499.99999     
         537
   154.524999999999        1158937499.99999     
          83
   154.874999999999        1161562499.99999     
         414
   155.224999999999        1164187499.99999     
         539
   155.574999999999        1166812499.99999     
         399
   155.924999999999        1169437499.99999     
         222
   156.274999999999        1172062499.99999     
         215
   156.624999999999        1174687499.99999     
         174
   156.974999999999        1177312499.99999     
         260
   157.324999999999        1179937499.99999     
         294
   157.674999999999        1182562499.99999     
         251
   158.024999999999        1185187499.99999     
         247
   158.374999999999        1187812499.99999     
         405
   158.724999999999        1190437499.99999     
          90
   159.074999999999        1193062499.99999     
         519
   159.424999999999        1195687499.99999     
          54
   159.774999999999        1198312499.99999     
         311
   160.124999999999        1200937499.99999     
         265
   160.474999999999        1203562499.99999     
         309
   160.824999999999        1206187499.99999     
         421
   161.174999999999        1208812499.99999     
          73
   161.524999999999        1211437499.99999     
         223
   161.874999999999        1214062499.99999     
         328
   162.224999999999        1216687499.99999     
         473
   162.574999999999        1219312499.99999     
         306
   162.924999999999        1221937499.99999     
         178
   163.274999999999        1224562499.99999     
         231
   163.624999999999        1227187499.99999     
           2
   163.974999999999        1229812499.99999     
         529
   164.324999999999        1232437499.99999     
         514
   164.674999999999        1235062499.99999     
         423
   165.024999999999        1237687499.99999     
         326
   165.374999999999        1240312499.99999     
         166
   165.724999999999        1242937499.99999     
         356
   166.074999999999        1245562499.99999     
         347
   166.424999999999        1248187499.99999     
         362
   166.774999999998        1250812499.99999     
          20
   167.124999999998        1253437499.99999     
         313
   167.474999999998        1256062499.99999     
         125
   167.824999999998        1258687499.99999     
         257
   168.174999999998        1261312499.99999     
         448
   168.524999999998        1263937499.99999     
         370
   168.874999999998        1266562499.99999     
         373
   169.224999999998        1269187499.99999     
         523
   169.574999999998        1271812499.99999     
         113
   169.924999999998        1274437499.99999     
         385
   170.274999999998        1277062499.99999     
         429
   170.624999999998        1279687499.99999     
         416
   170.974999999998        1282312499.99999     
         532
   171.324999999998        1284937499.99999     
         512
   171.674999999998        1287562499.99999     
         209
   172.024999999998        1290187499.99999     
         231
   172.374999999998        1292812499.99999     
         430
   172.724999999998        1295437499.99999     
         217
   173.074999999998        1298062499.99999     
         161
   173.424999999998        1300687499.99999     
         124
   173.774999999998        1303312499.99999     
         504
   174.124999999998        1305937499.99999     
         199
   174.474999999998        1308562499.99999     
         383
   174.824999999998        1311187499.99999     
         348
   175.174999999998        1313812499.99999     
          35
   175.524999999998        1316437499.99999     
         258
   175.874999999998        1319062499.99999     
         337
   176.224999999998        1321687499.99999     
         182
   176.574999999998        1324312499.99999     
          68
   176.924999999998        1326937499.99999     
          24
   177.274999999998        1329562499.99999     
         365
   177.624999999998        1332187499.99999     
         399
   177.974999999998        1334812499.99999     
         340
   178.324999999998        1337437499.99999     
          19
   178.674999999998        1340062499.99999     
         483
   179.024999999998        1342687499.99999     
         309
   179.374999999998        1345312499.99999     
         427
   179.724999999998        1347937499.99999     
         108
   180.074999999998        1350562499.99999     
         116
   180.424999999998        1353187499.99999     
         229
   180.774999999998        1355812499.99999     
         325
   181.124999999998        1358437499.99999     
         499
   181.474999999998        1361062499.99999     
         204
   181.824999999998        1363687499.99999     
         243
   182.174999999998        1366312499.99999     
         139
   182.524999999998        1368937499.99999     
         232
   182.874999999998        1371562499.99999     
         412
   183.224999999998        1374187499.99999     
          50
   183.574999999998        1376812499.99999     
          15
   183.924999999998        1379437499.99999     
         243
   184.274999999998        1382062499.99999     
         526
   184.624999999998        1384687499.99999     
          65
   184.974999999998        1387312499.99999     
         150
   185.324999999998        1389937499.99999     
          81
   185.674999999998        1392562499.99999     
          65
   186.024999999998        1395187499.99999     
          50
   186.374999999998        1397812499.99999     
         534
   186.724999999998        1400437499.99999     
         318
   187.074999999998        1403062499.99999     
         253
   187.424999999998        1405687499.99999     
         523
   187.774999999998        1408312499.99999     
         450
   188.124999999998        1410937499.99999     
         106
   188.474999999998        1413562499.99999     
         228
   188.824999999998        1416187499.99999     
         529
   189.174999999998        1418812499.99999     
         204
   189.524999999998        1421437499.99999     
         531
   189.874999999998        1424062499.99999     
         104
   190.224999999998        1426687499.99999     
         384
   190.574999999998        1429312499.99999     
         329
   190.924999999998        1431937499.99999     
         370
   191.274999999998        1434562499.99999     
         520
   191.624999999998        1437187499.99999     
         533
   191.974999999998        1439812499.99999     
         514
   192.324999999998        1442437499.99999     
         485
   192.674999999998        1445062499.99999     
         132
   193.024999999998        1447687499.99999     
         433
   193.374999999998        1450312499.99999     
           8
   193.724999999998        1452937499.99999     
         189
   194.074999999998        1455562499.99999     
         400
   194.424999999998        1458187499.99999     
         310
   194.774999999998        1460812499.99999     
         538
   195.124999999998        1463437499.99999     
         406
   195.474999999998        1466062499.99999     
          67
   195.824999999998        1468687499.99999     
         203
   196.174999999998        1471312499.99999     
         450
   196.524999999998        1473937499.99999     
         234
   196.874999999998        1476562499.99998     
         436
   197.224999999998        1479187499.99998     
         496
   197.574999999998        1481812499.99998     
         528
   197.924999999998        1484437499.99998     
          49
   198.274999999998        1487062499.99998     
         236
   198.624999999998        1489687499.99998     
          40
   198.974999999998        1492312499.99998     
         170
   199.324999999998        1494937499.99998     
         126
   199.674999999998        1497562499.99998     
          51
   200.024999999998        1500187499.99998     
         162
   200.374999999998        1502812499.99998     
         509
   200.724999999998        1505437499.99998     
         133
   201.074999999998        1508062499.99998     
         522
   201.424999999998        1510687499.99998     
         435
   201.774999999998        1513312499.99998     
         486
   202.124999999998        1515937499.99998     
         529
   202.474999999998        1518562499.99998     
         317
   202.824999999998        1521187499.99998     
          69
   203.174999999998        1523812499.99998     
         121
   203.524999999998        1526437499.99998     
         445
   203.874999999998        1529062499.99998     
         455
   204.224999999998        1531687499.99998     
         478
   204.574999999998        1534312499.99998     
         211
   204.924999999998        1536937499.99998     
          84
   205.274999999998        1539562499.99998     
         110
   205.624999999998        1542187499.99998     
         464
   205.974999999998        1544812499.99998     
          23
   206.324999999998        1547437499.99998     
         129
   206.674999999998        1550062499.99998     
         250
   207.024999999998        1552687499.99998     
         277
   207.374999999998        1555312499.99998     
         482
   207.724999999998        1557937499.99998     
         490
   208.074999999998        1560562499.99998     
         470
   208.424999999998        1563187499.99998     
         222
   208.774999999998        1565812499.99998     
         471
   209.124999999998        1568437499.99998     
         446
   209.474999999998        1571062499.99998     
         462
   209.824999999998        1573687499.99998     
         143
   210.174999999998        1576312499.99998     
          88
   210.524999999998        1578937499.99998     
          84
   210.874999999998        1581562499.99998     
         290
   211.224999999998        1584187499.99998     
          85
   211.574999999998        1586812499.99998     
         388
   211.924999999998        1589437499.99998     
         139
   212.274999999998        1592062499.99998     
         501
   212.624999999998        1594687499.99998     
         221
   212.974999999998        1597312499.99998     
         474
   213.324999999998        1599937499.99998     
         153
   213.674999999998        1602562499.99998     
         298
   214.024999999998        1605187499.99998     
         347
   214.374999999998        1607812499.99998     
         267
   214.724999999998        1610437499.99998     
         474
   215.074999999998        1613062499.99998     
         166
   215.424999999998        1615687499.99998     
         343
   215.774999999998        1618312499.99998     
         303
   216.124999999998        1620937499.99998     
         202
   216.474999999998        1623562499.99998     
         107
   216.824999999998        1626187499.99998     
         325
   217.174999999998        1628812499.99998     
          81
   217.524999999998        1631437499.99998     
         468
   217.874999999998        1634062499.99998     
         152
   218.224999999998        1636687499.99998     
         446
   218.574999999998        1639312499.99998     
           9
   218.924999999998        1641937499.99998     
         114
   219.274999999998        1644562499.99998     
         237
   219.624999999998        1647187499.99998     
         268
   219.974999999998        1649812499.99998     
         443
   220.324999999998        1652437499.99998     
         107
   220.674999999998        1655062499.99998     
         325
   221.024999999998        1657687499.99998     
         259
   221.374999999998        1660312499.99998     
         531
   221.724999999998        1662937499.99998     
         305
   222.074999999998        1665562499.99998     
         151
   222.424999999998        1668187499.99998     
         312
   222.774999999998        1670812499.99998     
         258
   223.124999999998        1673437499.99998     
         143
   223.474999999998        1676062499.99998     
         378
   223.824999999998        1678687499.99998     
         107
   224.174999999998        1681312499.99998     
         166
   224.524999999998        1683937499.99998     
         168
   224.874999999998        1686562499.99998     
         318
   225.224999999998        1689187499.99998     
         473
   225.574999999998        1691812499.99998     
           1
   225.924999999998        1694437499.99998     
         207
   226.274999999998        1697062499.99998     
         268
   226.624999999998        1699687499.99998     
         236
   226.974999999998        1702312499.99998     
         402
   227.324999999998        1704937499.99998     
          10
   227.674999999998        1707562499.99998     
         474
   228.024999999998        1710187499.99998     
         432
   228.374999999997        1712812499.99998     
         309
   228.724999999997        1715437499.99998     
         496
   229.074999999997        1718062499.99998     
         462
   229.424999999997        1720687499.99998     
         383
   229.774999999997        1723312499.99998     
         239
   230.124999999997        1725937499.99998     
         382
   230.474999999997        1728562499.99998     
         121
   230.824999999997        1731187499.99998     
         461
   231.174999999997        1733812499.99998     
         132
   231.524999999997        1736437499.99998     
           2
   231.874999999997        1739062499.99998     
         480
   232.224999999997        1741687499.99998     
          52
   232.574999999997        1744312499.99998     
         208
   232.924999999997        1746937499.99998     
         240
   233.274999999997        1749562499.99998     
         188
   233.624999999997        1752187499.99998     
         106
   233.974999999997        1754812499.99998     
           3
   234.324999999997        1757437499.99998     
         204
   234.674999999997        1760062499.99998     
         471
   235.024999999997        1762687499.99998     
         515
   235.374999999997        1765312499.99998     
           6
   235.724999999997        1767937499.99998     
         210
   236.074999999997        1770562499.99998     
         188
   236.424999999997        1773187499.99998     
         195
   236.774999999997        1775812499.99998     
         154
   237.124999999997        1778437499.99998     
         161
   237.474999999997        1781062499.99998     
         353
   237.824999999997        1783687499.99998     
         478
   238.174999999997        1786312499.99998     
         490
   238.524999999997        1788937499.99998     
         104
   238.874999999997        1791562499.99998     
         517
   239.224999999997        1794187499.99998     
         278
   239.574999999997        1796812499.99998     
         363
   239.924999999997        1799437499.99998     
         471
   240.274999999997        1802062499.99998     
         527
   240.624999999997        1804687499.99998     
         274
   240.974999999997        1807312499.99998     
         133
   241.324999999997        1809937499.99998     
         456
   241.674999999997        1812562499.99998     
         306
   242.024999999997        1815187499.99998     
         424
   242.374999999997        1817812499.99998     
         540
   242.724999999997        1820437499.99998     
         273
   243.074999999997        1823062499.99998     
          48
   243.424999999997        1825687499.99998     
         178
   243.774999999997        1828312499.99998     
         290
   244.124999999997        1830937499.99998     
         424
   244.474999999997        1833562499.99998     
         503
   244.824999999997        1836187499.99998     
         319
   245.174999999997        1838812499.99998     
         255
   245.524999999997        1841437499.99998     
         445
   245.874999999997        1844062499.99998     
         188
   246.224999999997        1846687499.99998     
         434
   246.574999999997        1849312499.99998     
         108
   246.924999999997        1851937499.99998     
         143
   247.274999999997        1854562499.99998     
         226
   247.624999999997        1857187499.99998     
         428
   247.974999999997        1859812499.99998     
         476
   248.324999999997        1862437499.99998     
         461
   248.674999999997        1865062499.99998     
         360
   249.024999999997        1867687499.99998     
         361
   249.374999999997        1870312499.99998     
         389
   249.724999999997        1872937499.99998     
         351
   250.074999999997        1875562499.99998     
         511
   250.424999999997        1878187499.99998     
         180
   250.774999999997        1880812499.99998     
         173
   251.124999999997        1883437499.99998     
          70
   251.474999999997        1886062499.99998     
          12
   251.824999999997        1888687499.99998     
          35
   252.174999999997        1891312499.99998     
         128
   252.524999999997        1893937499.99998     
         454
   252.874999999997        1896562499.99998     
         161
   253.224999999997        1899187499.99998     
         151
   253.574999999997        1901812499.99998     
         476
   253.924999999997        1904437499.99998     
         327
   254.274999999997        1907062499.99998     
         368
   254.624999999997        1909687499.99998     
         191
   254.974999999997        1912312499.99998     
         292
   255.324999999997        1914937499.99998     
         404
   255.674999999997        1917562499.99998     
         179
   256.024999999997        1920187499.99998     
           7
   256.374999999997        1922812499.99998     
         298
   256.724999999997        1925437499.99998     
         390
   257.074999999997        1928062499.99998     
         332
   257.424999999997        1930687499.99998     
         210
   257.774999999997        1933312499.99998     
         120
   258.124999999997        1935937499.99998     
         167
   258.474999999997        1938562499.99998     
         132
   258.824999999997        1941187499.99998     
         128
   259.174999999997        1943812499.99998     
         306
   259.524999999997        1946437499.99998     
          85
   259.874999999997        1949062499.99998     
          18
   260.224999999997        1951687499.99998     
         269
   260.574999999997        1954312499.99998     
         422
   260.924999999997        1956937499.99998     
         511
   261.274999999997        1959562499.99998     
         425
   261.624999999997        1962187499.99998     
          82
   261.974999999997        1964812499.99998     
         338
   262.324999999997        1967437499.99998     
         472
   262.674999999998        1970062499.99998     
         227
   263.024999999998        1972687499.99998     
          51
   263.374999999998        1975312499.99998     
         448
   263.724999999998        1977937499.99998     
         142
   264.074999999998        1980562499.99998     
         109
   264.424999999998        1983187499.99998     
         294
   264.774999999998        1985812499.99998     
          76
   265.124999999998        1988437499.99998     
         423
   265.474999999998        1991062499.99998     
         356
   265.824999999998        1993687499.99998     
         229
   266.174999999998        1996312499.99998     
         165
   266.524999999998        1998937499.99998     
         489
   266.874999999998        2001562499.99998     
          27
   267.224999999998        2004187499.99998     
         321
   267.574999999998        2006812499.99998     
         428
   267.924999999998        2009437499.99998     
         289
   268.274999999998        2012062499.99998     
         487
   268.624999999998        2014687499.99998     
         213
   268.974999999998        2017312499.99998     
         405
   269.324999999998        2019937499.99998     
         321
   269.674999999998        2022562499.99998     
         472
   270.024999999998        2025187499.99998     
         158
   270.374999999998        2027812499.99998     
         205
   270.724999999998        2030437499.99999     
         203
   271.074999999998        2033062499.99999     
         105
   271.424999999998        2035687499.99999     
         395
   271.774999999998        2038312499.99999     
         204
   272.124999999998        2040937499.99999     
         348
   272.474999999998        2043562499.99999     
         504
   272.824999999998        2046187499.99999     
         403
   273.174999999998        2048812499.99999     
          65
   273.524999999998        2051437499.99999     
          70
   273.874999999998        2054062499.99999     
         331
   274.224999999998        2056687499.99999     
         134
   274.574999999998        2059312499.99999     
         333
   274.924999999998        2061937499.99999     
         522
   275.274999999998        2064562499.99999     
          68
   275.624999999998        2067187499.99999     
         105
   275.974999999998        2069812499.99999     
         511
   276.324999999998        2072437499.99999     
         205
   276.674999999998        2075062499.99999     
         140
   277.024999999998        2077687499.99999     
          85
   277.374999999998        2080312499.99999     
         492
   277.724999999998        2082937499.99999     
          10
   278.074999999999        2085562499.99999     
         110
   278.424999999999        2088187499.99999     
         464
   278.774999999999        2090812499.99999     
           1
   279.124999999999        2093437499.99999     
         137
   279.474999999999        2096062499.99999     
         351
   279.824999999999        2098687499.99999     
         467
   280.174999999999        2101312499.99999     
         398
   280.524999999999        2103937499.99999     
         148
   280.874999999999        2106562499.99999     
         447
   281.224999999999        2109187499.99999     
         445
   281.574999999999        2111812499.99999     
          55
   281.924999999999        2114437499.99999     
         533
   282.274999999999        2117062499.99999     
          89
   282.624999999999        2119687499.99999     
         168
   282.974999999999        2122312499.99999     
         302
   283.324999999999        2124937499.99999     
         527
   283.674999999999        2127562499.99999     
         127
   284.024999999999        2130187499.99999     
         237
   284.374999999999        2132812499.99999     
         496
   284.724999999999        2135437499.99999     
          24
   285.074999999999        2138062499.99999     
          97
   285.424999999999        2140687499.99999     
         403
   285.774999999999        2143312499.99999     
         358
   286.124999999999        2145937499.99999     
         400
   286.474999999999        2148562499.99999     
         149
   286.824999999999        2151187499.99999     
          87
   287.174999999999        2153812499.99999     
          73
   287.524999999999        2156437499.99999     
         377
   287.874999999999        2159062499.99999     
          60
   288.224999999999        2161687499.99999     
          12
   288.574999999999        2164312499.99999     
         473
   288.924999999999        2166937499.99999     
         346
   289.274999999999        2169562499.99999     
         444
   289.624999999999        2172187499.99999     
         192
   289.974999999999        2174812499.99999     
         482
   290.324999999999        2177437499.99999     
         116
   290.674999999999        2180062499.99999     
         535
   291.024999999999        2182687500.00000     
         305
   291.374999999999        2185312500.00000     
         494
   291.724999999999        2187937500.00000     
         301
   292.074999999999        2190562500.00000     
         415
   292.424999999999        2193187500.00000     
         408
   292.774999999999        2195812500.00000     
         135
   293.124999999999        2198437500.00000     
         287
   293.475000000000        2201062500.00000     
         452
   293.825000000000        2203687500.00000     
         278
   294.175000000000        2206312500.00000     
         300
   294.525000000000        2208937500.00000     
          97
   294.875000000000        2211562500.00000     
         224
   295.225000000000        2214187500.00000     
          62
   295.575000000000        2216812500.00000     
         384
   295.925000000000        2219437500.00000     
         108
   296.275000000000        2222062500.00000     
         536
   296.625000000000        2224687500.00000     
         120
   296.975000000000        2227312500.00000     
         525
   297.325000000000        2229937500.00000     
         474
   297.675000000000        2232562500.00000     
         279
   298.025000000000        2235187500.00000     
         115
   298.375000000000        2237812500.00000     
          24
   298.725000000000        2240437500.00000     
         110
   299.075000000000        2243062500.00000     
         182
   299.425000000000        2245687500.00000     
         496
   299.775000000000        2248312500.00000     
          60
   300.125000000000        2250937500.00000     
         389
   300.475000000000        2253562500.00000     
          14
   300.825000000000        2256187500.00000     
          25
   301.175000000000        2258812500.00000     
         271
   301.525000000000        2261437500.00000     
         192
   301.875000000000        2264062500.00000     
         214
   302.225000000000        2266687500.00000     
         257
   302.575000000000        2269312500.00000     
         502
   302.925000000000        2271937500.00000     
         205
   303.275000000000        2274562500.00000     
           1
   303.625000000000        2277187500.00000     
         157
   303.975000000000        2279812500.00000     
         520
   304.325000000000        2282437500.00000     
          53
   304.675000000000        2285062500.00000     
         337
   305.025000000000        2287687500.00000     
         447
   305.375000000000        2290312500.00000     
          16
   305.725000000000        2292937500.00000     
         355
   306.075000000000        2295562500.00000     
         141
   306.425000000000        2298187500.00000     
         321
   306.775000000000        2300812500.00000     
         480
   307.125000000000        2303437500.00000     
         388
   307.475000000000        2306062500.00000     
         390
   307.825000000000        2308687500.00000     
         209
   308.175000000000        2311312500.00000     
         496
   308.525000000000        2313937500.00000     
         394
   308.875000000001        2316562500.00000     
         502
   309.225000000001        2319187500.00000     
         498
   309.575000000001        2321812500.00000     
         230
   309.925000000001        2324437500.00000     
          34
   310.275000000001        2327062500.00000     
         298
   310.625000000001        2329687500.00000     
         345
   310.975000000001        2332312500.00000     
         370
   311.325000000001        2334937500.00001     
         161
   311.675000000001        2337562500.00001     
         209
   312.025000000001        2340187500.00001     
         512
   312.375000000001        2342812500.00001     
         217
   312.725000000001        2345437500.00001     
         306
   313.075000000001        2348062500.00001     
         535
   313.425000000001        2350687500.00001     
         247
   313.775000000001        2353312500.00001     
         333
   314.125000000001        2355937500.00001     
         460
   314.475000000001        2358562500.00001     
         133
   314.825000000001        2361187500.00001     
         423
   315.175000000001        2363812500.00001     
         327
   315.525000000001        2366437500.00001     
         359
   315.875000000001        2369062500.00001     
         330
   316.225000000001        2371687500.00001     
          95
   316.575000000001        2374312500.00001     
         536
   316.925000000001        2376937500.00001     
         497
   317.275000000001        2379562500.00001     
          34
   317.625000000001        2382187500.00001     
         212
   317.975000000001        2384812500.00001     
         201
   318.325000000001        2387437500.00001     
         406
   318.675000000001        2390062500.00001     
         218
   319.025000000001        2392687500.00001     
         496
   319.375000000001        2395312500.00001     
         449
   319.725000000001        2397937500.00001     
         134
   320.075000000001        2400562500.00001     
         130
   320.425000000001        2403187500.00001     
         391
   320.775000000001        2405812500.00001     
           2
   321.125000000001        2408437500.00001     
          33
   321.475000000001        2411062500.00001     
         539
   321.825000000001        2413687500.00001     
         496
   322.175000000001        2416312500.00001     
         497
   322.525000000001        2418937500.00001     
         102
   322.875000000001        2421562500.00001     
          78
   323.225000000001        2424187500.00001     
         235
   323.575000000001        2426812500.00001     
         503
   323.925000000001        2429437500.00001     
         374
   324.275000000002        2432062500.00001     
         198
   324.625000000002        2434687500.00001     
         515
   324.975000000002        2437312500.00001     
         147
   325.325000000002        2439937500.00001     
         187
   325.675000000002        2442562500.00001     
         244
   326.025000000002        2445187500.00001     
         204
   326.375000000002        2447812500.00001     
         124
   326.725000000002        2450437500.00001     
         180
   327.075000000002        2453062500.00001     
         327
   327.425000000002        2455687500.00001     
         336
   327.775000000002        2458312500.00001     
         313
   328.125000000002        2460937500.00001     
         116
   328.475000000002        2463562500.00001     
          93
   328.825000000002        2466187500.00001     
         350
   329.175000000002        2468812500.00001     
         113
   329.525000000002        2471437500.00001     
         456
   329.875000000002        2474062500.00001     
          59
   330.225000000002        2476687500.00001     
         487
   330.575000000002        2479312500.00001     
         144
   330.925000000002        2481937500.00001     
         183
   331.275000000002        2484562500.00001     
          46
   331.625000000002        2487187500.00001     
         347
   331.975000000002        2489812500.00002     
         261
   332.325000000002        2492437500.00002     
         475
   332.675000000002        2495062500.00002     
         260
   333.025000000002        2497687500.00002     
         276
   333.375000000002        2500312500.00002     
         413
   333.725000000002        2502937500.00002     
         263
   334.075000000002        2505562500.00002     
         228
   334.425000000002        2508187500.00002     
         262
   334.775000000002        2510812500.00002     
         123
   335.125000000002        2513437500.00002     
         314
   335.475000000002        2516062500.00002     
         118
   335.825000000002        2518687500.00002     
         257
   336.175000000002        2521312500.00002     
          97
   336.525000000002        2523937500.00002     
          15
   336.875000000002        2526562500.00002     
         461
   337.225000000002        2529187500.00002     
         228
   337.575000000002        2531812500.00002     
         232
   337.925000000002        2534437500.00002     
         185
   338.275000000002        2537062500.00002     
         524
   338.625000000002        2539687500.00002     
         260
   338.975000000002        2542312500.00002     
         161
   339.325000000002        2544937500.00002     
         310
   339.675000000003        2547562500.00002     
         514
   340.025000000003        2550187500.00002     
         517
   340.375000000003        2552812500.00002     
         156
   340.725000000003        2555437500.00002     
         271
   341.075000000003        2558062500.00002     
          84
   341.425000000003        2560687500.00002     
          14
   341.775000000003        2563312500.00002     
         504
   342.125000000003        2565937500.00002     
         385
   342.475000000003        2568562500.00002     
         257
   342.825000000003        2571187500.00002     
          48
   343.175000000003        2573812500.00002     
         124
   343.525000000003        2576437500.00002     
         275
   343.875000000003        2579062500.00002     
          92
   344.225000000003        2581687500.00002     
         433
   344.575000000003        2584312500.00002     
         348
   344.925000000003        2586937500.00002     
         294
   345.275000000003        2589562500.00002     
         451
   345.625000000003        2592187500.00002     
         533
   345.975000000003        2594812500.00002     
          42
   346.325000000003        2597437500.00002     
         269
   346.675000000003        2600062500.00002     
         189
   347.025000000003        2602687500.00002     
         280
   347.375000000003        2605312500.00002     
         525
   347.725000000003        2607937500.00002     
         248
   348.075000000003        2610562500.00002     
         430
   348.425000000003        2613187500.00002     
         261
   348.775000000003        2615812500.00002     
         282
   349.125000000003        2618437500.00002     
         320
   349.475000000003        2621062500.00002     
         249
   349.825000000003        2623687500.00002     
         388
   350.175000000003        2626312500.00002     
         365
   350.525000000003        2628937500.00002     
         478
   350.875000000003        2631562500.00002     
         409
   351.225000000003        2634187500.00002     
         356
   351.575000000003        2636812500.00002     
         505
   351.925000000003        2639437500.00002     
         120
   352.275000000003        2642062500.00002     
         367
   352.625000000003        2644687500.00003     
         318
   352.975000000003        2647312500.00003     
         277
   353.325000000003        2649937500.00003     
         468
   353.675000000003        2652562500.00003     
         114
   354.025000000003        2655187500.00003     
          24
   354.375000000003        2657812500.00003     
         147
   354.725000000003        2660437500.00003     
         306
   355.075000000004        2663062500.00003     
         330
   355.425000000004        2665687500.00003     
          91
   355.775000000004        2668312500.00003     
         270
   356.125000000004        2670937500.00003     
          14
   356.475000000004        2673562500.00003     
         184
   356.825000000004        2676187500.00003     
          71
   357.175000000004        2678812500.00003     
          21
   357.525000000004        2681437500.00003     
          22
   357.875000000004        2684062500.00003     
          48
   358.225000000004        2686687500.00003     
         208
   358.575000000004        2689312500.00003     
         474
   358.925000000004        2691937500.00003     
         434
   359.275000000004        2694562500.00003     
         135
   359.625000000004        2697187500.00003     
         395
   359.975000000004        2699812500.00003     
         175
   360.325000000004        2702437500.00003     
         186
   360.675000000004        2705062500.00003     
         346
   361.025000000004        2707687500.00003     
         178
   361.375000000004        2710312500.00003     
         361
   361.725000000004        2712937500.00003     
         279
   362.075000000004        2715562500.00003     
         526
   362.425000000004        2718187500.00003     
          42
   362.775000000004        2720812500.00003     
         281
   363.125000000004        2723437500.00003     
          44
   363.475000000004        2726062500.00003     
         403
   363.825000000004        2728687500.00003     
         129
   364.175000000004        2731312500.00003     
          73
   364.525000000004        2733937500.00003     
         347
   364.875000000004        2736562500.00003     
         181
   365.225000000004        2739187500.00003     
         429
   365.575000000004        2741812500.00003     
         283
   365.925000000004        2744437500.00003     
           1
   366.275000000004        2747062500.00003     
         418
   366.625000000004        2749687500.00003     
         159
   366.975000000004        2752312500.00003     
         534
   367.325000000004        2754937500.00003     
         237
   367.675000000004        2757562500.00003     
         300
   368.025000000004        2760187500.00003     
         442
   368.375000000004        2762812500.00003     
         357
   368.725000000004        2765437500.00003     
         342
   369.075000000004        2768062500.00003     
         271
   369.425000000004        2770687500.00003     
         168
   369.775000000004        2773312500.00003     
          82
   370.125000000004        2775937500.00003     
          34
   370.475000000005        2778562500.00003     
         176
   370.825000000005        2781187500.00003     
         155
   371.175000000005        2783812500.00003     
         103
   371.525000000005        2786437500.00003     
         323
   371.875000000005        2789062500.00003     
         459
   372.225000000005        2791687500.00003     
         179
   372.575000000005        2794312500.00003     
         285
   372.925000000005        2796937500.00003     
         444
   373.275000000005        2799562500.00004     
         253
   373.625000000005        2802187500.00004     
           1
   373.975000000005        2804812500.00004     
         322
   374.325000000005        2807437500.00004     
         456
   374.675000000005        2810062500.00004     
         309
   375.025000000005        2812687500.00004     
         163
   375.375000000005        2815312500.00004     
         266
   375.725000000005        2817937500.00004     
         372
   376.075000000005        2820562500.00004     
          59
   376.425000000005        2823187500.00004     
         139
   376.775000000005        2825812500.00004     
         350
   377.125000000005        2828437500.00004     
         396
   377.475000000005        2831062500.00004     
         155
   377.825000000005        2833687500.00004     
         239
   378.175000000005        2836312500.00004     
         152
   378.525000000005        2838937500.00004     
         236
   378.875000000005        2841562500.00004     
          27
   379.225000000005        2844187500.00004     
         417
   379.575000000005        2846812500.00004     
           2
   379.925000000005        2849437500.00004     
         262
   380.275000000005        2852062500.00004     
          50
   380.625000000005        2854687500.00004     
          84
   380.975000000005        2857312500.00004     
         266
   381.325000000005        2859937500.00004     
         316
   381.675000000005        2862562500.00004     
         237
   382.025000000005        2865187500.00004     
          20
   382.375000000005        2867812500.00004     
         202
   382.725000000005        2870437500.00004     
         286
   383.075000000005        2873062500.00004     
          35
   383.425000000005        2875687500.00004     
         434
   383.775000000005        2878312500.00004     
         113
   384.125000000005        2880937500.00004     
         441
   384.475000000005        2883562500.00004     
         144
   384.825000000005        2886187500.00004     
         343
   385.175000000005        2888812500.00004     
         235
   385.525000000005        2891437500.00004     
         255
   385.875000000006        2894062500.00004     
         422
   386.225000000006        2896687500.00004     
         186
   386.575000000006        2899312500.00004     
          27
   386.925000000006        2901937500.00004     
          25
   387.275000000006        2904562500.00004     
         213
   387.625000000006        2907187500.00004     
         473
   387.975000000006        2909812500.00004     
         133
   388.325000000006        2912437500.00004     
         248
   388.675000000006        2915062500.00004     
         200
   389.025000000006        2917687500.00004     
         324
   389.375000000006        2920312500.00004     
         114
   389.725000000006        2922937500.00004     
          65
   390.075000000006        2925562500.00004     
         361
   390.425000000006        2928187500.00004     
          52
   390.775000000006        2930812500.00004     
           4
   391.125000000006        2933437500.00004     
         440
   391.475000000006        2936062500.00004     
         106
   391.825000000006        2938687500.00004     
         405
   392.175000000006        2941312500.00004     
         273
   392.525000000006        2943937500.00004     
           0
   392.875000000006        2946562500.00004     
         102
   393.225000000006        2949187500.00004     
         139
   393.575000000006        2951812500.00005     
          41
   393.925000000006        2954437500.00005     
         130
   394.275000000006        2957062500.00005     
         215
   394.625000000006        2959687500.00005     
         183
   394.975000000006        2962312500.00005     
         428
   395.325000000006        2964937500.00005     
          52
   395.675000000006        2967562500.00005     
         296
   396.025000000006        2970187500.00005     
          53
   396.375000000006        2972812500.00005     
         118
   396.725000000006        2975437500.00005     
         404
   397.075000000006        2978062500.00005     
           8
   397.425000000006        2980687500.00005     
         316
   397.775000000006        2983312500.00005     
          88
   398.125000000006        2985937500.00005     
         524
   398.475000000006        2988562500.00005     
         341
   398.825000000006        2991187500.00005     
         426
   399.175000000006        2993812500.00005     
         269
   399.525000000006        2996437500.00005     
         478
   399.875000000006        2999062500.00005     
         208
   400.225000000006        3001687500.00005     
         165
   400.575000000006        3004312500.00005     
         496
   400.925000000006        3006937500.00005     
         195
   401.275000000007        3009562500.00005     
          51
   401.625000000007        3012187500.00005     
         391
   401.975000000007        3014812500.00005     
         364
   402.325000000007        3017437500.00005     
          16
   402.675000000007        3020062500.00005     
         264
   403.025000000007        3022687500.00005     
         509
   403.375000000007        3025312500.00005     
         408
   403.725000000007        3027937500.00005     
         350
   404.075000000007        3030562500.00005     
         199
   404.425000000007        3033187500.00005     
         161
   404.775000000007        3035812500.00005     
          10
   405.125000000007        3038437500.00005     
         535
   405.475000000007        3041062500.00005     
         140
   405.825000000007        3043687500.00005     
          79
   406.175000000007        3046312500.00005     
         399
   406.525000000007        3048937500.00005     
          28
   406.875000000007        3051562500.00005     
         275
   407.225000000007        3054187500.00005     
         237
   407.575000000007        3056812500.00005     
         284
   407.925000000007        3059437500.00005     
         335
   408.275000000007        3062062500.00005     
         316
   408.625000000007        3064687500.00005     
         290
   408.975000000007        3067312500.00005     
         144
   409.325000000007        3069937500.00005     
         489
   409.675000000007        3072562500.00005     
          36
   410.025000000007        3075187500.00005     
          28
   410.375000000007        3077812500.00005     
         376
   410.725000000007        3080437500.00005     
         238
   411.075000000007        3083062500.00005     
         146
   411.425000000007        3085687500.00005     
         422
   411.775000000007        3088312500.00005     
         279
   412.125000000007        3090937500.00005     
          45
   412.475000000007        3093562500.00005     
         258
   412.825000000007        3096187500.00005     
          89
   413.175000000007        3098812500.00005     
         188
   413.525000000007        3101437500.00005     
         196
   413.875000000007        3104062500.00005     
         287
   414.225000000007        3106687500.00006     
         108
   414.575000000007        3109312500.00006     
         127
   414.925000000007        3111937500.00006     
         185
   415.275000000007        3114562500.00006     
         483
   415.625000000007        3117187500.00006     
         238
   415.975000000007        3119812500.00006     
         373
   416.325000000007        3122437500.00006     
         468
   416.675000000008        3125062500.00006     
         403
   417.025000000008        3127687500.00006     
         465
   417.375000000008        3130312500.00006     
         107
   417.725000000008        3132937500.00006     
          99
   418.075000000008        3135562500.00006     
         520
   418.425000000008        3138187500.00006     
         520
   418.775000000008        3140812500.00006     
          64
   419.125000000008        3143437500.00006     
         406
   419.475000000008        3146062500.00006     
         118
   419.825000000008        3148687500.00006     
