         374
  0.175000000000000        1312500.00000000     
         401
  0.525000000000000        3937500.00000000     
         333
  0.875000000000000        6562500.00000000     
         495
   1.22500000000000        9187500.00000000     
         379
   1.57500000000000        11812500.0000000     
         218
   1.92500000000000        14437500.0000000     
         247
   2.27500000000000        17062500.0000000     
         353
   2.62500000000000        19687500.0000000     
         125
   2.97500000000000        22312500.0000000     
         419
   3.32500000000000        24937500.0000000     
         344
   3.67500000000000        27562500.0000000     
         506
   4.02500000000000        30187500.0000000     
          93
   4.37500000000000        32812500.0000000     
          46
   4.72500000000000        35437500.0000000     
          86
   5.07500000000000        38062500.0000000     
         295
   5.42500000000000        40687500.0000000     
         223
   5.77500000000000        43312500.0000000     
         512
   6.12500000000000        45937500.0000000     
         326
   6.47500000000000        48562500.0000000     
         498
   6.82500000000000        51187500.0000000     
          40
   7.17500000000000        53812500.0000000     
          73
   7.52500000000000        56437500.0000000     
         231
   7.87500000000000        59062500.0000000     
          92
   8.22500000000000        61687500.0000000     
          99
   8.57500000000000        64312500.0000000     
         306
   8.92500000000000        66937500.0000000     
         277
   9.27500000000000        69562500.0000000     
          46
   9.62499999999999        72187500.0000000     
          59
   9.97499999999999        74812500.0000000     
         399
   10.3250000000000        77437500.0000000     
         296
   10.6750000000000        80062500.0000000     
         463
   11.0250000000000        82687500.0000000     
         281
   11.3750000000000        85312499.9999999     
         201
   11.7250000000000        87937499.9999999     
         165
   12.0750000000000        90562499.9999999     
           9
   12.4250000000000        93187499.9999999     
         274
   12.7750000000000        95812499.9999999     
          47
   13.1250000000000        98437499.9999999     
          99
   13.4750000000000        101062500.000000     
         145
   13.8250000000000        103687500.000000     
         389
   14.1750000000000        106312500.000000     
         236
   14.5250000000000        108937500.000000     
         469
   14.8750000000000        111562500.000000     
         446
   15.2250000000000        114187500.000000     
         127
   15.5750000000000        116812500.000000     
          21
   15.9250000000000        119437500.000000     
         346
   16.2750000000000        122062500.000000     
         518
   16.6250000000000        124687500.000000     
         394
   16.9750000000000        127312500.000000     
         149
   17.3250000000000        129937500.000000     
         479
   17.6750000000000        132562500.000000     
          98
   18.0250000000000        135187500.000000     
         540
   18.3750000000000        137812500.000000     
         123
   18.7250000000000        140437500.000000     
         519
   19.0750000000000        143062500.000000     
         357
   19.4250000000000        145687500.000000     
         339
   19.7750000000000        148312500.000000     
         223
   20.1250000000000        150937500.000000     
         363
   20.4750000000000        153562500.000000     
         512
   20.8250000000000        156187500.000000     
         442
   21.1750000000000        158812500.000000     
         272
   21.5250000000000        161437500.000000     
           8
   21.8750000000000        164062500.000000     
         253
   22.2250000000000        166687500.000000     
          20
   22.5750000000000        169312500.000000     
         389
   22.9250000000000        171937500.000000     
         510
   23.2750000000000        174562500.000000     
         246
   23.6250000000000        177187500.000000     
          89
   23.9750000000000        179812500.000000     
         239
   24.3250000000000        182437500.000000     
         191
   24.6750000000000        185062500.000000     
         431
   25.0250000000000        187687500.000000     
         202
   25.3750000000000        190312500.000000     
         360
   25.7250000000000        192937500.000000     
         444
   26.0750000000000        195562500.000000     
         103
   26.4250000000000        198187500.000000     
         128
   26.7750000000000        200812500.000000     
         360
   27.1250000000000        203437500.000000     
         180
   27.4750000000000        206062500.000000     
          13
   27.8250000000000        208687500.000000     
         352
   28.1750000000000        211312500.000000     
         503
   28.5250000000000        213937500.000000     
         195
   28.8750000000000        216562500.000000     
         481
   29.2250000000000        219187500.000000     
         422
   29.5750000000000        221812500.000000     
         456
   29.9250000000000        224437500.000000     
         444
   30.2750000000000        227062500.000000     
         324
   30.6250000000000        229687500.000000     
         417
   30.9750000000001        232312500.000000     
         321
   31.3250000000001        234937500.000000     
          73
   31.6750000000001        237562500.000000     
         236
   32.0250000000001        240187500.000000     
         285
   32.3750000000001        242812500.000000     
          50
   32.7250000000001        245437500.000000     
         324
   33.0750000000001        248062500.000000     
         399
   33.4250000000001        250687500.000000     
         142
   33.7750000000001        253312500.000000     
          15
   34.1250000000001        255937500.000000     
         268
   34.4750000000001        258562500.000000     
         415
   34.8250000000001        261187500.000001     
         527
   35.1750000000001        263812500.000001     
         120
   35.5250000000001        266437500.000001     
         369
   35.8750000000001        269062500.000001     
         176
   36.2250000000001        271687500.000001     
          86
   36.5750000000001        274312500.000001     
         264
   36.9250000000001        276937500.000001     
         445
   37.2750000000001        279562500.000001     
         234
   37.6250000000001        282187500.000001     
         521
   37.9750000000001        284812500.000001     
         517
   38.3250000000001        287437500.000001     
         329
   38.6750000000001        290062500.000001     
         266
   39.0250000000001        292687500.000001     
         211
   39.3750000000001        295312500.000001     
         423
   39.7250000000001        297937500.000001     
         266
   40.0750000000001        300562500.000001     
         441
   40.4250000000001        303187500.000001     
         394
   40.7750000000001        305812500.000001     
         157
   41.1250000000001        308437500.000001     
         446
   41.4750000000001        311062500.000001     
         237
   41.8250000000001        313687500.000001     
         267
   42.1750000000001        316312500.000001     
          33
   42.5250000000001        318937500.000001     
         290
   42.8750000000001        321562500.000001     
         242
   43.2250000000001        324187500.000001     
         223
   43.5750000000001        326812500.000001     
         185
   43.9250000000001        329437500.000001     
         321
   44.2750000000001        332062500.000001     
          94
   44.6250000000001        334687500.000001     
         290
   44.9750000000001        337312500.000001     
          29
   45.3250000000001        339937500.000001     
         294
   45.6750000000001        342562500.000001     
         175
   46.0250000000001        345187500.000001     
          15
   46.3750000000001        347812500.000001     
         290
   46.7250000000001        350437500.000001     
          62
   47.0750000000001        353062500.000001     
         509
   47.4250000000001        355687500.000001     
         520
   47.7750000000001        358312500.000001     
         302
   48.1250000000001        360937500.000001     
         350
   48.4750000000001        363562500.000001     
         434
   48.8250000000001        366187500.000001     
         411
   49.1750000000001        368812500.000001     
         393
   49.5250000000001        371437500.000001     
          75
   49.8750000000001        374062500.000001     
         376
   50.2250000000001        376687500.000001     
         486
   50.5750000000001        379312500.000001     
         104
   50.9250000000001        381937500.000001     
         273
   51.2750000000001        384562500.000001     
         250
   51.6250000000001        387187500.000001     
          23
   51.9750000000001        389812500.000001     
         323
   52.3250000000001        392437500.000001     
         304
   52.6750000000001        395062500.000001     
          41
   53.0250000000001        397687500.000001     
         455
   53.3750000000001        400312500.000001     
         178
   53.7250000000001        402937500.000001     
         324
   54.0750000000001        405562500.000001     
         528
   54.4250000000001        408187500.000001     
         398
   54.7750000000001        410812500.000001     
         262
   55.1250000000001        413437500.000001     
         448
   55.4750000000002        416062500.000001     
          65
   55.8250000000002        418687500.000001     
           4
   56.1750000000002        421312500.000001     
         339
   56.5250000000002        423937500.000001     
         271
   56.8750000000002        426562500.000001     
         391
   57.2250000000002        429187500.000001     
          95
   57.5750000000002        431812500.000001     
          60
   57.9250000000002        434437500.000001     
         126
   58.2750000000002        437062500.000001     
         212
   58.6250000000002        439687500.000001     
         103
   58.9750000000002        442312500.000001     
          65
   59.3250000000002        444937500.000001     
         482
   59.6750000000002        447562500.000001     
         540
   60.0250000000002        450187500.000001     
         392
   60.3750000000002        452812500.000001     
         269
   60.7250000000002        455437500.000001     
         147
   61.0750000000002        458062500.000001     
         292
   61.4250000000002        460687500.000001     
         180
   61.7750000000002        463312500.000001     
         214
   62.1250000000002        465937500.000001     
         511
   62.4750000000002        468562500.000001     
         121
   62.8250000000002        471187500.000001     
         240
   63.1750000000002        473812500.000001     
          35
   63.5250000000002        476437500.000001     
          75
   63.8750000000002        479062500.000001     
           2
   64.2250000000002        481687500.000001     
         413
   64.5750000000002        484312500.000001     
         215
   64.9250000000002        486937500.000001     
         358
   65.2750000000002        489562500.000001     
         530
   65.6250000000002        492187500.000001     
         481
   65.9750000000002        494812500.000001     
         160
   66.3250000000001        497437500.000001     
         405
   66.6750000000001        500062500.000001     
          67
   67.0250000000001        502687500.000001     
         170
   67.3750000000001        505312500.000001     
         155
   67.7250000000001        507937500.000001     
         456
   68.0750000000001        510562500.000001     
         391
   68.4250000000001        513187500.000001     
         472
   68.7750000000001        515812500.000001     
         346
   69.1250000000001        518437500.000001     
         255
   69.4750000000001        521062500.000001     
         221
   69.8250000000001        523687500.000001     
          78
   70.1750000000001        526312500.000001     
         222
   70.5250000000001        528937500.000001     
         400
   70.8750000000001        531562500.000001     
          59
   71.2250000000001        534187500.000000     
         448
   71.5750000000001        536812500.000000     
         183
   71.9250000000001        539437500.000000     
          52
   72.2750000000000        542062500.000000     
         326
   72.6250000000000        544687500.000000     
         285
   72.9750000000000        547312500.000000     
         384
   73.3250000000000        549937500.000000     
          90
   73.6750000000000        552562500.000000     
         217
   74.0250000000000        555187500.000000     
         475
   74.3750000000000        557812500.000000     
         300
   74.7250000000000        560437500.000000     
         533
   75.0750000000000        563062500.000000     
         292
   75.4250000000000        565687500.000000     
         276
   75.7750000000000        568312500.000000     
         312
   76.1250000000000        570937500.000000     
         305
   76.4750000000000        573562500.000000     
          13
   76.8250000000000        576187500.000000     
         240
   77.1750000000000        578812500.000000     
         147
   77.5250000000000        581437500.000000     
         114
   77.8750000000000        584062500.000000     
         355
   78.2250000000000        586687500.000000     
         449
   78.5749999999999        589312500.000000     
         165
   78.9249999999999        591937500.000000     
         395
   79.2749999999999        594562500.000000     
         539
   79.6249999999999        597187500.000000     
         269
   79.9749999999999        599812499.999999     
         451
   80.3249999999999        602437499.999999     
         343
   80.6749999999999        605062499.999999     
         347
   81.0249999999999        607687499.999999     
         402
   81.3749999999999        610312499.999999     
         133
   81.7249999999999        612937499.999999     
         303
   82.0749999999999        615562499.999999     
         189
   82.4249999999999        618187499.999999     
         172
   82.7749999999999        620812499.999999     
         104
   83.1249999999999        623437499.999999     
          98
   83.4749999999999        626062499.999999     
         492
   83.8249999999999        628687499.999999     
         175
   84.1749999999999        631312499.999999     
         320
   84.5249999999998        633937499.999999     
          85
   84.8749999999998        636562499.999999     
         325
   85.2249999999998        639187499.999999     
         182
   85.5749999999998        641812499.999999     
         446
   85.9249999999998        644437499.999999     
         105
   86.2749999999998        647062499.999999     
         181
   86.6249999999998        649687499.999999     
         430
   86.9749999999998        652312499.999999     
         319
   87.3249999999998        654937499.999999     
         120
   87.6749999999998        657562499.999998     
         150
   88.0249999999998        660187499.999998     
         515
   88.3749999999998        662812499.999998     
          32
   88.7249999999998        665437499.999998     
         479
   89.0749999999998        668062499.999998     
         509
   89.4249999999998        670687499.999998     
         387
   89.7749999999998        673312499.999998     
         488
   90.1249999999998        675937499.999998     
         164
   90.4749999999998        678562499.999998     
         188
   90.8249999999997        681187499.999998     
         355
   91.1749999999997        683812499.999998     
         124
   91.5249999999997        686437499.999998     
          70
   91.8749999999997        689062499.999998     
         328
   92.2249999999997        691687499.999998     
          40
   92.5749999999997        694312499.999998     
         453
   92.9249999999997        696937499.999998     
         275
   93.2749999999997        699562499.999998     
         162
   93.6249999999997        702187499.999998     
         328
   93.9749999999997        704812499.999998     
         296
   94.3249999999997        707437499.999998     
         459
   94.6749999999997        710062499.999998     
         182
   95.0249999999997        712687499.999998     
         212
   95.3749999999997        715312499.999997     
           4
   95.7249999999997        717937499.999997     
         463
   96.0749999999997        720562499.999997     
         175
   96.4249999999997        723187499.999997     
         394
   96.7749999999997        725812499.999997     
         359
   97.1249999999996        728437499.999997     
         384
   97.4749999999996        731062499.999997     
         352
   97.8249999999996        733687499.999997     
         318
   98.1749999999996        736312499.999997     
         392
   98.5249999999996        738937499.999997     
          36
   98.8749999999996        741562499.999997     
         432
   99.2249999999996        744187499.999997     
         102
   99.5749999999996        746812499.999997     
         372
   99.9249999999996        749437499.999997     
          39
   100.275000000000        752062499.999997     
           1
   100.625000000000        754687499.999997     
         501
   100.975000000000        757312499.999997     
         389
   101.325000000000        759937499.999997     
         442
   101.675000000000        762562499.999997     
         274
   102.025000000000        765187499.999997     
         443
   102.375000000000        767812499.999997     
          99
   102.725000000000        770437499.999997     
          88
   103.075000000000        773062499.999997     
         156
   103.425000000000        775687499.999997     
          67
   103.775000000000        778312499.999997     
         180
   104.125000000000        780937499.999996     
         163
   104.475000000000        783562499.999996     
         447
   104.825000000000        786187499.999996     
         390
   105.175000000000        788812499.999996     
         391
   105.525000000000        791437499.999996     
         383
   105.875000000000        794062499.999996     
         511
   106.224999999999        796687499.999996     
          90
   106.574999999999        799312499.999996     
         488
   106.924999999999        801937499.999996     
          53
   107.274999999999        804562499.999996     
           9
   107.624999999999        807187499.999996     
         316
   107.974999999999        809812499.999996     
         499
   108.324999999999        812437499.999996     
         299
   108.674999999999        815062499.999996     
         182
   109.024999999999        817687499.999996     
         179
   109.374999999999        820312499.999996     
         117
   109.724999999999        822937499.999996     
         217
   110.074999999999        825562499.999996     
         250
   110.424999999999        828187499.999996     
         164
   110.774999999999        830812499.999996     
         313
   111.124999999999        833437499.999996     
         325
   111.474999999999        836062499.999996     
         242
   111.824999999999        838687499.999996     
          90
   112.174999999999        841312499.999995     
          39
   112.524999999999        843937499.999995     
         339
   112.874999999999        846562499.999995     
         454
   113.224999999999        849187499.999995     
         283
   113.574999999999        851812499.999995     
         430
   113.924999999999        854437499.999995     
          12
   114.274999999999        857062499.999995     
         298
   114.624999999999        859687499.999995     
         491
   114.974999999999        862312499.999995     
         475
   115.324999999999        864937499.999995     
          82
   115.674999999999        867562499.999995     
         100
   116.024999999999        870187499.999995     
         144
   116.374999999999        872812499.999995     
         224
   116.724999999999        875437499.999995     
          18
   117.074999999999        878062499.999995     
         497
   117.424999999999        880687499.999995     
         156
   117.774999999999        883312499.999995     
         508
   118.124999999999        885937499.999995     
          60
   118.474999999999        888562499.999995     
          97
   118.824999999999        891187499.999995     
         160
   119.174999999999        893812499.999995     
         488
   119.524999999999        896437499.999995     
          96
   119.874999999999        899062499.999995     
         424
   120.224999999999        901687499.999995     
         139
   120.574999999999        904312499.999995     
         171
   120.924999999999        906937499.999994     
         336
   121.274999999999        909562499.999994     
         110
   121.624999999999        912187499.999994     
         161
   121.974999999999        914812499.999994     
         328
   122.324999999999        917437499.999994     
         180
   122.674999999999        920062499.999994     
         461
   123.024999999999        922687499.999994     
         359
   123.374999999999        925312499.999994     
         447
   123.724999999999        927937499.999994     
         494
   124.074999999999        930562499.999994     
         453
   124.424999999999        933187499.999994     
         142
   124.774999999999        935812499.999994     
         533
   125.124999999999        938437499.999994     
         263
   125.474999999999        941062499.999994     
         429
   125.824999999999        943687499.999994     
          52
   126.174999999999        946312499.999994     
         252
   126.524999999999        948937499.999994     
         388
   126.874999999999        951562499.999994     
          99
   127.224999999999        954187499.999994     
         401
   127.574999999999        956812499.999994     
         254
   127.924999999999        959437499.999994     
         280
   128.274999999999        962062499.999993     
         108
   128.624999999999        964687499.999993     
         490
   128.974999999999        967312499.999993     
          48
   129.324999999999        969937499.999993     
         238
   129.674999999999        972562499.999993     
         276
   130.024999999999        975187499.999993     
         220
   130.374999999999        977812499.999993     
         525
   130.724999999999        980437499.999993     
         486
   131.074999999999        983062499.999993     
         265
   131.424999999999        985687499.999993     
         167
   131.774999999999        988312499.999993     
          13
   132.124999999999        990937499.999993     
          44
   132.474999999999        993562499.999993     
         371
   132.824999999999        996187499.999993     
          60
   133.174999999999        998812499.999993     
         512
   133.524999999999        1001437499.99999     
         387
   133.874999999999        1004062499.99999     
         529
   134.224999999999        1006687499.99999     
         290
   134.574999999999        1009312499.99999     
          88
   134.924999999999        1011937499.99999     
         527
   135.274999999999        1014562499.99999     
         280
   135.624999999999        1017187499.99999     
          35
   135.974999999999        1019812499.99999     
         108
   136.324999999999        1022437499.99999     
         116
   136.674999999999        1025062499.99999     
         380
   137.024999999999        1027687499.99999     
          55
   137.374999999999        1030312499.99999     
          49
   137.724999999999        1032937499.99999     
         445
   138.074999999999        1035562499.99999     
         379
   138.424999999999        1038187499.99999     
         495
   138.774999999999        1040812499.99999     
         167
   139.124999999999        1043437499.99999     
         374
   139.474999999999        1046062499.99999     
         124
   139.824999999999        1048687499.99999     
         540
   140.174999999999        1051312499.99999     
         519
   140.524999999999        1053937499.99999     
         531
   140.874999999999        1056562499.99999     
         245
   141.224999999999        1059187499.99999     
         226
   141.574999999999        1061812499.99999     
         334
   141.924999999999        1064437499.99999     
         101
   142.274999999999        1067062499.99999     
         167
   142.624999999999        1069687499.99999     
          60
   142.974999999999        1072312499.99999     
         377
   143.324999999999        1074937499.99999     
         177
   143.674999999999        1077562499.99999     
         441
   144.024999999999        1080187499.99999     
         233
   144.374999999999        1082812499.99999     
         415
   144.724999999999        1085437499.99999     
         356
   145.074999999999        1088062499.99999     
         268
   145.424999999999        1090687499.99999     
         187
   145.774999999999        1093312499.99999     
         445
   146.124999999999        1095937499.99999     
         356
   146.474999999999        1098562499.99999     
         157
   146.824999999999        1101187499.99999     
         313
   147.174999999999        1103812499.99999     
         386
   147.524999999999        1106437499.99999     
         487
   147.874999999999        1109062499.99999     
         174
   148.224999999999        1111687499.99999     
         261
   148.574999999999        1114312499.99999     
         120
   148.924999999999        1116937499.99999     
         307
   149.274999999999        1119562499.99999     
          93
   149.624999999999        1122187499.99999     
         450
   149.974999999999        1124812499.99999     
         399
   150.324999999999        1127437499.99999     
         158
   150.674999999999        1130062499.99999     
         330
   151.024999999999        1132687499.99999     
         439
   151.374999999999        1135312499.99999     
         119
   151.724999999999        1137937499.99999     
         398
   152.074999999999        1140562499.99999     
         473
   152.424999999999        1143187499.99999     
         198
   152.774999999999        1145812499.99999     
         301
   153.124999999999        1148437499.99999     
         319
   153.474999999999        1151062499.99999     
         394
   153.824999999999        1153687499.99999     
         131
   154.174999999999        1156312499.99999     
         107
   154.524999999999        1158937499.99999     
         116
   154.874999999999        1161562499.99999     
         512
   155.224999999999        1164187499.99999     
         140
   155.574999999999        1166812499.99999     
          97
   155.924999999999        1169437499.99999     
         487
   156.274999999999        1172062499.99999     
          78
   156.624999999999        1174687499.99999     
         208
   156.974999999999        1177312499.99999     
         461
   157.324999999999        1179937499.99999     
         294
   157.674999999999        1182562499.99999     
         126
   158.024999999999        1185187499.99999     
         241
   158.374999999999        1187812499.99999     
         421
   158.724999999999        1190437499.99999     
         445
   159.074999999999        1193062499.99999     
           9
   159.424999999999        1195687499.99999     
         207
   159.774999999999        1198312499.99999     
         490
   160.124999999999        1200937499.99999     
         177
   160.474999999999        1203562499.99999     
          32
   160.824999999999        1206187499.99999     
         496
   161.174999999999        1208812499.99999     
         149
   161.524999999999        1211437499.99999     
         349
   161.874999999999        1214062499.99999     
         482
   162.224999999999        1216687499.99999     
         169
   162.574999999999        1219312499.99999     
         397
   162.924999999999        1221937499.99999     
         396
   163.274999999999        1224562499.99999     
         533
   163.624999999999        1227187499.99999     
         209
   163.974999999999        1229812499.99999     
         453
   164.324999999999        1232437499.99999     
         422
   164.674999999999        1235062499.99999     
          17
   165.024999999999        1237687499.99999     
         534
   165.374999999999        1240312499.99999     
         339
   165.724999999999        1242937499.99999     
         199
   166.074999999999        1245562499.99999     
         527
   166.424999999999        1248187499.99999     
          70
   166.774999999998        1250812499.99999     
         177
   167.124999999998        1253437499.99999     
         494
   167.474999999998        1256062499.99999     
         417
   167.824999999998        1258687499.99999     
          14
   168.174999999998        1261312499.99999     
          96
   168.524999999998        1263937499.99999     
         112
   168.874999999998        1266562499.99999     
          13
   169.224999999998        1269187499.99999     
         303
   169.574999999998        1271812499.99999     
         162
   169.924999999998        1274437499.99999     
         152
   170.274999999998        1277062499.99999     
         180
   170.624999999998        1279687499.99999     
         324
   170.974999999998        1282312499.99999     
         112
   171.324999999998        1284937499.99999     
           1
   171.674999999998        1287562499.99999     
         385
   172.024999999998        1290187499.99999     
         267
   172.374999999998        1292812499.99999     
         281
   172.724999999998        1295437499.99999     
          41
   173.074999999998        1298062499.99999     
          12
   173.424999999998        1300687499.99999     
         282
   173.774999999998        1303312499.99999     
         286
   174.124999999998        1305937499.99999     
         259
   174.474999999998        1308562499.99999     
         529
   174.824999999998        1311187499.99999     
         154
   175.174999999998        1313812499.99999     
         189
   175.524999999998        1316437499.99999     
         131
   175.874999999998        1319062499.99999     
         225
   176.224999999998        1321687499.99999     
         316
   176.574999999998        1324312499.99999     
           5
   176.924999999998        1326937499.99999     
         155
   177.274999999998        1329562499.99999     
         489
   177.624999999998        1332187499.99999     
         406
   177.974999999998        1334812499.99999     
         403
   178.324999999998        1337437499.99999     
         146
   178.674999999998        1340062499.99999     
         511
   179.024999999998        1342687499.99999     
         239
   179.374999999998        1345312499.99999     
         421
   179.724999999998        1347937499.99999     
         483
   180.074999999998        1350562499.99999     
         139
   180.424999999998        1353187499.99999     
         377
   180.774999999998        1355812499.99999     
          38
   181.124999999998        1358437499.99999     
         185
   181.474999999998        1361062499.99999     
          25
   181.824999999998        1363687499.99999     
         411
   182.174999999998        1366312499.99999     
          46
   182.524999999998        1368937499.99999     
         412
   182.874999999998        1371562499.99999     
         200
   183.224999999998        1374187499.99999     
         517
   183.574999999998        1376812499.99999     
         221
   183.924999999998        1379437499.99999     
          92
   184.274999999998        1382062499.99999     
         229
   184.624999999998        1384687499.99999     
         204
   184.974999999998        1387312499.99999     
         520
   185.324999999998        1389937499.99999     
          68
   185.674999999998        1392562499.99999     
         143
   186.024999999998        1395187499.99999     
          31
   186.374999999998        1397812499.99999     
         215
   186.724999999998        1400437499.99999     
         475
   187.074999999998        1403062499.99999     
         365
   187.424999999998        1405687499.99999     
         495
   187.774999999998        1408312499.99999     
         384
   188.124999999998        1410937499.99999     
         144
   188.474999999998        1413562499.99999     
         446
   188.824999999998        1416187499.99999     
         372
   189.174999999998        1418812499.99999     
         324
   189.524999999998        1421437499.99999     
         134
   189.874999999998        1424062499.99999     
         159
   190.224999999998        1426687499.99999     
         412
   190.574999999998        1429312499.99999     
         314
   190.924999999998        1431937499.99999     
         382
   191.274999999998        1434562499.99999     
          75
   191.624999999998        1437187499.99999     
         468
   191.974999999998        1439812499.99999     
         533
   192.324999999998        1442437499.99999     
          60
   192.674999999998        1445062499.99999     
          94
   193.024999999998        1447687499.99999     
         509
   193.374999999998        1450312499.99999     
          81
   193.724999999998        1452937499.99999     
         227
   194.074999999998        1455562499.99999     
         246
   194.424999999998        1458187499.99999     
         333
   194.774999999998        1460812499.99999     
         364
   195.124999999998        1463437499.99999     
         344
   195.474999999998        1466062499.99999     
         525
   195.824999999998        1468687499.99999     
         385
   196.174999999998        1471312499.99999     
         506
   196.524999999998        1473937499.99999     
         251
   196.874999999998        1476562499.99998     
         272
   197.224999999998        1479187499.99998     
          83
   197.574999999998        1481812499.99998     
         265
   197.924999999998        1484437499.99998     
         403
   198.274999999998        1487062499.99998     
         159
   198.624999999998        1489687499.99998     
         203
   198.974999999998        1492312499.99998     
         408
   199.324999999998        1494937499.99998     
         116
   199.674999999998        1497562499.99998     
         343
   200.024999999998        1500187499.99998     
         356
   200.374999999998        1502812499.99998     
         398
   200.724999999998        1505437499.99998     
         184
   201.074999999998        1508062499.99998     
          40
   201.424999999998        1510687499.99998     
         394
   201.774999999998        1513312499.99998     
         285
   202.124999999998        1515937499.99998     
         212
   202.474999999998        1518562499.99998     
          15
   202.824999999998        1521187499.99998     
         348
   203.174999999998        1523812499.99998     
          11
   203.524999999998        1526437499.99998     
         387
   203.874999999998        1529062499.99998     
         534
   204.224999999998        1531687499.99998     
         522
   204.574999999998        1534312499.99998     
          86
   204.924999999998        1536937499.99998     
         227
   205.274999999998        1539562499.99998     
         352
   205.624999999998        1542187499.99998     
         136
   205.974999999998        1544812499.99998     
          31
   206.324999999998        1547437499.99998     
         200
   206.674999999998        1550062499.99998     
         322
   207.024999999998        1552687499.99998     
         425
   207.374999999998        1555312499.99998     
         167
   207.724999999998        1557937499.99998     
         371
   208.074999999998        1560562499.99998     
          44
   208.424999999998        1563187499.99998     
          81
   208.774999999998        1565812499.99998     
         429
   209.124999999998        1568437499.99998     
           8
   209.474999999998        1571062499.99998     
         145
   209.824999999998        1573687499.99998     
         327
   210.174999999998        1576312499.99998     
         288
   210.524999999998        1578937499.99998     
         148
   210.874999999998        1581562499.99998     
         118
   211.224999999998        1584187499.99998     
         414
   211.574999999998        1586812499.99998     
         465
   211.924999999998        1589437499.99998     
         129
   212.274999999998        1592062499.99998     
         443
   212.624999999998        1594687499.99998     
         367
   212.974999999998        1597312499.99998     
         393
   213.324999999998        1599937499.99998     
         300
   213.674999999998        1602562499.99998     
         314
   214.024999999998        1605187499.99998     
         321
   214.374999999998        1607812499.99998     
          66
   214.724999999998        1610437499.99998     
         520
   215.074999999998        1613062499.99998     
         295
   215.424999999998        1615687499.99998     
         251
   215.774999999998        1618312499.99998     
         227
   216.124999999998        1620937499.99998     
         160
   216.474999999998        1623562499.99998     
         373
   216.824999999998        1626187499.99998     
          74
   217.174999999998        1628812499.99998     
         208
   217.524999999998        1631437499.99998     
         105
   217.874999999998        1634062499.99998     
         302
   218.224999999998        1636687499.99998     
         366
   218.574999999998        1639312499.99998     
          48
   218.924999999998        1641937499.99998     
         426
   219.274999999998        1644562499.99998     
         531
   219.624999999998        1647187499.99998     
         218
   219.974999999998        1649812499.99998     
          63
   220.324999999998        1652437499.99998     
          38
   220.674999999998        1655062499.99998     
         154
   221.024999999998        1657687499.99998     
         340
   221.374999999998        1660312499.99998     
         444
   221.724999999998        1662937499.99998     
          39
   222.074999999998        1665562499.99998     
          75
   222.424999999998        1668187499.99998     
         540
   222.774999999998        1670812499.99998     
         293
   223.124999999998        1673437499.99998     
         367
   223.474999999998        1676062499.99998     
         177
   223.824999999998        1678687499.99998     
         355
   224.174999999998        1681312499.99998     
         488
   224.524999999998        1683937499.99998     
          84
   224.874999999998        1686562499.99998     
         373
   225.224999999998        1689187499.99998     
         403
   225.574999999998        1691812499.99998     
         312
   225.924999999998        1694437499.99998     
         314
   226.274999999998        1697062499.99998     
         295
   226.624999999998        1699687499.99998     
         368
   226.974999999998        1702312499.99998     
         399
   227.324999999998        1704937499.99998     
         208
   227.674999999998        1707562499.99998     
          43
   228.024999999998        1710187499.99998     
         146
   228.374999999997        1712812499.99998     
         417
   228.724999999997        1715437499.99998     
         337
   229.074999999997        1718062499.99998     
         444
   229.424999999997        1720687499.99998     
         400
   229.774999999997        1723312499.99998     
         161
   230.124999999997        1725937499.99998     
         153
   230.474999999997        1728562499.99998     
         227
   230.824999999997        1731187499.99998     
          48
   231.174999999997        1733812499.99998     
         338
   231.524999999997        1736437499.99998     
         315
   231.874999999997        1739062499.99998     
         173
   232.224999999997        1741687499.99998     
         430
   232.574999999997        1744312499.99998     
         206
   232.924999999997        1746937499.99998     
         151
   233.274999999997        1749562499.99998     
         172
   233.624999999997        1752187499.99998     
          55
   233.974999999997        1754812499.99998     
          63
   234.324999999997        1757437499.99998     
         236
   234.674999999997        1760062499.99998     
         345
   235.024999999997        1762687499.99998     
         121
   235.374999999997        1765312499.99998     
         415
   235.724999999997        1767937499.99998     
         467
   236.074999999997        1770562499.99998     
         412
   236.424999999997        1773187499.99998     
          11
   236.774999999997        1775812499.99998     
         407
   237.124999999997        1778437499.99998     
         442
   237.474999999997        1781062499.99998     
         401
   237.824999999997        1783687499.99998     
         463
   238.174999999997        1786312499.99998     
         448
   238.524999999997        1788937499.99998     
         197
   238.874999999997        1791562499.99998     
         231
   239.224999999997        1794187499.99998     
         219
   239.574999999997        1796812499.99998     
         439
   239.924999999997        1799437499.99998     
         492
   240.274999999997        1802062499.99998     
         186
   240.624999999997        1804687499.99998     
          98
   240.974999999997        1807312499.99998     
         453
   241.324999999997        1809937499.99998     
         470
   241.674999999997        1812562499.99998     
         538
   242.024999999997        1815187499.99998     
         503
   242.374999999997        1817812499.99998     
         504
   242.724999999997        1820437499.99998     
         147
   243.074999999997        1823062499.99998     
           8
   243.424999999997        1825687499.99998     
         424
   243.774999999997        1828312499.99998     
         418
   244.124999999997        1830937499.99998     
          12
   244.474999999997        1833562499.99998     
         276
   244.824999999997        1836187499.99998     
         467
   245.174999999997        1838812499.99998     
         497
   245.524999999997        1841437499.99998     
         369
   245.874999999997        1844062499.99998     
         511
   246.224999999997        1846687499.99998     
         287
   246.574999999997        1849312499.99998     
         165
   246.924999999997        1851937499.99998     
         468
   247.274999999997        1854562499.99998     
         136
   247.624999999997        1857187499.99998     
         168
   247.974999999997        1859812499.99998     
         274
   248.324999999997        1862437499.99998     
           1
   248.674999999997        1865062499.99998     
         272
   249.024999999997        1867687499.99998     
         508
   249.374999999997        1870312499.99998     
         295
   249.724999999997        1872937499.99998     
          84
   250.074999999997        1875562499.99998     
         202
   250.424999999997        1878187499.99998     
         167
   250.774999999997        1880812499.99998     
         453
   251.124999999997        1883437499.99998     
         240
   251.474999999997        1886062499.99998     
         262
   251.824999999997        1888687499.99998     
         375
   252.174999999997        1891312499.99998     
          25
   252.524999999997        1893937499.99998     
         241
   252.874999999997        1896562499.99998     
         234
   253.224999999997        1899187499.99998     
         430
   253.574999999997        1901812499.99998     
         265
   253.924999999997        1904437499.99998     
         491
   254.274999999997        1907062499.99998     
         359
   254.624999999997        1909687499.99998     
         485
   254.974999999997        1912312499.99998     
         227
   255.324999999997        1914937499.99998     
         325
   255.674999999997        1917562499.99998     
         431
   256.024999999997        1920187499.99998     
         375
   256.374999999997        1922812499.99998     
         371
   256.724999999997        1925437499.99998     
         370
   257.074999999997        1928062499.99998     
         469
   257.424999999997        1930687499.99998     
         532
   257.774999999997        1933312499.99998     
         185
   258.124999999997        1935937499.99998     
         253
   258.474999999997        1938562499.99998     
         402
   258.824999999997        1941187499.99998     
         465
   259.174999999997        1943812499.99998     
         491
   259.524999999997        1946437499.99998     
         323
   259.874999999997        1949062499.99998     
         270
   260.224999999997        1951687499.99998     
          93
   260.574999999997        1954312499.99998     
         340
   260.924999999997        1956937499.99998     
         287
   261.274999999997        1959562499.99998     
         287
   261.624999999997        1962187499.99998     
         325
   261.974999999997        1964812499.99998     
         404
   262.324999999997        1967437499.99998     
         271
   262.674999999998        1970062499.99998     
          39
   263.024999999998        1972687499.99998     
         528
   263.374999999998        1975312499.99998     
         519
   263.724999999998        1977937499.99998     
         482
   264.074999999998        1980562499.99998     
         232
   264.424999999998        1983187499.99998     
         119
   264.774999999998        1985812499.99998     
         359
   265.124999999998        1988437499.99998     
           9
   265.474999999998        1991062499.99998     
         502
   265.824999999998        1993687499.99998     
         324
   266.174999999998        1996312499.99998     
         176
   266.524999999998        1998937499.99998     
         437
   266.874999999998        2001562499.99998     
         347
   267.224999999998        2004187499.99998     
         139
   267.574999999998        2006812499.99998     
         164
   267.924999999998        2009437499.99998     
         439
   268.274999999998        2012062499.99998     
         435
   268.624999999998        2014687499.99998     
         419
   268.974999999998        2017312499.99998     
          66
   269.324999999998        2019937499.99998     
         445
   269.674999999998        2022562499.99998     
         144
   270.024999999998        2025187499.99998     
         215
   270.374999999998        2027812499.99998     
         189
   270.724999999998        2030437499.99999     
          70
   271.074999999998        2033062499.99999     
         454
   271.424999999998        2035687499.99999     
          46
   271.774999999998        2038312499.99999     
          39
   272.124999999998        2040937499.99999     
         371
   272.474999999998        2043562499.99999     
          88
   272.824999999998        2046187499.99999     
         197
   273.174999999998        2048812499.99999     
         171
   273.524999999998        2051437499.99999     
         106
   273.874999999998        2054062499.99999     
          37
   274.224999999998        2056687499.99999     
         447
   274.574999999998        2059312499.99999     
         399
   274.924999999998        2061937499.99999     
         409
   275.274999999998        2064562499.99999     
         237
   275.624999999998        2067187499.99999     
         409
   275.974999999998        2069812499.99999     
         119
   276.324999999998        2072437499.99999     
         322
   276.674999999998        2075062499.99999     
         447
   277.024999999998        2077687499.99999     
         141
   277.374999999998        2080312499.99999     
         102
   277.724999999998        2082937499.99999     
          17
   278.074999999999        2085562499.99999     
         273
   278.424999999999        2088187499.99999     
         456
   278.774999999999        2090812499.99999     
         258
   279.124999999999        2093437499.99999     
         334
   279.474999999999        2096062499.99999     
         270
   279.824999999999        2098687499.99999     
         230
   280.174999999999        2101312499.99999     
          22
   280.524999999999        2103937499.99999     
         476
   280.874999999999        2106562499.99999     
         471
   281.224999999999        2109187499.99999     
         225
   281.574999999999        2111812499.99999     
         227
   281.924999999999        2114437499.99999     
         138
   282.274999999999        2117062499.99999     
         203
   282.624999999999        2119687499.99999     
         104
   282.974999999999        2122312499.99999     
         293
   283.324999999999        2124937499.99999     
         483
   283.674999999999        2127562499.99999     
         432
   284.024999999999        2130187499.99999     
         333
   284.374999999999        2132812499.99999     
         117
   284.724999999999        2135437499.99999     
         195
   285.074999999999        2138062499.99999     
          89
   285.424999999999        2140687499.99999     
         190
   285.774999999999        2143312499.99999     
          34
   286.124999999999        2145937499.99999     
         540
   286.474999999999        2148562499.99999     
         348
   286.824999999999        2151187499.99999     
         530
   287.174999999999        2153812499.99999     
         157
   287.524999999999        2156437499.99999     
          32
   287.874999999999        2159062499.99999     
         485
   288.224999999999        2161687499.99999     
         481
   288.574999999999        2164312499.99999     
          54
   288.924999999999        2166937499.99999     
         111
   289.274999999999        2169562499.99999     
         169
   289.624999999999        2172187499.99999     
         505
   289.974999999999        2174812499.99999     
         147
   290.324999999999        2177437499.99999     
         364
   290.674999999999        2180062499.99999     
         173
   291.024999999999        2182687500.00000     
         159
   291.374999999999        2185312500.00000     
         533
   291.724999999999        2187937500.00000     
         342
   292.074999999999        2190562500.00000     
         486
   292.424999999999        2193187500.00000     
         438
   292.774999999999        2195812500.00000     
         192
   293.124999999999        2198437500.00000     
          52
   293.475000000000        2201062500.00000     
         164
   293.825000000000        2203687500.00000     
         347
   294.175000000000        2206312500.00000     
         387
   294.525000000000        2208937500.00000     
         124
   294.875000000000        2211562500.00000     
         126
   295.225000000000        2214187500.00000     
         325
   295.575000000000        2216812500.00000     
         219
   295.925000000000        2219437500.00000     
         522
   296.275000000000        2222062500.00000     
         518
   296.625000000000        2224687500.00000     
         412
   296.975000000000        2227312500.00000     
         358
   297.325000000000        2229937500.00000     
         384
   297.675000000000        2232562500.00000     
         395
   298.025000000000        2235187500.00000     
         430
   298.375000000000        2237812500.00000     
         183
   298.725000000000        2240437500.00000     
         252
   299.075000000000        2243062500.00000     
         443
   299.425000000000        2245687500.00000     
         249
   299.775000000000        2248312500.00000     
         169
   300.125000000000        2250937500.00000     
         288
   300.475000000000        2253562500.00000     
         260
   300.825000000000        2256187500.00000     
         225
   301.175000000000        2258812500.00000     
         452
   301.525000000000        2261437500.00000     
         370
   301.875000000000        2264062500.00000     
          64
   302.225000000000        2266687500.00000     
         530
   302.575000000000        2269312500.00000     
         101
   302.925000000000        2271937500.00000     
         289
   303.275000000000        2274562500.00000     
         400
   303.625000000000        2277187500.00000     
           4
   303.975000000000        2279812500.00000     
         112
   304.325000000000        2282437500.00000     
         461
   304.675000000000        2285062500.00000     
         256
   305.025000000000        2287687500.00000     
         487
   305.375000000000        2290312500.00000     
         387
   305.725000000000        2292937500.00000     
         134
   306.075000000000        2295562500.00000     
         461
   306.425000000000        2298187500.00000     
         394
   306.775000000000        2300812500.00000     
         462
   307.125000000000        2303437500.00000     
         296
   307.475000000000        2306062500.00000     
         439
   307.825000000000        2308687500.00000     
          38
   308.175000000000        2311312500.00000     
         284
   308.525000000000        2313937500.00000     
         359
   308.875000000001        2316562500.00000     
         229
   309.225000000001        2319187500.00000     
         338
   309.575000000001        2321812500.00000     
         505
   309.925000000001        2324437500.00000     
         539
   310.275000000001        2327062500.00000     
          83
   310.625000000001        2329687500.00000     
         248
   310.975000000001        2332312500.00000     
           1
   311.325000000001        2334937500.00001     
         430
   311.675000000001        2337562500.00001     
         320
   312.025000000001        2340187500.00001     
         364
   312.375000000001        2342812500.00001     
           1
   312.725000000001        2345437500.00001     
         176
   313.075000000001        2348062500.00001     
         501
   313.425000000001        2350687500.00001     
         183
   313.775000000001        2353312500.00001     
         427
   314.125000000001        2355937500.00001     
         470
   314.475000000001        2358562500.00001     
         135
   314.825000000001        2361187500.00001     
         300
   315.175000000001        2363812500.00001     
         159
   315.525000000001        2366437500.00001     
         316
   315.875000000001        2369062500.00001     
         164
   316.225000000001        2371687500.00001     
         254
   316.575000000001        2374312500.00001     
         144
   316.925000000001        2376937500.00001     
         186
   317.275000000001        2379562500.00001     
         283
   317.625000000001        2382187500.00001     
         463
   317.975000000001        2384812500.00001     
          26
   318.325000000001        2387437500.00001     
           9
   318.675000000001        2390062500.00001     
         431
   319.025000000001        2392687500.00001     
         456
   319.375000000001        2395312500.00001     
         408
   319.725000000001        2397937500.00001     
         228
   320.075000000001        2400562500.00001     
          86
   320.425000000001        2403187500.00001     
         476
   320.775000000001        2405812500.00001     
         321
   321.125000000001        2408437500.00001     
         264
   321.475000000001        2411062500.00001     
         114
   321.825000000001        2413687500.00001     
         522
   322.175000000001        2416312500.00001     
         154
   322.525000000001        2418937500.00001     
         503
   322.875000000001        2421562500.00001     
          90
   323.225000000001        2424187500.00001     
         382
   323.575000000001        2426812500.00001     
         458
   323.925000000001        2429437500.00001     
          38
   324.275000000002        2432062500.00001     
          61
   324.625000000002        2434687500.00001     
         415
   324.975000000002        2437312500.00001     
         430
   325.325000000002        2439937500.00001     
         395
   325.675000000002        2442562500.00001     
         196
   326.025000000002        2445187500.00001     
          26
   326.375000000002        2447812500.00001     
         448
   326.725000000002        2450437500.00001     
         506
   327.075000000002        2453062500.00001     
         251
   327.425000000002        2455687500.00001     
         235
   327.775000000002        2458312500.00001     
         260
   328.125000000002        2460937500.00001     
         233
   328.475000000002        2463562500.00001     
         377
   328.825000000002        2466187500.00001     
         276
   329.175000000002        2468812500.00001     
         515
   329.525000000002        2471437500.00001     
          26
   329.875000000002        2474062500.00001     
         302
   330.225000000002        2476687500.00001     
          63
   330.575000000002        2479312500.00001     
         175
   330.925000000002        2481937500.00001     
         307
   331.275000000002        2484562500.00001     
         339
   331.625000000002        2487187500.00001     
          10
   331.975000000002        2489812500.00002     
         145
   332.325000000002        2492437500.00002     
         391
   332.675000000002        2495062500.00002     
         256
   333.025000000002        2497687500.00002     
         333
   333.375000000002        2500312500.00002     
          72
   333.725000000002        2502937500.00002     
         232
   334.075000000002        2505562500.00002     
         190
   334.425000000002        2508187500.00002     
         178
   334.775000000002        2510812500.00002     
         339
   335.125000000002        2513437500.00002     
          99
   335.475000000002        2516062500.00002     
           2
   335.825000000002        2518687500.00002     
         126
   336.175000000002        2521312500.00002     
         176
   336.525000000002        2523937500.00002     
          69
   336.875000000002        2526562500.00002     
         450
   337.225000000002        2529187500.00002     
          68
   337.575000000002        2531812500.00002     
           3
   337.925000000002        2534437500.00002     
         212
   338.275000000002        2537062500.00002     
         534
   338.625000000002        2539687500.00002     
         335
   338.975000000002        2542312500.00002     
         356
   339.325000000002        2544937500.00002     
         232
   339.675000000003        2547562500.00002     
         400
   340.025000000003        2550187500.00002     
         273
   340.375000000003        2552812500.00002     
         346
   340.725000000003        2555437500.00002     
         103
   341.075000000003        2558062500.00002     
         147
   341.425000000003        2560687500.00002     
         217
   341.775000000003        2563312500.00002     
         248
   342.125000000003        2565937500.00002     
         291
   342.475000000003        2568562500.00002     
         156
   342.825000000003        2571187500.00002     
         205
   343.175000000003        2573812500.00002     
         248
   343.525000000003        2576437500.00002     
          40
   343.875000000003        2579062500.00002     
         193
   344.225000000003        2581687500.00002     
         317
   344.575000000003        2584312500.00002     
         118
   344.925000000003        2586937500.00002     
         540
   345.275000000003        2589562500.00002     
         395
   345.625000000003        2592187500.00002     
         150
   345.975000000003        2594812500.00002     
         514
   346.325000000003        2597437500.00002     
         502
   346.675000000003        2600062500.00002     
         167
   347.025000000003        2602687500.00002     
         235
   347.375000000003        2605312500.00002     
         333
   347.725000000003        2607937500.00002     
         342
   348.075000000003        2610562500.00002     
         215
   348.425000000003        2613187500.00002     
          77
   348.775000000003        2615812500.00002     
         132
   349.125000000003        2618437500.00002     
         352
   349.475000000003        2621062500.00002     
         380
   349.825000000003        2623687500.00002     
         490
   350.175000000003        2626312500.00002     
         422
   350.525000000003        2628937500.00002     
         495
   350.875000000003        2631562500.00002     
         468
   351.225000000003        2634187500.00002     
         144
   351.575000000003        2636812500.00002     
          23
   351.925000000003        2639437500.00002     
         349
   352.275000000003        2642062500.00002     
         139
   352.625000000003        2644687500.00003     
         309
   352.975000000003        2647312500.00003     
         357
   353.325000000003        2649937500.00003     
         213
   353.675000000003        2652562500.00003     
         188
   354.025000000003        2655187500.00003     
         442
   354.375000000003        2657812500.00003     
         173
   354.725000000003        2660437500.00003     
         491
   355.075000000004        2663062500.00003     
         233
   355.425000000004        2665687500.00003     
         339
   355.775000000004        2668312500.00003     
          45
   356.125000000004        2670937500.00003     
         421
   356.475000000004        2673562500.00003     
         457
   356.825000000004        2676187500.00003     
          33
   357.175000000004        2678812500.00003     
         182
   357.525000000004        2681437500.00003     
         484
   357.875000000004        2684062500.00003     
          90
   358.225000000004        2686687500.00003     
         199
   358.575000000004        2689312500.00003     
         234
   358.925000000004        2691937500.00003     
         443
   359.275000000004        2694562500.00003     
          20
   359.625000000004        2697187500.00003     
           7
   359.975000000004        2699812500.00003     
         310
   360.325000000004        2702437500.00003     
         222
   360.675000000004        2705062500.00003     
         212
   361.025000000004        2707687500.00003     
         113
   361.375000000004        2710312500.00003     
         430
   361.725000000004        2712937500.00003     
         113
   362.075000000004        2715562500.00003     
         254
   362.425000000004        2718187500.00003     
          52
   362.775000000004        2720812500.00003     
         387
   363.125000000004        2723437500.00003     
         324
   363.475000000004        2726062500.00003     
         108
   363.825000000004        2728687500.00003     
         198
   364.175000000004        2731312500.00003     
         446
   364.525000000004        2733937500.00003     
         400
   364.875000000004        2736562500.00003     
          27
   365.225000000004        2739187500.00003     
          54
   365.575000000004        2741812500.00003     
         251
   365.925000000004        2744437500.00003     
          61
   366.275000000004        2747062500.00003     
         367
   366.625000000004        2749687500.00003     
          30
   366.975000000004        2752312500.00003     
         219
   367.325000000004        2754937500.00003     
         169
   367.675000000004        2757562500.00003     
         189
   368.025000000004        2760187500.00003     
          84
   368.375000000004        2762812500.00003     
         412
   368.725000000004        2765437500.00003     
         135
   369.075000000004        2768062500.00003     
         462
   369.425000000004        2770687500.00003     
         209
   369.775000000004        2773312500.00003     
          50
   370.125000000004        2775937500.00003     
         373
   370.475000000005        2778562500.00003     
         191
   370.825000000005        2781187500.00003     
         317
   371.175000000005        2783812500.00003     
         338
   371.525000000005        2786437500.00003     
         498
   371.875000000005        2789062500.00003     
         198
   372.225000000005        2791687500.00003     
         243
   372.575000000005        2794312500.00003     
          80
   372.925000000005        2796937500.00003     
         536
   373.275000000005        2799562500.00004     
         525
   373.625000000005        2802187500.00004     
         238
   373.975000000005        2804812500.00004     
         488
   374.325000000005        2807437500.00004     
         435
   374.675000000005        2810062500.00004     
         140
   375.025000000005        2812687500.00004     
          18
   375.375000000005        2815312500.00004     
         131
   375.725000000005        2817937500.00004     
         478
   376.075000000005        2820562500.00004     
         281
   376.425000000005        2823187500.00004     
         442
   376.775000000005        2825812500.00004     
         307
   377.125000000005        2828437500.00004     
         498
   377.475000000005        2831062500.00004     
         352
   377.825000000005        2833687500.00004     
         280
   378.175000000005        2836312500.00004     
         269
   378.525000000005        2838937500.00004     
         176
   378.875000000005        2841562500.00004     
          92
   379.225000000005        2844187500.00004     
          43
   379.575000000005        2846812500.00004     
          68
   379.925000000005        2849437500.00004     
         305
   380.275000000005        2852062500.00004     
         397
   380.625000000005        2854687500.00004     
         433
   380.975000000005        2857312500.00004     
         274
   381.325000000005        2859937500.00004     
          36
   381.675000000005        2862562500.00004     
         283
   382.025000000005        2865187500.00004     
         424
   382.375000000005        2867812500.00004     
         532
   382.725000000005        2870437500.00004     
         192
   383.075000000005        2873062500.00004     
         290
   383.425000000005        2875687500.00004     
         398
   383.775000000005        2878312500.00004     
         213
   384.125000000005        2880937500.00004     
         254
   384.475000000005        2883562500.00004     
         366
   384.825000000005        2886187500.00004     
          63
   385.175000000005        2888812500.00004     
         260
   385.525000000005        2891437500.00004     
          22
   385.875000000006        2894062500.00004     
         427
   386.225000000006        2896687500.00004     
         315
   386.575000000006        2899312500.00004     
         370
   386.925000000006        2901937500.00004     
         112
   387.275000000006        2904562500.00004     
         410
   387.625000000006        2907187500.00004     
         285
   387.975000000006        2909812500.00004     
         141
   388.325000000006        2912437500.00004     
          61
   388.675000000006        2915062500.00004     
         456
   389.025000000006        2917687500.00004     
          67
   389.375000000006        2920312500.00004     
         321
   389.725000000006        2922937500.00004     
         123
   390.075000000006        2925562500.00004     
         175
   390.425000000006        2928187500.00004     
         402
   390.775000000006        2930812500.00004     
         517
   391.125000000006        2933437500.00004     
         419
   391.475000000006        2936062500.00004     
         140
   391.825000000006        2938687500.00004     
         463
   392.175000000006        2941312500.00004     
          87
   392.525000000006        2943937500.00004     
         477
   392.875000000006        2946562500.00004     
         322
   393.225000000006        2949187500.00004     
         339
   393.575000000006        2951812500.00005     
          45
   393.925000000006        2954437500.00005     
          43
   394.275000000006        2957062500.00005     
         260
   394.625000000006        2959687500.00005     
         476
   394.975000000006        2962312500.00005     
          57
   395.325000000006        2964937500.00005     
         507
   395.675000000006        2967562500.00005     
         321
   396.025000000006        2970187500.00005     
         185
   396.375000000006        2972812500.00005     
         458
   396.725000000006        2975437500.00005     
         504
   397.075000000006        2978062500.00005     
         385
   397.425000000006        2980687500.00005     
         510
   397.775000000006        2983312500.00005     
          49
   398.125000000006        2985937500.00005     
         304
   398.475000000006        2988562500.00005     
         433
   398.825000000006        2991187500.00005     
         355
   399.175000000006        2993812500.00005     
          86
   399.525000000006        2996437500.00005     
         295
   399.875000000006        2999062500.00005     
         487
   400.225000000006        3001687500.00005     
         305
   400.575000000006        3004312500.00005     
         420
   400.925000000006        3006937500.00005     
          97
   401.275000000007        3009562500.00005     
         277
   401.625000000007        3012187500.00005     
         176
   401.975000000007        3014812500.00005     
          24
   402.325000000007        3017437500.00005     
         373
   402.675000000007        3020062500.00005     
         163
   403.025000000007        3022687500.00005     
         472
   403.375000000007        3025312500.00005     
         148
   403.725000000007        3027937500.00005     
          69
   404.075000000007        3030562500.00005     
         176
   404.425000000007        3033187500.00005     
          68
   404.775000000007        3035812500.00005     
          90
   405.125000000007        3038437500.00005     
         351
   405.475000000007        3041062500.00005     
         177
   405.825000000007        3043687500.00005     
          95
   406.175000000007        3046312500.00005     
         359
   406.525000000007        3048937500.00005     
         269
   406.875000000007        3051562500.00005     
         226
   407.225000000007        3054187500.00005     
         140
   407.575000000007        3056812500.00005     
          44
   407.925000000007        3059437500.00005     
         246
   408.275000000007        3062062500.00005     
         521
   408.625000000007        3064687500.00005     
         125
   408.975000000007        3067312500.00005     
         445
   409.325000000007        3069937500.00005     
         239
   409.675000000007        3072562500.00005     
         187
   410.025000000007        3075187500.00005     
         321
   410.375000000007        3077812500.00005     
         129
   410.725000000007        3080437500.00005     
         452
   411.075000000007        3083062500.00005     
         396
   411.425000000007        3085687500.00005     
         293
   411.775000000007        3088312500.00005     
         462
   412.125000000007        3090937500.00005     
         201
   412.475000000007        3093562500.00005     
         498
   412.825000000007        3096187500.00005     
         457
   413.175000000007        3098812500.00005     
          53
   413.525000000007        3101437500.00005     
         172
   413.875000000007        3104062500.00005     
         246
   414.225000000007        3106687500.00006     
          83
   414.575000000007        3109312500.00006     
         384
   414.925000000007        3111937500.00006     
          72
   415.275000000007        3114562500.00006     
          35
   415.625000000007        3117187500.00006     
         483
   415.975000000007        3119812500.00006     
         126
   416.325000000007        3122437500.00006     
         186
   416.675000000008        3125062500.00006     
         366
   417.025000000008        3127687500.00006     
         182
   417.375000000008        3130312500.00006     
         471
   417.725000000008        3132937500.00006     
         297
   418.075000000008        3135562500.00006     
         183
   418.425000000008        3138187500.00006     
         298
   418.775000000008        3140812500.00006     
          99
   419.125000000008        3143437500.00006     
         214
   419.475000000008        3146062500.00006     
         470
   419.825000000008        3148687500.00006     
