       time        TW        TE         hW        hE
   0.17500E+00   0.29431E+02   0.29191E+02   0.32673E-02  -0.30686E-01
   0.52500E+00   0.28637E+02   0.27443E+02   0.27450E-01  -0.10557E+00
   0.87500E+00   0.28453E+02   0.25803E+02   0.66650E-01  -0.19185E+00
   0.12250E+01   0.28624E+02   0.24643E+02   0.11266E+00  -0.27843E+00
   0.15750E+01   0.28929E+02   0.23509E+02   0.17327E+00  -0.36881E+00
   0.19250E+01   0.29258E+02   0.22831E+02   0.24098E+00  -0.44538E+00
   0.22750E+01   0.29522E+02   0.22647E+02   0.31334E+00  -0.51632E+00
   0.26250E+01   0.29709E+02   0.22356E+02   0.38771E+00  -0.59703E+00
   0.29750E+01   0.29833E+02   0.22487E+02   0.46635E+00  -0.65462E+00
   0.33250E+01   0.29905E+02   0.23000E+02   0.54555E+00  -0.67873E+00
   0.36750E+01   0.29946E+02   0.23809E+02   0.61629E+00  -0.68739E+00
   0.40250E+01   0.29970E+02   0.24874E+02   0.67861E+00  -0.66513E+00
   0.43750E+01   0.29983E+02   0.25870E+02   0.73581E+00  -0.61057E+00
   0.47250E+01   0.29989E+02   0.26686E+02   0.78213E+00  -0.53773E+00
   0.50750E+01   0.29994E+02   0.27336E+02   0.81088E+00  -0.46083E+00
   0.54250E+01   0.29996E+02   0.27885E+02   0.80997E+00  -0.38980E+00
   0.57750E+01   0.29998E+02   0.28322E+02   0.77542E+00  -0.31196E+00
   0.61250E+01   0.29998E+02   0.28663E+02   0.72494E+00  -0.22723E+00
   0.64750E+01   0.29998E+02   0.28849E+02   0.66964E+00  -0.15276E+00
   0.68250E+01   0.29995E+02   0.29009E+02   0.61169E+00  -0.96109E-01
   0.71750E+01   0.29992E+02   0.29132E+02   0.55772E+00  -0.50228E-01
   0.75250E+01   0.29988E+02   0.28860E+02   0.51044E+00  -0.21359E-01
   0.78750E+01   0.29981E+02   0.28622E+02   0.46534E+00   0.38754E-02
   0.82250E+01   0.29971E+02   0.28617E+02   0.42588E+00   0.29045E-01
   0.85750E+01   0.29960E+02   0.28613E+02   0.39296E+00   0.41672E-01
   0.89250E+01   0.29948E+02   0.28645E+02   0.36530E+00   0.47985E-01
   0.92750E+01   0.29927E+02   0.28631E+02   0.34310E+00   0.41533E-01
   0.96250E+01   0.29907E+02   0.28623E+02   0.33736E+00   0.36322E-01
   0.99750E+01   0.29899E+02   0.28540E+02   0.33743E+00   0.28768E-01
   0.10325E+02   0.29891E+02   0.28244E+02   0.32832E+00  -0.38461E-02
   0.10675E+02   0.29878E+02   0.27858E+02   0.30983E+00  -0.24932E-01
   0.11025E+02   0.29863E+02   0.27561E+02   0.29644E+00  -0.28872E-01
   0.11375E+02   0.29849E+02   0.27437E+02   0.29376E+00  -0.35739E-01
   0.11725E+02   0.29837E+02   0.27135E+02   0.28864E+00  -0.57970E-01
   0.12075E+02   0.29824E+02   0.26646E+02   0.28284E+00  -0.90632E-01
   0.12425E+02   0.29814E+02   0.26190E+02   0.28137E+00  -0.11081E+00
   0.12775E+02   0.29808E+02   0.25808E+02   0.27835E+00  -0.12712E+00
   0.13125E+02   0.29803E+02   0.25471E+02   0.27472E+00  -0.14602E+00
   0.13475E+02   0.29804E+02   0.25244E+02   0.27848E+00  -0.16262E+00
   0.13825E+02   0.29806E+02   0.25366E+02   0.28162E+00  -0.17081E+00
   0.14175E+02   0.29810E+02   0.25438E+02   0.28915E+00  -0.17759E+00
   0.14525E+02   0.29825E+02   0.25125E+02   0.30063E+00  -0.20149E+00
   0.14875E+02   0.29838E+02   0.24959E+02   0.31347E+00  -0.22305E+00
   0.15225E+02   0.29850E+02   0.25149E+02   0.32911E+00  -0.22526E+00
   0.15575E+02   0.29864E+02   0.25050E+02   0.33775E+00  -0.23801E+00
   0.15925E+02   0.29876E+02   0.24728E+02   0.34335E+00  -0.26312E+00
   0.16275E+02   0.29889E+02   0.24671E+02   0.36016E+00  -0.27713E+00
   0.16625E+02   0.29903E+02   0.24780E+02   0.38196E+00  -0.28142E+00
   0.16975E+02   0.29918E+02   0.24800E+02   0.39872E+00  -0.29218E+00
   0.17325E+02   0.29930E+02   0.24756E+02   0.41400E+00  -0.31325E+00
   0.17675E+02   0.29941E+02   0.24952E+02   0.43473E+00  -0.32120E+00
   0.18025E+02   0.29950E+02   0.25686E+02   0.45118E+00  -0.30145E+00
   0.18375E+02   0.29958E+02   0.26240E+02   0.46374E+00  -0.28862E+00
   0.18725E+02   0.29964E+02   0.26303E+02   0.47708E+00  -0.29041E+00
   0.19075E+02   0.29968E+02   0.26616E+02   0.49011E+00  -0.27583E+00
   0.19425E+02   0.29972E+02   0.27104E+02   0.49719E+00  -0.25239E+00
   0.19775E+02   0.29974E+02   0.27444E+02   0.49036E+00  -0.23154E+00
   0.20125E+02   0.29975E+02   0.27500E+02   0.48262E+00  -0.20820E+00
   0.20475E+02   0.29973E+02   0.27611E+02   0.47607E+00  -0.18091E+00
   0.20825E+02   0.29971E+02   0.28049E+02   0.46532E+00  -0.14765E+00
   0.21175E+02   0.29968E+02   0.28372E+02   0.44804E+00  -0.12267E+00
   0.21525E+02   0.29964E+02   0.28141E+02   0.43723E+00  -0.11302E+00
   0.21875E+02   0.29960E+02   0.27644E+02   0.42567E+00  -0.10768E+00
   0.22225E+02   0.29953E+02   0.27446E+02   0.40278E+00  -0.94846E-01
   0.22575E+02   0.29942E+02   0.27411E+02   0.37691E+00  -0.77352E-01
   0.22925E+02   0.29931E+02   0.27384E+02   0.35913E+00  -0.69172E-01
   0.23275E+02   0.29920E+02   0.27281E+02   0.35280E+00  -0.67821E-01
   0.23625E+02   0.29908E+02   0.27130E+02   0.34460E+00  -0.73861E-01
   0.23975E+02   0.29898E+02   0.26978E+02   0.33131E+00  -0.81513E-01
   0.24325E+02   0.29889E+02   0.26817E+02   0.32626E+00  -0.85085E-01
   0.24675E+02   0.29883E+02   0.26668E+02   0.32800E+00  -0.92565E-01
   0.25025E+02   0.29876E+02   0.26541E+02   0.32069E+00  -0.97783E-01
   0.25375E+02   0.29869E+02   0.26407E+02   0.31058E+00  -0.10262E+00
   0.25725E+02   0.29863E+02   0.26376E+02   0.30634E+00  -0.11039E+00
   0.26075E+02   0.29859E+02   0.26479E+02   0.31409E+00  -0.10869E+00
   0.26425E+02   0.29859E+02   0.26334E+02   0.31859E+00  -0.11563E+00
   0.26775E+02   0.29859E+02   0.25982E+02   0.31202E+00  -0.14250E+00
   0.27125E+02   0.29856E+02   0.25908E+02   0.30769E+00  -0.15001E+00
   0.27475E+02   0.29854E+02   0.25989E+02   0.30960E+00  -0.14350E+00
   0.27825E+02   0.29854E+02   0.25862E+02   0.31132E+00  -0.15438E+00
   0.28175E+02   0.29857E+02   0.25640E+02   0.31355E+00  -0.17288E+00
   0.28525E+02   0.29860E+02   0.25474E+02   0.31690E+00  -0.18607E+00
   0.28875E+02   0.29862E+02   0.25325E+02   0.32319E+00  -0.19362E+00
   0.29225E+02   0.29870E+02   0.25164E+02   0.33202E+00  -0.20613E+00
   0.29575E+02   0.29877E+02   0.25222E+02   0.33922E+00  -0.21943E+00
   0.29925E+02   0.29883E+02   0.25313E+02   0.34916E+00  -0.22542E+00
   0.30275E+02   0.29892E+02   0.25420E+02   0.35892E+00  -0.22821E+00
   0.30625E+02   0.29902E+02   0.25661E+02   0.36910E+00  -0.23331E+00
   0.30975E+02   0.29912E+02   0.25888E+02   0.38136E+00  -0.23598E+00
   0.31325E+02   0.29922E+02   0.25820E+02   0.39592E+00  -0.23688E+00
   0.31675E+02   0.29931E+02   0.25217E+02   0.40156E+00  -0.24923E+00
   0.32025E+02   0.29936E+02   0.24799E+02   0.39648E+00  -0.26114E+00
   0.32375E+02   0.29939E+02   0.24626E+02   0.39971E+00  -0.26671E+00
   0.32725E+02   0.29941E+02   0.24802E+02   0.41532E+00  -0.26366E+00
   0.33075E+02   0.29945E+02   0.25372E+02   0.42652E+00  -0.25793E+00
   0.33425E+02   0.29950E+02   0.25485E+02   0.43109E+00  -0.26696E+00
   0.33775E+02   0.29953E+02   0.25508E+02   0.43974E+00  -0.26765E+00
   0.34125E+02   0.29957E+02   0.25884E+02   0.45189E+00  -0.24962E+00
   0.34475E+02   0.29960E+02   0.25963E+02   0.46171E+00  -0.23821E+00
   0.34825E+02   0.29964E+02   0.26106E+02   0.46211E+00  -0.23206E+00
   0.35175E+02   0.29966E+02   0.26650E+02   0.45729E+00  -0.21456E+00
   0.35525E+02   0.29966E+02   0.27209E+02   0.45085E+00  -0.18051E+00
   0.35875E+02   0.29964E+02   0.27409E+02   0.43998E+00  -0.15430E+00
   0.36225E+02   0.29961E+02   0.27002E+02   0.43291E+00  -0.15232E+00
   0.36575E+02   0.29958E+02   0.26475E+02   0.42684E+00  -0.15311E+00
   0.36925E+02   0.29953E+02   0.26246E+02   0.41077E+00  -0.14791E+00
   0.37275E+02   0.29946E+02   0.26430E+02   0.39504E+00  -0.13331E+00
   0.37625E+02   0.29939E+02   0.26646E+02   0.38635E+00  -0.11928E+00
   0.37975E+02   0.29933E+02   0.26607E+02   0.37705E+00  -0.12026E+00
   0.38325E+02   0.29926E+02   0.26558E+02   0.36827E+00  -0.11936E+00
   0.38675E+02   0.29921E+02   0.26519E+02   0.36411E+00  -0.11574E+00
   0.39025E+02   0.29918E+02   0.26418E+02   0.36236E+00  -0.11583E+00
   0.39375E+02   0.29914E+02   0.26311E+02   0.36159E+00  -0.11649E+00
   0.39725E+02   0.29912E+02   0.26154E+02   0.35271E+00  -0.12301E+00
   0.40075E+02   0.29903E+02   0.26055E+02   0.33227E+00  -0.12292E+00
   0.40425E+02   0.29889E+02   0.26094E+02   0.32387E+00  -0.11743E+00
   0.40775E+02   0.29883E+02   0.26057E+02   0.33242E+00  -0.12459E+00
   0.41125E+02   0.29885E+02   0.25915E+02   0.33738E+00  -0.13597E+00
   0.41475E+02   0.29884E+02   0.25878E+02   0.33333E+00  -0.14703E+00
   0.41825E+02   0.29883E+02   0.25757E+02   0.33064E+00  -0.15908E+00
   0.42175E+02   0.29882E+02   0.25381E+02   0.33094E+00  -0.16860E+00
   0.42525E+02   0.29880E+02   0.25177E+02   0.33455E+00  -0.18091E+00
   0.42875E+02   0.29882E+02   0.25059E+02   0.33769E+00  -0.19470E+00
   0.43225E+02   0.29885E+02   0.25115E+02   0.33854E+00  -0.19778E+00
   0.43575E+02   0.29890E+02   0.25129E+02   0.34614E+00  -0.20498E+00
   0.43925E+02   0.29896E+02   0.24838E+02   0.35388E+00  -0.22275E+00
   0.44275E+02   0.29902E+02   0.24645E+02   0.36175E+00  -0.23297E+00
   0.44625E+02   0.29907E+02   0.24501E+02   0.36952E+00  -0.24754E+00
   0.44975E+02   0.29913E+02   0.24373E+02   0.37742E+00  -0.26499E+00
   0.45325E+02   0.29920E+02   0.24465E+02   0.38827E+00  -0.27065E+00
   0.45675E+02   0.29928E+02   0.24430E+02   0.40119E+00  -0.28330E+00
   0.46025E+02   0.29936E+02   0.24279E+02   0.40931E+00  -0.29791E+00
   0.46375E+02   0.29941E+02   0.24595E+02   0.42103E+00  -0.29465E+00
   0.46725E+02   0.29948E+02   0.24867E+02   0.44058E+00  -0.29108E+00
   0.47075E+02   0.29955E+02   0.24867E+02   0.45319E+00  -0.29666E+00
   0.47425E+02   0.29960E+02   0.24850E+02   0.46265E+00  -0.30168E+00
   0.47775E+02   0.29964E+02   0.24798E+02   0.46727E+00  -0.30288E+00
   0.48125E+02   0.29967E+02   0.25029E+02   0.47204E+00  -0.28775E+00
   0.48475E+02   0.29969E+02   0.25394E+02   0.48047E+00  -0.26909E+00
   0.48825E+02   0.29971E+02   0.25585E+02   0.48511E+00  -0.26473E+00
   0.49175E+02   0.29973E+02   0.25738E+02   0.48411E+00  -0.25140E+00
   0.49525E+02   0.29973E+02   0.25872E+02   0.48188E+00  -0.23251E+00
   0.49875E+02   0.29973E+02   0.26045E+02   0.48033E+00  -0.21646E+00
   0.50225E+02   0.29972E+02   0.26565E+02   0.47867E+00  -0.18624E+00
   0.50575E+02   0.29972E+02   0.27104E+02   0.47217E+00  -0.15873E+00
   0.50925E+02   0.29969E+02   0.27247E+02   0.45630E+00  -0.14298E+00
   0.51275E+02   0.29965E+02   0.27293E+02   0.43870E+00  -0.11680E+00
   0.51625E+02   0.29960E+02   0.27225E+02   0.42443E+00  -0.95436E-01
   0.51975E+02   0.29954E+02   0.27140E+02   0.41004E+00  -0.84844E-01
   0.52325E+02   0.29949E+02   0.27139E+02   0.39157E+00  -0.73797E-01
   0.52675E+02   0.29942E+02   0.27041E+02   0.36489E+00  -0.72734E-01
   0.53025E+02   0.29928E+02   0.27031E+02   0.34317E+00  -0.65157E-01
   0.53375E+02   0.29910E+02   0.27119E+02   0.33447E+00  -0.53497E-01
   0.53725E+02   0.29896E+02   0.27086E+02   0.33050E+00  -0.61627E-01
   0.54075E+02   0.29887E+02   0.27048E+02   0.32489E+00  -0.72497E-01
   0.54425E+02   0.29880E+02   0.26810E+02   0.31952E+00  -0.87230E-01
   0.54775E+02   0.29873E+02   0.26589E+02   0.31577E+00  -0.94675E-01
   0.55125E+02   0.29867E+02   0.26597E+02   0.31011E+00  -0.87184E-01
   0.55475E+02   0.29860E+02   0.26507E+02   0.30640E+00  -0.96407E-01
   0.55825E+02   0.29853E+02   0.26282E+02   0.30521E+00  -0.11196E+00
   0.56175E+02   0.29846E+02   0.26262E+02   0.30379E+00  -0.11527E+00
   0.56525E+02   0.29845E+02   0.26263E+02   0.30561E+00  -0.12303E+00
   0.56875E+02   0.29846E+02   0.25967E+02   0.30884E+00  -0.14022E+00
   0.57225E+02   0.29846E+02   0.25875E+02   0.30976E+00  -0.15137E+00
   0.57575E+02   0.29848E+02   0.25791E+02   0.30797E+00  -0.15867E+00
   0.57925E+02   0.29848E+02   0.25506E+02   0.30825E+00  -0.17311E+00
   0.58275E+02   0.29852E+02   0.25288E+02   0.31484E+00  -0.19139E+00
   0.58625E+02   0.29859E+02   0.25200E+02   0.32588E+00  -0.20326E+00
   0.58975E+02   0.29868E+02   0.25047E+02   0.33396E+00  -0.21472E+00
   0.59325E+02   0.29874E+02   0.24752E+02   0.33859E+00  -0.23513E+00
   0.59675E+02   0.29882E+02   0.24541E+02   0.34997E+00  -0.25213E+00
   0.60025E+02   0.29893E+02   0.24516E+02   0.36360E+00  -0.26238E+00
   0.60375E+02   0.29906E+02   0.24347E+02   0.37934E+00  -0.28484E+00
   0.60725E+02   0.29918E+02   0.23921E+02   0.39276E+00  -0.31315E+00
   0.61075E+02   0.29928E+02   0.24068E+02   0.40379E+00  -0.32269E+00
   0.61425E+02   0.29938E+02   0.24958E+02   0.42420E+00  -0.31114E+00
   0.61775E+02   0.29947E+02   0.25710E+02   0.44717E+00  -0.29897E+00
   0.62125E+02   0.29956E+02   0.26245E+02   0.46070E+00  -0.29514E+00
   0.62475E+02   0.29962E+02   0.26647E+02   0.47541E+00  -0.28621E+00
   0.62825E+02   0.29967E+02   0.26973E+02   0.49012E+00  -0.26579E+00
   0.63175E+02   0.29971E+02   0.27502E+02   0.49157E+00  -0.23709E+00
   0.63525E+02   0.29973E+02   0.27750E+02   0.48663E+00  -0.21000E+00
   0.63875E+02   0.29973E+02   0.27632E+02   0.47869E+00  -0.18894E+00
   0.64225E+02   0.29971E+02   0.27644E+02   0.46602E+00  -0.16637E+00
   0.64575E+02   0.29968E+02   0.27669E+02   0.45000E+00  -0.14730E+00
   0.64925E+02   0.29963E+02   0.27835E+02   0.43753E+00  -0.13022E+00
   0.65275E+02   0.29959E+02   0.27790E+02   0.43081E+00  -0.11352E+00
   0.65625E+02   0.29956E+02   0.27399E+02   0.41360E+00  -0.10746E+00
   0.65975E+02   0.29947E+02   0.27201E+02   0.38354E+00  -0.10274E+00
   0.66325E+02   0.29937E+02   0.27157E+02   0.36714E+00  -0.85638E-01
   0.66675E+02   0.29928E+02   0.27160E+02   0.36628E+00  -0.70480E-01
   0.67025E+02   0.29921E+02   0.27015E+02   0.35834E+00  -0.79494E-01
   0.67375E+02   0.29913E+02   0.26926E+02   0.34328E+00  -0.88699E-01
   0.67725E+02   0.29902E+02   0.26926E+02   0.33397E+00  -0.81059E-01
   0.68075E+02   0.29890E+02   0.26862E+02   0.32865E+00  -0.80097E-01
   0.68425E+02   0.29883E+02   0.26897E+02   0.32898E+00  -0.84084E-01
   0.68775E+02   0.29880E+02   0.26640E+02   0.32390E+00  -0.10065E+00
   0.69125E+02   0.29872E+02   0.26237E+02   0.31309E+00  -0.11988E+00
   0.69475E+02   0.29864E+02   0.26162E+02   0.31055E+00  -0.11841E+00
   0.69825E+02   0.29860E+02   0.26262E+02   0.31269E+00  -0.11597E+00
   0.70175E+02   0.29857E+02   0.26233E+02   0.31483E+00  -0.12609E+00
   0.70525E+02   0.29856E+02   0.25975E+02   0.31532E+00  -0.14591E+00
   0.70875E+02   0.29856E+02   0.25718E+02   0.31238E+00  -0.16122E+00
   0.71225E+02   0.29856E+02   0.25491E+02   0.31350E+00  -0.17032E+00
   0.71575E+02   0.29859E+02   0.25348E+02   0.32422E+00  -0.18194E+00
   0.71925E+02   0.29868E+02   0.25104E+02   0.32934E+00  -0.19844E+00
   0.72275E+02   0.29873E+02   0.24866E+02   0.32759E+00  -0.21517E+00
   0.72625E+02   0.29875E+02   0.24578E+02   0.33057E+00  -0.23164E+00
   0.72975E+02   0.29881E+02   0.24130E+02   0.34189E+00  -0.25391E+00
   0.73325E+02   0.29891E+02   0.24056E+02   0.36226E+00  -0.27041E+00
   0.73675E+02   0.29905E+02   0.24312E+02   0.38031E+00  -0.28595E+00
   0.74025E+02   0.29917E+02   0.24807E+02   0.38949E+00  -0.29388E+00
   0.74375E+02   0.29927E+02   0.25349E+02   0.40497E+00  -0.28470E+00
   0.74725E+02   0.29937E+02   0.25302E+02   0.42606E+00  -0.29098E+00
   0.75075E+02   0.29946E+02   0.25278E+02   0.44495E+00  -0.29910E+00
   0.75425E+02   0.29955E+02   0.25953E+02   0.45903E+00  -0.28544E+00
   0.75775E+02   0.29961E+02   0.26500E+02   0.46662E+00  -0.27209E+00
   0.76125E+02   0.29965E+02   0.26463E+02   0.46919E+00  -0.26176E+00
   0.76475E+02   0.29967E+02   0.25946E+02   0.47014E+00  -0.25903E+00
   0.76825E+02   0.29968E+02   0.25695E+02   0.46347E+00  -0.25682E+00
   0.77175E+02   0.29968E+02   0.26307E+02   0.45961E+00  -0.22473E+00
   0.77525E+02   0.29968E+02   0.26978E+02   0.46391E+00  -0.19100E+00
   0.77875E+02   0.29968E+02   0.27114E+02   0.46309E+00  -0.17944E+00
   0.78225E+02   0.29967E+02   0.26930E+02   0.45264E+00  -0.17068E+00
   0.78575E+02   0.29964E+02   0.26883E+02   0.43988E+00  -0.15554E+00
   0.78925E+02   0.29960E+02   0.26959E+02   0.43113E+00  -0.13269E+00
   0.79275E+02   0.29957E+02   0.26938E+02   0.42277E+00  -0.11657E+00
   0.79625E+02   0.29953E+02   0.26967E+02   0.40808E+00  -0.10888E+00
   0.79975E+02   0.29946E+02   0.26851E+02   0.38532E+00  -0.10087E+00
   0.80325E+02   0.29935E+02   0.26683E+02   0.36430E+00  -0.94051E-01
   0.80675E+02   0.29925E+02   0.26838E+02   0.35737E+00  -0.82730E-01
   0.81025E+02   0.29918E+02   0.27060E+02   0.35992E+00  -0.73414E-01
   0.81375E+02   0.29913E+02   0.26930E+02   0.35294E+00  -0.85160E-01
   0.81725E+02   0.29904E+02   0.26645E+02   0.33546E+00  -0.10294E+00
   0.82075E+02   0.29892E+02   0.26584E+02   0.32323E+00  -0.98932E-01
   0.82425E+02   0.29882E+02   0.26593E+02   0.32459E+00  -0.91424E-01
   0.82775E+02   0.29875E+02   0.26565E+02   0.32590E+00  -0.97750E-01
   0.83125E+02   0.29870E+02   0.26446E+02   0.32035E+00  -0.11246E+00
   0.83475E+02   0.29865E+02   0.26468E+02   0.31332E+00  -0.11762E+00
   0.83825E+02   0.29864E+02   0.26533E+02   0.31365E+00  -0.11210E+00
   0.84175E+02   0.29863E+02   0.26287E+02   0.31522E+00  -0.12411E+00
   0.84525E+02   0.29861E+02   0.25967E+02   0.31449E+00  -0.14278E+00
   0.84875E+02   0.29859E+02   0.25599E+02   0.31037E+00  -0.15649E+00
   0.85225E+02   0.29855E+02   0.25366E+02   0.30564E+00  -0.16794E+00
   0.85575E+02   0.29853E+02   0.25284E+02   0.30981E+00  -0.17697E+00
   0.85925E+02   0.29856E+02   0.25246E+02   0.32089E+00  -0.18991E+00
   0.86275E+02   0.29864E+02   0.25393E+02   0.33429E+00  -0.19988E+00
   0.86625E+02   0.29875E+02   0.25187E+02   0.34185E+00  -0.21779E+00
   0.86975E+02   0.29884E+02   0.24883E+02   0.34684E+00  -0.24147E+00
   0.87325E+02   0.29894E+02   0.24866E+02   0.36079E+00  -0.24764E+00
   0.87675E+02   0.29906E+02   0.25099E+02   0.37757E+00  -0.24562E+00
   0.88025E+02   0.29916E+02   0.25456E+02   0.38224E+00  -0.24554E+00
   0.88375E+02   0.29922E+02   0.25374E+02   0.38675E+00  -0.25369E+00
   0.88725E+02   0.29928E+02   0.25435E+02   0.40154E+00  -0.26045E+00
   0.89075E+02   0.29936E+02   0.25839E+02   0.41893E+00  -0.25417E+00
   0.89425E+02   0.29944E+02   0.25748E+02   0.42639E+00  -0.25967E+00
   0.89775E+02   0.29949E+02   0.25662E+02   0.42848E+00  -0.26344E+00
   0.90125E+02   0.29952E+02   0.25869E+02   0.43218E+00  -0.25122E+00
   0.90475E+02   0.29954E+02   0.25986E+02   0.43716E+00  -0.24002E+00
   0.90825E+02   0.29956E+02   0.25969E+02   0.44190E+00  -0.23887E+00
   0.91175E+02   0.29958E+02   0.25904E+02   0.44503E+00  -0.24095E+00
   0.91525E+02   0.29960E+02   0.25963E+02   0.45061E+00  -0.22923E+00
   0.91875E+02   0.29961E+02   0.26133E+02   0.44642E+00  -0.21087E+00
   0.92225E+02   0.29960E+02   0.26254E+02   0.43993E+00  -0.20192E+00
   0.92575E+02   0.29960E+02   0.26412E+02   0.43997E+00  -0.18840E+00
   0.92925E+02   0.29959E+02   0.26755E+02   0.43739E+00  -0.16767E+00
   0.93275E+02   0.29958E+02   0.26879E+02   0.43149E+00  -0.15561E+00
   0.93625E+02   0.29955E+02   0.26870E+02   0.42187E+00  -0.14294E+00
   0.93975E+02   0.29952E+02   0.26876E+02   0.41164E+00  -0.12984E+00
   0.94325E+02   0.29948E+02   0.26702E+02   0.40358E+00  -0.12607E+00
   0.94675E+02   0.29942E+02   0.26459E+02   0.38851E+00  -0.12617E+00
   0.95025E+02   0.29933E+02   0.26314E+02   0.37067E+00  -0.12297E+00
   0.95375E+02   0.29926E+02   0.26359E+02   0.36336E+00  -0.11648E+00
   0.95725E+02   0.29919E+02   0.26631E+02   0.35977E+00  -0.10425E+00
   0.96075E+02   0.29913E+02   0.26672E+02   0.35374E+00  -0.10533E+00
   0.96425E+02   0.29908E+02   0.26383E+02   0.34565E+00  -0.11884E+00
   0.96775E+02   0.29901E+02   0.26166E+02   0.34284E+00  -0.12520E+00
   0.97125E+02   0.29898E+02   0.26007E+02   0.34122E+00  -0.12504E+00
   0.97475E+02   0.29893E+02   0.25969E+02   0.33269E+00  -0.12422E+00
   0.97825E+02   0.29889E+02   0.25989E+02   0.32673E+00  -0.13056E+00
   0.98175E+02   0.29884E+02   0.25784E+02   0.32414E+00  -0.14096E+00
   0.98525E+02   0.29878E+02   0.25402E+02   0.32523E+00  -0.15560E+00
   0.98875E+02   0.29878E+02   0.25102E+02   0.32587E+00  -0.17439E+00
   0.99225E+02   0.29878E+02   0.24831E+02   0.33066E+00  -0.19043E+00
   0.99575E+02   0.29882E+02   0.24530E+02   0.33878E+00  -0.20624E+00
   0.99925E+02   0.29887E+02   0.24450E+02   0.33769E+00  -0.22001E+00
   0.10027E+03   0.29889E+02   0.24595E+02   0.34143E+00  -0.22562E+00
   0.10062E+03   0.29895E+02   0.24688E+02   0.35731E+00  -0.23388E+00
   0.10097E+03   0.29904E+02   0.24862E+02   0.37478E+00  -0.24195E+00
   0.10132E+03   0.29916E+02   0.25091E+02   0.38792E+00  -0.24835E+00
   0.10167E+03   0.29925E+02   0.25432E+02   0.39397E+00  -0.24836E+00
   0.10202E+03   0.29931E+02   0.25747E+02   0.40266E+00  -0.24047E+00
   0.10237E+03   0.29937E+02   0.26006E+02   0.41034E+00  -0.23151E+00
   0.10272E+03   0.29942E+02   0.26358E+02   0.41399E+00  -0.22418E+00
   0.10307E+03   0.29945E+02   0.26794E+02   0.41524E+00  -0.21184E+00
   0.10342E+03   0.29946E+02   0.27171E+02   0.41692E+00  -0.19021E+00
   0.10377E+03   0.29948E+02   0.27074E+02   0.41939E+00  -0.18171E+00
   0.10412E+03   0.29949E+02   0.26966E+02   0.41478E+00  -0.17794E+00
   0.10447E+03   0.29947E+02   0.27138E+02   0.40675E+00  -0.16359E+00
   0.10482E+03   0.29943E+02   0.26895E+02   0.39934E+00  -0.15554E+00
   0.10517E+03   0.29940E+02   0.26587E+02   0.39293E+00  -0.15007E+00
   0.10552E+03   0.29937E+02   0.26795E+02   0.38428E+00  -0.13979E+00
   0.10587E+03   0.29933E+02   0.26733E+02   0.37757E+00  -0.13476E+00
   0.10622E+03   0.29928E+02   0.26485E+02   0.37136E+00  -0.13018E+00
   0.10657E+03   0.29922E+02   0.26488E+02   0.36757E+00  -0.12799E+00
   0.10692E+03   0.29919E+02   0.26444E+02   0.36480E+00  -0.12693E+00
   0.10727E+03   0.29917E+02   0.26205E+02   0.36071E+00  -0.13300E+00
   0.10762E+03   0.29913E+02   0.25831E+02   0.35204E+00  -0.14916E+00
   0.10797E+03   0.29906E+02   0.25576E+02   0.34643E+00  -0.15497E+00
   0.10832E+03   0.29902E+02   0.25571E+02   0.34755E+00  -0.15255E+00
   0.10867E+03   0.29903E+02   0.25619E+02   0.34676E+00  -0.15491E+00
   0.10902E+03   0.29903E+02   0.25538E+02   0.34570E+00  -0.16516E+00
   0.10937E+03   0.29900E+02   0.25528E+02   0.34836E+00  -0.17076E+00
   0.10972E+03   0.29901E+02   0.25704E+02   0.35508E+00  -0.16729E+00
   0.11007E+03   0.29904E+02   0.25992E+02   0.35966E+00  -0.16504E+00
   0.11042E+03   0.29906E+02   0.25957E+02   0.36011E+00  -0.17334E+00
   0.11077E+03   0.29905E+02   0.25617E+02   0.35804E+00  -0.18478E+00
   0.11112E+03   0.29907E+02   0.25460E+02   0.35758E+00  -0.18519E+00
   0.11147E+03   0.29907E+02   0.25495E+02   0.35320E+00  -0.18434E+00
   0.11182E+03   0.29905E+02   0.25734E+02   0.35415E+00  -0.18495E+00
   0.11217E+03   0.29907E+02   0.25986E+02   0.36227E+00  -0.17615E+00
   0.11252E+03   0.29910E+02   0.26015E+02   0.36467E+00  -0.17795E+00
   0.11287E+03   0.29912E+02   0.25904E+02   0.36310E+00  -0.18947E+00
   0.11322E+03   0.29913E+02   0.25963E+02   0.36500E+00  -0.18650E+00
   0.11357E+03   0.29917E+02   0.25822E+02   0.37325E+00  -0.18556E+00
   0.11392E+03   0.29920E+02   0.25630E+02   0.37365E+00  -0.18879E+00
   0.11427E+03   0.29920E+02   0.25509E+02   0.36744E+00  -0.19574E+00
   0.11462E+03   0.29919E+02   0.25206E+02   0.36477E+00  -0.20454E+00
   0.11497E+03   0.29919E+02   0.25056E+02   0.37053E+00  -0.20623E+00
   0.11532E+03   0.29921E+02   0.25168E+02   0.37798E+00  -0.20824E+00
   0.11567E+03   0.29923E+02   0.25265E+02   0.38453E+00  -0.21371E+00
   0.11602E+03   0.29926E+02   0.25185E+02   0.38995E+00  -0.22133E+00
   0.11637E+03   0.29931E+02   0.24917E+02   0.39270E+00  -0.23358E+00
   0.11672E+03   0.29936E+02   0.24820E+02   0.39688E+00  -0.23894E+00
   0.11707E+03   0.29938E+02   0.25245E+02   0.40336E+00  -0.22784E+00
   0.11742E+03   0.29941E+02   0.25593E+02   0.41126E+00  -0.21801E+00
   0.11777E+03   0.29944E+02   0.25789E+02   0.41527E+00  -0.21543E+00
   0.11812E+03   0.29946E+02   0.25962E+02   0.41587E+00  -0.21408E+00
   0.11847E+03   0.29948E+02   0.26043E+02   0.41501E+00  -0.20623E+00
   0.11882E+03   0.29949E+02   0.26322E+02   0.41725E+00  -0.18741E+00
   0.11917E+03   0.29950E+02   0.26591E+02   0.41591E+00  -0.17601E+00
   0.11952E+03   0.29948E+02   0.26566E+02   0.40889E+00  -0.17269E+00
   0.11987E+03   0.29945E+02   0.26409E+02   0.40092E+00  -0.16701E+00
   0.12022E+03   0.29943E+02   0.26145E+02   0.39306E+00  -0.16900E+00
   0.12057E+03   0.29939E+02   0.26100E+02   0.38725E+00  -0.16276E+00
   0.12092E+03   0.29935E+02   0.26244E+02   0.38432E+00  -0.14942E+00
   0.12127E+03   0.29930E+02   0.26221E+02   0.38034E+00  -0.14831E+00
   0.12162E+03   0.29927E+02   0.26272E+02   0.37500E+00  -0.14749E+00
   0.12197E+03   0.29925E+02   0.26175E+02   0.36995E+00  -0.14961E+00
   0.12232E+03   0.29923E+02   0.25931E+02   0.36839E+00  -0.15499E+00
   0.12267E+03   0.29922E+02   0.25999E+02   0.37070E+00  -0.14679E+00
   0.12302E+03   0.29920E+02   0.26251E+02   0.36530E+00  -0.13713E+00
   0.12337E+03   0.29917E+02   0.26236E+02   0.35873E+00  -0.14034E+00
   0.12372E+03   0.29912E+02   0.25828E+02   0.35431E+00  -0.15256E+00
   0.12407E+03   0.29909E+02   0.25547E+02   0.35123E+00  -0.16021E+00
   0.12442E+03   0.29907E+02   0.25689E+02   0.35041E+00  -0.15199E+00
   0.12477E+03   0.29905E+02   0.25830E+02   0.35068E+00  -0.15101E+00
   0.12512E+03   0.29902E+02   0.25825E+02   0.34841E+00  -0.15930E+00
   0.12547E+03   0.29900E+02   0.25827E+02   0.34843E+00  -0.16157E+00
   0.12582E+03   0.29900E+02   0.25814E+02   0.34937E+00  -0.16525E+00
   0.12617E+03   0.29899E+02   0.25764E+02   0.35051E+00  -0.16785E+00
   0.12652E+03   0.29900E+02   0.25850E+02   0.35666E+00  -0.16572E+00
   0.12687E+03   0.29903E+02   0.25819E+02   0.35828E+00  -0.17095E+00
   0.12722E+03   0.29906E+02   0.25717E+02   0.35387E+00  -0.17883E+00
   0.12757E+03   0.29905E+02   0.25424E+02   0.34796E+00  -0.18883E+00
   0.12792E+03   0.29902E+02   0.25267E+02   0.35184E+00  -0.19550E+00
   0.12827E+03   0.29903E+02   0.25512E+02   0.36234E+00  -0.18928E+00
   0.12862E+03   0.29907E+02   0.25679E+02   0.36993E+00  -0.19452E+00
   0.12897E+03   0.29913E+02   0.25741E+02   0.36807E+00  -0.20724E+00
   0.12932E+03   0.29917E+02   0.25580E+02   0.36970E+00  -0.20856E+00
   0.12967E+03   0.29921E+02   0.25395E+02   0.37776E+00  -0.20719E+00
   0.13002E+03   0.29925E+02   0.25394E+02   0.38211E+00  -0.20733E+00
   0.13037E+03   0.29927E+02   0.25587E+02   0.38475E+00  -0.20700E+00
   0.13072E+03   0.29930E+02   0.25772E+02   0.38703E+00  -0.20500E+00
   0.13107E+03   0.29932E+02   0.25972E+02   0.38892E+00  -0.19947E+00
   0.13142E+03   0.29933E+02   0.26084E+02   0.39037E+00  -0.19275E+00
   0.13177E+03   0.29934E+02   0.26063E+02   0.39167E+00  -0.19053E+00
   0.13212E+03   0.29936E+02   0.26082E+02   0.39534E+00  -0.18889E+00
   0.13247E+03   0.29937E+02   0.26301E+02   0.39654E+00  -0.17975E+00
   0.13282E+03   0.29936E+02   0.26467E+02   0.38969E+00  -0.17216E+00
   0.13317E+03   0.29935E+02   0.26405E+02   0.38841E+00  -0.16881E+00
   0.13352E+03   0.29935E+02   0.26545E+02   0.38704E+00  -0.16062E+00
   0.13387E+03   0.29933E+02   0.26688E+02   0.38169E+00  -0.15274E+00
   0.13422E+03   0.29931E+02   0.26946E+02   0.37821E+00  -0.14040E+00
   0.13457E+03   0.29930E+02   0.26994E+02   0.37381E+00  -0.13253E+00
   0.13492E+03   0.29924E+02   0.26853E+02   0.36891E+00  -0.13245E+00
   0.13527E+03   0.29920E+02   0.27009E+02   0.36341E+00  -0.11826E+00
   0.13562E+03   0.29912E+02   0.26948E+02   0.35362E+00  -0.11553E+00
   0.13597E+03   0.29904E+02   0.26690E+02   0.34948E+00  -0.12459E+00
   0.13632E+03   0.29902E+02   0.26632E+02   0.34623E+00  -0.12361E+00
   0.13667E+03   0.29899E+02   0.26667E+02   0.33804E+00  -0.12308E+00
   0.13702E+03   0.29894E+02   0.26454E+02   0.33326E+00  -0.12621E+00
   0.13737E+03   0.29887E+02   0.26261E+02   0.32961E+00  -0.13554E+00
   0.13772E+03   0.29881E+02   0.26394E+02   0.33455E+00  -0.13562E+00
   0.13807E+03   0.29882E+02   0.26578E+02   0.33876E+00  -0.13188E+00
   0.13842E+03   0.29883E+02   0.26218E+02   0.33746E+00  -0.15367E+00
   0.13877E+03   0.29883E+02   0.25872E+02   0.33613E+00  -0.16941E+00
   0.13912E+03   0.29885E+02   0.25841E+02   0.33779E+00  -0.16547E+00
   0.13947E+03   0.29887E+02   0.25559E+02   0.33727E+00  -0.17417E+00
   0.13982E+03   0.29888E+02   0.25228E+02   0.33610E+00  -0.19108E+00
   0.14017E+03   0.29890E+02   0.25081E+02   0.33851E+00  -0.20345E+00
   0.14052E+03   0.29892E+02   0.25126E+02   0.34721E+00  -0.20899E+00
   0.14087E+03   0.29898E+02   0.25267E+02   0.35693E+00  -0.21320E+00
   0.14122E+03   0.29902E+02   0.25281E+02   0.36187E+00  -0.22812E+00
   0.14157E+03   0.29909E+02   0.25242E+02   0.37459E+00  -0.23640E+00
   0.14192E+03   0.29917E+02   0.25188E+02   0.38585E+00  -0.23919E+00
   0.14227E+03   0.29923E+02   0.24898E+02   0.39001E+00  -0.25353E+00
   0.14262E+03   0.29928E+02   0.24762E+02   0.39719E+00  -0.26458E+00
   0.14297E+03   0.29935E+02   0.24954E+02   0.40818E+00  -0.26568E+00
   0.14332E+03   0.29941E+02   0.24925E+02   0.41656E+00  -0.26950E+00
   0.14367E+03   0.29945E+02   0.24768E+02   0.41920E+00  -0.27765E+00
   0.14402E+03   0.29948E+02   0.24983E+02   0.42433E+00  -0.27507E+00
   0.14437E+03   0.29952E+02   0.25363E+02   0.44183E+00  -0.26365E+00
   0.14472E+03   0.29957E+02   0.25847E+02   0.45504E+00  -0.25366E+00
   0.14507E+03   0.29961E+02   0.26003E+02   0.45416E+00  -0.25050E+00
   0.14542E+03   0.29963E+02   0.25721E+02   0.45451E+00  -0.24804E+00
   0.14577E+03   0.29964E+02   0.25713E+02   0.46198E+00  -0.23541E+00
   0.14612E+03   0.29965E+02   0.26157E+02   0.46064E+00  -0.21620E+00
   0.14647E+03   0.29966E+02   0.26325E+02   0.45456E+00  -0.20565E+00
   0.14682E+03   0.29965E+02   0.26180E+02   0.44903E+00  -0.20065E+00
   0.14717E+03   0.29964E+02   0.26276E+02   0.44247E+00  -0.18233E+00
   0.14752E+03   0.29961E+02   0.26396E+02   0.43234E+00  -0.16137E+00
   0.14787E+03   0.29958E+02   0.26419E+02   0.42496E+00  -0.15506E+00
   0.14822E+03   0.29955E+02   0.26556E+02   0.42275E+00  -0.14461E+00
   0.14857E+03   0.29952E+02   0.26906E+02   0.41450E+00  -0.12175E+00
   0.14892E+03   0.29949E+02   0.27179E+02   0.39706E+00  -0.10451E+00
   0.14927E+03   0.29942E+02   0.27300E+02   0.38087E+00  -0.91737E-01
   0.14962E+03   0.29935E+02   0.27128E+02   0.37460E+00  -0.85064E-01
   0.14997E+03   0.29928E+02   0.26913E+02   0.36327E+00  -0.86896E-01
   0.15032E+03   0.29917E+02   0.26782E+02   0.34765E+00  -0.90721E-01
   0.15067E+03   0.29902E+02   0.26624E+02   0.33310E+00  -0.94714E-01
   0.15102E+03   0.29887E+02   0.26528E+02   0.32678E+00  -0.96925E-01
   0.15137E+03   0.29879E+02   0.26301E+02   0.32389E+00  -0.10759E+00
   0.15172E+03   0.29875E+02   0.25950E+02   0.31611E+00  -0.12918E+00
   0.15207E+03   0.29869E+02   0.25844E+02   0.31299E+00  -0.13441E+00
   0.15242E+03   0.29868E+02   0.25728E+02   0.32237E+00  -0.13688E+00
   0.15277E+03   0.29875E+02   0.25425E+02   0.32925E+00  -0.15551E+00
   0.15312E+03   0.29878E+02   0.25053E+02   0.32637E+00  -0.17945E+00
   0.15347E+03   0.29877E+02   0.24776E+02   0.32323E+00  -0.19423E+00
   0.15382E+03   0.29876E+02   0.24741E+02   0.32721E+00  -0.19537E+00
   0.15417E+03   0.29879E+02   0.24923E+02   0.33932E+00  -0.19715E+00
   0.15452E+03   0.29886E+02   0.25113E+02   0.34904E+00  -0.20816E+00
   0.15487E+03   0.29894E+02   0.25151E+02   0.35494E+00  -0.22174E+00
   0.15522E+03   0.29903E+02   0.25351E+02   0.36525E+00  -0.22639E+00
   0.15557E+03   0.29910E+02   0.25495E+02   0.37455E+00  -0.22836E+00
   0.15592E+03   0.29918E+02   0.25633E+02   0.38176E+00  -0.22750E+00
   0.15627E+03   0.29925E+02   0.25714E+02   0.39007E+00  -0.22811E+00
   0.15662E+03   0.29928E+02   0.25605E+02   0.39186E+00  -0.23605E+00
   0.15697E+03   0.29929E+02   0.25632E+02   0.39310E+00  -0.23645E+00
   0.15732E+03   0.29933E+02   0.25958E+02   0.40282E+00  -0.22818E+00
   0.15767E+03   0.29939E+02   0.25925E+02   0.41357E+00  -0.23140E+00
   0.15802E+03   0.29943E+02   0.25668E+02   0.41205E+00  -0.23782E+00
   0.15837E+03   0.29945E+02   0.26167E+02   0.41058E+00  -0.22238E+00
   0.15872E+03   0.29945E+02   0.26726E+02   0.41453E+00  -0.19620E+00
   0.15907E+03   0.29947E+02   0.26968E+02   0.42446E+00  -0.18317E+00
   0.15942E+03   0.29950E+02   0.26765E+02   0.42893E+00  -0.18728E+00
   0.15977E+03   0.29951E+02   0.26296E+02   0.42028E+00  -0.19467E+00
   0.16012E+03   0.29950E+02   0.26270E+02   0.41125E+00  -0.18130E+00
   0.16047E+03   0.29948E+02   0.26262E+02   0.40457E+00  -0.16347E+00
   0.16082E+03   0.29943E+02   0.26333E+02   0.40018E+00  -0.15364E+00
   0.16117E+03   0.29940E+02   0.26604E+02   0.39436E+00  -0.14283E+00
   0.16152E+03   0.29936E+02   0.26579E+02   0.38600E+00  -0.14293E+00
   0.16187E+03   0.29932E+02   0.26425E+02   0.38132E+00  -0.14222E+00
   0.16222E+03   0.29929E+02   0.26271E+02   0.38114E+00  -0.14068E+00
   0.16257E+03   0.29927E+02   0.26090E+02   0.38018E+00  -0.14393E+00
   0.16292E+03   0.29924E+02   0.25970E+02   0.36827E+00  -0.14408E+00
   0.16327E+03   0.29918E+02   0.25959E+02   0.35034E+00  -0.14241E+00
   0.16362E+03   0.29909E+02   0.26058E+02   0.34717E+00  -0.13791E+00
   0.16397E+03   0.29906E+02   0.26052E+02   0.35488E+00  -0.13484E+00
   0.16432E+03   0.29907E+02   0.26041E+02   0.35615E+00  -0.14215E+00
   0.16467E+03   0.29904E+02   0.26198E+02   0.35075E+00  -0.14476E+00
   0.16502E+03   0.29901E+02   0.26179E+02   0.34735E+00  -0.13973E+00
   0.16537E+03   0.29900E+02   0.25946E+02   0.34559E+00  -0.14328E+00
   0.16572E+03   0.29899E+02   0.25815E+02   0.34324E+00  -0.15075E+00
   0.16607E+03   0.29896E+02   0.25765E+02   0.33693E+00  -0.15813E+00
   0.16642E+03   0.29894E+02   0.25866E+02   0.33709E+00  -0.15415E+00
   0.16677E+03   0.29892E+02   0.25935E+02   0.34057E+00  -0.15222E+00
   0.16712E+03   0.29891E+02   0.25650E+02   0.34305E+00  -0.17096E+00
   0.16747E+03   0.29894E+02   0.25359E+02   0.34430E+00  -0.18618E+00
   0.16782E+03   0.29896E+02   0.25429E+02   0.34271E+00  -0.18491E+00
   0.16817E+03   0.29895E+02   0.25544E+02   0.34637E+00  -0.18384E+00
   0.16852E+03   0.29898E+02   0.25423E+02   0.35489E+00  -0.18968E+00
   0.16887E+03   0.29902E+02   0.25350E+02   0.35978E+00  -0.20351E+00
   0.16922E+03   0.29905E+02   0.25352E+02   0.36295E+00  -0.21303E+00
   0.16957E+03   0.29910E+02   0.25411E+02   0.36745E+00  -0.20830E+00
   0.16992E+03   0.29915E+02   0.25542E+02   0.37428E+00  -0.20782E+00
   0.17027E+03   0.29921E+02   0.25817E+02   0.38286E+00  -0.20671E+00
   0.17062E+03   0.29926E+02   0.26106E+02   0.38560E+00  -0.20219E+00
   0.17097E+03   0.29928E+02   0.26282E+02   0.38457E+00  -0.19763E+00
   0.17132E+03   0.29928E+02   0.26461E+02   0.38813E+00  -0.18773E+00
   0.17167E+03   0.29931E+02   0.26469E+02   0.39668E+00  -0.18147E+00
   0.17202E+03   0.29934E+02   0.26153E+02   0.39546E+00  -0.18652E+00
   0.17237E+03   0.29933E+02   0.25604E+02   0.38688E+00  -0.20203E+00
   0.17272E+03   0.29930E+02   0.25508E+02   0.38065E+00  -0.20501E+00
   0.17307E+03   0.29929E+02   0.25865E+02   0.38233E+00  -0.18619E+00
   0.17342E+03   0.29930E+02   0.25807E+02   0.38556E+00  -0.18592E+00
   0.17377E+03   0.29931E+02   0.25471E+02   0.38280E+00  -0.20213E+00
   0.17412E+03   0.29931E+02   0.25036E+02   0.38073E+00  -0.21184E+00
   0.17447E+03   0.29931E+02   0.25014E+02   0.38623E+00  -0.20875E+00
   0.17482E+03   0.29934E+02   0.25709E+02   0.39578E+00  -0.18835E+00
   0.17517E+03   0.29937E+02   0.26095E+02   0.39766E+00  -0.18105E+00
   0.17552E+03   0.29937E+02   0.26076E+02   0.39633E+00  -0.18376E+00
   0.17587E+03   0.29935E+02   0.26229E+02   0.39376E+00  -0.17485E+00
   0.17622E+03   0.29935E+02   0.26310E+02   0.39306E+00  -0.16581E+00
   0.17657E+03   0.29935E+02   0.26117E+02   0.39513E+00  -0.16671E+00
   0.17692E+03   0.29936E+02   0.25974E+02   0.39279E+00  -0.17028E+00
   0.17727E+03   0.29933E+02   0.25988E+02   0.38014E+00  -0.16393E+00
   0.17762E+03   0.29926E+02   0.26226E+02   0.36375E+00  -0.14735E+00
   0.17797E+03   0.29919E+02   0.26448E+02   0.36062E+00  -0.13944E+00
   0.17832E+03   0.29917E+02   0.26323E+02   0.36799E+00  -0.14241E+00
   0.17867E+03   0.29919E+02   0.26370E+02   0.36849E+00  -0.14106E+00
   0.17902E+03   0.29916E+02   0.26469E+02   0.36086E+00  -0.13976E+00
   0.17937E+03   0.29910E+02   0.26305E+02   0.35435E+00  -0.13967E+00
   0.17972E+03   0.29905E+02   0.26259E+02   0.35249E+00  -0.13828E+00
   0.18007E+03   0.29902E+02   0.26322E+02   0.35294E+00  -0.13693E+00
   0.18042E+03   0.29900E+02   0.26365E+02   0.34501E+00  -0.13512E+00
   0.18077E+03   0.29896E+02   0.26108E+02   0.33648E+00  -0.14281E+00
   0.18112E+03   0.29891E+02   0.25787E+02   0.34008E+00  -0.15508E+00
   0.18147E+03   0.29892E+02   0.25654E+02   0.34566E+00  -0.15739E+00
   0.18182E+03   0.29893E+02   0.25396E+02   0.34201E+00  -0.16887E+00
   0.18217E+03   0.29891E+02   0.25025E+02   0.33789E+00  -0.19185E+00
   0.18252E+03   0.29890E+02   0.25025E+02   0.33929E+00  -0.19720E+00
   0.18287E+03   0.29892E+02   0.25335E+02   0.35012E+00  -0.18879E+00
   0.18322E+03   0.29899E+02   0.25269E+02   0.36046E+00  -0.19877E+00
   0.18357E+03   0.29905E+02   0.25052E+02   0.36375E+00  -0.22294E+00
   0.18392E+03   0.29911E+02   0.25318E+02   0.37484E+00  -0.22250E+00
   0.18427E+03   0.29918E+02   0.25417E+02   0.38297E+00  -0.21686E+00
   0.18462E+03   0.29922E+02   0.25294E+02   0.38322E+00  -0.22577E+00
   0.18497E+03   0.29924E+02   0.25423E+02   0.38788E+00  -0.22756E+00
   0.18532E+03   0.29929E+02   0.25268E+02   0.39400E+00  -0.23145E+00
   0.18567E+03   0.29933E+02   0.24901E+02   0.39523E+00  -0.24535E+00
   0.18602E+03   0.29936E+02   0.24626E+02   0.39785E+00  -0.25941E+00
   0.18637E+03   0.29939E+02   0.24860E+02   0.40616E+00  -0.26018E+00
   0.18672E+03   0.29942E+02   0.25699E+02   0.41713E+00  -0.23802E+00
   0.18707E+03   0.29945E+02   0.26201E+02   0.42477E+00  -0.22810E+00
   0.18742E+03   0.29948E+02   0.26284E+02   0.42718E+00  -0.23285E+00
   0.18777E+03   0.29951E+02   0.26554E+02   0.43488E+00  -0.21746E+00
   0.18812E+03   0.29955E+02   0.26773E+02   0.44480E+00  -0.19930E+00
   0.18847E+03   0.29958E+02   0.26487E+02   0.44103E+00  -0.19258E+00
   0.18882E+03   0.29957E+02   0.26371E+02   0.42283E+00  -0.18343E+00
   0.18917E+03   0.29953E+02   0.26621E+02   0.41510E+00  -0.16494E+00
   0.18952E+03   0.29950E+02   0.26824E+02   0.40998E+00  -0.14399E+00
   0.18987E+03   0.29946E+02   0.26947E+02   0.39823E+00  -0.13327E+00
   0.19022E+03   0.29941E+02   0.26904E+02   0.39196E+00  -0.13534E+00
   0.19057E+03   0.29936E+02   0.26958E+02   0.39106E+00  -0.12371E+00
   0.19092E+03   0.29933E+02   0.26898E+02   0.38268E+00  -0.11079E+00
   0.19127E+03   0.29927E+02   0.26777E+02   0.36455E+00  -0.11570E+00
   0.19162E+03   0.29919E+02   0.26718E+02   0.35657E+00  -0.11208E+00
   0.19197E+03   0.29912E+02   0.26588E+02   0.35531E+00  -0.10751E+00
   0.19232E+03   0.29905E+02   0.26530E+02   0.34784E+00  -0.11302E+00
   0.19267E+03   0.29899E+02   0.26401E+02   0.33703E+00  -0.12430E+00
   0.19302E+03   0.29892E+02   0.26178E+02   0.33725E+00  -0.13204E+00
   0.19337E+03   0.29889E+02   0.25924E+02   0.33962E+00  -0.13490E+00
   0.19372E+03   0.29886E+02   0.25767E+02   0.33048E+00  -0.14491E+00
   0.19407E+03   0.29882E+02   0.25651E+02   0.32586E+00  -0.15368E+00
   0.19442E+03   0.29880E+02   0.25543E+02   0.33223E+00  -0.15886E+00
   0.19477E+03   0.29884E+02   0.25464E+02   0.33909E+00  -0.16800E+00
   0.19512E+03   0.29889E+02   0.25382E+02   0.33911E+00  -0.17857E+00
   0.19547E+03   0.29891E+02   0.25342E+02   0.33806E+00  -0.18782E+00
   0.19582E+03   0.29895E+02   0.25375E+02   0.34447E+00  -0.18695E+00
   0.19617E+03   0.29898E+02   0.25253E+02   0.35063E+00  -0.19297E+00
   0.19652E+03   0.29899E+02   0.25105E+02   0.35401E+00  -0.21290E+00
   0.19687E+03   0.29902E+02   0.24847E+02   0.35902E+00  -0.22999E+00
   0.19722E+03   0.29908E+02   0.24425E+02   0.36748E+00  -0.24618E+00
   0.19757E+03   0.29913E+02   0.24244E+02   0.37358E+00  -0.26309E+00
   0.19792E+03   0.29918E+02   0.24248E+02   0.37969E+00  -0.27390E+00
   0.19827E+03   0.29925E+02   0.24324E+02   0.38926E+00  -0.27625E+00
   0.19862E+03   0.29931E+02   0.24533E+02   0.40284E+00  -0.28120E+00
   0.19897E+03   0.29938E+02   0.24753E+02   0.42101E+00  -0.28530E+00
   0.19932E+03   0.29947E+02   0.25073E+02   0.43375E+00  -0.28161E+00
   0.19967E+03   0.29953E+02   0.25594E+02   0.44624E+00  -0.27432E+00
   0.20002E+03   0.29959E+02   0.26211E+02   0.45835E+00  -0.25722E+00
   0.20037E+03   0.29963E+02   0.26411E+02   0.46107E+00  -0.24104E+00
   0.20072E+03   0.29965E+02   0.26449E+02   0.45790E+00  -0.23110E+00
   0.20107E+03   0.29965E+02   0.26689E+02   0.45938E+00  -0.21292E+00
   0.20142E+03   0.29966E+02   0.26800E+02   0.45790E+00  -0.19237E+00
   0.20177E+03   0.29965E+02   0.26856E+02   0.44719E+00  -0.17814E+00
   0.20212E+03   0.29963E+02   0.26541E+02   0.43692E+00  -0.17471E+00
   0.20247E+03   0.29960E+02   0.26413E+02   0.42583E+00  -0.16250E+00
   0.20282E+03   0.29954E+02   0.26658E+02   0.41407E+00  -0.13815E+00
   0.20317E+03   0.29949E+02   0.26672E+02   0.40743E+00  -0.13417E+00
   0.20352E+03   0.29946E+02   0.26530E+02   0.39898E+00  -0.13122E+00
   0.20387E+03   0.29942E+02   0.26503E+02   0.38828E+00  -0.12007E+00
   0.20422E+03   0.29937E+02   0.26459E+02   0.37900E+00  -0.11673E+00
   0.20457E+03   0.29930E+02   0.26443E+02   0.36780E+00  -0.10903E+00
   0.20492E+03   0.29923E+02   0.26331E+02   0.36134E+00  -0.11002E+00
   0.20527E+03   0.29917E+02   0.26092E+02   0.35550E+00  -0.12062E+00
   0.20562E+03   0.29912E+02   0.26061E+02   0.34512E+00  -0.12019E+00
   0.20597E+03   0.29909E+02   0.26072E+02   0.33581E+00  -0.11808E+00
   0.20632E+03   0.29902E+02   0.26179E+02   0.33355E+00  -0.11734E+00
   0.20667E+03   0.29897E+02   0.26209E+02   0.33680E+00  -0.11703E+00
   0.20702E+03   0.29892E+02   0.26051E+02   0.33570E+00  -0.12853E+00
   0.20737E+03   0.29889E+02   0.25793E+02   0.33105E+00  -0.14640E+00
   0.20772E+03   0.29888E+02   0.25516E+02   0.32888E+00  -0.16090E+00
   0.20807E+03   0.29886E+02   0.25467E+02   0.33248E+00  -0.16186E+00
   0.20842E+03   0.29885E+02   0.25595E+02   0.33360E+00  -0.16077E+00
   0.20877E+03   0.29883E+02   0.25683E+02   0.32859E+00  -0.16851E+00
   0.20912E+03   0.29881E+02   0.25671E+02   0.33288E+00  -0.17260E+00
   0.20947E+03   0.29885E+02   0.25542E+02   0.34294E+00  -0.18132E+00
   0.20982E+03   0.29892E+02   0.25631E+02   0.34958E+00  -0.18590E+00
   0.21017E+03   0.29897E+02   0.25590E+02   0.35327E+00  -0.19203E+00
   0.21052E+03   0.29900E+02   0.25166E+02   0.35522E+00  -0.21324E+00
   0.21087E+03   0.29903E+02   0.25222E+02   0.35591E+00  -0.21497E+00
   0.21122E+03   0.29906E+02   0.25493E+02   0.35798E+00  -0.20916E+00
   0.21157E+03   0.29909E+02   0.25695E+02   0.36758E+00  -0.21211E+00
   0.21192E+03   0.29914E+02   0.25679E+02   0.38032E+00  -0.21507E+00
   0.21227E+03   0.29921E+02   0.25350E+02   0.38759E+00  -0.22936E+00
   0.21262E+03   0.29927E+02   0.25368E+02   0.39109E+00  -0.23527E+00
   0.21297E+03   0.29931E+02   0.25685E+02   0.39533E+00  -0.22623E+00
   0.21332E+03   0.29935E+02   0.25735E+02   0.40030E+00  -0.22122E+00
   0.21367E+03   0.29937E+02   0.25524E+02   0.40416E+00  -0.22368E+00
   0.21402E+03   0.29939E+02   0.25312E+02   0.40549E+00  -0.23060E+00
   0.21437E+03   0.29941E+02   0.25173E+02   0.40505E+00  -0.23333E+00
   0.21472E+03   0.29943E+02   0.25587E+02   0.41238E+00  -0.22080E+00
   0.21507E+03   0.29946E+02   0.25810E+02   0.42335E+00  -0.21358E+00
   0.21542E+03   0.29949E+02   0.25312E+02   0.42090E+00  -0.22784E+00
   0.21577E+03   0.29949E+02   0.24845E+02   0.41302E+00  -0.24158E+00
   0.21612E+03   0.29948E+02   0.24646E+02   0.41477E+00  -0.24578E+00
   0.21647E+03   0.29949E+02   0.24912E+02   0.42313E+00  -0.23473E+00
   0.21682E+03   0.29952E+02   0.25209E+02   0.42956E+00  -0.22510E+00
   0.21717E+03   0.29954E+02   0.25135E+02   0.42811E+00  -0.23442E+00
   0.21752E+03   0.29953E+02   0.25181E+02   0.42183E+00  -0.22709E+00
   0.21787E+03   0.29952E+02   0.25615E+02   0.42788E+00  -0.20629E+00
   0.21822E+03   0.29954E+02   0.25890E+02   0.43915E+00  -0.19725E+00
   0.21857E+03   0.29956E+02   0.25830E+02   0.43935E+00  -0.19631E+00
   0.21892E+03   0.29957E+02   0.25731E+02   0.43036E+00  -0.19581E+00
   0.21927E+03   0.29955E+02   0.25780E+02   0.41355E+00  -0.17924E+00
   0.21962E+03   0.29950E+02   0.26013E+02   0.40363E+00  -0.15785E+00
   0.21997E+03   0.29947E+02   0.26313E+02   0.40656E+00  -0.14540E+00
   0.22032E+03   0.29945E+02   0.26490E+02   0.40562E+00  -0.14112E+00
   0.22067E+03   0.29941E+02   0.26486E+02   0.39368E+00  -0.13950E+00
   0.22102E+03   0.29934E+02   0.26481E+02   0.38227E+00  -0.13443E+00
   0.22137E+03   0.29930E+02   0.26451E+02   0.37680E+00  -0.12610E+00
   0.22172E+03   0.29926E+02   0.26505E+02   0.37180E+00  -0.11647E+00
   0.22207E+03   0.29921E+02   0.26620E+02   0.36237E+00  -0.11219E+00
   0.22242E+03   0.29913E+02   0.26516E+02   0.34862E+00  -0.11548E+00
   0.22277E+03   0.29905E+02   0.26380E+02   0.34313E+00  -0.11880E+00
   0.22312E+03   0.29900E+02   0.26304E+02   0.34728E+00  -0.12437E+00
   0.22347E+03   0.29899E+02   0.26277E+02   0.34658E+00  -0.12927E+00
   0.22382E+03   0.29895E+02   0.26126E+02   0.33530E+00  -0.13332E+00
   0.22417E+03   0.29886E+02   0.25852E+02   0.32665E+00  -0.14341E+00
   0.22452E+03   0.29880E+02   0.25710E+02   0.33036E+00  -0.14679E+00
   0.22487E+03   0.29883E+02   0.25481E+02   0.33436E+00  -0.15832E+00
   0.22522E+03   0.29886E+02   0.25179E+02   0.33470E+00  -0.18187E+00
   0.22557E+03   0.29888E+02   0.24951E+02   0.33700E+00  -0.19442E+00
   0.22592E+03   0.29889E+02   0.24753E+02   0.33837E+00  -0.19820E+00
   0.22627E+03   0.29890E+02   0.24600E+02   0.34263E+00  -0.20898E+00
   0.22662E+03   0.29894E+02   0.24309E+02   0.34960E+00  -0.23444E+00
   0.22697E+03   0.29900E+02   0.24251E+02   0.36066E+00  -0.25206E+00
   0.22732E+03   0.29908E+02   0.24355E+02   0.37549E+00  -0.25908E+00
   0.22767E+03   0.29916E+02   0.24319E+02   0.38595E+00  -0.27579E+00
   0.22802E+03   0.29924E+02   0.24302E+02   0.39871E+00  -0.29010E+00
   0.22837E+03   0.29933E+02   0.24745E+02   0.41309E+00  -0.28724E+00
   0.22872E+03   0.29941E+02   0.25476E+02   0.42461E+00  -0.27765E+00
   0.22907E+03   0.29948E+02   0.25929E+02   0.43663E+00  -0.26797E+00
   0.22942E+03   0.29954E+02   0.26391E+02   0.45072E+00  -0.25793E+00
   0.22977E+03   0.29959E+02   0.26681E+02   0.45914E+00  -0.24596E+00
   0.23012E+03   0.29963E+02   0.26544E+02   0.45984E+00  -0.23740E+00
   0.23047E+03   0.29965E+02   0.26773E+02   0.45261E+00  -0.22050E+00
   0.23082E+03   0.29964E+02   0.27090E+02   0.44745E+00  -0.19333E+00
   0.23117E+03   0.29963E+02   0.26927E+02   0.44633E+00  -0.17843E+00
   0.23152E+03   0.29962E+02   0.26908E+02   0.43429E+00  -0.17125E+00
   0.23187E+03   0.29958E+02   0.26978E+02   0.42279E+00  -0.15812E+00
   0.23222E+03   0.29953E+02   0.27092E+02   0.41771E+00  -0.13479E+00
   0.23257E+03   0.29950E+02   0.27175E+02   0.41542E+00  -0.12161E+00
   0.23292E+03   0.29946E+02   0.27186E+02   0.40480E+00  -0.11844E+00
   0.23327E+03   0.29940E+02   0.27306E+02   0.38733E+00  -0.10436E+00
   0.23362E+03   0.29931E+02   0.27344E+02   0.37697E+00  -0.91017E-01
   0.23397E+03   0.29924E+02   0.27299E+02   0.37275E+00  -0.84044E-01
   0.23432E+03   0.29919E+02   0.27239E+02   0.36419E+00  -0.84934E-01
   0.23467E+03   0.29915E+02   0.26989E+02   0.34861E+00  -0.96746E-01
   0.23502E+03   0.29907E+02   0.26795E+02   0.33356E+00  -0.94582E-01
   0.23537E+03   0.29893E+02   0.26809E+02   0.32175E+00  -0.83708E-01
   0.23572E+03   0.29883E+02   0.26886E+02   0.31725E+00  -0.80839E-01
   0.23607E+03   0.29874E+02   0.26966E+02   0.31642E+00  -0.83795E-01
   0.23642E+03   0.29867E+02   0.26904E+02   0.31506E+00  -0.97806E-01
   0.23677E+03   0.29862E+02   0.26623E+02   0.31109E+00  -0.11122E+00
   0.23712E+03   0.29858E+02   0.26466E+02   0.30776E+00  -0.11301E+00
   0.23747E+03   0.29853E+02   0.26539E+02   0.31007E+00  -0.11452E+00
   0.23782E+03   0.29850E+02   0.26177E+02   0.30946E+00  -0.13043E+00
   0.23817E+03   0.29848E+02   0.25547E+02   0.30196E+00  -0.15872E+00
   0.23852E+03   0.29845E+02   0.25198E+02   0.30263E+00  -0.18318E+00
   0.23887E+03   0.29850E+02   0.24952E+02   0.31312E+00  -0.19282E+00
   0.23922E+03   0.29858E+02   0.24896E+02   0.31966E+00  -0.19912E+00
   0.23957E+03   0.29863E+02   0.25137E+02   0.32755E+00  -0.21117E+00
   0.23992E+03   0.29872E+02   0.25020E+02   0.33959E+00  -0.22565E+00
   0.24027E+03   0.29884E+02   0.24781E+02   0.34912E+00  -0.24081E+00
   0.24062E+03   0.29897E+02   0.24641E+02   0.36388E+00  -0.25907E+00
   0.24097E+03   0.29909E+02   0.24817E+02   0.38167E+00  -0.26883E+00
   0.24132E+03   0.29920E+02   0.25393E+02   0.39331E+00  -0.25847E+00
   0.24167E+03   0.29928E+02   0.25712E+02   0.39926E+00  -0.25489E+00
   0.24202E+03   0.29935E+02   0.25799E+02   0.40453E+00  -0.26078E+00
   0.24237E+03   0.29939E+02   0.25903E+02   0.41601E+00  -0.25357E+00
   0.24272E+03   0.29945E+02   0.25788E+02   0.43113E+00  -0.25100E+00
   0.24307E+03   0.29951E+02   0.25835E+02   0.43912E+00  -0.25186E+00
   0.24342E+03   0.29955E+02   0.26047E+02   0.43739E+00  -0.24617E+00
   0.24377E+03   0.29957E+02   0.25898E+02   0.43382E+00  -0.23913E+00
   0.24412E+03   0.29957E+02   0.25899E+02   0.43214E+00  -0.22711E+00
   0.24447E+03   0.29957E+02   0.25919E+02   0.43474E+00  -0.21737E+00
   0.24482E+03   0.29958E+02   0.25965E+02   0.43686E+00  -0.21159E+00
   0.24517E+03   0.29959E+02   0.26378E+02   0.43883E+00  -0.19593E+00
   0.24552E+03   0.29959E+02   0.26673E+02   0.43944E+00  -0.17871E+00
   0.24587E+03   0.29959E+02   0.26637E+02   0.43131E+00  -0.16979E+00
   0.24622E+03   0.29956E+02   0.26624E+02   0.42075E+00  -0.15781E+00
   0.24657E+03   0.29953E+02   0.26534E+02   0.41495E+00  -0.14740E+00
   0.24692E+03   0.29949E+02   0.26473E+02   0.40524E+00  -0.13558E+00
   0.24727E+03   0.29943E+02   0.26513E+02   0.39528E+00  -0.12785E+00
   0.24762E+03   0.29941E+02   0.26441E+02   0.38783E+00  -0.12936E+00
   0.24797E+03   0.29939E+02   0.26398E+02   0.37366E+00  -0.12427E+00
   0.24832E+03   0.29931E+02   0.26438E+02   0.36030E+00  -0.11543E+00
   0.24867E+03   0.29920E+02   0.26468E+02   0.35438E+00  -0.10935E+00
   0.24902E+03   0.29913E+02   0.26385E+02   0.35213E+00  -0.10821E+00
   0.24937E+03   0.29909E+02   0.26234E+02   0.34819E+00  -0.12114E+00
   0.24972E+03   0.29904E+02   0.25951E+02   0.34143E+00  -0.13725E+00
   0.25007E+03   0.29899E+02   0.25601E+02   0.33365E+00  -0.14328E+00
   0.25042E+03   0.29896E+02   0.25477E+02   0.33047E+00  -0.14497E+00
   0.25077E+03   0.29893E+02   0.25472E+02   0.32930E+00  -0.15133E+00
   0.25112E+03   0.29887E+02   0.25598E+02   0.32916E+00  -0.15235E+00
   0.25147E+03   0.29885E+02   0.25895E+02   0.33496E+00  -0.14770E+00
   0.25182E+03   0.29888E+02   0.25964E+02   0.34186E+00  -0.15600E+00
   0.25217E+03   0.29892E+02   0.25862E+02   0.34560E+00  -0.16359E+00
   0.25252E+03   0.29893E+02   0.25644E+02   0.34733E+00  -0.16883E+00
   0.25287E+03   0.29895E+02   0.25662E+02   0.34356E+00  -0.17077E+00
   0.25322E+03   0.29895E+02   0.25867E+02   0.33955E+00  -0.16688E+00
   0.25357E+03   0.29893E+02   0.25802E+02   0.34264E+00  -0.17274E+00
   0.25392E+03   0.29894E+02   0.25654E+02   0.34596E+00  -0.18289E+00
   0.25427E+03   0.29897E+02   0.25404E+02   0.34616E+00  -0.19346E+00
   0.25462E+03   0.29900E+02   0.25119E+02   0.34879E+00  -0.20759E+00
   0.25497E+03   0.29901E+02   0.24933E+02   0.35400E+00  -0.21636E+00
   0.25532E+03   0.29904E+02   0.24829E+02   0.36132E+00  -0.22356E+00
   0.25567E+03   0.29909E+02   0.24894E+02   0.36847E+00  -0.23293E+00
   0.25602E+03   0.29913E+02   0.25032E+02   0.37497E+00  -0.24112E+00
   0.25637E+03   0.29919E+02   0.25218E+02   0.38729E+00  -0.24033E+00
   0.25672E+03   0.29927E+02   0.25429E+02   0.40217E+00  -0.23674E+00
   0.25707E+03   0.29935E+02   0.25414E+02   0.41212E+00  -0.24488E+00
   0.25742E+03   0.29941E+02   0.25671E+02   0.41858E+00  -0.24234E+00
   0.25777E+03   0.29945E+02   0.25907E+02   0.42219E+00  -0.23359E+00
   0.25812E+03   0.29949E+02   0.25780E+02   0.42416E+00  -0.23474E+00
   0.25847E+03   0.29950E+02   0.25873E+02   0.42739E+00  -0.23093E+00
   0.25882E+03   0.29952E+02   0.25866E+02   0.42829E+00  -0.22462E+00
   0.25917E+03   0.29952E+02   0.25687E+02   0.42619E+00  -0.22324E+00
   0.25952E+03   0.29953E+02   0.25649E+02   0.42718E+00  -0.22004E+00
   0.25987E+03   0.29955E+02   0.25720E+02   0.42515E+00  -0.21358E+00
   0.26022E+03   0.29955E+02   0.25882E+02   0.42108E+00  -0.19889E+00
   0.26057E+03   0.29954E+02   0.25765E+02   0.42033E+00  -0.19426E+00
   0.26092E+03   0.29952E+02   0.25598E+02   0.41660E+00  -0.19366E+00
   0.26127E+03   0.29951E+02   0.25610E+02   0.41370E+00  -0.18228E+00
   0.26162E+03   0.29951E+02   0.25541E+02   0.41089E+00  -0.17970E+00
   0.26197E+03   0.29949E+02   0.25669E+02   0.40447E+00  -0.17121E+00
   0.26232E+03   0.29945E+02   0.25847E+02   0.39967E+00  -0.15563E+00
   0.26267E+03   0.29940E+02   0.25826E+02   0.39722E+00  -0.15504E+00
   0.26302E+03   0.29938E+02   0.25878E+02   0.39435E+00  -0.15663E+00
   0.26337E+03   0.29937E+02   0.25805E+02   0.39064E+00  -0.15785E+00
   0.26372E+03   0.29935E+02   0.25745E+02   0.38430E+00  -0.15850E+00
   0.26407E+03   0.29931E+02   0.25803E+02   0.37831E+00  -0.15095E+00
   0.26442E+03   0.29927E+02   0.25855E+02   0.37407E+00  -0.14529E+00
   0.26477E+03   0.29924E+02   0.25879E+02   0.36518E+00  -0.14408E+00
   0.26512E+03   0.29920E+02   0.25734E+02   0.35956E+00  -0.15069E+00
   0.26547E+03   0.29917E+02   0.25530E+02   0.36097E+00  -0.15688E+00
   0.26582E+03   0.29914E+02   0.25442E+02   0.35867E+00  -0.15814E+00
   0.26617E+03   0.29911E+02   0.25590E+02   0.35384E+00  -0.15847E+00
   0.26652E+03   0.29908E+02   0.25519E+02   0.35282E+00  -0.16329E+00
   0.26687E+03   0.29905E+02   0.25197E+02   0.35178E+00  -0.17682E+00
   0.26722E+03   0.29903E+02   0.25262E+02   0.35186E+00  -0.18032E+00
   0.26757E+03   0.29904E+02   0.25505E+02   0.35894E+00  -0.17738E+00
   0.26792E+03   0.29907E+02   0.25463E+02   0.36535E+00  -0.18426E+00
   0.26827E+03   0.29910E+02   0.25170E+02   0.36650E+00  -0.19737E+00
   0.26862E+03   0.29913E+02   0.24931E+02   0.36313E+00  -0.20712E+00
   0.26897E+03   0.29914E+02   0.24822E+02   0.36276E+00  -0.20860E+00
   0.26932E+03   0.29915E+02   0.25136E+02   0.36646E+00  -0.20031E+00
   0.26967E+03   0.29916E+02   0.25677E+02   0.37525E+00  -0.19271E+00
   0.27002E+03   0.29922E+02   0.25497E+02   0.38439E+00  -0.20515E+00
   0.27037E+03   0.29926E+02   0.25432E+02   0.38279E+00  -0.21804E+00
   0.27072E+03   0.29926E+02   0.25734E+02   0.38660E+00  -0.21105E+00
   0.27107E+03   0.29929E+02   0.25736E+02   0.39488E+00  -0.20338E+00
   0.27142E+03   0.29932E+02   0.25850E+02   0.39954E+00  -0.20076E+00
   0.27177E+03   0.29935E+02   0.26128E+02   0.39519E+00  -0.19786E+00
   0.27212E+03   0.29934E+02   0.26310E+02   0.38838E+00  -0.18652E+00
   0.27247E+03   0.29934E+02   0.26337E+02   0.39133E+00  -0.17401E+00
   0.27282E+03   0.29934E+02   0.26488E+02   0.39712E+00  -0.17098E+00
   0.27317E+03   0.29936E+02   0.26459E+02   0.39657E+00  -0.16788E+00
   0.27352E+03   0.29936E+02   0.26230E+02   0.38415E+00  -0.16512E+00
   0.27387E+03   0.29930E+02   0.26269E+02   0.37475E+00  -0.15606E+00
   0.27422E+03   0.29925E+02   0.26277E+02   0.37212E+00  -0.14749E+00
   0.27457E+03   0.29922E+02   0.25967E+02   0.37100E+00  -0.15437E+00
   0.27492E+03   0.29920E+02   0.25581E+02   0.36832E+00  -0.17051E+00
   0.27527E+03   0.29918E+02   0.25430E+02   0.36200E+00  -0.17597E+00
   0.27562E+03   0.29917E+02   0.25427E+02   0.35889E+00  -0.16798E+00
   0.27597E+03   0.29916E+02   0.25405E+02   0.36116E+00  -0.17125E+00
   0.27632E+03   0.29916E+02   0.25307E+02   0.36453E+00  -0.18065E+00
   0.27667E+03   0.29915E+02   0.25309E+02   0.36491E+00  -0.18088E+00
   0.27702E+03   0.29914E+02   0.25136E+02   0.36654E+00  -0.19037E+00
   0.27737E+03   0.29916E+02   0.24881E+02   0.37356E+00  -0.20556E+00
   0.27772E+03   0.29920E+02   0.24778E+02   0.38001E+00  -0.21145E+00
   0.27807E+03   0.29923E+02   0.24666E+02   0.37559E+00  -0.21859E+00
   0.27842E+03   0.29922E+02   0.24741E+02   0.37257E+00  -0.22014E+00
   0.27877E+03   0.29922E+02   0.24940E+02   0.37900E+00  -0.21386E+00
   0.27912E+03   0.29926E+02   0.25047E+02   0.38902E+00  -0.21755E+00
   0.27947E+03   0.29931E+02   0.24990E+02   0.39799E+00  -0.23164E+00
   0.27982E+03   0.29936E+02   0.24916E+02   0.40303E+00  -0.24239E+00
   0.28017E+03   0.29938E+02   0.25197E+02   0.40287E+00  -0.23253E+00
   0.28052E+03   0.29939E+02   0.25424E+02   0.40604E+00  -0.21984E+00
   0.28087E+03   0.29942E+02   0.25609E+02   0.41384E+00  -0.21837E+00
   0.28122E+03   0.29944E+02   0.25617E+02   0.41319E+00  -0.22090E+00
   0.28157E+03   0.29945E+02   0.25409E+02   0.41305E+00  -0.22314E+00
   0.28192E+03   0.29947E+02   0.25418E+02   0.41697E+00  -0.22072E+00
   0.28227E+03   0.29948E+02   0.25652E+02   0.42065E+00  -0.21016E+00
   0.28262E+03   0.29949E+02   0.25881E+02   0.41721E+00  -0.19627E+00
   0.28297E+03   0.29948E+02   0.25931E+02   0.40883E+00  -0.19236E+00
   0.28332E+03   0.29945E+02   0.26106E+02   0.40780E+00  -0.18182E+00
   0.28367E+03   0.29944E+02   0.26356E+02   0.41104E+00  -0.16346E+00
   0.28402E+03   0.29944E+02   0.26256E+02   0.41345E+00  -0.16687E+00
   0.28437E+03   0.29946E+02   0.25947E+02   0.40966E+00  -0.17464E+00
   0.28472E+03   0.29944E+02   0.26048E+02   0.39547E+00  -0.16058E+00
   0.28507E+03   0.29939E+02   0.26215E+02   0.38303E+00  -0.14289E+00
   0.28542E+03   0.29934E+02   0.26196E+02   0.37773E+00  -0.13880E+00
   0.28577E+03   0.29930E+02   0.26033E+02   0.37732E+00  -0.14699E+00
   0.28612E+03   0.29927E+02   0.25855E+02   0.37187E+00  -0.15146E+00
   0.28647E+03   0.29922E+02   0.25836E+02   0.36453E+00  -0.14714E+00
   0.28682E+03   0.29919E+02   0.25850E+02   0.36338E+00  -0.14526E+00
   0.28717E+03   0.29917E+02   0.25837E+02   0.35973E+00  -0.14734E+00
   0.28752E+03   0.29912E+02   0.25815E+02   0.35490E+00  -0.14944E+00
   0.28787E+03   0.29907E+02   0.25932E+02   0.35346E+00  -0.14751E+00
   0.28822E+03   0.29904E+02   0.25981E+02   0.35554E+00  -0.14595E+00
   0.28857E+03   0.29906E+02   0.25787E+02   0.35697E+00  -0.15914E+00
   0.28892E+03   0.29909E+02   0.25688E+02   0.35875E+00  -0.16800E+00
   0.28927E+03   0.29909E+02   0.25756E+02   0.35302E+00  -0.16130E+00
   0.28962E+03   0.29904E+02   0.25744E+02   0.34379E+00  -0.16074E+00
   0.28997E+03   0.29897E+02   0.25763E+02   0.34763E+00  -0.16392E+00
   0.29032E+03   0.29899E+02   0.25931E+02   0.35843E+00  -0.16728E+00
   0.29067E+03   0.29905E+02   0.25973E+02   0.35893E+00  -0.17169E+00
   0.29102E+03   0.29904E+02   0.25970E+02   0.35315E+00  -0.17425E+00
   0.29137E+03   0.29902E+02   0.26025E+02   0.35910E+00  -0.17376E+00
   0.29172E+03   0.29905E+02   0.26102E+02   0.36504E+00  -0.16571E+00
   0.29207E+03   0.29909E+02   0.25952E+02   0.36131E+00  -0.17453E+00
   0.29242E+03   0.29910E+02   0.25788E+02   0.35527E+00  -0.18886E+00
   0.29277E+03   0.29909E+02   0.25639E+02   0.35713E+00  -0.18386E+00
   0.29312E+03   0.29908E+02   0.25474E+02   0.36315E+00  -0.18423E+00
   0.29347E+03   0.29909E+02   0.25435E+02   0.36582E+00  -0.19615E+00
   0.29382E+03   0.29911E+02   0.25285E+02   0.36725E+00  -0.20799E+00
   0.29417E+03   0.29912E+02   0.25408E+02   0.37000E+00  -0.20796E+00
   0.29452E+03   0.29917E+02   0.25646E+02   0.37777E+00  -0.20221E+00
   0.29487E+03   0.29923E+02   0.25542E+02   0.38518E+00  -0.20971E+00
   0.29522E+03   0.29928E+02   0.25432E+02   0.38805E+00  -0.21698E+00
   0.29557E+03   0.29930E+02   0.25584E+02   0.39105E+00  -0.21083E+00
   0.29592E+03   0.29932E+02   0.26035E+02   0.39553E+00  -0.19309E+00
   0.29627E+03   0.29934E+02   0.26337E+02   0.39726E+00  -0.18197E+00
   0.29662E+03   0.29935E+02   0.26228E+02   0.39704E+00  -0.18926E+00
   0.29697E+03   0.29935E+02   0.26276E+02   0.39981E+00  -0.18662E+00
   0.29732E+03   0.29936E+02   0.26183E+02   0.39752E+00  -0.18301E+00
   0.29767E+03   0.29935E+02   0.25981E+02   0.38930E+00  -0.18707E+00
   0.29802E+03   0.29934E+02   0.25994E+02   0.38859E+00  -0.18053E+00
   0.29837E+03   0.29933E+02   0.26037E+02   0.38690E+00  -0.17273E+00
   0.29872E+03   0.29932E+02   0.25978E+02   0.37956E+00  -0.17106E+00
   0.29907E+03   0.29928E+02   0.26008E+02   0.37404E+00  -0.17263E+00
   0.29942E+03   0.29926E+02   0.26283E+02   0.38318E+00  -0.16580E+00
   0.29977E+03   0.29929E+02   0.26267E+02   0.39096E+00  -0.15954E+00
   0.30012E+03   0.29929E+02   0.25981E+02   0.38207E+00  -0.17132E+00
   0.30047E+03   0.29925E+02   0.25759E+02   0.37254E+00  -0.17810E+00
   0.30082E+03   0.29923E+02   0.25771E+02   0.37059E+00  -0.16528E+00
   0.30118E+03   0.29923E+02   0.25846E+02   0.37110E+00  -0.15838E+00
   0.30153E+03   0.29922E+02   0.25827E+02   0.36898E+00  -0.16724E+00
   0.30188E+03   0.29920E+02   0.25765E+02   0.36602E+00  -0.17040E+00
   0.30223E+03   0.29918E+02   0.25845E+02   0.36694E+00  -0.16349E+00
   0.30258E+03   0.29919E+02   0.25937E+02   0.36824E+00  -0.16306E+00
   0.30293E+03   0.29917E+02   0.25642E+02   0.36614E+00  -0.17457E+00
   0.30328E+03   0.29914E+02   0.25338E+02   0.36664E+00  -0.18458E+00
   0.30363E+03   0.29914E+02   0.25294E+02   0.36637E+00  -0.18575E+00
   0.30398E+03   0.29914E+02   0.25573E+02   0.36463E+00  -0.18209E+00
   0.30433E+03   0.29912E+02   0.25901E+02   0.36595E+00  -0.17664E+00
   0.30468E+03   0.29915E+02   0.26080E+02   0.37359E+00  -0.17285E+00
   0.30503E+03   0.29919E+02   0.26084E+02   0.37737E+00  -0.17203E+00
   0.30538E+03   0.29922E+02   0.25829E+02   0.37226E+00  -0.18208E+00
   0.30573E+03   0.29921E+02   0.25730E+02   0.36913E+00  -0.18624E+00
   0.30608E+03   0.29921E+02   0.25851E+02   0.37410E+00  -0.17438E+00
   0.30643E+03   0.29922E+02   0.26077E+02   0.37459E+00  -0.16932E+00
   0.30678E+03   0.29920E+02   0.26105E+02   0.36494E+00  -0.17297E+00
   0.30713E+03   0.29914E+02   0.26142E+02   0.36031E+00  -0.16941E+00
   0.30748E+03   0.29913E+02   0.26141E+02   0.37019E+00  -0.16529E+00
   0.30783E+03   0.29917E+02   0.25738E+02   0.37677E+00  -0.17816E+00
   0.30818E+03   0.29918E+02   0.25456E+02   0.37081E+00  -0.19167E+00
   0.30853E+03   0.29917E+02   0.25404E+02   0.36659E+00  -0.19302E+00
   0.30888E+03   0.29916E+02   0.25358E+02   0.36499E+00  -0.18712E+00
   0.30923E+03   0.29915E+02   0.25436E+02   0.36546E+00  -0.18566E+00
   0.30958E+03   0.29915E+02   0.25590E+02   0.37157E+00  -0.19321E+00
   0.30993E+03   0.29918E+02   0.25775E+02   0.38029E+00  -0.18992E+00
   0.31028E+03   0.29923E+02   0.25998E+02   0.38756E+00  -0.18371E+00
   0.31063E+03   0.29927E+02   0.25911E+02   0.38777E+00  -0.18903E+00
   0.31098E+03   0.29927E+02   0.25781E+02   0.38415E+00  -0.18968E+00
   0.31133E+03   0.29928E+02   0.25860E+02   0.38495E+00  -0.17953E+00
   0.31168E+03   0.29928E+02   0.25923E+02   0.38071E+00  -0.17677E+00
   0.31203E+03   0.29926E+02   0.25944E+02   0.37697E+00  -0.17974E+00
   0.31238E+03   0.29926E+02   0.25978E+02   0.37775E+00  -0.17582E+00
   0.31273E+03   0.29926E+02   0.26007E+02   0.37899E+00  -0.17285E+00
   0.31308E+03   0.29925E+02   0.25777E+02   0.37657E+00  -0.17663E+00
   0.31343E+03   0.29923E+02   0.25679E+02   0.37128E+00  -0.18120E+00
   0.31378E+03   0.29922E+02   0.25675E+02   0.37284E+00  -0.18138E+00
   0.31413E+03   0.29923E+02   0.25529E+02   0.37454E+00  -0.18301E+00
   0.31448E+03   0.29923E+02   0.25621E+02   0.37440E+00  -0.18552E+00
   0.31483E+03   0.29924E+02   0.25732E+02   0.37170E+00  -0.18387E+00
   0.31518E+03   0.29923E+02   0.25615E+02   0.37434E+00  -0.18201E+00
   0.31553E+03   0.29922E+02   0.25591E+02   0.38119E+00  -0.18385E+00
   0.31588E+03   0.29923E+02   0.25616E+02   0.38063E+00  -0.18637E+00
   0.31623E+03   0.29924E+02   0.25513E+02   0.38011E+00  -0.18969E+00
   0.31658E+03   0.29924E+02   0.25675E+02   0.38291E+00  -0.19058E+00
   0.31693E+03   0.29928E+02   0.25653E+02   0.38306E+00  -0.18861E+00
   0.31728E+03   0.29930E+02   0.25305E+02   0.37671E+00  -0.19620E+00
   0.31763E+03   0.29929E+02   0.25024E+02   0.37515E+00  -0.20791E+00
   0.31798E+03   0.29929E+02   0.24864E+02   0.37898E+00  -0.20897E+00
   0.31833E+03   0.29929E+02   0.24875E+02   0.38271E+00  -0.20838E+00
   0.31868E+03   0.29929E+02   0.24723E+02   0.38561E+00  -0.22539E+00
   0.31903E+03   0.29929E+02   0.24645E+02   0.38838E+00  -0.23952E+00
   0.31938E+03   0.29930E+02   0.24860E+02   0.39727E+00  -0.23232E+00
   0.31973E+03   0.29935E+02   0.25158E+02   0.40404E+00  -0.22938E+00
   0.32008E+03   0.29939E+02   0.25530E+02   0.40922E+00  -0.22769E+00
   0.32043E+03   0.29943E+02   0.25519E+02   0.41809E+00  -0.22275E+00
   0.32078E+03   0.29947E+02   0.25560E+02   0.42184E+00  -0.22016E+00
   0.32113E+03   0.29949E+02   0.25727E+02   0.41948E+00  -0.21275E+00
   0.32148E+03   0.29949E+02   0.25655E+02   0.41899E+00  -0.20969E+00
   0.32183E+03   0.29949E+02   0.25711E+02   0.41868E+00  -0.20559E+00
   0.32218E+03   0.29949E+02   0.25883E+02   0.41302E+00  -0.19015E+00
   0.32253E+03   0.29947E+02   0.26111E+02   0.40592E+00  -0.17991E+00
   0.32288E+03   0.29944E+02   0.26276E+02   0.40336E+00  -0.17232E+00
   0.32323E+03   0.29943E+02   0.26463E+02   0.40512E+00  -0.15744E+00
   0.32358E+03   0.29943E+02   0.26678E+02   0.40651E+00  -0.14835E+00
   0.32393E+03   0.29941E+02   0.26727E+02   0.39824E+00  -0.14567E+00
   0.32428E+03   0.29936E+02   0.26652E+02   0.38593E+00  -0.13717E+00
   0.32463E+03   0.29932E+02   0.26408E+02   0.37910E+00  -0.13363E+00
   0.32498E+03   0.29930E+02   0.26321E+02   0.37002E+00  -0.13188E+00
   0.32533E+03   0.29923E+02   0.26492E+02   0.35856E+00  -0.12011E+00
   0.32568E+03   0.29915E+02   0.26465E+02   0.35218E+00  -0.11744E+00
   0.32603E+03   0.29910E+02   0.26453E+02   0.35044E+00  -0.11996E+00
   0.32638E+03   0.29905E+02   0.26363E+02   0.34910E+00  -0.12486E+00
   0.32673E+03   0.29901E+02   0.26161E+02   0.34329E+00  -0.13468E+00
   0.32708E+03   0.29895E+02   0.26140E+02   0.33972E+00  -0.13503E+00
   0.32743E+03   0.29893E+02   0.25903E+02   0.34112E+00  -0.14187E+00
   0.32778E+03   0.29892E+02   0.25677E+02   0.33690E+00  -0.15383E+00
   0.32813E+03   0.29891E+02   0.25719E+02   0.33257E+00  -0.15462E+00
   0.32848E+03   0.29889E+02   0.25641E+02   0.33349E+00  -0.15935E+00
   0.32883E+03   0.29888E+02   0.25383E+02   0.33818E+00  -0.16917E+00
   0.32918E+03   0.29890E+02   0.25190E+02   0.34188E+00  -0.18179E+00
   0.32953E+03   0.29892E+02   0.25016E+02   0.34302E+00  -0.19714E+00
   0.32988E+03   0.29894E+02   0.24762E+02   0.34618E+00  -0.21168E+00
   0.33023E+03   0.29896E+02   0.24666E+02   0.35163E+00  -0.22336E+00
   0.33058E+03   0.29900E+02   0.24776E+02   0.36049E+00  -0.22901E+00
   0.33093E+03   0.29907E+02   0.24820E+02   0.37063E+00  -0.23890E+00
   0.33128E+03   0.29914E+02   0.24912E+02   0.37951E+00  -0.24576E+00
   0.33163E+03   0.29922E+02   0.25127E+02   0.38908E+00  -0.24826E+00
   0.33198E+03   0.29929E+02   0.25098E+02   0.40010E+00  -0.25235E+00
   0.33233E+03   0.29935E+02   0.25414E+02   0.41208E+00  -0.24761E+00
   0.33268E+03   0.29941E+02   0.26129E+02   0.41866E+00  -0.23611E+00
   0.33303E+03   0.29946E+02   0.26340E+02   0.42061E+00  -0.22863E+00
   0.33338E+03   0.29950E+02   0.26167E+02   0.42375E+00  -0.22767E+00
   0.33373E+03   0.29951E+02   0.26121E+02   0.42462E+00  -0.21836E+00
   0.33408E+03   0.29952E+02   0.26277E+02   0.42403E+00  -0.19960E+00
   0.33443E+03   0.29953E+02   0.26302E+02   0.42144E+00  -0.19000E+00
   0.33478E+03   0.29952E+02   0.26237E+02   0.41644E+00  -0.18564E+00
   0.33513E+03   0.29950E+02   0.26358E+02   0.41062E+00  -0.17284E+00
   0.33548E+03   0.29949E+02   0.26551E+02   0.40453E+00  -0.15737E+00
   0.33583E+03   0.29946E+02   0.26719E+02   0.40040E+00  -0.14643E+00
   0.33618E+03   0.29943E+02   0.26725E+02   0.39866E+00  -0.14001E+00
   0.33653E+03   0.29940E+02   0.26457E+02   0.39434E+00  -0.14084E+00
   0.33688E+03   0.29935E+02   0.26214E+02   0.38336E+00  -0.14392E+00
   0.33723E+03   0.29930E+02   0.26226E+02   0.37363E+00  -0.13859E+00
   0.33758E+03   0.29927E+02   0.26117E+02   0.36759E+00  -0.13548E+00
   0.33793E+03   0.29920E+02   0.26045E+02   0.36147E+00  -0.13709E+00
   0.33828E+03   0.29915E+02   0.26136E+02   0.35845E+00  -0.13690E+00
   0.33863E+03   0.29912E+02   0.26066E+02   0.35398E+00  -0.13909E+00
   0.33898E+03   0.29909E+02   0.25921E+02   0.35188E+00  -0.14373E+00
   0.33933E+03   0.29908E+02   0.25663E+02   0.35589E+00  -0.15683E+00
   0.33968E+03   0.29908E+02   0.25517E+02   0.35252E+00  -0.16173E+00
   0.34003E+03   0.29905E+02   0.25578E+02   0.34284E+00  -0.15658E+00
   0.34038E+03   0.29899E+02   0.25547E+02   0.34153E+00  -0.16231E+00
   0.34073E+03   0.29897E+02   0.25594E+02   0.34760E+00  -0.16195E+00
   0.34108E+03   0.29897E+02   0.25521E+02   0.34898E+00  -0.16752E+00
   0.34143E+03   0.29899E+02   0.25469E+02   0.35103E+00  -0.18101E+00
   0.34178E+03   0.29902E+02   0.25796E+02   0.35377E+00  -0.17268E+00
   0.34213E+03   0.29903E+02   0.25975E+02   0.35598E+00  -0.16722E+00
   0.34248E+03   0.29904E+02   0.25732E+02   0.35922E+00  -0.17902E+00
   0.34283E+03   0.29905E+02   0.25568E+02   0.35866E+00  -0.18958E+00
   0.34318E+03   0.29906E+02   0.25714E+02   0.35915E+00  -0.19037E+00
   0.34353E+03   0.29907E+02   0.25851E+02   0.36365E+00  -0.18523E+00
   0.34388E+03   0.29911E+02   0.25824E+02   0.36969E+00  -0.19039E+00
   0.34423E+03   0.29915E+02   0.25895E+02   0.37013E+00  -0.19491E+00
   0.34458E+03   0.29915E+02   0.26080E+02   0.36897E+00  -0.18920E+00
   0.34493E+03   0.29916E+02   0.26213E+02   0.37314E+00  -0.18319E+00
   0.34528E+03   0.29920E+02   0.26215E+02   0.37958E+00  -0.18217E+00
   0.34563E+03   0.29924E+02   0.26052E+02   0.38350E+00  -0.18975E+00
   0.34598E+03   0.29925E+02   0.26029E+02   0.38034E+00  -0.19153E+00
   0.34633E+03   0.29924E+02   0.26190E+02   0.37716E+00  -0.17996E+00
   0.34668E+03   0.29924E+02   0.26221E+02   0.37669E+00  -0.17306E+00
   0.34703E+03   0.29925E+02   0.26142E+02   0.37783E+00  -0.17619E+00
   0.34738E+03   0.29926E+02   0.26204E+02   0.37997E+00  -0.17521E+00
   0.34773E+03   0.29927E+02   0.26221E+02   0.37677E+00  -0.17160E+00
   0.34808E+03   0.29927E+02   0.26039E+02   0.37187E+00  -0.17286E+00
   0.34843E+03   0.29924E+02   0.26247E+02   0.37348E+00  -0.16331E+00
   0.34878E+03   0.29922E+02   0.26409E+02   0.37971E+00  -0.15496E+00
   0.34913E+03   0.29922E+02   0.26280E+02   0.37422E+00  -0.16205E+00
   0.34948E+03   0.29922E+02   0.26255E+02   0.36601E+00  -0.16633E+00
   0.34983E+03   0.29922E+02   0.26068E+02   0.36658E+00  -0.16543E+00
   0.35018E+03   0.29921E+02   0.26001E+02   0.36741E+00  -0.15627E+00
   0.35053E+03   0.29917E+02   0.26222E+02   0.36228E+00  -0.14654E+00
   0.35088E+03   0.29912E+02   0.26418E+02   0.35751E+00  -0.14626E+00
   0.35123E+03   0.29909E+02   0.26399E+02   0.35882E+00  -0.14493E+00
   0.35158E+03   0.29911E+02   0.26010E+02   0.35923E+00  -0.15610E+00
   0.35193E+03   0.29911E+02   0.25621E+02   0.35394E+00  -0.17390E+00
   0.35228E+03   0.29907E+02   0.25531E+02   0.35185E+00  -0.17416E+00
   0.35263E+03   0.29906E+02   0.25611E+02   0.35132E+00  -0.16523E+00
   0.35298E+03   0.29904E+02   0.25679E+02   0.34856E+00  -0.16564E+00
   0.35333E+03   0.29904E+02   0.25621E+02   0.35099E+00  -0.17895E+00
   0.35368E+03   0.29905E+02   0.25792E+02   0.35565E+00  -0.18092E+00
   0.35403E+03   0.29908E+02   0.25829E+02   0.36429E+00  -0.17754E+00
   0.35438E+03   0.29911E+02   0.25790E+02   0.37050E+00  -0.18422E+00
   0.35473E+03   0.29913E+02   0.25968E+02   0.37167E+00  -0.18478E+00
   0.35508E+03   0.29915E+02   0.25862E+02   0.37023E+00  -0.18537E+00
   0.35543E+03   0.29917E+02   0.25621E+02   0.36608E+00  -0.19560E+00
   0.35578E+03   0.29916E+02   0.25582E+02   0.36629E+00  -0.19723E+00
   0.35613E+03   0.29919E+02   0.25671E+02   0.37024E+00  -0.18921E+00
   0.35648E+03   0.29920E+02   0.25810E+02   0.37285E+00  -0.18585E+00
   0.35683E+03   0.29919E+02   0.25937E+02   0.37598E+00  -0.18871E+00
   0.35718E+03   0.29919E+02   0.26041E+02   0.37582E+00  -0.18622E+00
   0.35753E+03   0.29921E+02   0.26020E+02   0.37903E+00  -0.18374E+00
   0.35788E+03   0.29925E+02   0.25828E+02   0.38355E+00  -0.19300E+00
   0.35823E+03   0.29927E+02   0.25851E+02   0.38246E+00  -0.19269E+00
   0.35858E+03   0.29927E+02   0.26017E+02   0.37948E+00  -0.18119E+00
   0.35893E+03   0.29926E+02   0.26094E+02   0.37887E+00  -0.17672E+00
   0.35928E+03   0.29927E+02   0.26262E+02   0.38080E+00  -0.17150E+00
   0.35963E+03   0.29927E+02   0.26377E+02   0.38032E+00  -0.16601E+00
   0.35998E+03   0.29927E+02   0.26184E+02   0.38082E+00  -0.17216E+00
   0.36033E+03   0.29926E+02   0.26048E+02   0.37957E+00  -0.17621E+00
   0.36068E+03   0.29925E+02   0.26137E+02   0.37961E+00  -0.16876E+00
   0.36103E+03   0.29925E+02   0.26212E+02   0.37553E+00  -0.16479E+00
   0.36138E+03   0.29923E+02   0.26158E+02   0.36897E+00  -0.16638E+00
   0.36173E+03   0.29921E+02   0.26119E+02   0.36874E+00  -0.16391E+00
   0.36208E+03   0.29919E+02   0.26106E+02   0.36829E+00  -0.16031E+00
   0.36243E+03   0.29919E+02   0.26226E+02   0.36799E+00  -0.15528E+00
   0.36278E+03   0.29918E+02   0.26294E+02   0.37176E+00  -0.15669E+00
   0.36313E+03   0.29918E+02   0.26183E+02   0.36819E+00  -0.15900E+00
   0.36348E+03   0.29916E+02   0.26270E+02   0.35939E+00  -0.15175E+00
   0.36383E+03   0.29913E+02   0.26500E+02   0.35875E+00  -0.14399E+00
   0.36418E+03   0.29913E+02   0.26481E+02   0.35832E+00  -0.14226E+00
   0.36453E+03   0.29910E+02   0.26375E+02   0.35607E+00  -0.14564E+00
   0.36488E+03   0.29908E+02   0.26301E+02   0.35770E+00  -0.15161E+00
   0.36523E+03   0.29909E+02   0.25900E+02   0.35318E+00  -0.16380E+00
   0.36558E+03   0.29907E+02   0.25642E+02   0.34425E+00  -0.17105E+00
   0.36593E+03   0.29903E+02   0.25411E+02   0.34405E+00  -0.17751E+00
   0.36628E+03   0.29901E+02   0.24941E+02   0.34691E+00  -0.19607E+00
   0.36663E+03   0.29902E+02   0.24864E+02   0.34637E+00  -0.20410E+00
   0.36698E+03   0.29902E+02   0.24857E+02   0.35055E+00  -0.21237E+00
   0.36733E+03   0.29905E+02   0.24981E+02   0.36366E+00  -0.21797E+00
   0.36768E+03   0.29911E+02   0.25191E+02   0.37818E+00  -0.21298E+00
   0.36803E+03   0.29918E+02   0.25079E+02   0.38455E+00  -0.22992E+00
   0.36838E+03   0.29925E+02   0.24838E+02   0.38838E+00  -0.24689E+00
   0.36873E+03   0.29930E+02   0.24850E+02   0.39504E+00  -0.24452E+00
   0.36908E+03   0.29934E+02   0.25116E+02   0.40237E+00  -0.23844E+00
   0.36943E+03   0.29938E+02   0.25448E+02   0.40668E+00  -0.23109E+00
   0.36978E+03   0.29941E+02   0.25615E+02   0.41123E+00  -0.23060E+00
   0.37013E+03   0.29943E+02   0.25717E+02   0.41353E+00  -0.23124E+00
   0.37048E+03   0.29945E+02   0.25934E+02   0.41771E+00  -0.22169E+00
   0.37083E+03   0.29948E+02   0.25960E+02   0.42469E+00  -0.21614E+00
   0.37118E+03   0.29949E+02   0.26150E+02   0.42411E+00  -0.20951E+00
   0.37153E+03   0.29950E+02   0.26462E+02   0.42187E+00  -0.19235E+00
   0.37188E+03   0.29949E+02   0.26607E+02   0.41420E+00  -0.17778E+00
   0.37223E+03   0.29948E+02   0.26521E+02   0.41009E+00  -0.17207E+00
   0.37258E+03   0.29946E+02   0.26587E+02   0.40857E+00  -0.16325E+00
   0.37293E+03   0.29945E+02   0.26544E+02   0.40832E+00  -0.15543E+00
   0.37328E+03   0.29942E+02   0.26390E+02   0.39797E+00  -0.15268E+00
   0.37363E+03   0.29939E+02   0.26471E+02   0.38595E+00  -0.14446E+00
   0.37398E+03   0.29936E+02   0.26406E+02   0.37807E+00  -0.13736E+00
   0.37433E+03   0.29930E+02   0.26278E+02   0.37067E+00  -0.13463E+00
   0.37468E+03   0.29925E+02   0.26171E+02   0.36918E+00  -0.13740E+00
   0.37503E+03   0.29920E+02   0.26100E+02   0.36343E+00  -0.13982E+00
   0.37538E+03   0.29916E+02   0.26241E+02   0.36141E+00  -0.13156E+00
   0.37573E+03   0.29913E+02   0.26464E+02   0.36119E+00  -0.12594E+00
   0.37608E+03   0.29910E+02   0.26554E+02   0.35708E+00  -0.12480E+00
   0.37643E+03   0.29906E+02   0.26602E+02   0.34837E+00  -0.12139E+00
   0.37678E+03   0.29901E+02   0.26724E+02   0.34811E+00  -0.11695E+00
   0.37713E+03   0.29899E+02   0.26779E+02   0.34922E+00  -0.11343E+00
   0.37748E+03   0.29896E+02   0.26638E+02   0.34021E+00  -0.12009E+00
   0.37783E+03   0.29893E+02   0.26438E+02   0.33275E+00  -0.12983E+00
   0.37818E+03   0.29884E+02   0.26343E+02   0.32472E+00  -0.12736E+00
   0.37853E+03   0.29874E+02   0.26061E+02   0.31968E+00  -0.13254E+00
   0.37888E+03   0.29870E+02   0.25503E+02   0.31776E+00  -0.16028E+00
   0.37923E+03   0.29867E+02   0.25004E+02   0.31948E+00  -0.18774E+00
   0.37958E+03   0.29868E+02   0.24691E+02   0.32520E+00  -0.20097E+00
   0.37993E+03   0.29872E+02   0.24428E+02   0.32972E+00  -0.21558E+00
   0.38028E+03   0.29881E+02   0.23914E+02   0.33756E+00  -0.24684E+00
   0.38063E+03   0.29890E+02   0.23545E+02   0.34821E+00  -0.27695E+00
   0.38098E+03   0.29900E+02   0.23540E+02   0.36544E+00  -0.29130E+00
   0.38133E+03   0.29911E+02   0.23666E+02   0.38175E+00  -0.30372E+00
   0.38168E+03   0.29923E+02   0.23807E+02   0.40144E+00  -0.32046E+00
   0.38203E+03   0.29935E+02   0.23722E+02   0.42337E+00  -0.34031E+00
   0.38238E+03   0.29945E+02   0.23660E+02   0.43715E+00  -0.35526E+00
   0.38273E+03   0.29953E+02   0.23861E+02   0.45187E+00  -0.36015E+00
   0.38308E+03   0.29960E+02   0.24347E+02   0.47302E+00  -0.35900E+00
   0.38343E+03   0.29967E+02   0.24844E+02   0.49835E+00  -0.35149E+00
   0.38378E+03   0.29972E+02   0.25492E+02   0.51278E+00  -0.34129E+00
   0.38413E+03   0.29977E+02   0.26382E+02   0.51864E+00  -0.31605E+00
   0.38448E+03   0.29979E+02   0.27126E+02   0.52494E+00  -0.27206E+00
   0.38483E+03   0.29981E+02   0.27489E+02   0.53629E+00  -0.23626E+00
   0.38518E+03   0.29983E+02   0.27724E+02   0.53929E+00  -0.21522E+00
   0.38553E+03   0.29983E+02   0.28039E+02   0.52089E+00  -0.18912E+00
   0.38588E+03   0.29981E+02   0.28027E+02   0.49554E+00  -0.15301E+00
   0.38623E+03   0.29977E+02   0.27850E+02   0.47474E+00  -0.11985E+00
   0.38658E+03   0.29972E+02   0.27787E+02   0.45322E+00  -0.92183E-01
   0.38693E+03   0.29964E+02   0.27681E+02   0.42640E+00  -0.77144E-01
   0.38728E+03   0.29954E+02   0.27594E+02   0.40292E+00  -0.70583E-01
   0.38763E+03   0.29945E+02   0.27590E+02   0.38937E+00  -0.58260E-01
   0.38798E+03   0.29937E+02   0.27422E+02   0.37778E+00  -0.53257E-01
   0.38833E+03   0.29927E+02   0.27184E+02   0.36121E+00  -0.64983E-01
   0.38868E+03   0.29918E+02   0.26934E+02   0.34485E+00  -0.74191E-01
   0.38903E+03   0.29903E+02   0.26804E+02   0.32949E+00  -0.67732E-01
   0.38938E+03   0.29890E+02   0.26797E+02   0.32596E+00  -0.69125E-01
   0.38973E+03   0.29885E+02   0.26629E+02   0.32777E+00  -0.83879E-01
   0.39008E+03   0.29880E+02   0.26420E+02   0.32320E+00  -0.95939E-01
   0.39043E+03   0.29873E+02   0.26220E+02   0.31582E+00  -0.10799E+00
   0.39078E+03   0.29866E+02   0.25945E+02   0.31109E+00  -0.11865E+00
   0.39113E+03   0.29861E+02   0.25812E+02   0.31190E+00  -0.12452E+00
   0.39148E+03   0.29859E+02   0.25640E+02   0.31304E+00  -0.14046E+00
   0.39183E+03   0.29858E+02   0.25394E+02   0.31026E+00  -0.15965E+00
   0.39218E+03   0.29856E+02   0.25193E+02   0.31007E+00  -0.17228E+00
   0.39253E+03   0.29858E+02   0.25104E+02   0.31709E+00  -0.18471E+00
   0.39288E+03   0.29862E+02   0.25293E+02   0.32772E+00  -0.18826E+00
   0.39323E+03   0.29869E+02   0.25347E+02   0.33741E+00  -0.19836E+00
   0.39358E+03   0.29879E+02   0.25193E+02   0.34203E+00  -0.21844E+00
   0.39393E+03   0.29888E+02   0.25114E+02   0.34463E+00  -0.22597E+00
   0.39428E+03   0.29894E+02   0.24981E+02   0.35316E+00  -0.23280E+00
   0.39463E+03   0.29902E+02   0.24943E+02   0.36784E+00  -0.23806E+00
   0.39498E+03   0.29911E+02   0.25270E+02   0.37325E+00  -0.23743E+00
   0.39533E+03   0.29916E+02   0.25601E+02   0.38030E+00  -0.24069E+00
   0.39568E+03   0.29922E+02   0.25668E+02   0.39558E+00  -0.24385E+00
   0.39603E+03   0.29931E+02   0.25493E+02   0.40435E+00  -0.25038E+00
   0.39638E+03   0.29937E+02   0.25316E+02   0.41207E+00  -0.25837E+00
   0.39673E+03   0.29943E+02   0.25426E+02   0.42162E+00  -0.25744E+00
   0.39708E+03   0.29947E+02   0.25466E+02   0.42755E+00  -0.25107E+00
   0.39743E+03   0.29950E+02   0.25239E+02   0.42912E+00  -0.25571E+00
   0.39778E+03   0.29952E+02   0.25149E+02   0.43469E+00  -0.26264E+00
   0.39813E+03   0.29955E+02   0.25689E+02   0.44512E+00  -0.24846E+00
   0.39848E+03   0.29959E+02   0.26078E+02   0.44953E+00  -0.23075E+00
   0.39883E+03   0.29962E+02   0.25841E+02   0.44776E+00  -0.23209E+00
   0.39918E+03   0.29962E+02   0.25773E+02   0.44928E+00  -0.22614E+00
   0.39953E+03   0.29962E+02   0.25719E+02   0.44948E+00  -0.20742E+00
   0.39988E+03   0.29962E+02   0.25452E+02   0.44308E+00  -0.20793E+00
   0.40023E+03   0.29961E+02   0.25344E+02   0.43811E+00  -0.21308E+00
   0.40058E+03   0.29961E+02   0.25150E+02   0.43385E+00  -0.20955E+00
   0.40093E+03   0.29959E+02   0.24985E+02   0.42323E+00  -0.20273E+00
   0.40128E+03   0.29956E+02   0.25348E+02   0.41528E+00  -0.18678E+00
   0.40163E+03   0.29952E+02   0.25828E+02   0.41560E+00  -0.16940E+00
   0.40198E+03   0.29950E+02   0.25885E+02   0.42132E+00  -0.16170E+00
   0.40233E+03   0.29950E+02   0.25627E+02   0.41964E+00  -0.17290E+00
   0.40268E+03   0.29949E+02   0.25523E+02   0.40872E+00  -0.17730E+00
   0.40303E+03   0.29945E+02   0.25790E+02   0.39982E+00  -0.15105E+00
   0.40338E+03   0.29941E+02   0.25867E+02   0.39521E+00  -0.13895E+00
   0.40373E+03   0.29939E+02   0.25845E+02   0.38762E+00  -0.14404E+00
   0.40408E+03   0.29933E+02   0.26017E+02   0.37345E+00  -0.13749E+00
   0.40443E+03   0.29925E+02   0.25843E+02   0.36753E+00  -0.14082E+00
   0.40478E+03   0.29923E+02   0.25540E+02   0.36905E+00  -0.15032E+00
   0.40513E+03   0.29921E+02   0.25518E+02   0.36794E+00  -0.15297E+00
   0.40548E+03   0.29918E+02   0.25598E+02   0.36002E+00  -0.15486E+00
   0.40583E+03   0.29912E+02   0.25525E+02   0.34905E+00  -0.15352E+00
   0.40618E+03   0.29905E+02   0.25424E+02   0.34739E+00  -0.15808E+00
   0.40653E+03   0.29904E+02   0.25319E+02   0.35431E+00  -0.16673E+00
   0.40688E+03   0.29907E+02   0.25035E+02   0.35693E+00  -0.17920E+00
   0.40723E+03   0.29909E+02   0.24834E+02   0.35833E+00  -0.19362E+00
   0.40758E+03   0.29908E+02   0.24922E+02   0.35669E+00  -0.19431E+00
   0.40793E+03   0.29908E+02   0.25208E+02   0.35534E+00  -0.18556E+00
   0.40828E+03   0.29909E+02   0.25437E+02   0.36243E+00  -0.18449E+00
   0.40863E+03   0.29912E+02   0.25383E+02   0.37027E+00  -0.19793E+00
   0.40898E+03   0.29915E+02   0.25268E+02   0.37191E+00  -0.20696E+00
   0.40933E+03   0.29918E+02   0.25417E+02   0.37926E+00  -0.20599E+00
   0.40968E+03   0.29923E+02   0.25590E+02   0.38925E+00  -0.20513E+00
   0.41003E+03   0.29926E+02   0.25486E+02   0.38547E+00  -0.20995E+00
   0.41038E+03   0.29927E+02   0.25304E+02   0.37939E+00  -0.21603E+00
   0.41073E+03   0.29927E+02   0.25153E+02   0.38127E+00  -0.22125E+00
   0.41108E+03   0.29930E+02   0.25269E+02   0.38653E+00  -0.21642E+00
   0.41143E+03   0.29932E+02   0.25532E+02   0.39125E+00  -0.20845E+00
   0.41178E+03   0.29935E+02   0.25669E+02   0.39923E+00  -0.21354E+00
   0.41213E+03   0.29936E+02   0.25988E+02   0.40457E+00  -0.20431E+00
   0.41248E+03   0.29938E+02   0.25910E+02   0.40213E+00  -0.19996E+00
   0.41283E+03   0.29939E+02   0.25539E+02   0.40115E+00  -0.21400E+00
   0.41318E+03   0.29940E+02   0.25674E+02   0.40930E+00  -0.20617E+00
   0.41353E+03   0.29943E+02   0.25704E+02   0.41134E+00  -0.19373E+00
   0.41388E+03   0.29942E+02   0.25658E+02   0.40088E+00  -0.19536E+00
   0.41423E+03   0.29940E+02   0.25785E+02   0.39928E+00  -0.19295E+00
   0.41458E+03   0.29939E+02   0.25779E+02   0.40239E+00  -0.18594E+00
   0.41493E+03   0.29939E+02   0.25807E+02   0.40153E+00  -0.17956E+00
   0.41528E+03   0.29939E+02   0.25829E+02   0.40027E+00  -0.18039E+00
   0.41563E+03   0.29938E+02   0.25772E+02   0.39642E+00  -0.17772E+00
   0.41598E+03   0.29936E+02   0.25973E+02   0.39131E+00  -0.15881E+00
   0.41633E+03   0.29934E+02   0.26137E+02   0.38847E+00  -0.15242E+00
   0.41668E+03   0.29934E+02   0.25987E+02   0.38434E+00  -0.15836E+00
   0.41703E+03   0.29930E+02   0.25801E+02   0.37631E+00  -0.15891E+00
   0.41738E+03   0.29927E+02   0.25723E+02   0.37440E+00  -0.15810E+00
   0.41773E+03   0.29924E+02   0.25547E+02   0.37117E+00  -0.16085E+00
   0.41808E+03   0.29920E+02   0.25466E+02   0.36394E+00  -0.16362E+00
   0.41843E+03   0.29919E+02   0.25416E+02   0.36043E+00  -0.17103E+00
   0.41878E+03   0.29917E+02   0.25207E+02   0.35859E+00  -0.17756E+00
   0.41913E+03   0.29915E+02   0.25284E+02   0.36082E+00  -0.17273E+00
   0.41948E+03   0.29915E+02   0.25602E+02   0.36260E+00  -0.16992E+00
   0.41983E+03   0.29916E+02   0.25861E+02   0.36886E+00  -0.16421E+00
