       time        TW        TE         hW        hE
   0.17500E+00   0.29555E+02   0.29182E+02   0.31782E-02  -0.31196E-01
   0.52500E+00   0.28812E+02   0.27752E+02   0.25900E-01  -0.97662E-01
   0.87500E+00   0.28505E+02   0.26620E+02   0.67610E-01  -0.16802E+00
   0.12250E+01   0.28628E+02   0.25489E+02   0.11816E+00  -0.24807E+00
   0.15750E+01   0.28933E+02   0.24472E+02   0.17617E+00  -0.32999E+00
   0.19250E+01   0.29255E+02   0.23603E+02   0.23785E+00  -0.40017E+00
   0.22750E+01   0.29520E+02   0.23070E+02   0.30260E+00  -0.46498E+00
   0.26250E+01   0.29708E+02   0.23118E+02   0.37011E+00  -0.52279E+00
   0.29750E+01   0.29828E+02   0.23707E+02   0.44070E+00  -0.56416E+00
   0.33250E+01   0.29900E+02   0.24625E+02   0.50793E+00  -0.58265E+00
   0.36750E+01   0.29943E+02   0.25522E+02   0.56848E+00  -0.58550E+00
   0.40250E+01   0.29967E+02   0.25944E+02   0.62073E+00  -0.57863E+00
   0.43750E+01   0.29980E+02   0.26311E+02   0.66558E+00  -0.55033E+00
   0.47250E+01   0.29987E+02   0.27003E+02   0.70624E+00  -0.49721E+00
   0.50750E+01   0.29992E+02   0.27561E+02   0.73430E+00  -0.43425E+00
   0.54250E+01   0.29994E+02   0.28016E+02   0.73441E+00  -0.36673E+00
   0.57750E+01   0.29996E+02   0.28388E+02   0.71181E+00  -0.29739E+00
   0.61250E+01   0.29997E+02   0.28725E+02   0.68097E+00  -0.23119E+00
   0.64750E+01   0.29997E+02   0.28998E+02   0.64589E+00  -0.16064E+00
   0.68250E+01   0.29995E+02   0.29214E+02   0.60374E+00  -0.10328E+00
   0.71750E+01   0.29992E+02   0.29224E+02   0.55381E+00  -0.63906E-01
   0.75250E+01   0.29987E+02   0.29103E+02   0.50247E+00  -0.24597E-01
   0.78750E+01   0.29978E+02   0.28940E+02   0.45401E+00   0.34267E-02
   0.82250E+01   0.29967E+02   0.28780E+02   0.41170E+00   0.22087E-01
   0.85750E+01   0.29953E+02   0.28699E+02   0.38079E+00   0.30065E-01
   0.89250E+01   0.29940E+02   0.28551E+02   0.35968E+00   0.21695E-01
   0.92750E+01   0.29927E+02   0.28310E+02   0.33689E+00   0.91047E-02
   0.96250E+01   0.29910E+02   0.28071E+02   0.31778E+00  -0.26283E-02
   0.99750E+01   0.29888E+02   0.27862E+02   0.31302E+00  -0.13246E-01
   0.10325E+02   0.29874E+02   0.27733E+02   0.31503E+00  -0.19068E-01
   0.10675E+02   0.29867E+02   0.27657E+02   0.31072E+00  -0.29920E-01
   0.11025E+02   0.29861E+02   0.27548E+02   0.30738E+00  -0.46531E-01
   0.11375E+02   0.29857E+02   0.27381E+02   0.30526E+00  -0.55548E-01
   0.11725E+02   0.29849E+02   0.27037E+02   0.29925E+00  -0.68681E-01
   0.12075E+02   0.29837E+02   0.26678E+02   0.29319E+00  -0.90165E-01
   0.12425E+02   0.29825E+02   0.26482E+02   0.28446E+00  -0.10352E+00
   0.12775E+02   0.29812E+02   0.26305E+02   0.27521E+00  -0.11349E+00
   0.13125E+02   0.29798E+02   0.25887E+02   0.27263E+00  -0.13733E+00
   0.13475E+02   0.29791E+02   0.25513E+02   0.27704E+00  -0.16249E+00
   0.13825E+02   0.29795E+02   0.25319E+02   0.28224E+00  -0.17636E+00
   0.14175E+02   0.29806E+02   0.25007E+02   0.28935E+00  -0.19666E+00
   0.14525E+02   0.29821E+02   0.24535E+02   0.29804E+00  -0.22857E+00
   0.14875E+02   0.29834E+02   0.24140E+02   0.30846E+00  -0.25240E+00
   0.15225E+02   0.29847E+02   0.24045E+02   0.32379E+00  -0.27045E+00
   0.15575E+02   0.29863E+02   0.24035E+02   0.34508E+00  -0.29469E+00
   0.15925E+02   0.29884E+02   0.23875E+02   0.36747E+00  -0.32373E+00
   0.16275E+02   0.29904E+02   0.23854E+02   0.39030E+00  -0.35027E+00
   0.16625E+02   0.29922E+02   0.24149E+02   0.41683E+00  -0.36431E+00
   0.16975E+02   0.29938E+02   0.24504E+02   0.44383E+00  -0.36711E+00
   0.17325E+02   0.29951E+02   0.24806E+02   0.46707E+00  -0.37109E+00
   0.17675E+02   0.29962E+02   0.25338E+02   0.49068E+00  -0.36934E+00
   0.18025E+02   0.29970E+02   0.25991E+02   0.51485E+00  -0.35103E+00
   0.18375E+02   0.29976E+02   0.26622E+02   0.52978E+00  -0.32776E+00
   0.18725E+02   0.29980E+02   0.27320E+02   0.54018E+00  -0.30685E+00
   0.19075E+02   0.29983E+02   0.27872E+02   0.54890E+00  -0.27403E+00
   0.19425E+02   0.29984E+02   0.28299E+02   0.54680E+00  -0.22865E+00
   0.19775E+02   0.29984E+02   0.28649E+02   0.53525E+00  -0.18822E+00
   0.20125E+02   0.29983E+02   0.28707E+02   0.51849E+00  -0.15650E+00
   0.20475E+02   0.29980E+02   0.28658E+02   0.50115E+00  -0.12562E+00
   0.20825E+02   0.29977E+02   0.28467E+02   0.48052E+00  -0.98708E-01
   0.21175E+02   0.29972E+02   0.28012E+02   0.44480E+00  -0.83169E-01
   0.21525E+02   0.29963E+02   0.27551E+02   0.41126E+00  -0.74393E-01
   0.21875E+02   0.29950E+02   0.27399E+02   0.38920E+00  -0.59470E-01
   0.22225E+02   0.29937E+02   0.27424E+02   0.36850E+00  -0.46598E-01
   0.22575E+02   0.29925E+02   0.27287E+02   0.35085E+00  -0.54903E-01
   0.22925E+02   0.29913E+02   0.27260E+02   0.34374E+00  -0.61640E-01
   0.23275E+02   0.29905E+02   0.27265E+02   0.34137E+00  -0.55093E-01
   0.23625E+02   0.29900E+02   0.27122E+02   0.33440E+00  -0.60263E-01
   0.23975E+02   0.29891E+02   0.26882E+02   0.32549E+00  -0.77334E-01
   0.24325E+02   0.29880E+02   0.26604E+02   0.31876E+00  -0.87854E-01
   0.24675E+02   0.29875E+02   0.26386E+02   0.31558E+00  -0.91021E-01
   0.25025E+02   0.29869E+02   0.26220E+02   0.30914E+00  -0.10379E+00
   0.25375E+02   0.29858E+02   0.25906E+02   0.30299E+00  -0.12423E+00
   0.25725E+02   0.29848E+02   0.25611E+02   0.30267E+00  -0.13368E+00
   0.26075E+02   0.29848E+02   0.25398E+02   0.30684E+00  -0.14708E+00
   0.26425E+02   0.29850E+02   0.25178E+02   0.30661E+00  -0.16972E+00
   0.26775E+02   0.29848E+02   0.25160E+02   0.30971E+00  -0.18137E+00
   0.27125E+02   0.29852E+02   0.25236E+02   0.32117E+00  -0.18556E+00
   0.27475E+02   0.29862E+02   0.25160E+02   0.33129E+00  -0.19793E+00
   0.27825E+02   0.29871E+02   0.24976E+02   0.33436E+00  -0.21555E+00
   0.28175E+02   0.29879E+02   0.24904E+02   0.33858E+00  -0.22882E+00
   0.28525E+02   0.29888E+02   0.24965E+02   0.35228E+00  -0.23284E+00
   0.28875E+02   0.29898E+02   0.25015E+02   0.36261E+00  -0.23739E+00
   0.29225E+02   0.29905E+02   0.24989E+02   0.36712E+00  -0.25229E+00
   0.29575E+02   0.29912E+02   0.24944E+02   0.37514E+00  -0.26290E+00
   0.29925E+02   0.29920E+02   0.24954E+02   0.39037E+00  -0.26681E+00
   0.30275E+02   0.29929E+02   0.25126E+02   0.40325E+00  -0.27247E+00
   0.30625E+02   0.29937E+02   0.25083E+02   0.41397E+00  -0.28076E+00
   0.30975E+02   0.29943E+02   0.24916E+02   0.42829E+00  -0.28907E+00
   0.31325E+02   0.29950E+02   0.25263E+02   0.44142E+00  -0.28574E+00
   0.31675E+02   0.29956E+02   0.25856E+02   0.44771E+00  -0.27141E+00
   0.32025E+02   0.29960E+02   0.26025E+02   0.45598E+00  -0.26601E+00
   0.32375E+02   0.29964E+02   0.26256E+02   0.46748E+00  -0.25541E+00
   0.32725E+02   0.29967E+02   0.26775E+02   0.47011E+00  -0.23022E+00
   0.33075E+02   0.29968E+02   0.27101E+02   0.46780E+00  -0.20970E+00
   0.33425E+02   0.29968E+02   0.27289E+02   0.46649E+00  -0.19060E+00
   0.33775E+02   0.29968E+02   0.27253E+02   0.46171E+00  -0.17448E+00
   0.34125E+02   0.29967E+02   0.27320E+02   0.44923E+00  -0.15791E+00
   0.34475E+02   0.29963E+02   0.27575E+02   0.43280E+00  -0.13409E+00
   0.34825E+02   0.29957E+02   0.27532E+02   0.41848E+00  -0.11676E+00
   0.35175E+02   0.29951E+02   0.27114E+02   0.40773E+00  -0.11518E+00
   0.35525E+02   0.29944E+02   0.26666E+02   0.39333E+00  -0.12202E+00
   0.35875E+02   0.29934E+02   0.26511E+02   0.37650E+00  -0.11779E+00
   0.36225E+02   0.29925E+02   0.26406E+02   0.36541E+00  -0.11233E+00
   0.36575E+02   0.29918E+02   0.26262E+02   0.35973E+00  -0.11806E+00
   0.36925E+02   0.29915E+02   0.26391E+02   0.35561E+00  -0.11524E+00
   0.37275E+02   0.29909E+02   0.26552E+02   0.34743E+00  -0.10778E+00
   0.37625E+02   0.29901E+02   0.26543E+02   0.34337E+00  -0.10661E+00
   0.37975E+02   0.29898E+02   0.26480E+02   0.34810E+00  -0.10938E+00
   0.38325E+02   0.29897E+02   0.26432E+02   0.34987E+00  -0.11606E+00
   0.38675E+02   0.29895E+02   0.26391E+02   0.34044E+00  -0.12078E+00
   0.39025E+02   0.29888E+02   0.26145E+02   0.32709E+00  -0.12945E+00
   0.39375E+02   0.29881E+02   0.25903E+02   0.32308E+00  -0.13799E+00
   0.39725E+02   0.29876E+02   0.25784E+02   0.32265E+00  -0.14202E+00
   0.40075E+02   0.29874E+02   0.25526E+02   0.32074E+00  -0.15902E+00
   0.40425E+02   0.29871E+02   0.25487E+02   0.32245E+00  -0.17071E+00
   0.40775E+02   0.29871E+02   0.25487E+02   0.32963E+00  -0.17583E+00
   0.41125E+02   0.29875E+02   0.25169E+02   0.33652E+00  -0.19359E+00
   0.41475E+02   0.29881E+02   0.24923E+02   0.34166E+00  -0.20992E+00
   0.41825E+02   0.29888E+02   0.24838E+02   0.34433E+00  -0.22110E+00
   0.42175E+02   0.29892E+02   0.25129E+02   0.35200E+00  -0.21896E+00
   0.42525E+02   0.29901E+02   0.25357E+02   0.36605E+00  -0.21703E+00
   0.42875E+02   0.29910E+02   0.24920E+02   0.37351E+00  -0.24141E+00
   0.43225E+02   0.29917E+02   0.24563E+02   0.37765E+00  -0.26095E+00
   0.43575E+02   0.29923E+02   0.24843E+02   0.38525E+00  -0.25611E+00
   0.43925E+02   0.29928E+02   0.25291E+02   0.39722E+00  -0.24750E+00
   0.44275E+02   0.29934E+02   0.25417E+02   0.41003E+00  -0.24908E+00
   0.44625E+02   0.29940E+02   0.25602E+02   0.41477E+00  -0.25734E+00
   0.44975E+02   0.29944E+02   0.25785E+02   0.42252E+00  -0.25507E+00
   0.45325E+02   0.29948E+02   0.25721E+02   0.43257E+00  -0.24662E+00
   0.45675E+02   0.29953E+02   0.25567E+02   0.43673E+00  -0.24987E+00
   0.46025E+02   0.29956E+02   0.25371E+02   0.44341E+00  -0.25276E+00
   0.46375E+02   0.29957E+02   0.25384E+02   0.44042E+00  -0.24456E+00
   0.46725E+02   0.29956E+02   0.25554E+02   0.43425E+00  -0.23352E+00
   0.47075E+02   0.29956E+02   0.25832E+02   0.43651E+00  -0.22079E+00
   0.47425E+02   0.29958E+02   0.26198E+02   0.44573E+00  -0.21128E+00
   0.47775E+02   0.29961E+02   0.26641E+02   0.44957E+00  -0.19682E+00
   0.48125E+02   0.29961E+02   0.27045E+02   0.44126E+00  -0.17160E+00
   0.48475E+02   0.29959E+02   0.27252E+02   0.43447E+00  -0.15419E+00
   0.48825E+02   0.29957E+02   0.27359E+02   0.43288E+00  -0.13640E+00
   0.49175E+02   0.29955E+02   0.27306E+02   0.42421E+00  -0.12264E+00
   0.49525E+02   0.29951E+02   0.27017E+02   0.40329E+00  -0.12619E+00
   0.49875E+02   0.29944E+02   0.26807E+02   0.38313E+00  -0.11826E+00
   0.50225E+02   0.29935E+02   0.26867E+02   0.37142E+00  -0.99557E-01
   0.50575E+02   0.29927E+02   0.26768E+02   0.36216E+00  -0.98387E-01
   0.50925E+02   0.29915E+02   0.26663E+02   0.35006E+00  -0.10483E+00
   0.51275E+02   0.29904E+02   0.26657E+02   0.34276E+00  -0.10746E+00
   0.51625E+02   0.29901E+02   0.26480E+02   0.34096E+00  -0.10968E+00
   0.51975E+02   0.29898E+02   0.26212E+02   0.33799E+00  -0.11817E+00
   0.52325E+02   0.29893E+02   0.25871E+02   0.33284E+00  -0.13442E+00
   0.52675E+02   0.29886E+02   0.25795E+02   0.32807E+00  -0.13419E+00
   0.53025E+02   0.29883E+02   0.25886E+02   0.32774E+00  -0.13021E+00
   0.53375E+02   0.29881E+02   0.25921E+02   0.32821E+00  -0.14078E+00
   0.53725E+02   0.29878E+02   0.25963E+02   0.33244E+00  -0.14668E+00
   0.54075E+02   0.29880E+02   0.25782E+02   0.33899E+00  -0.15579E+00
   0.54425E+02   0.29884E+02   0.25470E+02   0.33859E+00  -0.17299E+00
   0.54775E+02   0.29886E+02   0.25179E+02   0.33551E+00  -0.18815E+00
   0.55125E+02   0.29886E+02   0.25162E+02   0.33512E+00  -0.19233E+00
   0.55475E+02   0.29887E+02   0.25434E+02   0.34117E+00  -0.18619E+00
   0.55825E+02   0.29891E+02   0.25331E+02   0.34823E+00  -0.19913E+00
   0.56175E+02   0.29897E+02   0.25025E+02   0.35155E+00  -0.22405E+00
   0.56525E+02   0.29903E+02   0.24861E+02   0.35677E+00  -0.23695E+00
   0.56875E+02   0.29908E+02   0.24974E+02   0.37021E+00  -0.23435E+00
   0.57225E+02   0.29916E+02   0.25161E+02   0.38009E+00  -0.23147E+00
   0.57575E+02   0.29923E+02   0.25203E+02   0.37952E+00  -0.24084E+00
   0.57925E+02   0.29926E+02   0.25259E+02   0.38727E+00  -0.24639E+00
   0.58275E+02   0.29930E+02   0.25365E+02   0.40106E+00  -0.24552E+00
   0.58625E+02   0.29936E+02   0.25750E+02   0.41021E+00  -0.23774E+00
   0.58975E+02   0.29942E+02   0.26123E+02   0.42228E+00  -0.23252E+00
   0.59325E+02   0.29947E+02   0.26105E+02   0.42898E+00  -0.23542E+00
   0.59675E+02   0.29950E+02   0.26101E+02   0.42607E+00  -0.22546E+00
   0.60025E+02   0.29950E+02   0.26451E+02   0.42294E+00  -0.20912E+00
   0.60375E+02   0.29952E+02   0.26883E+02   0.42661E+00  -0.19310E+00
   0.60725E+02   0.29954E+02   0.27258E+02   0.43178E+00  -0.17165E+00
   0.61075E+02   0.29954E+02   0.27399E+02   0.42596E+00  -0.15828E+00
   0.61425E+02   0.29952E+02   0.27550E+02   0.41357E+00  -0.14519E+00
   0.61775E+02   0.29949E+02   0.27535E+02   0.40268E+00  -0.12575E+00
   0.62125E+02   0.29945E+02   0.27408E+02   0.39540E+00  -0.11211E+00
   0.62475E+02   0.29938E+02   0.27287E+02   0.38558E+00  -0.10763E+00
   0.62825E+02   0.29930E+02   0.26942E+02   0.36933E+00  -0.11060E+00
   0.63175E+02   0.29922E+02   0.26727E+02   0.35288E+00  -0.11562E+00
   0.63525E+02   0.29915E+02   0.26594E+02   0.34574E+00  -0.11437E+00
   0.63875E+02   0.29907E+02   0.26542E+02   0.34114E+00  -0.11013E+00
   0.64225E+02   0.29899E+02   0.26438E+02   0.33759E+00  -0.11531E+00
   0.64575E+02   0.29895E+02   0.26108E+02   0.33420E+00  -0.13086E+00
   0.64925E+02   0.29891E+02   0.25826E+02   0.33142E+00  -0.14123E+00
   0.65275E+02   0.29888E+02   0.25747E+02   0.33383E+00  -0.14454E+00
   0.65625E+02   0.29887E+02   0.25717E+02   0.33667E+00  -0.14653E+00
   0.65975E+02   0.29888E+02   0.25361E+02   0.33395E+00  -0.16085E+00
   0.66325E+02   0.29888E+02   0.24916E+02   0.32953E+00  -0.18430E+00
   0.66675E+02   0.29886E+02   0.24814E+02   0.33069E+00  -0.18967E+00
   0.67025E+02   0.29887E+02   0.24843E+02   0.33737E+00  -0.19298E+00
   0.67375E+02   0.29891E+02   0.24875E+02   0.34978E+00  -0.20613E+00
   0.67725E+02   0.29897E+02   0.24869E+02   0.35857E+00  -0.22362E+00
   0.68075E+02   0.29904E+02   0.25034E+02   0.36128E+00  -0.23122E+00
   0.68425E+02   0.29910E+02   0.25168E+02   0.36630E+00  -0.22902E+00
   0.68775E+02   0.29917E+02   0.25160E+02   0.37865E+00  -0.23677E+00
   0.69125E+02   0.29924E+02   0.25173E+02   0.39152E+00  -0.24217E+00
   0.69475E+02   0.29930E+02   0.24958E+02   0.39522E+00  -0.25061E+00
   0.69825E+02   0.29934E+02   0.25055E+02   0.39570E+00  -0.25651E+00
   0.70175E+02   0.29936E+02   0.25253E+02   0.40330E+00  -0.24998E+00
   0.70525E+02   0.29940E+02   0.25100E+02   0.41315E+00  -0.25652E+00
   0.70875E+02   0.29945E+02   0.25102E+02   0.42052E+00  -0.26465E+00
   0.71225E+02   0.29948E+02   0.25505E+02   0.42484E+00  -0.25398E+00
   0.71575E+02   0.29950E+02   0.25944E+02   0.43145E+00  -0.23771E+00
   0.71925E+02   0.29954E+02   0.26182E+02   0.44096E+00  -0.22636E+00
   0.72275E+02   0.29957E+02   0.26264E+02   0.44821E+00  -0.21986E+00
   0.72625E+02   0.29959E+02   0.26198E+02   0.44471E+00  -0.21153E+00
   0.72975E+02   0.29959E+02   0.26140E+02   0.43715E+00  -0.19924E+00
   0.73325E+02   0.29959E+02   0.25988E+02   0.43461E+00  -0.19129E+00
   0.73675E+02   0.29957E+02   0.25981E+02   0.43012E+00  -0.18502E+00
   0.74025E+02   0.29954E+02   0.26359E+02   0.42254E+00  -0.16591E+00
   0.74375E+02   0.29951E+02   0.26687E+02   0.41364E+00  -0.14917E+00
   0.74725E+02   0.29948E+02   0.26757E+02   0.40688E+00  -0.14292E+00
   0.75075E+02   0.29944E+02   0.26638E+02   0.40499E+00  -0.13709E+00
   0.75425E+02   0.29941E+02   0.26525E+02   0.39879E+00  -0.13376E+00
   0.75775E+02   0.29938E+02   0.26274E+02   0.38533E+00  -0.13114E+00
   0.76125E+02   0.29932E+02   0.25989E+02   0.36940E+00  -0.12986E+00
   0.76475E+02   0.29921E+02   0.26060E+02   0.35813E+00  -0.12200E+00
   0.76825E+02   0.29914E+02   0.26139E+02   0.35531E+00  -0.11549E+00
   0.77175E+02   0.29909E+02   0.25949E+02   0.34906E+00  -0.12897E+00
   0.77525E+02   0.29905E+02   0.25901E+02   0.34516E+00  -0.14076E+00
   0.77875E+02   0.29902E+02   0.25873E+02   0.34607E+00  -0.13794E+00
   0.78225E+02   0.29902E+02   0.25724E+02   0.34633E+00  -0.13825E+00
   0.78575E+02   0.29900E+02   0.25656E+02   0.34023E+00  -0.14796E+00
   0.78925E+02   0.29894E+02   0.25529E+02   0.33777E+00  -0.15581E+00
   0.79275E+02   0.29892E+02   0.25390E+02   0.34015E+00  -0.16062E+00
   0.79625E+02   0.29891E+02   0.25268E+02   0.34130E+00  -0.17078E+00
   0.79975E+02   0.29891E+02   0.25379E+02   0.34510E+00  -0.17609E+00
   0.80325E+02   0.29895E+02   0.25403E+02   0.34810E+00  -0.18017E+00
   0.80675E+02   0.29897E+02   0.25183E+02   0.35024E+00  -0.19387E+00
   0.81025E+02   0.29899E+02   0.25189E+02   0.35214E+00  -0.20162E+00
   0.81375E+02   0.29901E+02   0.25280E+02   0.35630E+00  -0.20152E+00
   0.81725E+02   0.29905E+02   0.25289E+02   0.36627E+00  -0.20723E+00
   0.82075E+02   0.29912E+02   0.25360E+02   0.37429E+00  -0.21587E+00
   0.82425E+02   0.29917E+02   0.25618E+02   0.37469E+00  -0.21609E+00
   0.82775E+02   0.29919E+02   0.25753E+02   0.37829E+00  -0.21189E+00
   0.83125E+02   0.29922E+02   0.25693E+02   0.38857E+00  -0.21703E+00
   0.83475E+02   0.29928E+02   0.25811E+02   0.39722E+00  -0.21847E+00
   0.83825E+02   0.29932E+02   0.25829E+02   0.39612E+00  -0.21957E+00
   0.84175E+02   0.29934E+02   0.25723E+02   0.39743E+00  -0.22293E+00
   0.84525E+02   0.29938E+02   0.25985E+02   0.39914E+00  -0.20939E+00
   0.84875E+02   0.29939E+02   0.26213E+02   0.40124E+00  -0.19712E+00
   0.85225E+02   0.29940E+02   0.26205E+02   0.40370E+00  -0.19638E+00
   0.85575E+02   0.29942E+02   0.26320E+02   0.40451E+00  -0.19180E+00
   0.85925E+02   0.29943E+02   0.26334E+02   0.40509E+00  -0.18400E+00
   0.86275E+02   0.29942E+02   0.26298E+02   0.40360E+00  -0.18106E+00
   0.86625E+02   0.29943E+02   0.26388E+02   0.40164E+00  -0.17215E+00
   0.86975E+02   0.29941E+02   0.26467E+02   0.39475E+00  -0.16041E+00
   0.87325E+02   0.29936E+02   0.26467E+02   0.38846E+00  -0.15626E+00
   0.87675E+02   0.29935E+02   0.26315E+02   0.38467E+00  -0.15376E+00
   0.88025E+02   0.29932E+02   0.26275E+02   0.38033E+00  -0.15049E+00
   0.88375E+02   0.29930E+02   0.26677E+02   0.37986E+00  -0.13583E+00
   0.88725E+02   0.29928E+02   0.26983E+02   0.37247E+00  -0.11849E+00
   0.89075E+02   0.29920E+02   0.26822E+02   0.36488E+00  -0.11998E+00
   0.89425E+02   0.29916E+02   0.26762E+02   0.36171E+00  -0.12409E+00
   0.89775E+02   0.29911E+02   0.26871E+02   0.35398E+00  -0.11483E+00
   0.90125E+02   0.29906E+02   0.26716E+02   0.35196E+00  -0.11842E+00
   0.90475E+02   0.29903E+02   0.26183E+02   0.34512E+00  -0.14027E+00
   0.90825E+02   0.29896E+02   0.25590E+02   0.33286E+00  -0.15440E+00
   0.91175E+02   0.29886E+02   0.25394E+02   0.32582E+00  -0.15448E+00
   0.91525E+02   0.29882E+02   0.25279E+02   0.32755E+00  -0.16378E+00
   0.91875E+02   0.29883E+02   0.25102E+02   0.33088E+00  -0.17974E+00
   0.92225E+02   0.29885E+02   0.24882E+02   0.33947E+00  -0.19664E+00
   0.92575E+02   0.29890E+02   0.24522E+02   0.35037E+00  -0.22145E+00
   0.92925E+02   0.29897E+02   0.24589E+02   0.35528E+00  -0.22657E+00
   0.93275E+02   0.29903E+02   0.24763E+02   0.36108E+00  -0.22746E+00
   0.93625E+02   0.29910E+02   0.24583E+02   0.37534E+00  -0.24392E+00
   0.93975E+02   0.29919E+02   0.24657E+02   0.38509E+00  -0.24688E+00
   0.94325E+02   0.29924E+02   0.24843E+02   0.38678E+00  -0.25036E+00
   0.94675E+02   0.29928E+02   0.24826E+02   0.39822E+00  -0.26482E+00
   0.95025E+02   0.29935E+02   0.24720E+02   0.41396E+00  -0.27023E+00
   0.95375E+02   0.29942E+02   0.24680E+02   0.42144E+00  -0.27704E+00
   0.95725E+02   0.29946E+02   0.24728E+02   0.42006E+00  -0.28174E+00
   0.96075E+02   0.29949E+02   0.24691E+02   0.42305E+00  -0.28156E+00
   0.96425E+02   0.29952E+02   0.24972E+02   0.43632E+00  -0.27662E+00
   0.96775E+02   0.29956E+02   0.25408E+02   0.45265E+00  -0.26513E+00
   0.97125E+02   0.29961E+02   0.25401E+02   0.45744E+00  -0.26869E+00
   0.97475E+02   0.29964E+02   0.25572E+02   0.45790E+00  -0.26354E+00
   0.97825E+02   0.29965E+02   0.26187E+02   0.46351E+00  -0.23459E+00
   0.98175E+02   0.29966E+02   0.26556E+02   0.46732E+00  -0.21103E+00
   0.98525E+02   0.29967E+02   0.26627E+02   0.46383E+00  -0.19667E+00
   0.98875E+02   0.29967E+02   0.26734E+02   0.45778E+00  -0.18623E+00
   0.99225E+02   0.29966E+02   0.26727E+02   0.44875E+00  -0.16941E+00
   0.99575E+02   0.29964E+02   0.26438E+02   0.43720E+00  -0.15549E+00
   0.99925E+02   0.29960E+02   0.26479E+02   0.42587E+00  -0.14608E+00
   0.10027E+03   0.29954E+02   0.26712E+02   0.41275E+00  -0.12525E+00
   0.10062E+03   0.29949E+02   0.26573E+02   0.39798E+00  -0.11661E+00
   0.10097E+03   0.29943E+02   0.26458E+02   0.38625E+00  -0.12005E+00
   0.10132E+03   0.29935E+02   0.26415E+02   0.37751E+00  -0.11865E+00
   0.10167E+03   0.29927E+02   0.26395E+02   0.37215E+00  -0.10927E+00
   0.10202E+03   0.29925E+02   0.26348E+02   0.36747E+00  -0.10556E+00
   0.10237E+03   0.29921E+02   0.26363E+02   0.35223E+00  -0.11081E+00
   0.10272E+03   0.29911E+02   0.26594E+02   0.34020E+00  -0.96684E-01
   0.10307E+03   0.29903E+02   0.26592E+02   0.34009E+00  -0.92910E-01
   0.10342E+03   0.29899E+02   0.26308E+02   0.34029E+00  -0.11324E+00
   0.10377E+03   0.29893E+02   0.26066E+02   0.33290E+00  -0.12536E+00
   0.10412E+03   0.29887E+02   0.25971E+02   0.32571E+00  -0.12955E+00
   0.10447E+03   0.29881E+02   0.25911E+02   0.32365E+00  -0.13173E+00
   0.10482E+03   0.29877E+02   0.25822E+02   0.32158E+00  -0.14104E+00
   0.10517E+03   0.29872E+02   0.25630E+02   0.31941E+00  -0.15660E+00
   0.10552E+03   0.29869E+02   0.25442E+02   0.32609E+00  -0.16694E+00
   0.10587E+03   0.29873E+02   0.25603E+02   0.33432E+00  -0.16924E+00
   0.10622E+03   0.29877E+02   0.25661E+02   0.33844E+00  -0.17570E+00
   0.10657E+03   0.29883E+02   0.25426E+02   0.34423E+00  -0.19161E+00
   0.10692E+03   0.29890E+02   0.25409E+02   0.34741E+00  -0.19884E+00
   0.10727E+03   0.29894E+02   0.25666E+02   0.34758E+00  -0.19378E+00
   0.10762E+03   0.29896E+02   0.25845E+02   0.35151E+00  -0.19220E+00
   0.10797E+03   0.29900E+02   0.25728E+02   0.36355E+00  -0.20298E+00
   0.10832E+03   0.29909E+02   0.25523E+02   0.37158E+00  -0.21297E+00
   0.10867E+03   0.29913E+02   0.25298E+02   0.36720E+00  -0.21872E+00
   0.10902E+03   0.29915E+02   0.25205E+02   0.36611E+00  -0.22489E+00
   0.10937E+03   0.29917E+02   0.25097E+02   0.37753E+00  -0.22670E+00
   0.10972E+03   0.29923E+02   0.24759E+02   0.38758E+00  -0.24179E+00
   0.11007E+03   0.29928E+02   0.24885E+02   0.38958E+00  -0.25648E+00
   0.11042E+03   0.29932E+02   0.25457E+02   0.39654E+00  -0.24703E+00
   0.11077E+03   0.29936E+02   0.25396E+02   0.41079E+00  -0.24503E+00
   0.11112E+03   0.29942E+02   0.24941E+02   0.42299E+00  -0.25859E+00
   0.11147E+03   0.29948E+02   0.24974E+02   0.42909E+00  -0.26351E+00
   0.11182E+03   0.29952E+02   0.25256E+02   0.42876E+00  -0.25421E+00
   0.11217E+03   0.29954E+02   0.25356E+02   0.43228E+00  -0.24340E+00
   0.11252E+03   0.29956E+02   0.25349E+02   0.44139E+00  -0.24037E+00
   0.11287E+03   0.29958E+02   0.25469E+02   0.44459E+00  -0.24005E+00
   0.11322E+03   0.29959E+02   0.25641E+02   0.44250E+00  -0.23115E+00
   0.11357E+03   0.29960E+02   0.25974E+02   0.43899E+00  -0.21439E+00
   0.11392E+03   0.29960E+02   0.26436E+02   0.44349E+00  -0.19409E+00
   0.11427E+03   0.29961E+02   0.26857E+02   0.44584E+00  -0.17201E+00
   0.11462E+03   0.29960E+02   0.27036E+02   0.43579E+00  -0.15986E+00
   0.11497E+03   0.29959E+02   0.26928E+02   0.42300E+00  -0.15114E+00
   0.11532E+03   0.29954E+02   0.26779E+02   0.41079E+00  -0.13789E+00
   0.11567E+03   0.29949E+02   0.26642E+02   0.40336E+00  -0.12524E+00
   0.11602E+03   0.29943E+02   0.26577E+02   0.39062E+00  -0.11586E+00
   0.11637E+03   0.29935E+02   0.26685E+02   0.37396E+00  -0.11063E+00
   0.11672E+03   0.29926E+02   0.26874E+02   0.36022E+00  -0.10552E+00
   0.11707E+03   0.29917E+02   0.26954E+02   0.35779E+00  -0.96401E-01
   0.11742E+03   0.29913E+02   0.26805E+02   0.35818E+00  -0.10048E+00
   0.11777E+03   0.29910E+02   0.26566E+02   0.34824E+00  -0.11457E+00
   0.11812E+03   0.29903E+02   0.26501E+02   0.33931E+00  -0.11079E+00
   0.11847E+03   0.29896E+02   0.26363E+02   0.33315E+00  -0.10893E+00
   0.11882E+03   0.29886E+02   0.26249E+02   0.32698E+00  -0.11361E+00
   0.11917E+03   0.29879E+02   0.26173E+02   0.32423E+00  -0.11858E+00
   0.11952E+03   0.29878E+02   0.25889E+02   0.32308E+00  -0.13716E+00
   0.11987E+03   0.29874E+02   0.25622E+02   0.32073E+00  -0.15031E+00
   0.12022E+03   0.29869E+02   0.25338E+02   0.32235E+00  -0.16095E+00
   0.12057E+03   0.29871E+02   0.25259E+02   0.32759E+00  -0.17285E+00
   0.12092E+03   0.29877E+02   0.25209E+02   0.33069E+00  -0.17988E+00
   0.12127E+03   0.29880E+02   0.24907E+02   0.32936E+00  -0.19895E+00
   0.12162E+03   0.29880E+02   0.24750E+02   0.33611E+00  -0.21491E+00
   0.12197E+03   0.29884E+02   0.24791E+02   0.35291E+00  -0.21965E+00
   0.12232E+03   0.29895E+02   0.24963E+02   0.36687E+00  -0.23137E+00
   0.12267E+03   0.29905E+02   0.24968E+02   0.37319E+00  -0.24793E+00
   0.12302E+03   0.29914E+02   0.25077E+02   0.37742E+00  -0.25190E+00
   0.12337E+03   0.29920E+02   0.25393E+02   0.38487E+00  -0.24393E+00
   0.12372E+03   0.29927E+02   0.25574E+02   0.39677E+00  -0.24308E+00
   0.12407E+03   0.29934E+02   0.25781E+02   0.40810E+00  -0.24285E+00
   0.12442E+03   0.29939E+02   0.26157E+02   0.41512E+00  -0.23595E+00
   0.12477E+03   0.29945E+02   0.26275E+02   0.42097E+00  -0.22934E+00
   0.12512E+03   0.29948E+02   0.26095E+02   0.41984E+00  -0.22636E+00
   0.12547E+03   0.29949E+02   0.26229E+02   0.41857E+00  -0.21973E+00
   0.12582E+03   0.29950E+02   0.26552E+02   0.42307E+00  -0.20016E+00
   0.12617E+03   0.29951E+02   0.26571E+02   0.42372E+00  -0.19097E+00
   0.12652E+03   0.29951E+02   0.26483E+02   0.41982E+00  -0.19239E+00
   0.12687E+03   0.29951E+02   0.26747E+02   0.41649E+00  -0.18004E+00
   0.12722E+03   0.29949E+02   0.27086E+02   0.41490E+00  -0.15613E+00
   0.12757E+03   0.29947E+02   0.27128E+02   0.41196E+00  -0.14143E+00
   0.12792E+03   0.29945E+02   0.27081E+02   0.40349E+00  -0.13797E+00
   0.12827E+03   0.29942E+02   0.27008E+02   0.39204E+00  -0.13044E+00
   0.12862E+03   0.29937E+02   0.26701E+02   0.38367E+00  -0.12763E+00
   0.12897E+03   0.29931E+02   0.26560E+02   0.37546E+00  -0.12413E+00
   0.12932E+03   0.29927E+02   0.26489E+02   0.36406E+00  -0.11948E+00
   0.12967E+03   0.29919E+02   0.26444E+02   0.35365E+00  -0.12142E+00
   0.13002E+03   0.29910E+02   0.26559E+02   0.34841E+00  -0.11517E+00
   0.13037E+03   0.29901E+02   0.26583E+02   0.34430E+00  -0.11054E+00
   0.13072E+03   0.29895E+02   0.26610E+02   0.34473E+00  -0.11566E+00
   0.13107E+03   0.29894E+02   0.26579E+02   0.34828E+00  -0.12133E+00
   0.13142E+03   0.29896E+02   0.26494E+02   0.34296E+00  -0.12247E+00
   0.13177E+03   0.29892E+02   0.26465E+02   0.33000E+00  -0.11830E+00
   0.13212E+03   0.29883E+02   0.26321E+02   0.32390E+00  -0.12358E+00
   0.13247E+03   0.29877E+02   0.26246E+02   0.32628E+00  -0.12338E+00
   0.13282E+03   0.29879E+02   0.26246E+02   0.32214E+00  -0.12388E+00
   0.13317E+03   0.29877E+02   0.26058E+02   0.31534E+00  -0.14276E+00
   0.13352E+03   0.29871E+02   0.25943E+02   0.31755E+00  -0.14993E+00
   0.13387E+03   0.29870E+02   0.25826E+02   0.32260E+00  -0.15257E+00
   0.13422E+03   0.29870E+02   0.25858E+02   0.32326E+00  -0.16003E+00
   0.13457E+03   0.29872E+02   0.25745E+02   0.32549E+00  -0.17160E+00
   0.13492E+03   0.29874E+02   0.25414E+02   0.32874E+00  -0.18758E+00
   0.13527E+03   0.29878E+02   0.25291E+02   0.33693E+00  -0.19268E+00
   0.13562E+03   0.29885E+02   0.25290E+02   0.34466E+00  -0.20038E+00
   0.13597E+03   0.29892E+02   0.25069E+02   0.35018E+00  -0.21912E+00
   0.13632E+03   0.29897E+02   0.24976E+02   0.35648E+00  -0.22674E+00
   0.13667E+03   0.29902E+02   0.25139E+02   0.36383E+00  -0.22976E+00
   0.13702E+03   0.29909E+02   0.25296E+02   0.37382E+00  -0.23407E+00
   0.13737E+03   0.29917E+02   0.25241E+02   0.38457E+00  -0.24210E+00
   0.13772E+03   0.29925E+02   0.24819E+02   0.39311E+00  -0.26306E+00
   0.13807E+03   0.29931E+02   0.24801E+02   0.40222E+00  -0.26986E+00
   0.13842E+03   0.29937E+02   0.25318E+02   0.41253E+00  -0.25656E+00
   0.13877E+03   0.29942E+02   0.25486E+02   0.41655E+00  -0.25711E+00
   0.13912E+03   0.29946E+02   0.25371E+02   0.42687E+00  -0.26475E+00
   0.13947E+03   0.29951E+02   0.25372E+02   0.43547E+00  -0.26448E+00
   0.13982E+03   0.29955E+02   0.25628E+02   0.43773E+00  -0.25518E+00
   0.14017E+03   0.29957E+02   0.25912E+02   0.44340E+00  -0.24056E+00
   0.14052E+03   0.29960E+02   0.26191E+02   0.45287E+00  -0.23253E+00
   0.14087E+03   0.29962E+02   0.26588E+02   0.45547E+00  -0.21815E+00
   0.14122E+03   0.29962E+02   0.26726E+02   0.44652E+00  -0.20100E+00
   0.14157E+03   0.29961E+02   0.26946E+02   0.44110E+00  -0.18658E+00
   0.14192E+03   0.29960E+02   0.27090E+02   0.44182E+00  -0.16564E+00
   0.14227E+03   0.29960E+02   0.26954E+02   0.43751E+00  -0.15225E+00
   0.14262E+03   0.29956E+02   0.26884E+02   0.42230E+00  -0.14633E+00
   0.14297E+03   0.29951E+02   0.26921E+02   0.40528E+00  -0.13132E+00
   0.14332E+03   0.29946E+02   0.26855E+02   0.39351E+00  -0.11715E+00
   0.14367E+03   0.29941E+02   0.26655E+02   0.38391E+00  -0.11572E+00
   0.14402E+03   0.29936E+02   0.26478E+02   0.37227E+00  -0.11754E+00
   0.14437E+03   0.29926E+02   0.26502E+02   0.35870E+00  -0.10920E+00
   0.14472E+03   0.29915E+02   0.26503E+02   0.35429E+00  -0.10454E+00
   0.14507E+03   0.29909E+02   0.26414E+02   0.35369E+00  -0.11292E+00
   0.14542E+03   0.29905E+02   0.26343E+02   0.34931E+00  -0.12108E+00
   0.14577E+03   0.29901E+02   0.26009E+02   0.34199E+00  -0.13250E+00
   0.14612E+03   0.29895E+02   0.25693E+02   0.33491E+00  -0.14260E+00
   0.14647E+03   0.29891E+02   0.25664E+02   0.33504E+00  -0.13939E+00
   0.14682E+03   0.29890E+02   0.25720E+02   0.33461E+00  -0.13881E+00
   0.14717E+03   0.29890E+02   0.25653E+02   0.33332E+00  -0.14923E+00
   0.14752E+03   0.29887E+02   0.25406E+02   0.33128E+00  -0.16364E+00
   0.14787E+03   0.29886E+02   0.25183E+02   0.33305E+00  -0.17410E+00
   0.14822E+03   0.29887E+02   0.24998E+02   0.33710E+00  -0.18265E+00
   0.14857E+03   0.29888E+02   0.24865E+02   0.34280E+00  -0.19734E+00
   0.14892E+03   0.29890E+02   0.24859E+02   0.34716E+00  -0.21197E+00
   0.14927E+03   0.29893E+02   0.24911E+02   0.35000E+00  -0.21872E+00
   0.14962E+03   0.29898E+02   0.24904E+02   0.35913E+00  -0.22735E+00
   0.14997E+03   0.29905E+02   0.25046E+02   0.37394E+00  -0.23876E+00
   0.15032E+03   0.29915E+02   0.25042E+02   0.38464E+00  -0.24658E+00
   0.15067E+03   0.29923E+02   0.24973E+02   0.38834E+00  -0.25318E+00
   0.15102E+03   0.29930E+02   0.24898E+02   0.39574E+00  -0.25862E+00
   0.15137E+03   0.29934E+02   0.25000E+02   0.40059E+00  -0.25564E+00
   0.15172E+03   0.29938E+02   0.24919E+02   0.41006E+00  -0.25981E+00
   0.15207E+03   0.29943E+02   0.24530E+02   0.41796E+00  -0.27920E+00
   0.15242E+03   0.29947E+02   0.24572E+02   0.42474E+00  -0.28463E+00
   0.15277E+03   0.29952E+02   0.24987E+02   0.43263E+00  -0.27019E+00
   0.15312E+03   0.29955E+02   0.25590E+02   0.44034E+00  -0.25627E+00
   0.15347E+03   0.29958E+02   0.25940E+02   0.45383E+00  -0.24686E+00
   0.15382E+03   0.29962E+02   0.25986E+02   0.45825E+00  -0.24027E+00
   0.15417E+03   0.29964E+02   0.26191E+02   0.45720E+00  -0.22831E+00
   0.15452E+03   0.29965E+02   0.26772E+02   0.46228E+00  -0.20467E+00
   0.15487E+03   0.29966E+02   0.26835E+02   0.46086E+00  -0.18631E+00
   0.15522E+03   0.29965E+02   0.26412E+02   0.44751E+00  -0.17938E+00
   0.15557E+03   0.29963E+02   0.26445E+02   0.43118E+00  -0.16609E+00
   0.15592E+03   0.29957E+02   0.26703E+02   0.41739E+00  -0.13868E+00
   0.15627E+03   0.29953E+02   0.26739E+02   0.40939E+00  -0.12226E+00
   0.15662E+03   0.29949E+02   0.26494E+02   0.40339E+00  -0.12897E+00
   0.15697E+03   0.29945E+02   0.26284E+02   0.39388E+00  -0.13527E+00
   0.15732E+03   0.29938E+02   0.26517E+02   0.37682E+00  -0.11468E+00
   0.15767E+03   0.29930E+02   0.26751E+02   0.36579E+00  -0.97764E-01
   0.15802E+03   0.29923E+02   0.26490E+02   0.36337E+00  -0.11094E+00
   0.15837E+03   0.29916E+02   0.26279E+02   0.36031E+00  -0.11670E+00
   0.15872E+03   0.29909E+02   0.26412E+02   0.35037E+00  -0.10947E+00
   0.15907E+03   0.29902E+02   0.26408E+02   0.34196E+00  -0.11004E+00
   0.15942E+03   0.29898E+02   0.26159E+02   0.34142E+00  -0.11988E+00
   0.15977E+03   0.29895E+02   0.25848E+02   0.33886E+00  -0.13471E+00
   0.16012E+03   0.29889E+02   0.25628E+02   0.33013E+00  -0.14114E+00
   0.16047E+03   0.29881E+02   0.25692E+02   0.32156E+00  -0.13977E+00
   0.16082E+03   0.29879E+02   0.25729E+02   0.32528E+00  -0.14500E+00
   0.16117E+03   0.29881E+02   0.25527E+02   0.33418E+00  -0.15752E+00
   0.16152E+03   0.29882E+02   0.25461E+02   0.33745E+00  -0.16791E+00
   0.16187E+03   0.29882E+02   0.25646E+02   0.33358E+00  -0.16858E+00
   0.16222E+03   0.29882E+02   0.25501E+02   0.33466E+00  -0.17495E+00
   0.16257E+03   0.29887E+02   0.25124E+02   0.34539E+00  -0.19301E+00
   0.16292E+03   0.29893E+02   0.24849E+02   0.35069E+00  -0.21125E+00
   0.16327E+03   0.29896E+02   0.24774E+02   0.34491E+00  -0.21755E+00
   0.16362E+03   0.29896E+02   0.24867E+02   0.34673E+00  -0.21968E+00
   0.16397E+03   0.29901E+02   0.24617E+02   0.36347E+00  -0.23776E+00
   0.16432E+03   0.29910E+02   0.24716E+02   0.37534E+00  -0.24695E+00
   0.16467E+03   0.29916E+02   0.24827E+02   0.37938E+00  -0.25365E+00
   0.16502E+03   0.29923E+02   0.24507E+02   0.38924E+00  -0.27235E+00
   0.16537E+03   0.29930E+02   0.24373E+02   0.40321E+00  -0.27938E+00
   0.16572E+03   0.29938E+02   0.24748E+02   0.41685E+00  -0.27775E+00
   0.16607E+03   0.29945E+02   0.25169E+02   0.42449E+00  -0.27465E+00
   0.16642E+03   0.29948E+02   0.25184E+02   0.43215E+00  -0.27426E+00
   0.16677E+03   0.29953E+02   0.25538E+02   0.44601E+00  -0.27168E+00
   0.16712E+03   0.29958E+02   0.26021E+02   0.45785E+00  -0.25863E+00
   0.16747E+03   0.29962E+02   0.26206E+02   0.46507E+00  -0.25231E+00
   0.16782E+03   0.29965E+02   0.26629E+02   0.46578E+00  -0.23898E+00
   0.16817E+03   0.29966E+02   0.26626E+02   0.46349E+00  -0.22380E+00
   0.16852E+03   0.29966E+02   0.26645E+02   0.45964E+00  -0.20814E+00
   0.16887E+03   0.29966E+02   0.27257E+02   0.45309E+00  -0.17937E+00
   0.16922E+03   0.29965E+02   0.27370E+02   0.44366E+00  -0.15970E+00
   0.16957E+03   0.29962E+02   0.27239E+02   0.43506E+00  -0.14215E+00
   0.16992E+03   0.29960E+02   0.27276E+02   0.42620E+00  -0.12481E+00
   0.17027E+03   0.29955E+02   0.27276E+02   0.40804E+00  -0.10993E+00
   0.17062E+03   0.29947E+02   0.27147E+02   0.39062E+00  -0.98354E-01
   0.17097E+03   0.29938E+02   0.27158E+02   0.38305E+00  -0.92996E-01
   0.17132E+03   0.29929E+02   0.27342E+02   0.37219E+00  -0.78337E-01
   0.17167E+03   0.29921E+02   0.27288E+02   0.35533E+00  -0.75185E-01
   0.17202E+03   0.29911E+02   0.26897E+02   0.34162E+00  -0.93632E-01
   0.17237E+03   0.29899E+02   0.26639E+02   0.33841E+00  -0.96887E-01
   0.17272E+03   0.29891E+02   0.26547E+02   0.33614E+00  -0.95275E-01
   0.17307E+03   0.29885E+02   0.26261E+02   0.32661E+00  -0.11432E+00
   0.17342E+03   0.29876E+02   0.26068E+02   0.32206E+00  -0.12991E+00
   0.17377E+03   0.29873E+02   0.26078E+02   0.32398E+00  -0.12836E+00
   0.17412E+03   0.29874E+02   0.25979E+02   0.32361E+00  -0.13206E+00
   0.17447E+03   0.29875E+02   0.25847E+02   0.32326E+00  -0.14546E+00
   0.17482E+03   0.29874E+02   0.25795E+02   0.32712E+00  -0.15170E+00
   0.17517E+03   0.29874E+02   0.25902E+02   0.32955E+00  -0.14485E+00
   0.17552E+03   0.29875E+02   0.25837E+02   0.32933E+00  -0.15148E+00
   0.17587E+03   0.29877E+02   0.25615E+02   0.32957E+00  -0.17262E+00
   0.17622E+03   0.29878E+02   0.25469E+02   0.32793E+00  -0.18286E+00
   0.17657E+03   0.29878E+02   0.25533E+02   0.33215E+00  -0.18367E+00
   0.17692E+03   0.29883E+02   0.25618E+02   0.33971E+00  -0.18703E+00
   0.17727E+03   0.29891E+02   0.25333E+02   0.33798E+00  -0.20134E+00
   0.17762E+03   0.29893E+02   0.24897E+02   0.33950E+00  -0.21917E+00
   0.17797E+03   0.29898E+02   0.24665E+02   0.35198E+00  -0.23036E+00
   0.17832E+03   0.29904E+02   0.24903E+02   0.36002E+00  -0.22964E+00
   0.17867E+03   0.29908E+02   0.25297E+02   0.36929E+00  -0.23143E+00
   0.17902E+03   0.29915E+02   0.25038E+02   0.38521E+00  -0.25337E+00
   0.17937E+03   0.29924E+02   0.24635E+02   0.39498E+00  -0.27103E+00
   0.17972E+03   0.29931E+02   0.24703E+02   0.39816E+00  -0.27306E+00
   0.18007E+03   0.29937E+02   0.25212E+02   0.40794E+00  -0.26596E+00
   0.18042E+03   0.29943E+02   0.26104E+02   0.43130E+00  -0.24633E+00
   0.18077E+03   0.29950E+02   0.26731E+02   0.44486E+00  -0.23246E+00
   0.18112E+03   0.29955E+02   0.26782E+02   0.44006E+00  -0.23529E+00
   0.18147E+03   0.29957E+02   0.26582E+02   0.43933E+00  -0.22968E+00
   0.18182E+03   0.29960E+02   0.26566E+02   0.44578E+00  -0.20853E+00
   0.18217E+03   0.29961E+02   0.26527E+02   0.44366E+00  -0.19188E+00
   0.18252E+03   0.29959E+02   0.26377E+02   0.43065E+00  -0.18642E+00
   0.18287E+03   0.29956E+02   0.26427E+02   0.41803E+00  -0.17623E+00
   0.18322E+03   0.29952E+02   0.26399E+02   0.40558E+00  -0.16144E+00
   0.18357E+03   0.29948E+02   0.26414E+02   0.40134E+00  -0.15162E+00
   0.18392E+03   0.29945E+02   0.26553E+02   0.40498E+00  -0.14420E+00
   0.18427E+03   0.29943E+02   0.26494E+02   0.39886E+00  -0.13738E+00
   0.18462E+03   0.29940E+02   0.26469E+02   0.38512E+00  -0.13265E+00
   0.18497E+03   0.29935E+02   0.26506E+02   0.37472E+00  -0.12848E+00
   0.18532E+03   0.29929E+02   0.26601E+02   0.37051E+00  -0.11163E+00
   0.18567E+03   0.29924E+02   0.26678E+02   0.36508E+00  -0.10329E+00
   0.18602E+03   0.29918E+02   0.26628E+02   0.35917E+00  -0.11285E+00
   0.18637E+03   0.29910E+02   0.26614E+02   0.35098E+00  -0.11169E+00
   0.18672E+03   0.29901E+02   0.26511E+02   0.34350E+00  -0.11017E+00
   0.18707E+03   0.29896E+02   0.26380E+02   0.34064E+00  -0.11861E+00
   0.18742E+03   0.29891E+02   0.26138E+02   0.33683E+00  -0.12871E+00
   0.18777E+03   0.29886E+02   0.25872E+02   0.32915E+00  -0.14057E+00
   0.18812E+03   0.29879E+02   0.25870E+02   0.32339E+00  -0.14353E+00
   0.18847E+03   0.29878E+02   0.25689E+02   0.32848E+00  -0.15154E+00
   0.18882E+03   0.29881E+02   0.25384E+02   0.33463E+00  -0.17003E+00
   0.18917E+03   0.29880E+02   0.25223E+02   0.33499E+00  -0.18384E+00
   0.18952E+03   0.29883E+02   0.25325E+02   0.33847E+00  -0.18873E+00
   0.18987E+03   0.29887E+02   0.25534E+02   0.34465E+00  -0.18603E+00
   0.19022E+03   0.29893E+02   0.25433E+02   0.35086E+00  -0.19679E+00
   0.19057E+03   0.29899E+02   0.25424E+02   0.35631E+00  -0.20788E+00
   0.19092E+03   0.29905E+02   0.25457E+02   0.36357E+00  -0.20859E+00
   0.19127E+03   0.29909E+02   0.25401E+02   0.36586E+00  -0.21354E+00
   0.19162E+03   0.29912E+02   0.25539E+02   0.37102E+00  -0.21603E+00
   0.19197E+03   0.29918E+02   0.25419E+02   0.38167E+00  -0.22174E+00
   0.19232E+03   0.29922E+02   0.25117E+02   0.38178E+00  -0.23417E+00
   0.19267E+03   0.29924E+02   0.25223E+02   0.38182E+00  -0.23802E+00
   0.19302E+03   0.29927E+02   0.25363E+02   0.39000E+00  -0.23422E+00
   0.19337E+03   0.29932E+02   0.25506E+02   0.40390E+00  -0.23153E+00
   0.19372E+03   0.29938E+02   0.25615E+02   0.41131E+00  -0.23453E+00
   0.19407E+03   0.29942E+02   0.25620E+02   0.41019E+00  -0.23579E+00
   0.19442E+03   0.29944E+02   0.25482E+02   0.41298E+00  -0.23136E+00
   0.19477E+03   0.29946E+02   0.25442E+02   0.42108E+00  -0.22553E+00
   0.19512E+03   0.29949E+02   0.25774E+02   0.42620E+00  -0.21572E+00
   0.19547E+03   0.29952E+02   0.25907E+02   0.42409E+00  -0.21081E+00
   0.19582E+03   0.29951E+02   0.26123E+02   0.41973E+00  -0.20120E+00
   0.19617E+03   0.29951E+02   0.26359E+02   0.42027E+00  -0.18251E+00
   0.19652E+03   0.29951E+02   0.26547E+02   0.42021E+00  -0.16843E+00
   0.19687E+03   0.29951E+02   0.26654E+02   0.41772E+00  -0.16136E+00
   0.19722E+03   0.29949E+02   0.26648E+02   0.41115E+00  -0.15544E+00
   0.19757E+03   0.29945E+02   0.26791E+02   0.40146E+00  -0.13906E+00
   0.19792E+03   0.29940E+02   0.26817E+02   0.39236E+00  -0.12630E+00
   0.19827E+03   0.29936E+02   0.26626E+02   0.38082E+00  -0.12745E+00
   0.19862E+03   0.29930E+02   0.26494E+02   0.37052E+00  -0.12528E+00
   0.19897E+03   0.29924E+02   0.26563E+02   0.36167E+00  -0.11816E+00
   0.19932E+03   0.29920E+02   0.26595E+02   0.35278E+00  -0.11189E+00
   0.19967E+03   0.29914E+02   0.26323E+02   0.34530E+00  -0.11855E+00
   0.20002E+03   0.29906E+02   0.26122E+02   0.34162E+00  -0.12739E+00
   0.20037E+03   0.29899E+02   0.26214E+02   0.33710E+00  -0.12118E+00
   0.20072E+03   0.29893E+02   0.26240E+02   0.33398E+00  -0.12148E+00
   0.20107E+03   0.29891E+02   0.26056E+02   0.33329E+00  -0.13509E+00
   0.20142E+03   0.29889E+02   0.25900E+02   0.33409E+00  -0.14364E+00
   0.20177E+03   0.29887E+02   0.26029E+02   0.33533E+00  -0.14010E+00
   0.20212E+03   0.29885E+02   0.26049E+02   0.33412E+00  -0.14296E+00
   0.20247E+03   0.29885E+02   0.25661E+02   0.33402E+00  -0.16418E+00
   0.20282E+03   0.29887E+02   0.25435E+02   0.33769E+00  -0.17630E+00
   0.20317E+03   0.29890E+02   0.25448E+02   0.33955E+00  -0.17922E+00
   0.20352E+03   0.29892E+02   0.25235E+02   0.33469E+00  -0.18997E+00
   0.20387E+03   0.29889E+02   0.25061E+02   0.33616E+00  -0.19923E+00
   0.20422E+03   0.29891E+02   0.24855E+02   0.35001E+00  -0.21493E+00
   0.20457E+03   0.29897E+02   0.24673E+02   0.35830E+00  -0.23038E+00
   0.20492E+03   0.29902E+02   0.24641E+02   0.36137E+00  -0.24575E+00
   0.20527E+03   0.29909E+02   0.24745E+02   0.37188E+00  -0.25771E+00
   0.20562E+03   0.29918E+02   0.25272E+02   0.38691E+00  -0.24436E+00
   0.20597E+03   0.29927E+02   0.25586E+02   0.39768E+00  -0.23902E+00
   0.20632E+03   0.29933E+02   0.25250E+02   0.40260E+00  -0.25812E+00
   0.20667E+03   0.29938E+02   0.25027E+02   0.41192E+00  -0.26787E+00
   0.20702E+03   0.29944E+02   0.25308E+02   0.42941E+00  -0.26238E+00
   0.20737E+03   0.29950E+02   0.25404E+02   0.43579E+00  -0.26239E+00
   0.20772E+03   0.29953E+02   0.25152E+02   0.42877E+00  -0.26924E+00
   0.20807E+03   0.29953E+02   0.25258E+02   0.43097E+00  -0.26355E+00
   0.20842E+03   0.29955E+02   0.25572E+02   0.44087E+00  -0.24739E+00
   0.20877E+03   0.29958E+02   0.25987E+02   0.44702E+00  -0.23544E+00
   0.20912E+03   0.29961E+02   0.26428E+02   0.45529E+00  -0.22950E+00
   0.20947E+03   0.29964E+02   0.26746E+02   0.46092E+00  -0.21313E+00
   0.20982E+03   0.29965E+02   0.27041E+02   0.45626E+00  -0.18724E+00
   0.21017E+03   0.29964E+02   0.27085E+02   0.44441E+00  -0.17338E+00
   0.21052E+03   0.29961E+02   0.27210E+02   0.43416E+00  -0.15415E+00
   0.21087E+03   0.29959E+02   0.27459E+02   0.43112E+00  -0.12411E+00
   0.21122E+03   0.29956E+02   0.27539E+02   0.41922E+00  -0.11267E+00
   0.21157E+03   0.29949E+02   0.27535E+02   0.39976E+00  -0.10590E+00
   0.21192E+03   0.29942E+02   0.27440E+02   0.38239E+00  -0.91413E-01
   0.21227E+03   0.29935E+02   0.27234E+02   0.37064E+00  -0.86749E-01
   0.21262E+03   0.29924E+02   0.27105E+02   0.35952E+00  -0.85025E-01
   0.21297E+03   0.29912E+02   0.27021E+02   0.34353E+00  -0.84381E-01
   0.21332E+03   0.29898E+02   0.26914E+02   0.33291E+00  -0.89697E-01
   0.21367E+03   0.29888E+02   0.26964E+02   0.33376E+00  -0.89361E-01
   0.21402E+03   0.29883E+02   0.27034E+02   0.33192E+00  -0.87084E-01
   0.21437E+03   0.29878E+02   0.26923E+02   0.32393E+00  -0.93749E-01
   0.21472E+03   0.29874E+02   0.26444E+02   0.32004E+00  -0.11330E+00
   0.21507E+03   0.29872E+02   0.25863E+02   0.31663E+00  -0.13196E+00
   0.21542E+03   0.29865E+02   0.25587E+02   0.31017E+00  -0.13664E+00
   0.21577E+03   0.29858E+02   0.25576E+02   0.30793E+00  -0.14390E+00
   0.21612E+03   0.29857E+02   0.25532E+02   0.31278E+00  -0.15538E+00
   0.21647E+03   0.29858E+02   0.25302E+02   0.31617E+00  -0.17133E+00
   0.21682E+03   0.29858E+02   0.25110E+02   0.32091E+00  -0.19127E+00
   0.21717E+03   0.29865E+02   0.24952E+02   0.33265E+00  -0.20478E+00
   0.21752E+03   0.29877E+02   0.24770E+02   0.34429E+00  -0.21904E+00
   0.21787E+03   0.29889E+02   0.24569E+02   0.35067E+00  -0.23757E+00
   0.21822E+03   0.29897E+02   0.24385E+02   0.35345E+00  -0.25087E+00
   0.21857E+03   0.29901E+02   0.24363E+02   0.35776E+00  -0.25694E+00
   0.21892E+03   0.29909E+02   0.24517E+02   0.37166E+00  -0.26455E+00
   0.21927E+03   0.29919E+02   0.24732E+02   0.38925E+00  -0.27314E+00
   0.21962E+03   0.29929E+02   0.24660E+02   0.40304E+00  -0.28705E+00
   0.21997E+03   0.29937E+02   0.24810E+02   0.41329E+00  -0.29360E+00
   0.22032E+03   0.29943E+02   0.25516E+02   0.42614E+00  -0.27954E+00
   0.22067E+03   0.29949E+02   0.25929E+02   0.44055E+00  -0.26944E+00
   0.22102E+03   0.29955E+02   0.25764E+02   0.45295E+00  -0.27508E+00
   0.22137E+03   0.29960E+02   0.25802E+02   0.45919E+00  -0.27381E+00
   0.22172E+03   0.29963E+02   0.26111E+02   0.46219E+00  -0.25806E+00
   0.22207E+03   0.29966E+02   0.26184E+02   0.46586E+00  -0.24263E+00
   0.22242E+03   0.29967E+02   0.26197E+02   0.46523E+00  -0.23330E+00
   0.22277E+03   0.29967E+02   0.26397E+02   0.46208E+00  -0.21642E+00
   0.22312E+03   0.29966E+02   0.26686E+02   0.45794E+00  -0.19366E+00
   0.22347E+03   0.29966E+02   0.26641E+02   0.45101E+00  -0.18411E+00
   0.22382E+03   0.29964E+02   0.26877E+02   0.44468E+00  -0.16889E+00
   0.22417E+03   0.29963E+02   0.27199E+02   0.44315E+00  -0.14102E+00
   0.22452E+03   0.29960E+02   0.27179E+02   0.43013E+00  -0.12450E+00
   0.22487E+03   0.29955E+02   0.27373E+02   0.41085E+00  -0.10969E+00
   0.22522E+03   0.29949E+02   0.27368E+02   0.39803E+00  -0.93150E-01
   0.22557E+03   0.29943E+02   0.27174E+02   0.38541E+00  -0.87928E-01
   0.22592E+03   0.29934E+02   0.27168E+02   0.37172E+00  -0.80148E-01
   0.22627E+03   0.29924E+02   0.27173E+02   0.35474E+00  -0.73118E-01
   0.22662E+03   0.29913E+02   0.27023E+02   0.33775E+00  -0.74444E-01
   0.22697E+03   0.29901E+02   0.26715E+02   0.32823E+00  -0.85976E-01
   0.22732E+03   0.29887E+02   0.26581E+02   0.32239E+00  -0.92674E-01
   0.22767E+03   0.29876E+02   0.26581E+02   0.31698E+00  -0.93147E-01
   0.22802E+03   0.29869E+02   0.26377E+02   0.31719E+00  -0.10878E+00
   0.22837E+03   0.29867E+02   0.26135E+02   0.31967E+00  -0.12466E+00
   0.22872E+03   0.29866E+02   0.26042E+02   0.31542E+00  -0.12817E+00
   0.22907E+03   0.29864E+02   0.25911E+02   0.31335E+00  -0.13218E+00
   0.22942E+03   0.29864E+02   0.25719E+02   0.31723E+00  -0.14572E+00
   0.22977E+03   0.29869E+02   0.25618E+02   0.32105E+00  -0.15663E+00
   0.23012E+03   0.29869E+02   0.25586E+02   0.32007E+00  -0.16168E+00
   0.23047E+03   0.29868E+02   0.25528E+02   0.32190E+00  -0.17166E+00
   0.23082E+03   0.29871E+02   0.25319E+02   0.32713E+00  -0.18516E+00
   0.23117E+03   0.29874E+02   0.24933E+02   0.33035E+00  -0.20427E+00
   0.23152E+03   0.29879E+02   0.24630E+02   0.33774E+00  -0.22817E+00
   0.23187E+03   0.29886E+02   0.24480E+02   0.34506E+00  -0.24296E+00
   0.23222E+03   0.29893E+02   0.24435E+02   0.35342E+00  -0.25472E+00
   0.23257E+03   0.29901E+02   0.24668E+02   0.36624E+00  -0.26454E+00
   0.23292E+03   0.29911E+02   0.24988E+02   0.38410E+00  -0.26782E+00
   0.23327E+03   0.29922E+02   0.25382E+02   0.39833E+00  -0.26795E+00
   0.23362E+03   0.29931E+02   0.25829E+02   0.41178E+00  -0.26649E+00
   0.23397E+03   0.29940E+02   0.26232E+02   0.42925E+00  -0.26074E+00
   0.23432E+03   0.29949E+02   0.26217E+02   0.44160E+00  -0.25515E+00
   0.23467E+03   0.29954E+02   0.25995E+02   0.44082E+00  -0.25581E+00
   0.23502E+03   0.29957E+02   0.25714E+02   0.43701E+00  -0.25566E+00
   0.23537E+03   0.29958E+02   0.25318E+02   0.43943E+00  -0.25230E+00
   0.23572E+03   0.29959E+02   0.25229E+02   0.44121E+00  -0.24767E+00
   0.23607E+03   0.29959E+02   0.25585E+02   0.44130E+00  -0.23872E+00
   0.23642E+03   0.29960E+02   0.25947E+02   0.44628E+00  -0.22968E+00
   0.23677E+03   0.29960E+02   0.26170E+02   0.45151E+00  -0.22121E+00
   0.23712E+03   0.29961E+02   0.26700E+02   0.45452E+00  -0.20181E+00
   0.23747E+03   0.29962E+02   0.27076E+02   0.45597E+00  -0.18157E+00
   0.23782E+03   0.29963E+02   0.27033E+02   0.45196E+00  -0.16649E+00
   0.23817E+03   0.29963E+02   0.26862E+02   0.43910E+00  -0.15167E+00
   0.23852E+03   0.29958E+02   0.26896E+02   0.42166E+00  -0.13210E+00
   0.23887E+03   0.29952E+02   0.26978E+02   0.40983E+00  -0.10947E+00
   0.23922E+03   0.29945E+02   0.26907E+02   0.39526E+00  -0.10173E+00
   0.23957E+03   0.29938E+02   0.26815E+02   0.38069E+00  -0.10438E+00
   0.23992E+03   0.29930E+02   0.26623E+02   0.36548E+00  -0.10645E+00
   0.24027E+03   0.29920E+02   0.26415E+02   0.35285E+00  -0.10707E+00
   0.24062E+03   0.29910E+02   0.26249E+02   0.34452E+00  -0.10732E+00
   0.24097E+03   0.29901E+02   0.26093E+02   0.33979E+00  -0.11557E+00
   0.24132E+03   0.29895E+02   0.25990E+02   0.33963E+00  -0.12348E+00
   0.24167E+03   0.29892E+02   0.25826E+02   0.33415E+00  -0.13142E+00
   0.24202E+03   0.29890E+02   0.25527E+02   0.33179E+00  -0.14759E+00
   0.24237E+03   0.29889E+02   0.25335E+02   0.33683E+00  -0.15570E+00
   0.24272E+03   0.29889E+02   0.25195E+02   0.33922E+00  -0.16378E+00
   0.24307E+03   0.29891E+02   0.24985E+02   0.33854E+00  -0.18056E+00
   0.24342E+03   0.29892E+02   0.24900E+02   0.33618E+00  -0.19226E+00
   0.24377E+03   0.29890E+02   0.24975E+02   0.34322E+00  -0.19682E+00
   0.24412E+03   0.29893E+02   0.25186E+02   0.35501E+00  -0.19704E+00
   0.24447E+03   0.29899E+02   0.25362E+02   0.36096E+00  -0.20243E+00
   0.24482E+03   0.29906E+02   0.25119E+02   0.36493E+00  -0.22153E+00
   0.24517E+03   0.29911E+02   0.24844E+02   0.36981E+00  -0.23416E+00
   0.24552E+03   0.29915E+02   0.25187E+02   0.37659E+00  -0.22829E+00
   0.24587E+03   0.29920E+02   0.25507E+02   0.38309E+00  -0.22390E+00
   0.24622E+03   0.29925E+02   0.25698E+02   0.38916E+00  -0.22572E+00
   0.24657E+03   0.29930E+02   0.25431E+02   0.39138E+00  -0.23735E+00
   0.24692E+03   0.29933E+02   0.24833E+02   0.39305E+00  -0.25122E+00
   0.24727E+03   0.29936E+02   0.24773E+02   0.39921E+00  -0.25185E+00
   0.24762E+03   0.29939E+02   0.25015E+02   0.41095E+00  -0.24848E+00
   0.24797E+03   0.29943E+02   0.25272E+02   0.41889E+00  -0.24869E+00
   0.24832E+03   0.29947E+02   0.25194E+02   0.42069E+00  -0.25338E+00
   0.24867E+03   0.29950E+02   0.25050E+02   0.42005E+00  -0.25765E+00
   0.24902E+03   0.29952E+02   0.25238E+02   0.42852E+00  -0.24723E+00
   0.24937E+03   0.29955E+02   0.25696E+02   0.44282E+00  -0.23114E+00
   0.24972E+03   0.29959E+02   0.26085E+02   0.45158E+00  -0.21829E+00
   0.25007E+03   0.29960E+02   0.26206E+02   0.44565E+00  -0.20906E+00
   0.25042E+03   0.29960E+02   0.26109E+02   0.43705E+00  -0.20291E+00
   0.25077E+03   0.29959E+02   0.26148E+02   0.43479E+00  -0.18614E+00
   0.25112E+03   0.29958E+02   0.26170E+02   0.43369E+00  -0.17534E+00
   0.25147E+03   0.29958E+02   0.25973E+02   0.42661E+00  -0.17441E+00
   0.25182E+03   0.29955E+02   0.26050E+02   0.41136E+00  -0.16559E+00
   0.25217E+03   0.29949E+02   0.26180E+02   0.39986E+00  -0.14883E+00
   0.25252E+03   0.29943E+02   0.26177E+02   0.39282E+00  -0.13772E+00
   0.25287E+03   0.29939E+02   0.26172E+02   0.39128E+00  -0.13786E+00
   0.25322E+03   0.29936E+02   0.26106E+02   0.38658E+00  -0.13987E+00
   0.25357E+03   0.29933E+02   0.26080E+02   0.37797E+00  -0.13700E+00
   0.25392E+03   0.29926E+02   0.26109E+02   0.36796E+00  -0.13043E+00
   0.25427E+03   0.29921E+02   0.26013E+02   0.36415E+00  -0.13008E+00
   0.25462E+03   0.29918E+02   0.26009E+02   0.35825E+00  -0.12833E+00
   0.25497E+03   0.29912E+02   0.26166E+02   0.35224E+00  -0.12405E+00
   0.25532E+03   0.29908E+02   0.26234E+02   0.34764E+00  -0.12367E+00
   0.25567E+03   0.29905E+02   0.26067E+02   0.34548E+00  -0.12960E+00
   0.25602E+03   0.29902E+02   0.25934E+02   0.34550E+00  -0.13848E+00
   0.25637E+03   0.29899E+02   0.25744E+02   0.34077E+00  -0.14543E+00
   0.25672E+03   0.29892E+02   0.25671E+02   0.33367E+00  -0.14843E+00
   0.25707E+03   0.29885E+02   0.25620E+02   0.33329E+00  -0.15586E+00
   0.25742E+03   0.29884E+02   0.25627E+02   0.34046E+00  -0.16326E+00
   0.25777E+03   0.29889E+02   0.25813E+02   0.34471E+00  -0.16469E+00
   0.25812E+03   0.29892E+02   0.25667E+02   0.34369E+00  -0.17444E+00
   0.25847E+03   0.29893E+02   0.25404E+02   0.34503E+00  -0.18645E+00
   0.25882E+03   0.29897E+02   0.25279E+02   0.35228E+00  -0.18943E+00
   0.25917E+03   0.29901E+02   0.25176E+02   0.35348E+00  -0.19757E+00
   0.25952E+03   0.29903E+02   0.25251E+02   0.35250E+00  -0.20599E+00
   0.25987E+03   0.29903E+02   0.25394E+02   0.35712E+00  -0.20376E+00
   0.26022E+03   0.29908E+02   0.25302E+02   0.36530E+00  -0.20885E+00
   0.26057E+03   0.29913E+02   0.25227E+02   0.36967E+00  -0.21913E+00
   0.26092E+03   0.29918E+02   0.25148E+02   0.37648E+00  -0.22617E+00
   0.26127E+03   0.29923E+02   0.24958E+02   0.38177E+00  -0.23274E+00
   0.26162E+03   0.29926E+02   0.25130E+02   0.38894E+00  -0.23075E+00
   0.26197E+03   0.29930E+02   0.25714E+02   0.39753E+00  -0.22151E+00
   0.26232E+03   0.29934E+02   0.25717E+02   0.39982E+00  -0.22388E+00
   0.26267E+03   0.29937E+02   0.25187E+02   0.40347E+00  -0.23714E+00
   0.26302E+03   0.29941E+02   0.24856E+02   0.41037E+00  -0.24605E+00
   0.26337E+03   0.29943E+02   0.25174E+02   0.41520E+00  -0.23570E+00
   0.26372E+03   0.29945E+02   0.25559E+02   0.41878E+00  -0.22397E+00
   0.26407E+03   0.29947E+02   0.25860E+02   0.42284E+00  -0.22209E+00
   0.26442E+03   0.29950E+02   0.26025E+02   0.42434E+00  -0.21710E+00
   0.26477E+03   0.29951E+02   0.25874E+02   0.42250E+00  -0.21257E+00
   0.26512E+03   0.29951E+02   0.25838E+02   0.42298E+00  -0.20860E+00
   0.26547E+03   0.29952E+02   0.25975E+02   0.42860E+00  -0.19310E+00
   0.26582E+03   0.29954E+02   0.26237E+02   0.42516E+00  -0.17528E+00
   0.26617E+03   0.29951E+02   0.26507E+02   0.41303E+00  -0.16485E+00
   0.26652E+03   0.29946E+02   0.26857E+02   0.40424E+00  -0.14857E+00
   0.26687E+03   0.29943E+02   0.27017E+02   0.40269E+00  -0.13301E+00
   0.26722E+03   0.29941E+02   0.26885E+02   0.40299E+00  -0.13532E+00
   0.26757E+03   0.29939E+02   0.26590E+02   0.39496E+00  -0.14252E+00
   0.26792E+03   0.29934E+02   0.26431E+02   0.37750E+00  -0.13531E+00
   0.26827E+03   0.29926E+02   0.26588E+02   0.36245E+00  -0.11652E+00
   0.26862E+03   0.29917E+02   0.26693E+02   0.35584E+00  -0.10750E+00
   0.26897E+03   0.29909E+02   0.26692E+02   0.35391E+00  -0.11243E+00
   0.26932E+03   0.29907E+02   0.26631E+02   0.34912E+00  -0.11643E+00
   0.26967E+03   0.29904E+02   0.26194E+02   0.34085E+00  -0.13027E+00
   0.27002E+03   0.29899E+02   0.26045E+02   0.33929E+00  -0.13208E+00
   0.27037E+03   0.29894E+02   0.26195E+02   0.33562E+00  -0.11854E+00
   0.27072E+03   0.29888E+02   0.26041E+02   0.32773E+00  -0.12767E+00
   0.27107E+03   0.29883E+02   0.25878E+02   0.32548E+00  -0.14266E+00
   0.27142E+03   0.29881E+02   0.25768E+02   0.32623E+00  -0.15048E+00
   0.27177E+03   0.29882E+02   0.25553E+02   0.32852E+00  -0.16095E+00
   0.27212E+03   0.29884E+02   0.25401E+02   0.33648E+00  -0.16781E+00
   0.27247E+03   0.29888E+02   0.25534E+02   0.33898E+00  -0.17308E+00
   0.27282E+03   0.29888E+02   0.25765E+02   0.33393E+00  -0.16853E+00
   0.27317E+03   0.29887E+02   0.25748E+02   0.33717E+00  -0.17149E+00
   0.27352E+03   0.29891E+02   0.25605E+02   0.34651E+00  -0.18784E+00
   0.27387E+03   0.29898E+02   0.25394E+02   0.35372E+00  -0.19459E+00
   0.27422E+03   0.29902E+02   0.25149E+02   0.35459E+00  -0.20612E+00
   0.27457E+03   0.29903E+02   0.25078E+02   0.35587E+00  -0.21742E+00
   0.27492E+03   0.29906E+02   0.24972E+02   0.35816E+00  -0.21874E+00
   0.27527E+03   0.29910E+02   0.24483E+02   0.36172E+00  -0.24034E+00
   0.27562E+03   0.29913E+02   0.24080E+02   0.36847E+00  -0.27099E+00
   0.27597E+03   0.29919E+02   0.23934E+02   0.38252E+00  -0.28263E+00
   0.27632E+03   0.29926E+02   0.23745E+02   0.39390E+00  -0.29628E+00
   0.27667E+03   0.29933E+02   0.23853E+02   0.40905E+00  -0.31281E+00
   0.27702E+03   0.29942E+02   0.24125E+02   0.42811E+00  -0.31814E+00
   0.27737E+03   0.29949E+02   0.24625E+02   0.43977E+00  -0.31200E+00
   0.27772E+03   0.29955E+02   0.25102E+02   0.45634E+00  -0.30593E+00
   0.27807E+03   0.29962E+02   0.25064E+02   0.47539E+00  -0.30969E+00
   0.27842E+03   0.29967E+02   0.25051E+02   0.49081E+00  -0.30729E+00
   0.27877E+03   0.29971E+02   0.25412E+02   0.49354E+00  -0.29213E+00
   0.27912E+03   0.29973E+02   0.25991E+02   0.49367E+00  -0.27115E+00
   0.27947E+03   0.29975E+02   0.26708E+02   0.49494E+00  -0.23678E+00
   0.27982E+03   0.29976E+02   0.27303E+02   0.49200E+00  -0.20626E+00
   0.28017E+03   0.29976E+02   0.27348E+02   0.48663E+00  -0.19064E+00
   0.28052E+03   0.29974E+02   0.27309E+02   0.47974E+00  -0.17151E+00
   0.28087E+03   0.29973E+02   0.27607E+02   0.46926E+00  -0.14306E+00
   0.28122E+03   0.29969E+02   0.28012E+02   0.45160E+00  -0.10807E+00
   0.28157E+03   0.29965E+02   0.28000E+02   0.43196E+00  -0.86990E-01
   0.28192E+03   0.29957E+02   0.27617E+02   0.40363E+00  -0.82319E-01
   0.28227E+03   0.29943E+02   0.27417E+02   0.37840E+00  -0.71690E-01
   0.28262E+03   0.29931E+02   0.27248E+02   0.37092E+00  -0.65380E-01
   0.28297E+03   0.29924E+02   0.27087E+02   0.36165E+00  -0.72442E-01
   0.28332E+03   0.29914E+02   0.26906E+02   0.34443E+00  -0.77837E-01
   0.28367E+03   0.29902E+02   0.26725E+02   0.32846E+00  -0.81814E-01
   0.28402E+03   0.29887E+02   0.26801E+02   0.32010E+00  -0.74368E-01
   0.28437E+03   0.29878E+02   0.26906E+02   0.32248E+00  -0.71177E-01
   0.28472E+03   0.29879E+02   0.26653E+02   0.32604E+00  -0.95727E-01
   0.28507E+03   0.29878E+02   0.26270E+02   0.32576E+00  -0.11698E+00
   0.28542E+03   0.29872E+02   0.26053E+02   0.31999E+00  -0.12019E+00
   0.28577E+03   0.29865E+02   0.25881E+02   0.31043E+00  -0.12410E+00
   0.28612E+03   0.29862E+02   0.25872E+02   0.30735E+00  -0.13030E+00
   0.28647E+03   0.29861E+02   0.25705E+02   0.31140E+00  -0.14587E+00
   0.28682E+03   0.29856E+02   0.25475E+02   0.31104E+00  -0.16360E+00
   0.28717E+03   0.29854E+02   0.25366E+02   0.31332E+00  -0.17441E+00
   0.28752E+03   0.29860E+02   0.25183E+02   0.32529E+00  -0.19202E+00
   0.28787E+03   0.29869E+02   0.25331E+02   0.33466E+00  -0.19854E+00
   0.28822E+03   0.29878E+02   0.25232E+02   0.33570E+00  -0.20639E+00
   0.28857E+03   0.29881E+02   0.25059E+02   0.33584E+00  -0.22224E+00
   0.28892E+03   0.29885E+02   0.25364E+02   0.34781E+00  -0.22167E+00
   0.28927E+03   0.29895E+02   0.25242E+02   0.36526E+00  -0.23124E+00
   0.28962E+03   0.29908E+02   0.24730E+02   0.37559E+00  -0.25799E+00
   0.28997E+03   0.29916E+02   0.24618E+02   0.37883E+00  -0.27289E+00
   0.29032E+03   0.29921E+02   0.24713E+02   0.38296E+00  -0.27186E+00
   0.29067E+03   0.29926E+02   0.25081E+02   0.39523E+00  -0.26279E+00
   0.29102E+03   0.29934E+02   0.25524E+02   0.41359E+00  -0.26184E+00
   0.29137E+03   0.29943E+02   0.25459E+02   0.42615E+00  -0.27209E+00
   0.29172E+03   0.29949E+02   0.25355E+02   0.43149E+00  -0.27550E+00
   0.29207E+03   0.29954E+02   0.25599E+02   0.44276E+00  -0.26409E+00
   0.29242E+03   0.29958E+02   0.26119E+02   0.45468E+00  -0.24318E+00
   0.29277E+03   0.29961E+02   0.26393E+02   0.45795E+00  -0.23010E+00
   0.29312E+03   0.29963E+02   0.26215E+02   0.45329E+00  -0.23304E+00
   0.29347E+03   0.29963E+02   0.26049E+02   0.44717E+00  -0.22360E+00
   0.29382E+03   0.29963E+02   0.26137E+02   0.44268E+00  -0.19953E+00
   0.29417E+03   0.29962E+02   0.26237E+02   0.44409E+00  -0.18654E+00
   0.29452E+03   0.29962E+02   0.26068E+02   0.44272E+00  -0.18418E+00
   0.29487E+03   0.29959E+02   0.26071E+02   0.42804E+00  -0.17684E+00
   0.29522E+03   0.29955E+02   0.26278E+02   0.41369E+00  -0.15842E+00
   0.29557E+03   0.29950E+02   0.26349E+02   0.40945E+00  -0.14672E+00
   0.29592E+03   0.29947E+02   0.26446E+02   0.41300E+00  -0.13895E+00
   0.29627E+03   0.29945E+02   0.26625E+02   0.40527E+00  -0.12797E+00
   0.29662E+03   0.29942E+02   0.26499E+02   0.39056E+00  -0.12880E+00
   0.29697E+03   0.29937E+02   0.26237E+02   0.37723E+00  -0.12771E+00
   0.29732E+03   0.29930E+02   0.26216E+02   0.36770E+00  -0.11752E+00
   0.29767E+03   0.29925E+02   0.26167E+02   0.36213E+00  -0.11512E+00
   0.29802E+03   0.29919E+02   0.26062E+02   0.35150E+00  -0.11836E+00
   0.29837E+03   0.29910E+02   0.26145E+02   0.33976E+00  -0.11818E+00
   0.29872E+03   0.29898E+02   0.26242E+02   0.33758E+00  -0.11438E+00
   0.29907E+03   0.29894E+02   0.26327E+02   0.34247E+00  -0.11189E+00
   0.29942E+03   0.29892E+02   0.26245E+02   0.34133E+00  -0.12164E+00
   0.29977E+03   0.29889E+02   0.25990E+02   0.33367E+00  -0.13550E+00
   0.30012E+03   0.29885E+02   0.25879E+02   0.32802E+00  -0.13607E+00
   0.30047E+03   0.29883E+02   0.25833E+02   0.33019E+00  -0.13717E+00
   0.30082E+03   0.29880E+02   0.25841E+02   0.32818E+00  -0.14309E+00
   0.30118E+03   0.29876E+02   0.25816E+02   0.32653E+00  -0.15048E+00
   0.30153E+03   0.29877E+02   0.25656E+02   0.33031E+00  -0.16160E+00
   0.30188E+03   0.29880E+02   0.25348E+02   0.32882E+00  -0.17465E+00
   0.30223E+03   0.29881E+02   0.25197E+02   0.33110E+00  -0.18931E+00
   0.30258E+03   0.29883E+02   0.25361E+02   0.34045E+00  -0.18937E+00
   0.30293E+03   0.29888E+02   0.25317E+02   0.34669E+00  -0.19438E+00
   0.30328E+03   0.29893E+02   0.25069E+02   0.34864E+00  -0.21461E+00
   0.30363E+03   0.29897E+02   0.24935E+02   0.35187E+00  -0.22644E+00
   0.30398E+03   0.29903E+02   0.24843E+02   0.36494E+00  -0.23538E+00
   0.30433E+03   0.29912E+02   0.24498E+02   0.37865E+00  -0.25107E+00
   0.30468E+03   0.29919E+02   0.24075E+02   0.38025E+00  -0.27527E+00
   0.30503E+03   0.29924E+02   0.24011E+02   0.38526E+00  -0.28917E+00
   0.30538E+03   0.29930E+02   0.24140E+02   0.39907E+00  -0.28632E+00
   0.30573E+03   0.29936E+02   0.24077E+02   0.41235E+00  -0.29908E+00
   0.30608E+03   0.29944E+02   0.24005E+02   0.42749E+00  -0.32096E+00
   0.30643E+03   0.29951E+02   0.24329E+02   0.44766E+00  -0.32231E+00
   0.30678E+03   0.29958E+02   0.25002E+02   0.46196E+00  -0.30934E+00
   0.30713E+03   0.29963E+02   0.25514E+02   0.47411E+00  -0.29747E+00
   0.30748E+03   0.29968E+02   0.25635E+02   0.48460E+00  -0.29112E+00
   0.30783E+03   0.29971E+02   0.25996E+02   0.48986E+00  -0.27386E+00
   0.30818E+03   0.29974E+02   0.26695E+02   0.49288E+00  -0.24172E+00
   0.30853E+03   0.29974E+02   0.27268E+02   0.49144E+00  -0.21373E+00
   0.30888E+03   0.29974E+02   0.27375E+02   0.48888E+00  -0.19488E+00
   0.30923E+03   0.29974E+02   0.27354E+02   0.48025E+00  -0.17482E+00
   0.30958E+03   0.29972E+02   0.27677E+02   0.46250E+00  -0.14497E+00
   0.30993E+03   0.29967E+02   0.27821E+02   0.44163E+00  -0.11778E+00
   0.31028E+03   0.29962E+02   0.27640E+02   0.42727E+00  -0.10269E+00
   0.31063E+03   0.29956E+02   0.27622E+02   0.41776E+00  -0.88830E-01
   0.31098E+03   0.29950E+02   0.27534E+02   0.39856E+00  -0.80877E-01
   0.31133E+03   0.29939E+02   0.27265E+02   0.37268E+00  -0.81068E-01
   0.31168E+03   0.29927E+02   0.27127E+02   0.35892E+00  -0.77582E-01
   0.31203E+03   0.29918E+02   0.27127E+02   0.35345E+00  -0.66818E-01
   0.31238E+03   0.29909E+02   0.27268E+02   0.34103E+00  -0.58399E-01
   0.31273E+03   0.29898E+02   0.27137E+02   0.32707E+00  -0.70072E-01
   0.31308E+03   0.29888E+02   0.26923E+02   0.32072E+00  -0.81227E-01
   0.31343E+03   0.29881E+02   0.26898E+02   0.32220E+00  -0.76554E-01
   0.31378E+03   0.29878E+02   0.26830E+02   0.31857E+00  -0.81587E-01
   0.31413E+03   0.29870E+02   0.26693E+02   0.30675E+00  -0.94960E-01
   0.31448E+03   0.29858E+02   0.26581E+02   0.30275E+00  -0.10036E+00
   0.31483E+03   0.29852E+02   0.26539E+02   0.30274E+00  -0.10408E+00
   0.31518E+03   0.29846E+02   0.26242E+02   0.30172E+00  -0.12027E+00
   0.31553E+03   0.29840E+02   0.25894E+02   0.30189E+00  -0.14272E+00
   0.31588E+03   0.29839E+02   0.25606E+02   0.30412E+00  -0.15518E+00
   0.31623E+03   0.29844E+02   0.25344E+02   0.30621E+00  -0.16748E+00
   0.31658E+03   0.29848E+02   0.25087E+02   0.30595E+00  -0.18602E+00
   0.31693E+03   0.29849E+02   0.24920E+02   0.30939E+00  -0.20324E+00
   0.31728E+03   0.29855E+02   0.24994E+02   0.32401E+00  -0.21169E+00
   0.31763E+03   0.29867E+02   0.25077E+02   0.34153E+00  -0.21872E+00
   0.31798E+03   0.29880E+02   0.25187E+02   0.34924E+00  -0.23516E+00
   0.31833E+03   0.29891E+02   0.25444E+02   0.35951E+00  -0.24071E+00
   0.31868E+03   0.29903E+02   0.25278E+02   0.37723E+00  -0.24699E+00
   0.31903E+03   0.29915E+02   0.24785E+02   0.38518E+00  -0.26604E+00
   0.31938E+03   0.29923E+02   0.24654E+02   0.38798E+00  -0.27972E+00
   0.31973E+03   0.29929E+02   0.24698E+02   0.39913E+00  -0.28549E+00
   0.32008E+03   0.29935E+02   0.25055E+02   0.41722E+00  -0.28027E+00
   0.32043E+03   0.29943E+02   0.25251E+02   0.42950E+00  -0.28393E+00
   0.32078E+03   0.29950E+02   0.25153E+02   0.43362E+00  -0.29811E+00
   0.32113E+03   0.29955E+02   0.25485E+02   0.44673E+00  -0.28792E+00
   0.32148E+03   0.29960E+02   0.25821E+02   0.46535E+00  -0.26925E+00
   0.32183E+03   0.29965E+02   0.25859E+02   0.47246E+00  -0.26549E+00
   0.32218E+03   0.29967E+02   0.26120E+02   0.47298E+00  -0.25690E+00
   0.32253E+03   0.29969E+02   0.26452E+02   0.47665E+00  -0.23715E+00
   0.32288E+03   0.29970E+02   0.26889E+02   0.47308E+00  -0.20711E+00
   0.32323E+03   0.29969E+02   0.27502E+02   0.46736E+00  -0.17847E+00
   0.32358E+03   0.29969E+02   0.27589E+02   0.46551E+00  -0.16539E+00
   0.32393E+03   0.29968E+02   0.27308E+02   0.45398E+00  -0.14912E+00
   0.32428E+03   0.29964E+02   0.27192E+02   0.43452E+00  -0.13024E+00
   0.32463E+03   0.29958E+02   0.27130E+02   0.41749E+00  -0.11897E+00
   0.32498E+03   0.29952E+02   0.26904E+02   0.40519E+00  -0.10775E+00
   0.32533E+03   0.29945E+02   0.26658E+02   0.38971E+00  -0.10831E+00
   0.32568E+03   0.29934E+02   0.26671E+02   0.37104E+00  -0.10902E+00
   0.32603E+03   0.29925E+02   0.27014E+02   0.35811E+00  -0.81630E-01
   0.32638E+03   0.29916E+02   0.27296E+02   0.35363E+00  -0.63962E-01
   0.32673E+03   0.29910E+02   0.27216E+02   0.35626E+00  -0.77098E-01
   0.32708E+03   0.29908E+02   0.27009E+02   0.34693E+00  -0.86848E-01
   0.32743E+03   0.29900E+02   0.26799E+02   0.33001E+00  -0.91702E-01
   0.32778E+03   0.29892E+02   0.26644E+02   0.32187E+00  -0.94359E-01
   0.32813E+03   0.29882E+02   0.26474E+02   0.31700E+00  -0.96605E-01
   0.32848E+03   0.29873E+02   0.26287E+02   0.31062E+00  -0.10782E+00
   0.32883E+03   0.29861E+02   0.26230E+02   0.30137E+00  -0.11793E+00
   0.32918E+03   0.29854E+02   0.26384E+02   0.30296E+00  -0.11802E+00
   0.32953E+03   0.29855E+02   0.26306E+02   0.31236E+00  -0.12559E+00
   0.32988E+03   0.29859E+02   0.25802E+02   0.32038E+00  -0.15204E+00
   0.33023E+03   0.29864E+02   0.25411E+02   0.31803E+00  -0.17421E+00
   0.33058E+03   0.29859E+02   0.25217E+02   0.31070E+00  -0.17901E+00
   0.33093E+03   0.29856E+02   0.25019E+02   0.31496E+00  -0.18870E+00
   0.33128E+03   0.29861E+02   0.24900E+02   0.32573E+00  -0.20459E+00
   0.33163E+03   0.29870E+02   0.24721E+02   0.33901E+00  -0.22504E+00
   0.33198E+03   0.29881E+02   0.24314E+02   0.34430E+00  -0.25471E+00
   0.33233E+03   0.29891E+02   0.24184E+02   0.34972E+00  -0.27097E+00
   0.33268E+03   0.29901E+02   0.24308E+02   0.36797E+00  -0.27445E+00
   0.33303E+03   0.29913E+02   0.24455E+02   0.38674E+00  -0.28164E+00
   0.33338E+03   0.29923E+02   0.24612E+02   0.39962E+00  -0.29447E+00
   0.33373E+03   0.29933E+02   0.25141E+02   0.41205E+00  -0.29705E+00
   0.33408E+03   0.29942E+02   0.25624E+02   0.42890E+00  -0.29254E+00
   0.33443E+03   0.29950E+02   0.25645E+02   0.45080E+00  -0.28883E+00
   0.33478E+03   0.29957E+02   0.25654E+02   0.46358E+00  -0.28819E+00
   0.33513E+03   0.29962E+02   0.25699E+02   0.46532E+00  -0.28616E+00
   0.33548E+03   0.29965E+02   0.26022E+02   0.46533E+00  -0.27095E+00
   0.33583E+03   0.29967E+02   0.26693E+02   0.46841E+00  -0.24307E+00
   0.33618E+03   0.29968E+02   0.27029E+02   0.47372E+00  -0.22202E+00
   0.33653E+03   0.29970E+02   0.27117E+02   0.47447E+00  -0.20750E+00
   0.33688E+03   0.29970E+02   0.27352E+02   0.46627E+00  -0.18823E+00
   0.33723E+03   0.29968E+02   0.27547E+02   0.45784E+00  -0.16470E+00
   0.33758E+03   0.29965E+02   0.27681E+02   0.45355E+00  -0.13500E+00
   0.33793E+03   0.29963E+02   0.27635E+02   0.43826E+00  -0.11723E+00
   0.33828E+03   0.29959E+02   0.27388E+02   0.41717E+00  -0.11047E+00
   0.33863E+03   0.29950E+02   0.27292E+02   0.39737E+00  -0.95383E-01
   0.33898E+03   0.29940E+02   0.27310E+02   0.38199E+00  -0.79745E-01
   0.33933E+03   0.29933E+02   0.27091E+02   0.37370E+00  -0.81369E-01
   0.33968E+03   0.29928E+02   0.26863E+02   0.36254E+00  -0.91546E-01
   0.34003E+03   0.29916E+02   0.26752E+02   0.34043E+00  -0.91230E-01
   0.34038E+03   0.29899E+02   0.26764E+02   0.32896E+00  -0.77020E-01
   0.34073E+03   0.29890E+02   0.26764E+02   0.33051E+00  -0.79085E-01
   0.34108E+03   0.29886E+02   0.26669E+02   0.32836E+00  -0.93056E-01
   0.34143E+03   0.29881E+02   0.26559E+02   0.32522E+00  -0.10059E+00
   0.34178E+03   0.29876E+02   0.26540E+02   0.31902E+00  -0.10282E+00
   0.34213E+03   0.29871E+02   0.26524E+02   0.31451E+00  -0.10069E+00
   0.34248E+03   0.29866E+02   0.26425E+02   0.31506E+00  -0.10823E+00
   0.34283E+03   0.29863E+02   0.26405E+02   0.31531E+00  -0.11866E+00
   0.34318E+03   0.29860E+02   0.26202E+02   0.30734E+00  -0.12885E+00
   0.34353E+03   0.29851E+02   0.26025E+02   0.30315E+00  -0.13648E+00
   0.34388E+03   0.29849E+02   0.26091E+02   0.31140E+00  -0.14185E+00
   0.34423E+03   0.29856E+02   0.26137E+02   0.31760E+00  -0.14616E+00
   0.34458E+03   0.29859E+02   0.26078E+02   0.31456E+00  -0.15670E+00
   0.34493E+03   0.29858E+02   0.25714E+02   0.31303E+00  -0.17859E+00
   0.34528E+03   0.29860E+02   0.25400E+02   0.32004E+00  -0.18529E+00
   0.34563E+03   0.29865E+02   0.25334E+02   0.33037E+00  -0.18880E+00
   0.34598E+03   0.29873E+02   0.25057E+02   0.33820E+00  -0.21522E+00
   0.34633E+03   0.29881E+02   0.24615E+02   0.33988E+00  -0.23805E+00
   0.34668E+03   0.29888E+02   0.24431E+02   0.34542E+00  -0.25128E+00
   0.34703E+03   0.29897E+02   0.24416E+02   0.36043E+00  -0.26455E+00
   0.34738E+03   0.29909E+02   0.24355E+02   0.37374E+00  -0.27578E+00
   0.34773E+03   0.29918E+02   0.24339E+02   0.39004E+00  -0.29236E+00
   0.34808E+03   0.29928E+02   0.24168E+02   0.41015E+00  -0.31237E+00
   0.34843E+03   0.29938E+02   0.24353E+02   0.42356E+00  -0.32027E+00
   0.34878E+03   0.29946E+02   0.24804E+02   0.43947E+00  -0.31814E+00
   0.34913E+03   0.29954E+02   0.25260E+02   0.45941E+00  -0.31419E+00
   0.34948E+03   0.29961E+02   0.25802E+02   0.47375E+00  -0.30005E+00
   0.34983E+03   0.29967E+02   0.26016E+02   0.48045E+00  -0.28929E+00
   0.35018E+03   0.29970E+02   0.26404E+02   0.48579E+00  -0.27385E+00
   0.35053E+03   0.29973E+02   0.26773E+02   0.49292E+00  -0.24774E+00
   0.35088E+03   0.29975E+02   0.26998E+02   0.49640E+00  -0.22608E+00
   0.35123E+03   0.29975E+02   0.27348E+02   0.48879E+00  -0.20457E+00
   0.35158E+03   0.29974E+02   0.27647E+02   0.47182E+00  -0.17736E+00
   0.35193E+03   0.29971E+02   0.27910E+02   0.45937E+00  -0.14444E+00
   0.35228E+03   0.29968E+02   0.28015E+02   0.45113E+00  -0.12002E+00
   0.35263E+03   0.29964E+02   0.27996E+02   0.43708E+00  -0.10145E+00
   0.35298E+03   0.29959E+02   0.27851E+02   0.41588E+00  -0.86633E-01
   0.35333E+03   0.29951E+02   0.27641E+02   0.39530E+00  -0.77356E-01
   0.35368E+03   0.29941E+02   0.27378E+02   0.37674E+00  -0.71338E-01
   0.35403E+03   0.29931E+02   0.27152E+02   0.35856E+00  -0.70874E-01
   0.35438E+03   0.29920E+02   0.27086E+02   0.34328E+00  -0.71033E-01
   0.35473E+03   0.29905E+02   0.27142E+02   0.33161E+00  -0.65573E-01
   0.35508E+03   0.29892E+02   0.27163E+02   0.32607E+00  -0.62217E-01
   0.35543E+03   0.29881E+02   0.26909E+02   0.32471E+00  -0.78634E-01
   0.35578E+03   0.29878E+02   0.26626E+02   0.32469E+00  -0.99333E-01
   0.35613E+03   0.29873E+02   0.26468E+02   0.31931E+00  -0.10601E+00
   0.35648E+03   0.29868E+02   0.26438E+02   0.31575E+00  -0.10634E+00
   0.35683E+03   0.29863E+02   0.26534E+02   0.31484E+00  -0.10674E+00
   0.35718E+03   0.29862E+02   0.26485E+02   0.31265E+00  -0.11364E+00
   0.35753E+03   0.29864E+02   0.26225E+02   0.30839E+00  -0.12812E+00
   0.35788E+03   0.29856E+02   0.25930E+02   0.30603E+00  -0.14065E+00
   0.35823E+03   0.29848E+02   0.25941E+02   0.31244E+00  -0.14273E+00
   0.35858E+03   0.29852E+02   0.25804E+02   0.31611E+00  -0.15331E+00
   0.35893E+03   0.29855E+02   0.25303E+02   0.31383E+00  -0.18428E+00
   0.35928E+03   0.29854E+02   0.24976E+02   0.31058E+00  -0.20596E+00
   0.35963E+03   0.29855E+02   0.24814E+02   0.31484E+00  -0.21189E+00
   0.35998E+03   0.29862E+02   0.24883E+02   0.33162E+00  -0.21887E+00
   0.36033E+03   0.29876E+02   0.25091E+02   0.34936E+00  -0.23217E+00
   0.36068E+03   0.29890E+02   0.25131E+02   0.36134E+00  -0.24701E+00
   0.36103E+03   0.29902E+02   0.25011E+02   0.36995E+00  -0.25778E+00
   0.36138E+03   0.29912E+02   0.24923E+02   0.38072E+00  -0.26844E+00
   0.36173E+03   0.29922E+02   0.25061E+02   0.39916E+00  -0.27080E+00
   0.36208E+03   0.29932E+02   0.25228E+02   0.41226E+00  -0.27106E+00
   0.36243E+03   0.29940E+02   0.25058E+02   0.41663E+00  -0.28495E+00
   0.36278E+03   0.29945E+02   0.24788E+02   0.42285E+00  -0.29408E+00
   0.36313E+03   0.29950E+02   0.24970E+02   0.43444E+00  -0.28672E+00
   0.36348E+03   0.29955E+02   0.25365E+02   0.44800E+00  -0.27968E+00
   0.36383E+03   0.29960E+02   0.25263E+02   0.46004E+00  -0.28241E+00
   0.36418E+03   0.29964E+02   0.24920E+02   0.46353E+00  -0.29118E+00
   0.36453E+03   0.29966E+02   0.25079E+02   0.46506E+00  -0.28542E+00
   0.36488E+03   0.29968E+02   0.25754E+02   0.47454E+00  -0.25902E+00
   0.36523E+03   0.29970E+02   0.26537E+02   0.48286E+00  -0.23662E+00
   0.36558E+03   0.29972E+02   0.26946E+02   0.48389E+00  -0.21857E+00
   0.36593E+03   0.29972E+02   0.27179E+02   0.47776E+00  -0.19758E+00
   0.36628E+03   0.29971E+02   0.27407E+02   0.47100E+00  -0.17302E+00
   0.36663E+03   0.29970E+02   0.27259E+02   0.46283E+00  -0.14995E+00
   0.36698E+03   0.29967E+02   0.27199E+02   0.44867E+00  -0.13190E+00
   0.36733E+03   0.29963E+02   0.27417E+02   0.43118E+00  -0.10927E+00
   0.36768E+03   0.29956E+02   0.27430E+02   0.40806E+00  -0.89762E-01
   0.36803E+03   0.29948E+02   0.27196E+02   0.38274E+00  -0.86883E-01
   0.36838E+03   0.29936E+02   0.26991E+02   0.37153E+00  -0.90650E-01
   0.36873E+03   0.29927E+02   0.26915E+02   0.36991E+00  -0.86251E-01
   0.36908E+03   0.29919E+02   0.26978E+02   0.35598E+00  -0.79616E-01
   0.36943E+03   0.29907E+02   0.26917E+02   0.34072E+00  -0.86761E-01
   0.36978E+03   0.29896E+02   0.26820E+02   0.33622E+00  -0.93414E-01
   0.37013E+03   0.29892E+02   0.26808E+02   0.33394E+00  -0.87525E-01
   0.37048E+03   0.29890E+02   0.26829E+02   0.32764E+00  -0.87355E-01
   0.37083E+03   0.29884E+02   0.26858E+02   0.32220E+00  -0.92398E-01
   0.37118E+03   0.29879E+02   0.26604E+02   0.32126E+00  -0.98424E-01
   0.37153E+03   0.29874E+02   0.26306E+02   0.31569E+00  -0.11149E+00
   0.37188E+03   0.29865E+02   0.26252E+02   0.30744E+00  -0.12272E+00
   0.37223E+03   0.29855E+02   0.26158E+02   0.30501E+00  -0.12917E+00
   0.37258E+03   0.29850E+02   0.25965E+02   0.30846E+00  -0.13799E+00
   0.37293E+03   0.29849E+02   0.25827E+02   0.31214E+00  -0.15568E+00
   0.37328E+03   0.29851E+02   0.25630E+02   0.31498E+00  -0.17237E+00
   0.37363E+03   0.29856E+02   0.25553E+02   0.31745E+00  -0.17570E+00
   0.37398E+03   0.29862E+02   0.25540E+02   0.32695E+00  -0.18435E+00
   0.37433E+03   0.29873E+02   0.25329E+02   0.33713E+00  -0.19892E+00
   0.37468E+03   0.29881E+02   0.25038E+02   0.33623E+00  -0.21260E+00
   0.37503E+03   0.29884E+02   0.24981E+02   0.33876E+00  -0.22454E+00
   0.37538E+03   0.29890E+02   0.25065E+02   0.35158E+00  -0.22892E+00
   0.37573E+03   0.29898E+02   0.25039E+02   0.36651E+00  -0.23806E+00
   0.37608E+03   0.29909E+02   0.24885E+02   0.37572E+00  -0.25831E+00
   0.37643E+03   0.29917E+02   0.24792E+02   0.38298E+00  -0.27482E+00
   0.37678E+03   0.29925E+02   0.24719E+02   0.39563E+00  -0.28010E+00
   0.37713E+03   0.29933E+02   0.24600E+02   0.40975E+00  -0.28833E+00
   0.37748E+03   0.29941E+02   0.24567E+02   0.42521E+00  -0.30259E+00
   0.37783E+03   0.29948E+02   0.24921E+02   0.43811E+00  -0.30302E+00
   0.37818E+03   0.29954E+02   0.25662E+02   0.44919E+00  -0.28933E+00
   0.37853E+03   0.29959E+02   0.26109E+02   0.46105E+00  -0.27723E+00
   0.37888E+03   0.29964E+02   0.26603E+02   0.47112E+00  -0.25890E+00
   0.37923E+03   0.29968E+02   0.27192E+02   0.48077E+00  -0.23433E+00
   0.37958E+03   0.29970E+02   0.27390E+02   0.48087E+00  -0.21433E+00
   0.37993E+03   0.29971E+02   0.27583E+02   0.47295E+00  -0.19276E+00
   0.38028E+03   0.29971E+02   0.28006E+02   0.46598E+00  -0.16393E+00
   0.38063E+03   0.29969E+02   0.28341E+02   0.45434E+00  -0.13154E+00
   0.38098E+03   0.29966E+02   0.28313E+02   0.43424E+00  -0.10975E+00
   0.38133E+03   0.29959E+02   0.27919E+02   0.41437E+00  -0.10315E+00
   0.38168E+03   0.29950E+02   0.27686E+02   0.39825E+00  -0.90833E-01
   0.38203E+03   0.29943E+02   0.27623E+02   0.38367E+00  -0.75102E-01
   0.38238E+03   0.29933E+02   0.27455E+02   0.36726E+00  -0.73029E-01
   0.38273E+03   0.29920E+02   0.27370E+02   0.34982E+00  -0.72857E-01
   0.38308E+03   0.29907E+02   0.27195E+02   0.33697E+00  -0.72586E-01
   0.38343E+03   0.29896E+02   0.26960E+02   0.32949E+00  -0.79840E-01
   0.38378E+03   0.29888E+02   0.26752E+02   0.32420E+00  -0.90171E-01
   0.38413E+03   0.29880E+02   0.26463E+02   0.31999E+00  -0.98677E-01
   0.38448E+03   0.29874E+02   0.26188E+02   0.31751E+00  -0.10583E+00
   0.38483E+03   0.29868E+02   0.26047E+02   0.31369E+00  -0.11770E+00
   0.38518E+03   0.29862E+02   0.26165E+02   0.31188E+00  -0.11965E+00
   0.38553E+03   0.29862E+02   0.26256E+02   0.31512E+00  -0.12204E+00
   0.38588E+03   0.29866E+02   0.26148E+02   0.32191E+00  -0.13797E+00
   0.38623E+03   0.29869E+02   0.25957E+02   0.32433E+00  -0.14966E+00
   0.38658E+03   0.29869E+02   0.25613E+02   0.31917E+00  -0.16352E+00
   0.38693E+03   0.29867E+02   0.25481E+02   0.31989E+00  -0.17278E+00
   0.38728E+03   0.29869E+02   0.25616E+02   0.32643E+00  -0.17250E+00
   0.38763E+03   0.29871E+02   0.25639E+02   0.32685E+00  -0.18040E+00
   0.38798E+03   0.29872E+02   0.25460E+02   0.32903E+00  -0.19787E+00
   0.38833E+03   0.29877E+02   0.25049E+02   0.33853E+00  -0.21977E+00
   0.38868E+03   0.29886E+02   0.24608E+02   0.34627E+00  -0.23914E+00
   0.38903E+03   0.29894E+02   0.24617E+02   0.35345E+00  -0.24837E+00
   0.38938E+03   0.29901E+02   0.24767E+02   0.36555E+00  -0.25413E+00
   0.38973E+03   0.29909E+02   0.24697E+02   0.37642E+00  -0.26399E+00
   0.39008E+03   0.29918E+02   0.24858E+02   0.38784E+00  -0.27515E+00
   0.39043E+03   0.29928E+02   0.25181E+02   0.40357E+00  -0.28153E+00
   0.39078E+03   0.29937E+02   0.25290E+02   0.42294E+00  -0.28123E+00
   0.39113E+03   0.29946E+02   0.25354E+02   0.43699E+00  -0.27888E+00
   0.39148E+03   0.29953E+02   0.25504E+02   0.44407E+00  -0.27936E+00
   0.39183E+03   0.29957E+02   0.25920E+02   0.45134E+00  -0.26712E+00
   0.39218E+03   0.29961E+02   0.26518E+02   0.45650E+00  -0.24662E+00
   0.39253E+03   0.29963E+02   0.26724E+02   0.46319E+00  -0.23844E+00
   0.39288E+03   0.29966E+02   0.26545E+02   0.46664E+00  -0.23207E+00
   0.39323E+03   0.29967E+02   0.26810E+02   0.46313E+00  -0.21051E+00
   0.39358E+03   0.29967E+02   0.27167E+02   0.45506E+00  -0.18214E+00
   0.39393E+03   0.29965E+02   0.27141E+02   0.44638E+00  -0.16409E+00
   0.39428E+03   0.29963E+02   0.26990E+02   0.44010E+00  -0.15373E+00
   0.39463E+03   0.29960E+02   0.26760E+02   0.42716E+00  -0.14653E+00
   0.39498E+03   0.29955E+02   0.26881E+02   0.41029E+00  -0.13100E+00
   0.39533E+03   0.29949E+02   0.27134E+02   0.40138E+00  -0.10907E+00
   0.39568E+03   0.29943E+02   0.27017E+02   0.39276E+00  -0.10395E+00
   0.39603E+03   0.29937E+02   0.26658E+02   0.37804E+00  -0.11093E+00
   0.39638E+03   0.29927E+02   0.26531E+02   0.36245E+00  -0.10862E+00
   0.39673E+03   0.29916E+02   0.26764E+02   0.35374E+00  -0.91486E-01
   0.39708E+03   0.29909E+02   0.26900E+02   0.35251E+00  -0.82407E-01
   0.39743E+03   0.29906E+02   0.26728E+02   0.35086E+00  -0.98809E-01
   0.39778E+03   0.29901E+02   0.26612E+02   0.34023E+00  -0.11104E+00
   0.39813E+03   0.29893E+02   0.26493E+02   0.32694E+00  -0.10841E+00
   0.39848E+03   0.29886E+02   0.26234E+02   0.32416E+00  -0.11356E+00
   0.39883E+03   0.29880E+02   0.25939E+02   0.32689E+00  -0.12857E+00
   0.39918E+03   0.29878E+02   0.25556E+02   0.32348E+00  -0.14645E+00
   0.39953E+03   0.29872E+02   0.25384E+02   0.31374E+00  -0.15784E+00
   0.39988E+03   0.29864E+02   0.25262E+02   0.31392E+00  -0.16748E+00
   0.40023E+03   0.29866E+02   0.25103E+02   0.32468E+00  -0.17815E+00
   0.40058E+03   0.29874E+02   0.24981E+02   0.33496E+00  -0.19111E+00
   0.40093E+03   0.29883E+02   0.24869E+02   0.33849E+00  -0.20946E+00
   0.40128E+03   0.29888E+02   0.24996E+02   0.33887E+00  -0.21501E+00
   0.40163E+03   0.29892E+02   0.25043E+02   0.34897E+00  -0.21428E+00
   0.40198E+03   0.29899E+02   0.24871E+02   0.36365E+00  -0.22602E+00
   0.40233E+03   0.29907E+02   0.24666E+02   0.37158E+00  -0.24311E+00
   0.40268E+03   0.29914E+02   0.24267E+02   0.37236E+00  -0.26482E+00
   0.40303E+03   0.29919E+02   0.24271E+02   0.37790E+00  -0.27828E+00
   0.40338E+03   0.29925E+02   0.24748E+02   0.39631E+00  -0.27388E+00
   0.40373E+03   0.29933E+02   0.24901E+02   0.41214E+00  -0.27770E+00
   0.40408E+03   0.29940E+02   0.24707E+02   0.41853E+00  -0.29513E+00
   0.40443E+03   0.29945E+02   0.24790E+02   0.42887E+00  -0.30151E+00
   0.40478E+03   0.29952E+02   0.25408E+02   0.44592E+00  -0.28506E+00
   0.40513E+03   0.29958E+02   0.26145E+02   0.46013E+00  -0.26398E+00
   0.40548E+03   0.29963E+02   0.26629E+02   0.46963E+00  -0.25102E+00
   0.40583E+03   0.29966E+02   0.26739E+02   0.47008E+00  -0.23973E+00
   0.40618E+03   0.29967E+02   0.27078E+02   0.46623E+00  -0.21270E+00
   0.40653E+03   0.29968E+02   0.27308E+02   0.46537E+00  -0.18527E+00
   0.40688E+03   0.29969E+02   0.27094E+02   0.46362E+00  -0.17659E+00
   0.40723E+03   0.29968E+02   0.26933E+02   0.45100E+00  -0.16652E+00
   0.40758E+03   0.29963E+02   0.27065E+02   0.42990E+00  -0.14279E+00
   0.40793E+03   0.29957E+02   0.27249E+02   0.41228E+00  -0.11627E+00
   0.40828E+03   0.29951E+02   0.27230E+02   0.40148E+00  -0.10655E+00
   0.40863E+03   0.29946E+02   0.27164E+02   0.39617E+00  -0.10749E+00
   0.40898E+03   0.29940E+02   0.27100E+02   0.38398E+00  -0.10103E+00
   0.40933E+03   0.29931E+02   0.27025E+02   0.36763E+00  -0.90352E-01
   0.40968E+03   0.29921E+02   0.26907E+02   0.35522E+00  -0.88018E-01
   0.41003E+03   0.29914E+02   0.26765E+02   0.35005E+00  -0.93341E-01
   0.41038E+03   0.29906E+02   0.26621E+02   0.34283E+00  -0.96354E-01
   0.41073E+03   0.29896E+02   0.26536E+02   0.32953E+00  -0.10012E+00
   0.41108E+03   0.29885E+02   0.26629E+02   0.32235E+00  -0.97761E-01
   0.41143E+03   0.29879E+02   0.26691E+02   0.32765E+00  -0.93774E-01
   0.41178E+03   0.29879E+02   0.26512E+02   0.32881E+00  -0.10660E+00
   0.41213E+03   0.29874E+02   0.26230E+02   0.31887E+00  -0.12473E+00
   0.41248E+03   0.29871E+02   0.25959E+02   0.31221E+00  -0.13465E+00
   0.41283E+03   0.29870E+02   0.25795E+02   0.31337E+00  -0.14058E+00
   0.41318E+03   0.29864E+02   0.25799E+02   0.31794E+00  -0.14449E+00
   0.41353E+03   0.29861E+02   0.25641E+02   0.31830E+00  -0.15836E+00
   0.41388E+03   0.29861E+02   0.25147E+02   0.31628E+00  -0.18590E+00
   0.41423E+03   0.29862E+02   0.24840E+02   0.32191E+00  -0.20340E+00
   0.41458E+03   0.29868E+02   0.25001E+02   0.33454E+00  -0.20509E+00
   0.41493E+03   0.29877E+02   0.25108E+02   0.34419E+00  -0.21087E+00
   0.41528E+03   0.29887E+02   0.25141E+02   0.35319E+00  -0.22483E+00
   0.41563E+03   0.29897E+02   0.25281E+02   0.35967E+00  -0.23645E+00
   0.41598E+03   0.29904E+02   0.25538E+02   0.36820E+00  -0.23189E+00
   0.41633E+03   0.29913E+02   0.25682E+02   0.38224E+00  -0.22767E+00
   0.41668E+03   0.29922E+02   0.25493E+02   0.39553E+00  -0.24300E+00
   0.41703E+03   0.29930E+02   0.25569E+02   0.40137E+00  -0.24619E+00
   0.41738E+03   0.29934E+02   0.25890E+02   0.40195E+00  -0.23840E+00
   0.41773E+03   0.29937E+02   0.26046E+02   0.40531E+00  -0.23426E+00
   0.41808E+03   0.29940E+02   0.26202E+02   0.41504E+00  -0.22756E+00
   0.41843E+03   0.29944E+02   0.26113E+02   0.42515E+00  -0.23062E+00
   0.41878E+03   0.29948E+02   0.25755E+02   0.42565E+00  -0.23806E+00
   0.41913E+03   0.29950E+02   0.25440E+02   0.42207E+00  -0.23890E+00
   0.41948E+03   0.29950E+02   0.25575E+02   0.42535E+00  -0.23242E+00
   0.41983E+03   0.29952E+02   0.26013E+02   0.43332E+00  -0.21465E+00
