       time        TW        TE         hW        hE
   0.17500E+00   0.29443E+02   0.29300E+02   0.36412E-02  -0.27192E-01
   0.52500E+00   0.28672E+02   0.27939E+02   0.28932E-01  -0.90399E-01
   0.87500E+00   0.28471E+02   0.26570E+02   0.69503E-01  -0.16743E+00
   0.12250E+01   0.28622E+02   0.25130E+02   0.11768E+00  -0.25818E+00
   0.15750E+01   0.28935E+02   0.23881E+02   0.17612E+00  -0.34999E+00
   0.19250E+01   0.29261E+02   0.23131E+02   0.23968E+00  -0.42605E+00
   0.22750E+01   0.29526E+02   0.22802E+02   0.31040E+00  -0.49980E+00
   0.26250E+01   0.29714E+02   0.22714E+02   0.38533E+00  -0.57864E+00
   0.29750E+01   0.29835E+02   0.22874E+02   0.46460E+00  -0.64405E+00
   0.33250E+01   0.29908E+02   0.23336E+02   0.54376E+00  -0.68268E+00
   0.36750E+01   0.29951E+02   0.24064E+02   0.61976E+00  -0.70029E+00
   0.40250E+01   0.29973E+02   0.24986E+02   0.68946E+00  -0.68917E+00
   0.43750E+01   0.29984E+02   0.25896E+02   0.75217E+00  -0.64240E+00
   0.47250E+01   0.29989E+02   0.26634E+02   0.80459E+00  -0.57647E+00
   0.50750E+01   0.29993E+02   0.27246E+02   0.83771E+00  -0.49639E+00
   0.54250E+01   0.29996E+02   0.27764E+02   0.84242E+00  -0.40800E+00
   0.57750E+01   0.29999E+02   0.28204E+02   0.81811E+00  -0.32219E+00
   0.61250E+01   0.30000E+02   0.28571E+02   0.77382E+00  -0.23807E+00
   0.64750E+01   0.30000E+02   0.28872E+02   0.71705E+00  -0.16153E+00
   0.68250E+01   0.29998E+02   0.29122E+02   0.65328E+00  -0.99773E-01
   0.71750E+01   0.29995E+02   0.29237E+02   0.58950E+00  -0.47234E-01
   0.75250E+01   0.29991E+02   0.29171E+02   0.53259E+00  -0.59986E-02
   0.78750E+01   0.29984E+02   0.29051E+02   0.48140E+00   0.23684E-01
   0.82250E+01   0.29975E+02   0.28956E+02   0.43630E+00   0.43082E-01
   0.85750E+01   0.29962E+02   0.28879E+02   0.40157E+00   0.49807E-01
   0.89250E+01   0.29948E+02   0.28811E+02   0.37617E+00   0.50968E-01
   0.92750E+01   0.29932E+02   0.28731E+02   0.35411E+00   0.45642E-01
   0.96250E+01   0.29916E+02   0.28618E+02   0.33862E+00   0.34480E-01
   0.99750E+01   0.29903E+02   0.28479E+02   0.33162E+00   0.23696E-01
   0.10325E+02   0.29893E+02   0.28321E+02   0.32484E+00   0.11857E-01
   0.10675E+02   0.29882E+02   0.28144E+02   0.31537E+00  -0.95071E-03
   0.11025E+02   0.29872E+02   0.27945E+02   0.30900E+00  -0.15310E-01
   0.11375E+02   0.29861E+02   0.27730E+02   0.30290E+00  -0.29485E-01
   0.11725E+02   0.29849E+02   0.27503E+02   0.29319E+00  -0.43820E-01
   0.12075E+02   0.29835E+02   0.27237E+02   0.28493E+00  -0.63119E-01
   0.12425E+02   0.29821E+02   0.26947E+02   0.27883E+00  -0.80909E-01
   0.12775E+02   0.29807E+02   0.26665E+02   0.27286E+00  -0.96517E-01
   0.13125E+02   0.29796E+02   0.26374E+02   0.27082E+00  -0.11539E+00
   0.13475E+02   0.29790E+02   0.26071E+02   0.27241E+00  -0.13560E+00
   0.13825E+02   0.29788E+02   0.25782E+02   0.27462E+00  -0.15456E+00
   0.14175E+02   0.29791E+02   0.25521E+02   0.28048E+00  -0.17338E+00
   0.14525E+02   0.29800E+02   0.25269E+02   0.28956E+00  -0.19517E+00
   0.14875E+02   0.29812E+02   0.25050E+02   0.29905E+00  -0.21595E+00
   0.15225E+02   0.29828E+02   0.24875E+02   0.31171E+00  -0.23657E+00
   0.15575E+02   0.29846E+02   0.24721E+02   0.32863E+00  -0.26019E+00
   0.15925E+02   0.29866E+02   0.24614E+02   0.34710E+00  -0.28248E+00
   0.16275E+02   0.29886E+02   0.24558E+02   0.36782E+00  -0.30452E+00
   0.16625E+02   0.29905E+02   0.24547E+02   0.39111E+00  -0.32675E+00
   0.16975E+02   0.29923E+02   0.24610E+02   0.41535E+00  -0.34506E+00
   0.17325E+02   0.29938E+02   0.24766E+02   0.43908E+00  -0.35854E+00
   0.17675E+02   0.29950E+02   0.25011E+02   0.46335E+00  -0.36794E+00
   0.18025E+02   0.29961E+02   0.25368E+02   0.48835E+00  -0.37014E+00
   0.18375E+02   0.29969E+02   0.25867E+02   0.51181E+00  -0.36329E+00
   0.18725E+02   0.29975E+02   0.26496E+02   0.53105E+00  -0.35016E+00
   0.19075E+02   0.29980E+02   0.27184E+02   0.54674E+00  -0.32804E+00
   0.19425E+02   0.29983E+02   0.27793E+02   0.55819E+00  -0.29805E+00
   0.19775E+02   0.29986E+02   0.28270E+02   0.56217E+00  -0.26542E+00
   0.20125E+02   0.29987E+02   0.28653E+02   0.55859E+00  -0.23041E+00
   0.20475E+02   0.29987E+02   0.28957E+02   0.54946E+00  -0.19430E+00
   0.20825E+02   0.29986E+02   0.29107E+02   0.53403E+00  -0.15871E+00
   0.21175E+02   0.29984E+02   0.29044E+02   0.51159E+00  -0.12566E+00
   0.21525E+02   0.29980E+02   0.28840E+02   0.48579E+00  -0.96453E-01
   0.21875E+02   0.29975E+02   0.28592E+02   0.45859E+00  -0.71714E-01
   0.22225E+02   0.29968E+02   0.28360E+02   0.43030E+00  -0.52303E-01
   0.22575E+02   0.29958E+02   0.28169E+02   0.40452E+00  -0.39742E-01
   0.22925E+02   0.29947E+02   0.28016E+02   0.38197E+00  -0.33106E-01
   0.23275E+02   0.29934E+02   0.27893E+02   0.36200E+00  -0.30032E-01
   0.23625E+02   0.29920E+02   0.27780E+02   0.34551E+00  -0.31478E-01
   0.23975E+02   0.29906E+02   0.27659E+02   0.33285E+00  -0.36060E-01
   0.24325E+02   0.29893E+02   0.27527E+02   0.32374E+00  -0.42437E-01
   0.24675E+02   0.29882E+02   0.27378E+02   0.31697E+00  -0.50807E-01
   0.25025E+02   0.29873E+02   0.27208E+02   0.31223E+00  -0.61137E-01
   0.25375E+02   0.29865E+02   0.27021E+02   0.30825E+00  -0.72144E-01
   0.25725E+02   0.29857E+02   0.26826E+02   0.30418E+00  -0.83171E-01
   0.26075E+02   0.29851E+02   0.26618E+02   0.30122E+00  -0.95945E-01
   0.26425E+02   0.29845E+02   0.26398E+02   0.29946E+00  -0.10964E+00
   0.26775E+02   0.29841E+02   0.26171E+02   0.29781E+00  -0.12411E+00
   0.27125E+02   0.29838E+02   0.25936E+02   0.29830E+00  -0.14016E+00
   0.27475E+02   0.29837E+02   0.25700E+02   0.30121E+00  -0.15689E+00
   0.27825E+02   0.29839E+02   0.25476E+02   0.30472E+00  -0.17391E+00
   0.28175E+02   0.29843E+02   0.25266E+02   0.31008E+00  -0.19199E+00
   0.28525E+02   0.29850E+02   0.25080E+02   0.31817E+00  -0.21037E+00
   0.28875E+02   0.29859E+02   0.24928E+02   0.32788E+00  -0.22860E+00
   0.29225E+02   0.29871E+02   0.24808E+02   0.33965E+00  -0.24760E+00
   0.29575E+02   0.29883E+02   0.24727E+02   0.35352E+00  -0.26649E+00
   0.29925E+02   0.29896E+02   0.24689E+02   0.36927E+00  -0.28463E+00
   0.30275E+02   0.29910E+02   0.24709E+02   0.38635E+00  -0.30088E+00
   0.30625E+02   0.29923E+02   0.24784E+02   0.40469E+00  -0.31545E+00
   0.30975E+02   0.29935E+02   0.24920E+02   0.42447E+00  -0.32735E+00
   0.31325E+02   0.29946E+02   0.25139E+02   0.44464E+00  -0.33412E+00
   0.31675E+02   0.29955E+02   0.25437E+02   0.46448E+00  -0.33662E+00
   0.32025E+02   0.29963E+02   0.25825E+02   0.48327E+00  -0.33334E+00
   0.32375E+02   0.29969E+02   0.26321E+02   0.50029E+00  -0.32239E+00
   0.32725E+02   0.29974E+02   0.26903E+02   0.51431E+00  -0.30581E+00
   0.33075E+02   0.29978E+02   0.27514E+02   0.52412E+00  -0.28359E+00
   0.33425E+02   0.29980E+02   0.28064E+02   0.52950E+00  -0.25662E+00
   0.33775E+02   0.29982E+02   0.28497E+02   0.52964E+00  -0.22793E+00
   0.34125E+02   0.29982E+02   0.28799E+02   0.52369E+00  -0.19740E+00
   0.34475E+02   0.29982E+02   0.28914E+02   0.51258E+00  -0.16750E+00
   0.34825E+02   0.29980E+02   0.28848E+02   0.49625E+00  -0.13925E+00
   0.35175E+02   0.29977E+02   0.28670E+02   0.47582E+00  -0.11288E+00
   0.35525E+02   0.29972E+02   0.28433E+02   0.45341E+00  -0.91193E-01
   0.35875E+02   0.29966E+02   0.28198E+02   0.43011E+00  -0.73444E-01
   0.36225E+02   0.29958E+02   0.27995E+02   0.40715E+00  -0.60591E-01
   0.36575E+02   0.29948E+02   0.27828E+02   0.38626E+00  -0.52656E-01
   0.36925E+02   0.29936E+02   0.27694E+02   0.36800E+00  -0.48560E-01
   0.37275E+02   0.29924E+02   0.27574E+02   0.35224E+00  -0.48524E-01
   0.37625E+02   0.29911E+02   0.27456E+02   0.33957E+00  -0.51154E-01
   0.37975E+02   0.29899E+02   0.27331E+02   0.33000E+00  -0.56207E-01
   0.38325E+02   0.29888E+02   0.27191E+02   0.32277E+00  -0.63309E-01
   0.38675E+02   0.29879E+02   0.27038E+02   0.31714E+00  -0.71310E-01
   0.39025E+02   0.29871E+02   0.26869E+02   0.31291E+00  -0.81204E-01
   0.39375E+02   0.29864E+02   0.26686E+02   0.30961E+00  -0.91692E-01
   0.39725E+02   0.29858E+02   0.26496E+02   0.30681E+00  -0.10273E+00
   0.40075E+02   0.29853E+02   0.26292E+02   0.30510E+00  -0.11590E+00
   0.40425E+02   0.29850E+02   0.26082E+02   0.30474E+00  -0.12915E+00
   0.40775E+02   0.29848E+02   0.25869E+02   0.30542E+00  -0.14377E+00
   0.41125E+02   0.29848E+02   0.25655E+02   0.30771E+00  -0.15940E+00
   0.41475E+02   0.29850E+02   0.25452E+02   0.31161E+00  -0.17524E+00
   0.41825E+02   0.29854E+02   0.25264E+02   0.31731E+00  -0.19199E+00
   0.42175E+02   0.29860E+02   0.25100E+02   0.32457E+00  -0.20875E+00
   0.42525E+02   0.29869E+02   0.24962E+02   0.33372E+00  -0.22614E+00
   0.42875E+02   0.29878E+02   0.24858E+02   0.34470E+00  -0.24341E+00
   0.43225E+02   0.29889E+02   0.24793E+02   0.35722E+00  -0.26022E+00
   0.43575E+02   0.29901E+02   0.24770E+02   0.37149E+00  -0.27655E+00
   0.43925E+02   0.29913E+02   0.24793E+02   0.38705E+00  -0.29153E+00
   0.44275E+02   0.29924E+02   0.24873E+02   0.40381E+00  -0.30421E+00
   0.44625E+02   0.29935E+02   0.25010E+02   0.42146E+00  -0.31440E+00
   0.44975E+02   0.29945E+02   0.25215E+02   0.43957E+00  -0.32067E+00
   0.45325E+02   0.29953E+02   0.25495E+02   0.45738E+00  -0.32234E+00
   0.45675E+02   0.29961E+02   0.25856E+02   0.47421E+00  -0.31884E+00
   0.46025E+02   0.29967E+02   0.26300E+02   0.48931E+00  -0.30926E+00
   0.46375E+02   0.29972E+02   0.26812E+02   0.50177E+00  -0.29428E+00
   0.46725E+02   0.29975E+02   0.27364E+02   0.51080E+00  -0.27396E+00
   0.47075E+02   0.29978E+02   0.27882E+02   0.51558E+00  -0.25011E+00
   0.47425E+02   0.29979E+02   0.28302E+02   0.51569E+00  -0.22363E+00
   0.47775E+02   0.29980E+02   0.28573E+02   0.51078E+00  -0.19603E+00
   0.48125E+02   0.29979E+02   0.28672E+02   0.50069E+00  -0.16875E+00
   0.48475E+02   0.29978E+02   0.28621E+02   0.48638E+00  -0.14262E+00
   0.48825E+02   0.29975E+02   0.28466E+02   0.46847E+00  -0.11894E+00
   0.49175E+02   0.29970E+02   0.28260E+02   0.44806E+00  -0.98573E-01
   0.49525E+02   0.29964E+02   0.28049E+02   0.42688E+00  -0.82063E-01
   0.49875E+02   0.29956E+02   0.27860E+02   0.40616E+00  -0.69841E-01
   0.50225E+02   0.29947E+02   0.27703E+02   0.38668E+00  -0.61869E-01
   0.50575E+02   0.29936E+02   0.27572E+02   0.36945E+00  -0.57740E-01
   0.50925E+02   0.29925E+02   0.27455E+02   0.35480E+00  -0.57225E-01
   0.51275E+02   0.29913E+02   0.27341E+02   0.34268E+00  -0.59209E-01
   0.51625E+02   0.29902E+02   0.27220E+02   0.33320E+00  -0.63729E-01
   0.51975E+02   0.29891E+02   0.27087E+02   0.32585E+00  -0.69944E-01
   0.52325E+02   0.29882E+02   0.26941E+02   0.32030E+00  -0.77699E-01
   0.52675E+02   0.29875E+02   0.26781E+02   0.31591E+00  -0.86553E-01
   0.53025E+02   0.29868E+02   0.26609E+02   0.31254E+00  -0.96567E-01
   0.53375E+02   0.29862E+02   0.26424E+02   0.31009E+00  -0.10771E+00
   0.53725E+02   0.29858E+02   0.26233E+02   0.30853E+00  -0.11951E+00
   0.54075E+02   0.29855E+02   0.26033E+02   0.30815E+00  -0.13278E+00
   0.54425E+02   0.29853E+02   0.25831E+02   0.30908E+00  -0.14668E+00
   0.54775E+02   0.29853E+02   0.25631E+02   0.31142E+00  -0.16139E+00
   0.55125E+02   0.29855E+02   0.25440E+02   0.31537E+00  -0.17688E+00
   0.55475E+02   0.29859E+02   0.25266E+02   0.32093E+00  -0.19271E+00
   0.55825E+02   0.29865E+02   0.25113E+02   0.32813E+00  -0.20892E+00
   0.56175E+02   0.29873E+02   0.24987E+02   0.33701E+00  -0.22539E+00
   0.56525E+02   0.29882E+02   0.24894E+02   0.34753E+00  -0.24168E+00
   0.56875E+02   0.29893E+02   0.24837E+02   0.35971E+00  -0.25775E+00
   0.57225E+02   0.29904E+02   0.24822E+02   0.37327E+00  -0.27297E+00
   0.57575E+02   0.29915E+02   0.24853E+02   0.38814E+00  -0.28681E+00
   0.57925E+02   0.29925E+02   0.24934E+02   0.40418E+00  -0.29880E+00
   0.58275E+02   0.29936E+02   0.25074E+02   0.42084E+00  -0.30776E+00
   0.58625E+02   0.29945E+02   0.25275E+02   0.43783E+00  -0.31342E+00
   0.58975E+02   0.29953E+02   0.25548E+02   0.45457E+00  -0.31452E+00
   0.59325E+02   0.29960E+02   0.25895E+02   0.47028E+00  -0.31067E+00
   0.59675E+02   0.29966E+02   0.26316E+02   0.48430E+00  -0.30143E+00
   0.60025E+02   0.29970E+02   0.26794E+02   0.49578E+00  -0.28696E+00
   0.60375E+02   0.29974E+02   0.27300E+02   0.50399E+00  -0.26778E+00
   0.60725E+02   0.29976E+02   0.27777E+02   0.50829E+00  -0.24508E+00
   0.61075E+02   0.29978E+02   0.28162E+02   0.50805E+00  -0.22008E+00
   0.61425E+02   0.29978E+02   0.28407E+02   0.50320E+00  -0.19404E+00
   0.61775E+02   0.29978E+02   0.28496E+02   0.49373E+00  -0.16826E+00
   0.62125E+02   0.29976E+02   0.28453E+02   0.48004E+00  -0.14356E+00
   0.62475E+02   0.29973E+02   0.28314E+02   0.46314E+00  -0.12140E+00
   0.62825E+02   0.29969E+02   0.28129E+02   0.44404E+00  -0.10197E+00
   0.63175E+02   0.29963E+02   0.27937E+02   0.42403E+00  -0.86433E-01
   0.63525E+02   0.29955E+02   0.27763E+02   0.40438E+00  -0.74760E-01
   0.63875E+02   0.29946E+02   0.27616E+02   0.38603E+00  -0.67067E-01
   0.64225E+02   0.29936E+02   0.27491E+02   0.36963E+00  -0.63090E-01
   0.64575E+02   0.29925E+02   0.27377E+02   0.35559E+00  -0.62346E-01
   0.64925E+02   0.29914E+02   0.27266E+02   0.34400E+00  -0.64241E-01
   0.65275E+02   0.29903E+02   0.27148E+02   0.33475E+00  -0.68444E-01
   0.65625E+02   0.29893E+02   0.27020E+02   0.32754E+00  -0.74317E-01
   0.65975E+02   0.29884E+02   0.26878E+02   0.32201E+00  -0.81692E-01
   0.66325E+02   0.29876E+02   0.26723E+02   0.31772E+00  -0.90439E-01
   0.66675E+02   0.29870E+02   0.26557E+02   0.31439E+00  -0.99957E-01
   0.67025E+02   0.29865E+02   0.26378E+02   0.31206E+00  -0.11090E+00
   0.67375E+02   0.29860E+02   0.26192E+02   0.31066E+00  -0.12252E+00
   0.67725E+02   0.29858E+02   0.26000E+02   0.31037E+00  -0.13529E+00
   0.68075E+02   0.29856E+02   0.25806E+02   0.31142E+00  -0.14894E+00
   0.68425E+02   0.29856E+02   0.25615E+02   0.31386E+00  -0.16329E+00
   0.68775E+02   0.29859E+02   0.25433E+02   0.31786E+00  -0.17826E+00
   0.69125E+02   0.29863E+02   0.25266E+02   0.32341E+00  -0.19379E+00
   0.69475E+02   0.29869E+02   0.25123E+02   0.33055E+00  -0.20945E+00
   0.69825E+02   0.29876E+02   0.25005E+02   0.33934E+00  -0.22544E+00
   0.70175E+02   0.29885E+02   0.24919E+02   0.34967E+00  -0.24118E+00
   0.70525E+02   0.29895E+02   0.24869E+02   0.36155E+00  -0.25658E+00
   0.70875E+02   0.29906E+02   0.24859E+02   0.37484E+00  -0.27125E+00
   0.71225E+02   0.29916E+02   0.24895E+02   0.38933E+00  -0.28428E+00
   0.71575E+02   0.29926E+02   0.24980E+02   0.40481E+00  -0.29566E+00
   0.71925E+02   0.29936E+02   0.25122E+02   0.42097E+00  -0.30393E+00
   0.72275E+02   0.29945E+02   0.25324E+02   0.43732E+00  -0.30893E+00
   0.72625E+02   0.29953E+02   0.25594E+02   0.45333E+00  -0.30958E+00
   0.72975E+02   0.29960E+02   0.25935E+02   0.46833E+00  -0.30540E+00
   0.73325E+02   0.29965E+02   0.26342E+02   0.48160E+00  -0.29612E+00
   0.73675E+02   0.29970E+02   0.26800E+02   0.49240E+00  -0.28186E+00
   0.74025E+02   0.29973E+02   0.27278E+02   0.50001E+00  -0.26312E+00
   0.74375E+02   0.29975E+02   0.27722E+02   0.50379E+00  -0.24123E+00
   0.74725E+02   0.29977E+02   0.28079E+02   0.50329E+00  -0.21697E+00
   0.75075E+02   0.29977E+02   0.28302E+02   0.49829E+00  -0.19195E+00
   0.75425E+02   0.29977E+02   0.28382E+02   0.48893E+00  -0.16715E+00
   0.75775E+02   0.29975E+02   0.28340E+02   0.47564E+00  -0.14345E+00
   0.76125E+02   0.29972E+02   0.28209E+02   0.45923E+00  -0.12221E+00
   0.76475E+02   0.29967E+02   0.28036E+02   0.44082E+00  -0.10363E+00
   0.76825E+02   0.29962E+02   0.27856E+02   0.42159E+00  -0.88783E-01
   0.77175E+02   0.29954E+02   0.27693E+02   0.40268E+00  -0.77579E-01
   0.77525E+02   0.29945E+02   0.27554E+02   0.38502E+00  -0.70257E-01
   0.77875E+02   0.29935E+02   0.27433E+02   0.36926E+00  -0.66427E-01
   0.78225E+02   0.29924E+02   0.27323E+02   0.35570E+00  -0.65732E-01
   0.78575E+02   0.29913E+02   0.27214E+02   0.34448E+00  -0.67586E-01
   0.78925E+02   0.29903E+02   0.27098E+02   0.33549E+00  -0.71673E-01
   0.79275E+02   0.29893E+02   0.26972E+02   0.32846E+00  -0.77398E-01
   0.79625E+02   0.29885E+02   0.26832E+02   0.32299E+00  -0.84685E-01
   0.79975E+02   0.29878E+02   0.26680E+02   0.31878E+00  -0.93142E-01
   0.80325E+02   0.29871E+02   0.26516E+02   0.31557E+00  -0.10270E+00
   0.80675E+02   0.29866E+02   0.26342E+02   0.31330E+00  -0.11334E+00
   0.81025E+02   0.29862E+02   0.26160E+02   0.31204E+00  -0.12487E+00
   0.81375E+02   0.29859E+02   0.25972E+02   0.31191E+00  -0.13751E+00
   0.81725E+02   0.29858E+02   0.25783E+02   0.31305E+00  -0.15084E+00
   0.82075E+02   0.29859E+02   0.25597E+02   0.31562E+00  -0.16507E+00
   0.82425E+02   0.29861E+02   0.25422E+02   0.31968E+00  -0.17976E+00
   0.82775E+02   0.29865E+02   0.25262E+02   0.32528E+00  -0.19496E+00
   0.83125E+02   0.29871E+02   0.25124E+02   0.33246E+00  -0.21040E+00
   0.83475E+02   0.29879E+02   0.25013E+02   0.34119E+00  -0.22598E+00
   0.83825E+02   0.29887E+02   0.24934E+02   0.35149E+00  -0.24137E+00
   0.84175E+02   0.29897E+02   0.24889E+02   0.36324E+00  -0.25638E+00
   0.84525E+02   0.29907E+02   0.24885E+02   0.37633E+00  -0.27045E+00
   0.84875E+02   0.29917E+02   0.24925E+02   0.39062E+00  -0.28316E+00
   0.85225E+02   0.29928E+02   0.25015E+02   0.40580E+00  -0.29379E+00
   0.85575E+02   0.29937E+02   0.25159E+02   0.42159E+00  -0.30164E+00
   0.85925E+02   0.29946E+02   0.25364E+02   0.43752E+00  -0.30607E+00
   0.86275E+02   0.29953E+02   0.25635E+02   0.45303E+00  -0.30619E+00
   0.86625E+02   0.29960E+02   0.25973E+02   0.46751E+00  -0.30173E+00
   0.86975E+02   0.29965E+02   0.26373E+02   0.48023E+00  -0.29217E+00
   0.87325E+02   0.29969E+02   0.26819E+02   0.49047E+00  -0.27790E+00
   0.87675E+02   0.29973E+02   0.27278E+02   0.49756E+00  -0.25942E+00
   0.88025E+02   0.29975E+02   0.27700E+02   0.50087E+00  -0.23779E+00
   0.88375E+02   0.29976E+02   0.28033E+02   0.50002E+00  -0.21415E+00
   0.88725E+02   0.29977E+02   0.28237E+02   0.49481E+00  -0.18973E+00
   0.89075E+02   0.29976E+02   0.28307E+02   0.48537E+00  -0.16553E+00
   0.89425E+02   0.29974E+02   0.28261E+02   0.47219E+00  -0.14273E+00
   0.89775E+02   0.29971E+02   0.28134E+02   0.45606E+00  -0.12201E+00
   0.90125E+02   0.29966E+02   0.27969E+02   0.43805E+00  -0.10423E+00
   0.90475E+02   0.29960E+02   0.27797E+02   0.41931E+00  -0.89895E-01
   0.90825E+02   0.29953E+02   0.27642E+02   0.40093E+00  -0.79156E-01
   0.91175E+02   0.29944E+02   0.27507E+02   0.38381E+00  -0.72222E-01
   0.91525E+02   0.29934E+02   0.27391E+02   0.36851E+00  -0.68579E-01
   0.91875E+02   0.29924E+02   0.27282E+02   0.35536E+00  -0.68032E-01
   0.92225E+02   0.29913E+02   0.27174E+02   0.34448E+00  -0.69959E-01
   0.92575E+02   0.29903E+02   0.27060E+02   0.33572E+00  -0.73994E-01
   0.92925E+02   0.29893E+02   0.26934E+02   0.32886E+00  -0.79742E-01
   0.93275E+02   0.29885E+02   0.26796E+02   0.32352E+00  -0.86948E-01
   0.93625E+02   0.29878E+02   0.26646E+02   0.31938E+00  -0.95331E-01
   0.93975E+02   0.29872E+02   0.26483E+02   0.31628E+00  -0.10488E+00
   0.94325E+02   0.29867E+02   0.26311E+02   0.31412E+00  -0.11539E+00
   0.94675E+02   0.29863E+02   0.26131E+02   0.31298E+00  -0.12693E+00
   0.95025E+02   0.29861E+02   0.25946E+02   0.31298E+00  -0.13940E+00
   0.95375E+02   0.29860E+02   0.25761E+02   0.31425E+00  -0.15268E+00
   0.95725E+02   0.29860E+02   0.25579E+02   0.31694E+00  -0.16673E+00
   0.96075E+02   0.29863E+02   0.25409E+02   0.32111E+00  -0.18129E+00
   0.96425E+02   0.29867E+02   0.25254E+02   0.32679E+00  -0.19631E+00
   0.96775E+02   0.29873E+02   0.25121E+02   0.33403E+00  -0.21155E+00
   0.97125E+02   0.29880E+02   0.25015E+02   0.34280E+00  -0.22688E+00
   0.97475E+02   0.29889E+02   0.24941E+02   0.35309E+00  -0.24201E+00
   0.97825E+02   0.29899E+02   0.24902E+02   0.36481E+00  -0.25670E+00
   0.98175E+02   0.29909E+02   0.24903E+02   0.37783E+00  -0.27040E+00
   0.98525E+02   0.29919E+02   0.24948E+02   0.39198E+00  -0.28270E+00
   0.98875E+02   0.29929E+02   0.25043E+02   0.40700E+00  -0.29286E+00
   0.99225E+02   0.29938E+02   0.25192E+02   0.42254E+00  -0.30024E+00
   0.99575E+02   0.29946E+02   0.25400E+02   0.43817E+00  -0.30414E+00
   0.99925E+02   0.29954E+02   0.25673E+02   0.45333E+00  -0.30383E+00
   0.10027E+03   0.29960E+02   0.26011E+02   0.46739E+00  -0.29890E+00
   0.10062E+03   0.29965E+02   0.26409E+02   0.47966E+00  -0.28909E+00
   0.10097E+03   0.29969E+02   0.26847E+02   0.48943E+00  -0.27462E+00
   0.10132E+03   0.29973E+02   0.27292E+02   0.49604E+00  -0.25619E+00
   0.10167E+03   0.29975E+02   0.27697E+02   0.49891E+00  -0.23472E+00
   0.10202E+03   0.29976E+02   0.28010E+02   0.49767E+00  -0.21139E+00
   0.10237E+03   0.29976E+02   0.28197E+02   0.49217E+00  -0.18741E+00
   0.10272E+03   0.29975E+02   0.28256E+02   0.48255E+00  -0.16371E+00
   0.10307E+03   0.29973E+02   0.28204E+02   0.46933E+00  -0.14145E+00
   0.10342E+03   0.29970E+02   0.28078E+02   0.45332E+00  -0.12131E+00
   0.10377E+03   0.29966E+02   0.27917E+02   0.43554E+00  -0.10408E+00
   0.10412E+03   0.29960E+02   0.27751E+02   0.41714E+00  -0.90247E-01
   0.10447E+03   0.29952E+02   0.27601E+02   0.39915E+00  -0.79993E-01
   0.10482E+03   0.29943E+02   0.27472E+02   0.38243E+00  -0.73358E-01
   0.10517E+03   0.29933E+02   0.27358E+02   0.36753E+00  -0.70041E-01
   0.10552E+03   0.29923E+02   0.27251E+02   0.35474E+00  -0.69620E-01
   0.10587E+03   0.29912E+02   0.27144E+02   0.34415E+00  -0.71703E-01
   0.10622E+03   0.29902E+02   0.27029E+02   0.33563E+00  -0.75781E-01
   0.10657E+03   0.29893E+02   0.26904E+02   0.32893E+00  -0.81567E-01
   0.10692E+03   0.29885E+02   0.26766E+02   0.32372E+00  -0.88788E-01
   0.10727E+03   0.29878E+02   0.26616E+02   0.31970E+00  -0.97167E-01
   0.10762E+03   0.29872E+02   0.26455E+02   0.31669E+00  -0.10671E+00
   0.10797E+03   0.29867E+02   0.26284E+02   0.31465E+00  -0.11721E+00
   0.10832E+03   0.29864E+02   0.26105E+02   0.31363E+00  -0.12874E+00
   0.10867E+03   0.29861E+02   0.25922E+02   0.31375E+00  -0.14117E+00
   0.10902E+03   0.29861E+02   0.25739E+02   0.31517E+00  -0.15441E+00
   0.10937E+03   0.29861E+02   0.25561E+02   0.31798E+00  -0.16837E+00
   0.10972E+03   0.29864E+02   0.25394E+02   0.32227E+00  -0.18286E+00
   0.11007E+03   0.29868E+02   0.25244E+02   0.32808E+00  -0.19773E+00
   0.11042E+03   0.29874E+02   0.25115E+02   0.33540E+00  -0.21287E+00
   0.11077E+03   0.29882E+02   0.25015E+02   0.34425E+00  -0.22799E+00
   0.11112E+03   0.29891E+02   0.24945E+02   0.35459E+00  -0.24296E+00
   0.11147E+03   0.29900E+02   0.24911E+02   0.36632E+00  -0.25736E+00
   0.11182E+03   0.29910E+02   0.24917E+02   0.37934E+00  -0.27079E+00
   0.11217E+03   0.29920E+02   0.24967E+02   0.39342E+00  -0.28273E+00
   0.11252E+03   0.29930E+02   0.25067E+02   0.40834E+00  -0.29247E+00
   0.11287E+03   0.29939E+02   0.25220E+02   0.42372E+00  -0.29943E+00
   0.11322E+03   0.29947E+02   0.25434E+02   0.43913E+00  -0.30282E+00
   0.11357E+03   0.29954E+02   0.25710E+02   0.45401E+00  -0.30206E+00
   0.11392E+03   0.29960E+02   0.26051E+02   0.46773E+00  -0.29667E+00
   0.11427E+03   0.29965E+02   0.26448E+02   0.47960E+00  -0.28649E+00
   0.11462E+03   0.29969E+02   0.26881E+02   0.48895E+00  -0.27180E+00
   0.11497E+03   0.29973E+02   0.27316E+02   0.49510E+00  -0.25325E+00
   0.11532E+03   0.29975E+02   0.27705E+02   0.49754E+00  -0.23183E+00
   0.11567E+03   0.29976E+02   0.28001E+02   0.49589E+00  -0.20871E+00
   0.11602E+03   0.29976E+02   0.28173E+02   0.49005E+00  -0.18497E+00
   0.11637E+03   0.29975E+02   0.28220E+02   0.48020E+00  -0.16172E+00
   0.11672E+03   0.29973E+02   0.28162E+02   0.46685E+00  -0.13987E+00
   0.11707E+03   0.29969E+02   0.28035E+02   0.45084E+00  -0.12022E+00
   0.11742E+03   0.29965E+02   0.27875E+02   0.43319E+00  -0.10351E+00
   0.11777E+03   0.29959E+02   0.27715E+02   0.41502E+00  -0.90107E-01
   0.11812E+03   0.29951E+02   0.27569E+02   0.39735E+00  -0.80319E-01
   0.11847E+03   0.29942E+02   0.27443E+02   0.38097E+00  -0.74023E-01
   0.11882E+03   0.29932E+02   0.27331E+02   0.36640E+00  -0.70987E-01
   0.11917E+03   0.29922E+02   0.27226E+02   0.35394E+00  -0.70807E-01
   0.11952E+03   0.29912E+02   0.27119E+02   0.34361E+00  -0.73008E-01
   0.11987E+03   0.29902E+02   0.27004E+02   0.33533E+00  -0.77217E-01
   0.12022E+03   0.29893E+02   0.26879E+02   0.32880E+00  -0.83080E-01
   0.12057E+03   0.29885E+02   0.26741E+02   0.32372E+00  -0.90319E-01
   0.12092E+03   0.29878E+02   0.26591E+02   0.31981E+00  -0.98791E-01
   0.12127E+03   0.29872E+02   0.26429E+02   0.31691E+00  -0.10832E+00
   0.12162E+03   0.29868E+02   0.26259E+02   0.31498E+00  -0.11888E+00
   0.12197E+03   0.29864E+02   0.26081E+02   0.31408E+00  -0.13042E+00
   0.12232E+03   0.29862E+02   0.25900E+02   0.31434E+00  -0.14283E+00
   0.12267E+03   0.29861E+02   0.25718E+02   0.31590E+00  -0.15609E+00
   0.12302E+03   0.29862E+02   0.25543E+02   0.31885E+00  -0.16999E+00
   0.12337E+03   0.29865E+02   0.25379E+02   0.32328E+00  -0.18443E+00
   0.12372E+03   0.29870E+02   0.25232E+02   0.32921E+00  -0.19925E+00
   0.12407E+03   0.29876E+02   0.25108E+02   0.33665E+00  -0.21426E+00
   0.12442E+03   0.29883E+02   0.25011E+02   0.34560E+00  -0.22929E+00
   0.12477E+03   0.29892E+02   0.24946E+02   0.35602E+00  -0.24408E+00
   0.12512E+03   0.29901E+02   0.24917E+02   0.36781E+00  -0.25828E+00
   0.12547E+03   0.29911E+02   0.24928E+02   0.38084E+00  -0.27147E+00
   0.12582E+03   0.29921E+02   0.24983E+02   0.39492E+00  -0.28306E+00
   0.12617E+03   0.29931E+02   0.25088E+02   0.40978E+00  -0.29246E+00
   0.12652E+03   0.29939E+02   0.25247E+02   0.42505E+00  -0.29897E+00
   0.12687E+03   0.29948E+02   0.25466E+02   0.44029E+00  -0.30190E+00
   0.12722E+03   0.29955E+02   0.25747E+02   0.45494E+00  -0.30066E+00
   0.12757E+03   0.29961E+02   0.26091E+02   0.46836E+00  -0.29480E+00
   0.12792E+03   0.29966E+02   0.26488E+02   0.47989E+00  -0.28422E+00
   0.12827E+03   0.29970E+02   0.26918E+02   0.48883E+00  -0.26922E+00
   0.12862E+03   0.29973E+02   0.27345E+02   0.49455E+00  -0.25050E+00
   0.12897E+03   0.29974E+02   0.27721E+02   0.49655E+00  -0.22906E+00
   0.12932E+03   0.29975E+02   0.28001E+02   0.49448E+00  -0.20604E+00
   0.12967E+03   0.29975E+02   0.28158E+02   0.48826E+00  -0.18252E+00
   0.13002E+03   0.29974E+02   0.28193E+02   0.47812E+00  -0.15958E+00
   0.13037E+03   0.29972E+02   0.28129E+02   0.46460E+00  -0.13810E+00
   0.13072E+03   0.29969E+02   0.27999E+02   0.44853E+00  -0.11890E+00
   0.13107E+03   0.29964E+02   0.27841E+02   0.43095E+00  -0.10262E+00
   0.13142E+03   0.29958E+02   0.27684E+02   0.41296E+00  -0.89686E-01
   0.13177E+03   0.29950E+02   0.27542E+02   0.39553E+00  -0.80297E-01
   0.13212E+03   0.29941E+02   0.27419E+02   0.37944E+00  -0.74373E-01
   0.13247E+03   0.29931E+02   0.27309E+02   0.36518E+00  -0.71634E-01
   0.13282E+03   0.29921E+02   0.27204E+02   0.35301E+00  -0.71682E-01
   0.13317E+03   0.29911E+02   0.27097E+02   0.34295E+00  -0.74067E-01
   0.13352E+03   0.29901E+02   0.26982E+02   0.33488E+00  -0.78404E-01
   0.13387E+03   0.29892E+02   0.26856E+02   0.32853E+00  -0.84369E-01
   0.13422E+03   0.29884E+02   0.26718E+02   0.32359E+00  -0.91694E-01
   0.13457E+03   0.29878E+02   0.26567E+02   0.31979E+00  -0.10022E+00
   0.13492E+03   0.29872E+02   0.26406E+02   0.31700E+00  -0.10981E+00
   0.13527E+03   0.29868E+02   0.26235E+02   0.31518E+00  -0.12042E+00
   0.13562E+03   0.29864E+02   0.26058E+02   0.31440E+00  -0.13200E+00
   0.13597E+03   0.29862E+02   0.25878E+02   0.31480E+00  -0.14446E+00
   0.13632E+03   0.29862E+02   0.25698E+02   0.31650E+00  -0.15772E+00
   0.13667E+03   0.29863E+02   0.25525E+02   0.31961E+00  -0.17163E+00
   0.13702E+03   0.29866E+02   0.25363E+02   0.32418E+00  -0.18603E+00
   0.13737E+03   0.29871E+02   0.25220E+02   0.33025E+00  -0.20081E+00
   0.13772E+03   0.29877E+02   0.25100E+02   0.33782E+00  -0.21575E+00
   0.13807E+03   0.29884E+02   0.25007E+02   0.34689E+00  -0.23068E+00
   0.13842E+03   0.29893E+02   0.24946E+02   0.35741E+00  -0.24534E+00
   0.13877E+03   0.29903E+02   0.24922E+02   0.36928E+00  -0.25936E+00
   0.13912E+03   0.29912E+02   0.24938E+02   0.38236E+00  -0.27232E+00
   0.13947E+03   0.29922E+02   0.24998E+02   0.39646E+00  -0.28362E+00
   0.13982E+03   0.29932E+02   0.25108E+02   0.41129E+00  -0.29266E+00
   0.14017E+03   0.29940E+02   0.25273E+02   0.42649E+00  -0.29876E+00
   0.14052E+03   0.29948E+02   0.25497E+02   0.44159E+00  -0.30123E+00
   0.14087E+03   0.29955E+02   0.25784E+02   0.45604E+00  -0.29950E+00
   0.14122E+03   0.29961E+02   0.26132E+02   0.46920E+00  -0.29316E+00
   0.14157E+03   0.29966E+02   0.26531E+02   0.48039E+00  -0.28215E+00
   0.14192E+03   0.29970E+02   0.26959E+02   0.48895E+00  -0.26681E+00
   0.14227E+03   0.29973E+02   0.27378E+02   0.49425E+00  -0.24787E+00
   0.14262E+03   0.29974E+02   0.27742E+02   0.49580E+00  -0.22636E+00
   0.14297E+03   0.29975E+02   0.28007E+02   0.49330E+00  -0.20338E+00
   0.14332E+03   0.29975E+02   0.28150E+02   0.48670E+00  -0.18003E+00
   0.14367E+03   0.29974E+02   0.28173E+02   0.47623E+00  -0.15735E+00
   0.14402E+03   0.29972E+02   0.28101E+02   0.46249E+00  -0.13621E+00
   0.14437E+03   0.29968E+02   0.27969E+02   0.44633E+00  -0.11741E+00
   0.14472E+03   0.29963E+02   0.27812E+02   0.42877E+00  -0.10155E+00
   0.14507E+03   0.29957E+02   0.27657E+02   0.41092E+00  -0.89052E-01
   0.14542E+03   0.29949E+02   0.27519E+02   0.39371E+00  -0.80071E-01
   0.14577E+03   0.29940E+02   0.27398E+02   0.37788E+00  -0.74509E-01
   0.14612E+03   0.29930E+02   0.27289E+02   0.36391E+00  -0.72076E-01
   0.14647E+03   0.29920E+02   0.27185E+02   0.35201E+00  -0.72370E-01
   0.14682E+03   0.29910E+02   0.27078E+02   0.34220E+00  -0.74944E-01
   0.14717E+03   0.29900E+02   0.26963E+02   0.33434E+00  -0.79440E-01
   0.14752E+03   0.29892E+02   0.26836E+02   0.32816E+00  -0.85513E-01
   0.14787E+03   0.29884E+02   0.26696E+02   0.32336E+00  -0.92944E-01
   0.14822E+03   0.29877E+02   0.26545E+02   0.31968E+00  -0.10155E+00
   0.14857E+03   0.29872E+02   0.26383E+02   0.31699E+00  -0.11121E+00
   0.14892E+03   0.29867E+02   0.26213E+02   0.31529E+00  -0.12190E+00
   0.14927E+03   0.29864E+02   0.26036E+02   0.31464E+00  -0.13353E+00
   0.14962E+03   0.29862E+02   0.25856E+02   0.31518E+00  -0.14605E+00
   0.14997E+03   0.29862E+02   0.25678E+02   0.31703E+00  -0.15933E+00
   0.15032E+03   0.29863E+02   0.25506E+02   0.32029E+00  -0.17325E+00
   0.15067E+03   0.29867E+02   0.25348E+02   0.32501E+00  -0.18766E+00
   0.15102E+03   0.29871E+02   0.25207E+02   0.33123E+00  -0.20240E+00
   0.15137E+03   0.29878E+02   0.25090E+02   0.33894E+00  -0.21730E+00
   0.15172E+03   0.29886E+02   0.25002E+02   0.34814E+00  -0.23216E+00
   0.15207E+03   0.29894E+02   0.24945E+02   0.35878E+00  -0.24669E+00
   0.15242E+03   0.29904E+02   0.24925E+02   0.37075E+00  -0.26057E+00
   0.15277E+03   0.29914E+02   0.24946E+02   0.38390E+00  -0.27329E+00
   0.15312E+03   0.29923E+02   0.25012E+02   0.39803E+00  -0.28432E+00
   0.15347E+03   0.29933E+02   0.25128E+02   0.41286E+00  -0.29303E+00
   0.15382E+03   0.29941E+02   0.25298E+02   0.42800E+00  -0.29871E+00
   0.15417E+03   0.29949E+02   0.25528E+02   0.44299E+00  -0.30072E+00
   0.15452E+03   0.29956E+02   0.25821E+02   0.45726E+00  -0.29849E+00
