       time        TW        TE         hW        hE
   0.17500E+00   0.29365E+02   0.29485E+02   0.42500E-02  -0.21220E-01
   0.52500E+00   0.28531E+02   0.28414E+02   0.32184E-01  -0.74451E-01
   0.87500E+00   0.28394E+02   0.27070E+02   0.73795E-01  -0.14961E+00
   0.12250E+01   0.28604E+02   0.25336E+02   0.11683E+00  -0.24445E+00
   0.15750E+01   0.28908E+02   0.23883E+02   0.16503E+00  -0.33416E+00
   0.19250E+01   0.29206E+02   0.23148E+02   0.22044E+00  -0.39679E+00
   0.22750E+01   0.29468E+02   0.23036E+02   0.28466E+00  -0.44947E+00
   0.26250E+01   0.29666E+02   0.22974E+02   0.35343E+00  -0.51845E+00
   0.29750E+01   0.29800E+02   0.22983E+02   0.42380E+00  -0.58389E+00
   0.33250E+01   0.29887E+02   0.23418E+02   0.49617E+00  -0.61651E+00
   0.36750E+01   0.29934E+02   0.23772E+02   0.56420E+00  -0.63756E+00
   0.40250E+01   0.29963E+02   0.24454E+02   0.62370E+00  -0.63737E+00
   0.43750E+01   0.29978E+02   0.25461E+02   0.68007E+00  -0.60452E+00
   0.47250E+01   0.29985E+02   0.26267E+02   0.72137E+00  -0.55518E+00
   0.50750E+01   0.29990E+02   0.26937E+02   0.75424E+00  -0.48145E+00
   0.54250E+01   0.29994E+02   0.27501E+02   0.77266E+00  -0.40437E+00
   0.57750E+01   0.29997E+02   0.27999E+02   0.76446E+00  -0.33734E+00
   0.61250E+01   0.29998E+02   0.28421E+02   0.73291E+00  -0.27226E+00
   0.64750E+01   0.29998E+02   0.28754E+02   0.68267E+00  -0.20535E+00
   0.68250E+01   0.29996E+02   0.28973E+02   0.63082E+00  -0.13491E+00
   0.71750E+01   0.29994E+02   0.29152E+02   0.57919E+00  -0.77752E-01
   0.75250E+01   0.29990E+02   0.28895E+02   0.53148E+00  -0.48925E-01
   0.78750E+01   0.29984E+02   0.28519E+02   0.48478E+00  -0.24361E-01
   0.82250E+01   0.29975E+02   0.28525E+02   0.44212E+00   0.10058E-01
   0.85750E+01   0.29964E+02   0.28593E+02   0.41359E+00   0.31127E-01
   0.89250E+01   0.29952E+02   0.28648E+02   0.38875E+00   0.37949E-01
   0.92750E+01   0.29937E+02   0.28606E+02   0.36195E+00   0.32634E-01
   0.96250E+01   0.29921E+02   0.28365E+02   0.33645E+00   0.13761E-01
   0.99750E+01   0.29902E+02   0.28111E+02   0.32329E+00   0.41346E-02
   0.10325E+02   0.29888E+02   0.27993E+02   0.32165E+00  -0.21139E-03
   0.10675E+02   0.29879E+02   0.27961E+02   0.31602E+00  -0.47153E-02
   0.11025E+02   0.29868E+02   0.27799E+02   0.30652E+00  -0.20387E-01
   0.11375E+02   0.29858E+02   0.27554E+02   0.29694E+00  -0.43462E-01
   0.11725E+02   0.29846E+02   0.27293E+02   0.29074E+00  -0.52184E-01
   0.12075E+02   0.29838E+02   0.26836E+02   0.29117E+00  -0.74583E-01
   0.12425E+02   0.29830E+02   0.26387E+02   0.28784E+00  -0.10308E+00
   0.12775E+02   0.29815E+02   0.26031E+02   0.27664E+00  -0.11808E+00
   0.13125E+02   0.29801E+02   0.25759E+02   0.26887E+00  -0.13250E+00
   0.13475E+02   0.29796E+02   0.25640E+02   0.27286E+00  -0.14550E+00
   0.13825E+02   0.29797E+02   0.25336E+02   0.28107E+00  -0.16591E+00
   0.14175E+02   0.29802E+02   0.25104E+02   0.28981E+00  -0.18698E+00
   0.14525E+02   0.29813E+02   0.24967E+02   0.30053E+00  -0.20214E+00
   0.14875E+02   0.29827E+02   0.24847E+02   0.30847E+00  -0.21865E+00
   0.15225E+02   0.29843E+02   0.24811E+02   0.31735E+00  -0.23162E+00
   0.15575E+02   0.29858E+02   0.24674E+02   0.32986E+00  -0.24995E+00
   0.15925E+02   0.29873E+02   0.24608E+02   0.34342E+00  -0.26433E+00
   0.16275E+02   0.29887E+02   0.24531E+02   0.35740E+00  -0.27550E+00
   0.16625E+02   0.29900E+02   0.24187E+02   0.37797E+00  -0.30287E+00
   0.16975E+02   0.29916E+02   0.24115E+02   0.40010E+00  -0.32328E+00
   0.17325E+02   0.29930E+02   0.24462E+02   0.41733E+00  -0.33133E+00
   0.17675E+02   0.29942E+02   0.24451E+02   0.43339E+00  -0.34310E+00
   0.18025E+02   0.29950E+02   0.24707E+02   0.44949E+00  -0.34583E+00
   0.18375E+02   0.29959E+02   0.25372E+02   0.47819E+00  -0.33873E+00
   0.18725E+02   0.29967E+02   0.26016E+02   0.50168E+00  -0.32799E+00
   0.19075E+02   0.29973E+02   0.26271E+02   0.51234E+00  -0.32123E+00
   0.19425E+02   0.29977E+02   0.26326E+02   0.52194E+00  -0.30888E+00
   0.19775E+02   0.29979E+02   0.26686E+02   0.52633E+00  -0.27921E+00
   0.20125E+02   0.29981E+02   0.26943E+02   0.52153E+00  -0.24852E+00
   0.20475E+02   0.29981E+02   0.27250E+02   0.51124E+00  -0.22199E+00
   0.20825E+02   0.29980E+02   0.27571E+02   0.50517E+00  -0.19234E+00
   0.21175E+02   0.29978E+02   0.27624E+02   0.49658E+00  -0.16150E+00
   0.21525E+02   0.29977E+02   0.27563E+02   0.48013E+00  -0.14175E+00
   0.21875E+02   0.29974E+02   0.27382E+02   0.45775E+00  -0.13305E+00
   0.22225E+02   0.29968E+02   0.27246E+02   0.43668E+00  -0.10723E+00
   0.22575E+02   0.29960E+02   0.27212E+02   0.41869E+00  -0.79681E-01
   0.22925E+02   0.29952E+02   0.27151E+02   0.39857E+00  -0.76602E-01
   0.23275E+02   0.29943E+02   0.27085E+02   0.37977E+00  -0.76437E-01
   0.23625E+02   0.29933E+02   0.27086E+02   0.36622E+00  -0.68547E-01
   0.23975E+02   0.29923E+02   0.27093E+02   0.35856E+00  -0.64141E-01
   0.24325E+02   0.29914E+02   0.27060E+02   0.34970E+00  -0.65972E-01
   0.24675E+02   0.29905E+02   0.27050E+02   0.33698E+00  -0.68524E-01
   0.25025E+02   0.29897E+02   0.27029E+02   0.32850E+00  -0.71255E-01
   0.25375E+02   0.29887E+02   0.26959E+02   0.32419E+00  -0.74243E-01
   0.25725E+02   0.29879E+02   0.26749E+02   0.31785E+00  -0.85657E-01
   0.26075E+02   0.29872E+02   0.26647E+02   0.31224E+00  -0.96428E-01
   0.26425E+02   0.29864E+02   0.26637E+02   0.31103E+00  -0.98686E-01
   0.26775E+02   0.29858E+02   0.26413E+02   0.30557E+00  -0.10778E+00
   0.27125E+02   0.29848E+02   0.26227E+02   0.29722E+00  -0.12020E+00
   0.27475E+02   0.29836E+02   0.26159E+02   0.30213E+00  -0.12926E+00
   0.27825E+02   0.29839E+02   0.26041E+02   0.31038E+00  -0.14000E+00
   0.28175E+02   0.29843E+02   0.25798E+02   0.30817E+00  -0.15780E+00
   0.28525E+02   0.29842E+02   0.25393E+02   0.30898E+00  -0.18126E+00
   0.28875E+02   0.29848E+02   0.25171E+02   0.31527E+00  -0.19360E+00
   0.29225E+02   0.29856E+02   0.25076E+02   0.32038E+00  -0.19824E+00
   0.29575E+02   0.29863E+02   0.24834E+02   0.32652E+00  -0.21868E+00
   0.29925E+02   0.29871E+02   0.24736E+02   0.33647E+00  -0.24107E+00
   0.30275E+02   0.29883E+02   0.24809E+02   0.35133E+00  -0.24548E+00
   0.30625E+02   0.29897E+02   0.24657E+02   0.36449E+00  -0.26003E+00
   0.30975E+02   0.29907E+02   0.24635E+02   0.37223E+00  -0.27825E+00
   0.31325E+02   0.29916E+02   0.25016E+02   0.38970E+00  -0.27307E+00
   0.31675E+02   0.29927E+02   0.24946E+02   0.41077E+00  -0.27977E+00
   0.32025E+02   0.29937E+02   0.24947E+02   0.41942E+00  -0.29643E+00
   0.32375E+02   0.29945E+02   0.25440E+02   0.43029E+00  -0.29310E+00
   0.32725E+02   0.29952E+02   0.25729E+02   0.44602E+00  -0.28078E+00
   0.33075E+02   0.29958E+02   0.25716E+02   0.45577E+00  -0.27308E+00
   0.33425E+02   0.29961E+02   0.25615E+02   0.45974E+00  -0.27534E+00
   0.33775E+02   0.29964E+02   0.25697E+02   0.46402E+00  -0.27190E+00
   0.34125E+02   0.29966E+02   0.26070E+02   0.46702E+00  -0.24839E+00
   0.34475E+02   0.29967E+02   0.26350E+02   0.47221E+00  -0.23292E+00
   0.34825E+02   0.29968E+02   0.26585E+02   0.47231E+00  -0.22326E+00
   0.35175E+02   0.29968E+02   0.26747E+02   0.46574E+00  -0.20242E+00
   0.35525E+02   0.29967E+02   0.26786E+02   0.46079E+00  -0.18710E+00
   0.35875E+02   0.29966E+02   0.26915E+02   0.45563E+00  -0.17266E+00
   0.36225E+02   0.29964E+02   0.26907E+02   0.44874E+00  -0.15560E+00
   0.36575E+02   0.29961E+02   0.26801E+02   0.43651E+00  -0.14717E+00
   0.36925E+02   0.29957E+02   0.26679E+02   0.42248E+00  -0.13994E+00
   0.37275E+02   0.29951E+02   0.26682E+02   0.40320E+00  -0.12363E+00
   0.37625E+02   0.29944E+02   0.26629E+02   0.39084E+00  -0.11128E+00
   0.37975E+02   0.29939E+02   0.26559E+02   0.38506E+00  -0.11113E+00
   0.38325E+02   0.29934E+02   0.26619E+02   0.37678E+00  -0.10763E+00
   0.38675E+02   0.29927E+02   0.26601E+02   0.36260E+00  -0.10181E+00
   0.39025E+02   0.29918E+02   0.26546E+02   0.35144E+00  -0.10261E+00
   0.39375E+02   0.29911E+02   0.26556E+02   0.35150E+00  -0.99011E-01
   0.39725E+02   0.29905E+02   0.26600E+02   0.34465E+00  -0.97497E-01
   0.40075E+02   0.29897E+02   0.26444E+02   0.33360E+00  -0.10830E+00
   0.40425E+02   0.29891E+02   0.26367E+02   0.32814E+00  -0.11212E+00
   0.40775E+02   0.29885E+02   0.26668E+02   0.32726E+00  -0.97135E-01
   0.41125E+02   0.29880E+02   0.26728E+02   0.32448E+00  -0.96146E-01
   0.41475E+02   0.29877E+02   0.26517E+02   0.31937E+00  -0.11573E+00
   0.41825E+02   0.29870E+02   0.26379E+02   0.31561E+00  -0.12382E+00
   0.42175E+02   0.29862E+02   0.26279E+02   0.31295E+00  -0.12347E+00
   0.42525E+02   0.29858E+02   0.26218E+02   0.31374E+00  -0.12916E+00
   0.42875E+02   0.29857E+02   0.26125E+02   0.31481E+00  -0.14243E+00
   0.43225E+02   0.29855E+02   0.25975E+02   0.31256E+00  -0.15268E+00
   0.43575E+02   0.29854E+02   0.25892E+02   0.31392E+00  -0.15713E+00
   0.43925E+02   0.29856E+02   0.25951E+02   0.32046E+00  -0.16263E+00
   0.44275E+02   0.29863E+02   0.25996E+02   0.32785E+00  -0.16815E+00
   0.44625E+02   0.29872E+02   0.26083E+02   0.33496E+00  -0.17301E+00
   0.44975E+02   0.29879E+02   0.25871E+02   0.33819E+00  -0.18307E+00
   0.45325E+02   0.29883E+02   0.25419E+02   0.33823E+00  -0.20024E+00
   0.45675E+02   0.29887E+02   0.25115E+02   0.34080E+00  -0.21300E+00
   0.46025E+02   0.29890E+02   0.24889E+02   0.34949E+00  -0.22365E+00
   0.46375E+02   0.29896E+02   0.24808E+02   0.36219E+00  -0.23653E+00
   0.46725E+02   0.29904E+02   0.24787E+02   0.36539E+00  -0.24786E+00
   0.47075E+02   0.29909E+02   0.24639E+02   0.37151E+00  -0.26613E+00
   0.47425E+02   0.29918E+02   0.24551E+02   0.39313E+00  -0.27958E+00
   0.47775E+02   0.29928E+02   0.24955E+02   0.41271E+00  -0.27759E+00
   0.48125E+02   0.29939E+02   0.25260E+02   0.42251E+00  -0.28117E+00
   0.48475E+02   0.29946E+02   0.25259E+02   0.43184E+00  -0.28865E+00
   0.48825E+02   0.29953E+02   0.25425E+02   0.44524E+00  -0.28090E+00
   0.49175E+02   0.29957E+02   0.25785E+02   0.44896E+00  -0.26485E+00
   0.49525E+02   0.29960E+02   0.26172E+02   0.45525E+00  -0.25010E+00
   0.49875E+02   0.29964E+02   0.26263E+02   0.46441E+00  -0.24219E+00
   0.50225E+02   0.29966E+02   0.26274E+02   0.46237E+00  -0.23369E+00
   0.50575E+02   0.29966E+02   0.26569E+02   0.45886E+00  -0.21468E+00
   0.50925E+02   0.29966E+02   0.27029E+02   0.45492E+00  -0.19516E+00
   0.51275E+02   0.29965E+02   0.27495E+02   0.45152E+00  -0.16785E+00
   0.51625E+02   0.29963E+02   0.27396E+02   0.44394E+00  -0.15291E+00
   0.51975E+02   0.29961E+02   0.27021E+02   0.43159E+00  -0.14988E+00
   0.52325E+02   0.29957E+02   0.26751E+02   0.41728E+00  -0.13750E+00
   0.52675E+02   0.29951E+02   0.26334E+02   0.40477E+00  -0.13614E+00
   0.53025E+02   0.29945E+02   0.26144E+02   0.39530E+00  -0.13504E+00
   0.53375E+02   0.29939E+02   0.26176E+02   0.38214E+00  -0.12539E+00
   0.53725E+02   0.29930E+02   0.26284E+02   0.36687E+00  -0.11835E+00
   0.54075E+02   0.29923E+02   0.26247E+02   0.36059E+00  -0.11875E+00
   0.54425E+02   0.29920E+02   0.25994E+02   0.36189E+00  -0.12775E+00
   0.54775E+02   0.29917E+02   0.25755E+02   0.36257E+00  -0.13645E+00
   0.55125E+02   0.29916E+02   0.25742E+02   0.35678E+00  -0.13714E+00
   0.55475E+02   0.29913E+02   0.25889E+02   0.34674E+00  -0.12872E+00
   0.55825E+02   0.29904E+02   0.25964E+02   0.34399E+00  -0.12617E+00
   0.56175E+02   0.29898E+02   0.26043E+02   0.34433E+00  -0.13038E+00
   0.56525E+02   0.29897E+02   0.26142E+02   0.34197E+00  -0.13067E+00
   0.56875E+02   0.29895E+02   0.25988E+02   0.34112E+00  -0.14300E+00
   0.57225E+02   0.29893E+02   0.25860E+02   0.34214E+00  -0.14982E+00
   0.57575E+02   0.29890E+02   0.25827E+02   0.33753E+00  -0.14642E+00
   0.57925E+02   0.29884E+02   0.25609E+02   0.33400E+00  -0.15803E+00
   0.58275E+02   0.29881E+02   0.25396E+02   0.33172E+00  -0.17583E+00
   0.58625E+02   0.29883E+02   0.25279E+02   0.33028E+00  -0.18497E+00
   0.58975E+02   0.29886E+02   0.25327E+02   0.33686E+00  -0.18575E+00
   0.59325E+02   0.29889E+02   0.25309E+02   0.34657E+00  -0.19461E+00
   0.59675E+02   0.29893E+02   0.25317E+02   0.35096E+00  -0.20208E+00
   0.60025E+02   0.29899E+02   0.25273E+02   0.35594E+00  -0.20791E+00
   0.60375E+02   0.29905E+02   0.24989E+02   0.36255E+00  -0.22568E+00
   0.60725E+02   0.29911E+02   0.24747E+02   0.36795E+00  -0.23478E+00
   0.61075E+02   0.29915E+02   0.24780E+02   0.37369E+00  -0.23375E+00
   0.61425E+02   0.29920E+02   0.24777E+02   0.38190E+00  -0.24215E+00
   0.61775E+02   0.29925E+02   0.24844E+02   0.38942E+00  -0.24614E+00
   0.62125E+02   0.29929E+02   0.25024E+02   0.39852E+00  -0.24840E+00
   0.62475E+02   0.29936E+02   0.25035E+02   0.40957E+00  -0.25814E+00
   0.62825E+02   0.29943E+02   0.24965E+02   0.41831E+00  -0.26389E+00
   0.63175E+02   0.29947E+02   0.24995E+02   0.42540E+00  -0.26186E+00
   0.63525E+02   0.29950E+02   0.25160E+02   0.42956E+00  -0.25623E+00
   0.63875E+02   0.29953E+02   0.25361E+02   0.43671E+00  -0.24887E+00
   0.64225E+02   0.29956E+02   0.25648E+02   0.44115E+00  -0.24343E+00
   0.64575E+02   0.29958E+02   0.25702E+02   0.44395E+00  -0.24076E+00
   0.64925E+02   0.29960E+02   0.26111E+02   0.44492E+00  -0.21839E+00
   0.65275E+02   0.29961E+02   0.26602E+02   0.44641E+00  -0.19442E+00
   0.65625E+02   0.29961E+02   0.26556E+02   0.44488E+00  -0.18703E+00
   0.65975E+02   0.29961E+02   0.26528E+02   0.43738E+00  -0.17622E+00
   0.66325E+02   0.29959E+02   0.26582E+02   0.42569E+00  -0.15997E+00
   0.66675E+02   0.29955E+02   0.26486E+02   0.41611E+00  -0.14629E+00
   0.67025E+02   0.29950E+02   0.26433E+02   0.40691E+00  -0.13561E+00
   0.67375E+02   0.29945E+02   0.26579E+02   0.39327E+00  -0.12427E+00
   0.67725E+02   0.29939E+02   0.26636E+02   0.38551E+00  -0.11503E+00
   0.68075E+02   0.29933E+02   0.26597E+02   0.37395E+00  -0.11182E+00
   0.68425E+02   0.29924E+02   0.26408E+02   0.36406E+00  -0.11493E+00
   0.68775E+02   0.29918E+02   0.26397E+02   0.36349E+00  -0.11336E+00
   0.69125E+02   0.29916E+02   0.26598E+02   0.35760E+00  -0.10662E+00
   0.69475E+02   0.29910E+02   0.26529E+02   0.34573E+00  -0.10852E+00
   0.69825E+02   0.29902E+02   0.26337E+02   0.33939E+00  -0.11614E+00
   0.70175E+02   0.29895E+02   0.26325E+02   0.33623E+00  -0.11530E+00
   0.70525E+02   0.29888E+02   0.26359E+02   0.33514E+00  -0.11030E+00
   0.70875E+02   0.29883E+02   0.26350E+02   0.33352E+00  -0.11820E+00
   0.71225E+02   0.29881E+02   0.26466E+02   0.33202E+00  -0.12771E+00
   0.71575E+02   0.29880E+02   0.26474E+02   0.33079E+00  -0.12744E+00
   0.71925E+02   0.29879E+02   0.26197E+02   0.32697E+00  -0.13850E+00
   0.72275E+02   0.29878E+02   0.26055E+02   0.32283E+00  -0.14665E+00
   0.72625E+02   0.29873E+02   0.26030E+02   0.32185E+00  -0.14368E+00
   0.72975E+02   0.29872E+02   0.25707E+02   0.32613E+00  -0.15823E+00
   0.73325E+02   0.29873E+02   0.25357E+02   0.32402E+00  -0.17671E+00
   0.73675E+02   0.29871E+02   0.25193E+02   0.32138E+00  -0.18704E+00
   0.74025E+02   0.29873E+02   0.25229E+02   0.32837E+00  -0.19225E+00
   0.74375E+02   0.29878E+02   0.24982E+02   0.33948E+00  -0.20400E+00
   0.74725E+02   0.29885E+02   0.24650E+02   0.34634E+00  -0.23099E+00
   0.75075E+02   0.29893E+02   0.24657E+02   0.35331E+00  -0.24814E+00
   0.75425E+02   0.29904E+02   0.24708E+02   0.36631E+00  -0.24963E+00
   0.75775E+02   0.29914E+02   0.25013E+02   0.37810E+00  -0.24914E+00
   0.76125E+02   0.29922E+02   0.25349E+02   0.39025E+00  -0.24937E+00
   0.76475E+02   0.29929E+02   0.25656E+02   0.40401E+00  -0.24868E+00
   0.76825E+02   0.29936E+02   0.25830E+02   0.41533E+00  -0.25052E+00
   0.77175E+02   0.29943E+02   0.25847E+02   0.42449E+00  -0.25506E+00
   0.77525E+02   0.29948E+02   0.26143E+02   0.42986E+00  -0.24670E+00
   0.77875E+02   0.29952E+02   0.26392E+02   0.43291E+00  -0.23171E+00
   0.78225E+02   0.29955E+02   0.26457E+02   0.43065E+00  -0.21923E+00
   0.78575E+02   0.29954E+02   0.26525E+02   0.42638E+00  -0.20755E+00
   0.78925E+02   0.29952E+02   0.26611E+02   0.42779E+00  -0.19976E+00
   0.79275E+02   0.29953E+02   0.26521E+02   0.43403E+00  -0.19331E+00
   0.79625E+02   0.29956E+02   0.25945E+02   0.43073E+00  -0.20148E+00
   0.79975E+02   0.29954E+02   0.25503E+02   0.41376E+00  -0.20958E+00
   0.80325E+02   0.29950E+02   0.25590E+02   0.40677E+00  -0.19029E+00
   0.80675E+02   0.29949E+02   0.25872E+02   0.40597E+00  -0.16781E+00
   0.81025E+02   0.29946E+02   0.26050E+02   0.40347E+00  -0.16638E+00
   0.81375E+02   0.29944E+02   0.26131E+02   0.40488E+00  -0.16697E+00
   0.81725E+02   0.29944E+02   0.26082E+02   0.40565E+00  -0.16188E+00
   0.82075E+02   0.29944E+02   0.25920E+02   0.40101E+00  -0.15656E+00
   0.82425E+02   0.29941E+02   0.25974E+02   0.39181E+00  -0.14916E+00
   0.82775E+02   0.29936E+02   0.26142E+02   0.38510E+00  -0.13892E+00
   0.83125E+02   0.29933E+02   0.26535E+02   0.37787E+00  -0.11834E+00
   0.83475E+02   0.29928E+02   0.26586E+02   0.36616E+00  -0.11790E+00
   0.83825E+02   0.29919E+02   0.26160E+02   0.36041E+00  -0.13884E+00
   0.84175E+02   0.29914E+02   0.26115E+02   0.36272E+00  -0.13513E+00
   0.84525E+02   0.29913E+02   0.26075E+02   0.35913E+00  -0.13173E+00
   0.84875E+02   0.29908E+02   0.25828E+02   0.34678E+00  -0.14817E+00
   0.85225E+02   0.29902E+02   0.25890E+02   0.33613E+00  -0.14765E+00
   0.85575E+02   0.29897E+02   0.26004E+02   0.33480E+00  -0.13794E+00
   0.85925E+02   0.29893E+02   0.26003E+02   0.33988E+00  -0.13996E+00
   0.86275E+02   0.29892E+02   0.25866E+02   0.34445E+00  -0.15440E+00
   0.86625E+02   0.29897E+02   0.25662E+02   0.34388E+00  -0.16519E+00
   0.86975E+02   0.29898E+02   0.25836E+02   0.34308E+00  -0.15573E+00
   0.87325E+02   0.29896E+02   0.25890E+02   0.34098E+00  -0.15388E+00
   0.87675E+02   0.29892E+02   0.25773E+02   0.33615E+00  -0.16097E+00
   0.88025E+02   0.29892E+02   0.25613E+02   0.33786E+00  -0.16812E+00
   0.88375E+02   0.29894E+02   0.25161E+02   0.34273E+00  -0.19111E+00
   0.88725E+02   0.29895E+02   0.24798E+02   0.34526E+00  -0.20612E+00
   0.89075E+02   0.29895E+02   0.24885E+02   0.34722E+00  -0.20664E+00
   0.89425E+02   0.29898E+02   0.25152E+02   0.35610E+00  -0.21111E+00
   0.89775E+02   0.29904E+02   0.25322E+02   0.36634E+00  -0.21142E+00
   0.90125E+02   0.29909E+02   0.25439E+02   0.36884E+00  -0.21797E+00
   0.90475E+02   0.29914E+02   0.25389E+02   0.37608E+00  -0.22600E+00
   0.90825E+02   0.29920E+02   0.25386E+02   0.39368E+00  -0.22410E+00
   0.91175E+02   0.29928E+02   0.25436E+02   0.40573E+00  -0.22614E+00
   0.91525E+02   0.29934E+02   0.25358E+02   0.39981E+00  -0.23273E+00
   0.91875E+02   0.29935E+02   0.25241E+02   0.39327E+00  -0.23792E+00
   0.92225E+02   0.29935E+02   0.25364E+02   0.40088E+00  -0.23099E+00
   0.92575E+02   0.29938E+02   0.25715E+02   0.40880E+00  -0.21830E+00
   0.92925E+02   0.29942E+02   0.25899E+02   0.41160E+00  -0.21931E+00
   0.93275E+02   0.29946E+02   0.25858E+02   0.41586E+00  -0.22346E+00
   0.93625E+02   0.29948E+02   0.25934E+02   0.41781E+00  -0.20859E+00
   0.93975E+02   0.29948E+02   0.26300E+02   0.41474E+00  -0.18564E+00
   0.94325E+02   0.29948E+02   0.26379E+02   0.41474E+00  -0.17948E+00
   0.94675E+02   0.29948E+02   0.26378E+02   0.41417E+00  -0.17407E+00
   0.95025E+02   0.29947E+02   0.26483E+02   0.40830E+00  -0.16092E+00
   0.95375E+02   0.29945E+02   0.26326E+02   0.39889E+00  -0.15818E+00
   0.95725E+02   0.29941E+02   0.26244E+02   0.39212E+00  -0.15335E+00
   0.96075E+02   0.29936E+02   0.26268E+02   0.38828E+00  -0.14399E+00
   0.96425E+02   0.29933E+02   0.26224E+02   0.38071E+00  -0.14104E+00
   0.96775E+02   0.29930E+02   0.26210E+02   0.37105E+00  -0.14051E+00
   0.97125E+02   0.29923E+02   0.26349E+02   0.36350E+00  -0.13588E+00
   0.97475E+02   0.29918E+02   0.26400E+02   0.36477E+00  -0.12722E+00
   0.97825E+02   0.29917E+02   0.26302E+02   0.36718E+00  -0.12810E+00
   0.98175E+02   0.29916E+02   0.26018E+02   0.35749E+00  -0.14255E+00
   0.98525E+02   0.29912E+02   0.25664E+02   0.34527E+00  -0.15117E+00
   0.98875E+02   0.29905E+02   0.25700E+02   0.34071E+00  -0.14158E+00
   0.99225E+02   0.29900E+02   0.25971E+02   0.34509E+00  -0.13313E+00
   0.99575E+02   0.29898E+02   0.25989E+02   0.34468E+00  -0.14075E+00
   0.99925E+02   0.29894E+02   0.25700E+02   0.33976E+00  -0.15995E+00
   0.10027E+03   0.29893E+02   0.25296E+02   0.34381E+00  -0.17928E+00
   0.10062E+03   0.29895E+02   0.25147E+02   0.34686E+00  -0.18222E+00
   0.10097E+03   0.29896E+02   0.25283E+02   0.34684E+00  -0.18252E+00
   0.10132E+03   0.29897E+02   0.25462E+02   0.35217E+00  -0.18700E+00
   0.10167E+03   0.29902E+02   0.25330E+02   0.35604E+00  -0.19543E+00
   0.10202E+03   0.29903E+02   0.24935E+02   0.35387E+00  -0.21583E+00
   0.10237E+03   0.29904E+02   0.24606E+02   0.36150E+00  -0.23276E+00
   0.10272E+03   0.29910E+02   0.24442E+02   0.37473E+00  -0.23810E+00
   0.10307E+03   0.29918E+02   0.24585E+02   0.38296E+00  -0.24130E+00
   0.10342E+03   0.29922E+02   0.24555E+02   0.38201E+00  -0.25379E+00
   0.10377E+03   0.29925E+02   0.24522E+02   0.38290E+00  -0.26493E+00
   0.10412E+03   0.29930E+02   0.24716E+02   0.39841E+00  -0.26226E+00
   0.10447E+03   0.29937E+02   0.25084E+02   0.41764E+00  -0.25798E+00
   0.10482E+03   0.29945E+02   0.25565E+02   0.42965E+00  -0.25572E+00
   0.10517E+03   0.29951E+02   0.25801E+02   0.43804E+00  -0.25172E+00
   0.10552E+03   0.29954E+02   0.25907E+02   0.43987E+00  -0.24666E+00
   0.10587E+03   0.29956E+02   0.25999E+02   0.44033E+00  -0.23619E+00
   0.10622E+03   0.29958E+02   0.26205E+02   0.44412E+00  -0.22104E+00
   0.10657E+03   0.29960E+02   0.26522E+02   0.44101E+00  -0.20222E+00
   0.10692E+03   0.29959E+02   0.26803E+02   0.43680E+00  -0.18389E+00
   0.10727E+03   0.29957E+02   0.26976E+02   0.43376E+00  -0.16773E+00
   0.10762E+03   0.29956E+02   0.26887E+02   0.42568E+00  -0.15965E+00
   0.10797E+03   0.29954E+02   0.26550E+02   0.41678E+00  -0.15993E+00
   0.10832E+03   0.29951E+02   0.26155E+02   0.40905E+00  -0.15808E+00
   0.10867E+03   0.29946E+02   0.26013E+02   0.39587E+00  -0.15012E+00
   0.10902E+03   0.29939E+02   0.25952E+02   0.38358E+00  -0.14419E+00
   0.10937E+03   0.29932E+02   0.26083E+02   0.37794E+00  -0.13931E+00
   0.10972E+03   0.29927E+02   0.26211E+02   0.37622E+00  -0.13358E+00
   0.11007E+03   0.29924E+02   0.26134E+02   0.37572E+00  -0.13396E+00
   0.11042E+03   0.29924E+02   0.26086E+02   0.37294E+00  -0.13814E+00
   0.11077E+03   0.29923E+02   0.26178E+02   0.36838E+00  -0.13608E+00
   0.11112E+03   0.29919E+02   0.26389E+02   0.36588E+00  -0.12219E+00
   0.11147E+03   0.29914E+02   0.26602E+02   0.35923E+00  -0.11226E+00
   0.11182E+03   0.29908E+02   0.26638E+02   0.35090E+00  -0.11488E+00
   0.11217E+03   0.29901E+02   0.26554E+02   0.34720E+00  -0.11765E+00
   0.11252E+03   0.29897E+02   0.26649E+02   0.34406E+00  -0.11746E+00
   0.11287E+03   0.29892E+02   0.26503E+02   0.33899E+00  -0.12092E+00
   0.11322E+03   0.29888E+02   0.26223E+02   0.33236E+00  -0.13184E+00
   0.11357E+03   0.29882E+02   0.26106E+02   0.32474E+00  -0.13824E+00
   0.11392E+03   0.29874E+02   0.26185E+02   0.31870E+00  -0.13228E+00
   0.11427E+03   0.29867E+02   0.26123E+02   0.31985E+00  -0.13766E+00
   0.11462E+03   0.29866E+02   0.25884E+02   0.32579E+00  -0.15522E+00
   0.11497E+03   0.29870E+02   0.25742E+02   0.33239E+00  -0.16431E+00
   0.11532E+03   0.29875E+02   0.25378E+02   0.33465E+00  -0.17984E+00
   0.11567E+03   0.29878E+02   0.24793E+02   0.33242E+00  -0.20624E+00
   0.11602E+03   0.29879E+02   0.24624E+02   0.33620E+00  -0.21447E+00
   0.11637E+03   0.29883E+02   0.24830E+02   0.34809E+00  -0.21784E+00
   0.11672E+03   0.29892E+02   0.25053E+02   0.35875E+00  -0.22580E+00
   0.11707E+03   0.29903E+02   0.24985E+02   0.36561E+00  -0.24000E+00
   0.11742E+03   0.29912E+02   0.24760E+02   0.37636E+00  -0.25722E+00
   0.11777E+03   0.29920E+02   0.24913E+02   0.39308E+00  -0.25535E+00
   0.11812E+03   0.29929E+02   0.24973E+02   0.40657E+00  -0.25726E+00
   0.11847E+03   0.29936E+02   0.24781E+02   0.40959E+00  -0.27483E+00
   0.11882E+03   0.29940E+02   0.24750E+02   0.41591E+00  -0.28411E+00
   0.11917E+03   0.29945E+02   0.25113E+02   0.42817E+00  -0.27602E+00
   0.11952E+03   0.29950E+02   0.25889E+02   0.43466E+00  -0.25878E+00
   0.11987E+03   0.29955E+02   0.26591E+02   0.44393E+00  -0.24677E+00
   0.12022E+03   0.29959E+02   0.26851E+02   0.45557E+00  -0.23722E+00
   0.12057E+03   0.29962E+02   0.26907E+02   0.45983E+00  -0.22077E+00
   0.12092E+03   0.29964E+02   0.27089E+02   0.45344E+00  -0.20447E+00
   0.12127E+03   0.29964E+02   0.27248E+02   0.44585E+00  -0.18617E+00
   0.12162E+03   0.29963E+02   0.27439E+02   0.44370E+00  -0.15945E+00
   0.12197E+03   0.29960E+02   0.27477E+02   0.43359E+00  -0.14096E+00
   0.12232E+03   0.29956E+02   0.27238E+02   0.41390E+00  -0.13764E+00
   0.12267E+03   0.29949E+02   0.27012E+02   0.39937E+00  -0.13141E+00
   0.12302E+03   0.29942E+02   0.27029E+02   0.39716E+00  -0.11391E+00
   0.12337E+03   0.29938E+02   0.27223E+02   0.39192E+00  -0.99243E-01
   0.12372E+03   0.29934E+02   0.27208E+02   0.37399E+00  -0.96217E-01
   0.12407E+03   0.29924E+02   0.27000E+02   0.35625E+00  -0.10008E+00
   0.12442E+03   0.29912E+02   0.26868E+02   0.35094E+00  -0.94638E-01
   0.12477E+03   0.29905E+02   0.26881E+02   0.34969E+00  -0.85964E-01
   0.12512E+03   0.29901E+02   0.26653E+02   0.34361E+00  -0.10189E+00
   0.12547E+03   0.29895E+02   0.26438E+02   0.33340E+00  -0.11656E+00
   0.12582E+03   0.29887E+02   0.26349E+02   0.32468E+00  -0.11158E+00
   0.12617E+03   0.29879E+02   0.26231E+02   0.31946E+00  -0.11255E+00
   0.12652E+03   0.29873E+02   0.26196E+02   0.31843E+00  -0.12165E+00
   0.12687E+03   0.29871E+02   0.26091E+02   0.32230E+00  -0.13290E+00
   0.12722E+03   0.29875E+02   0.25855E+02   0.32468E+00  -0.14600E+00
   0.12757E+03   0.29874E+02   0.25427E+02   0.31942E+00  -0.16343E+00
   0.12792E+03   0.29868E+02   0.25347E+02   0.31816E+00  -0.17298E+00
   0.12827E+03   0.29868E+02   0.25663E+02   0.32874E+00  -0.16433E+00
   0.12862E+03   0.29874E+02   0.25477E+02   0.33730E+00  -0.18050E+00
   0.12897E+03   0.29880E+02   0.25110E+02   0.33644E+00  -0.21193E+00
   0.12932E+03   0.29883E+02   0.25000E+02   0.33845E+00  -0.22157E+00
   0.12967E+03   0.29889E+02   0.24918E+02   0.35244E+00  -0.22364E+00
   0.13002E+03   0.29899E+02   0.24740E+02   0.36411E+00  -0.23486E+00
   0.13037E+03   0.29908E+02   0.24502E+02   0.36684E+00  -0.25944E+00
   0.13072E+03   0.29914E+02   0.24693E+02   0.36868E+00  -0.26663E+00
   0.13107E+03   0.29919E+02   0.25252E+02   0.38326E+00  -0.25255E+00
   0.13142E+03   0.29928E+02   0.25558E+02   0.40187E+00  -0.25041E+00
   0.13177E+03   0.29936E+02   0.25335E+02   0.41249E+00  -0.26535E+00
   0.13212E+03   0.29942E+02   0.25181E+02   0.42399E+00  -0.27542E+00
   0.13247E+03   0.29948E+02   0.25664E+02   0.43221E+00  -0.26160E+00
   0.13282E+03   0.29953E+02   0.25836E+02   0.43493E+00  -0.25166E+00
   0.13317E+03   0.29956E+02   0.25729E+02   0.44026E+00  -0.25733E+00
   0.13352E+03   0.29958E+02   0.25767E+02   0.44635E+00  -0.24969E+00
   0.13387E+03   0.29960E+02   0.25802E+02   0.44493E+00  -0.23620E+00
   0.13422E+03   0.29961E+02   0.25853E+02   0.44119E+00  -0.22979E+00
   0.13457E+03   0.29961E+02   0.25883E+02   0.44472E+00  -0.22339E+00
   0.13492E+03   0.29962E+02   0.26152E+02   0.45348E+00  -0.20745E+00
   0.13527E+03   0.29963E+02   0.26292E+02   0.44794E+00  -0.19251E+00
   0.13562E+03   0.29961E+02   0.26315E+02   0.42819E+00  -0.18459E+00
   0.13597E+03   0.29957E+02   0.26516E+02   0.42512E+00  -0.16394E+00
   0.13632E+03   0.29957E+02   0.26779E+02   0.42998E+00  -0.13939E+00
   0.13667E+03   0.29956E+02   0.26744E+02   0.41936E+00  -0.13258E+00
   0.13702E+03   0.29950E+02   0.26818E+02   0.40157E+00  -0.12692E+00
   0.13737E+03   0.29945E+02   0.26921E+02   0.39042E+00  -0.11151E+00
   0.13772E+03   0.29940E+02   0.26728E+02   0.37895E+00  -0.10109E+00
   0.13807E+03   0.29929E+02   0.26650E+02   0.36688E+00  -0.10145E+00
   0.13842E+03   0.29920E+02   0.26676E+02   0.35563E+00  -0.10191E+00
   0.13877E+03   0.29913E+02   0.26647E+02   0.34436E+00  -0.96249E-01
   0.13912E+03   0.29905E+02   0.26539E+02   0.34014E+00  -0.10185E+00
   0.13947E+03   0.29897E+02   0.26392E+02   0.33730E+00  -0.11637E+00
   0.13982E+03   0.29892E+02   0.26271E+02   0.33036E+00  -0.11470E+00
   0.14017E+03   0.29888E+02   0.26267E+02   0.32653E+00  -0.11488E+00
   0.14052E+03   0.29883E+02   0.26139E+02   0.32686E+00  -0.12720E+00
   0.14087E+03   0.29880E+02   0.25883E+02   0.32223E+00  -0.13125E+00
   0.14122E+03   0.29876E+02   0.25735E+02   0.31857E+00  -0.13967E+00
   0.14157E+03   0.29873E+02   0.25689E+02   0.32385E+00  -0.15174E+00
   0.14192E+03   0.29877E+02   0.25636E+02   0.32455E+00  -0.15252E+00
   0.14227E+03   0.29877E+02   0.25392E+02   0.31889E+00  -0.16589E+00
   0.14262E+03   0.29873E+02   0.25334E+02   0.32599E+00  -0.18246E+00
   0.14297E+03   0.29876E+02   0.25351E+02   0.33603E+00  -0.18354E+00
   0.14332E+03   0.29880E+02   0.24948E+02   0.33681E+00  -0.20337E+00
   0.14367E+03   0.29885E+02   0.24531E+02   0.34289E+00  -0.23410E+00
   0.14402E+03   0.29892E+02   0.24174E+02   0.35262E+00  -0.25022E+00
   0.14437E+03   0.29899E+02   0.24061E+02   0.36008E+00  -0.26025E+00
   0.14472E+03   0.29906E+02   0.24247E+02   0.36875E+00  -0.27251E+00
   0.14507E+03   0.29915E+02   0.24290E+02   0.38252E+00  -0.28852E+00
   0.14542E+03   0.29925E+02   0.24301E+02   0.40113E+00  -0.29564E+00
   0.14577E+03   0.29934E+02   0.24759E+02   0.41792E+00  -0.29613E+00
   0.14612E+03   0.29944E+02   0.25223E+02   0.43317E+00  -0.29971E+00
   0.14647E+03   0.29952E+02   0.25535E+02   0.44979E+00  -0.29438E+00
   0.14682E+03   0.29958E+02   0.26024E+02   0.46269E+00  -0.28278E+00
   0.14717E+03   0.29963E+02   0.26343E+02   0.46942E+00  -0.26994E+00
   0.14752E+03   0.29966E+02   0.26499E+02   0.47087E+00  -0.25379E+00
   0.14787E+03   0.29968E+02   0.26707E+02   0.47340E+00  -0.24181E+00
   0.14822E+03   0.29969E+02   0.27078E+02   0.47754E+00  -0.22199E+00
   0.14857E+03   0.29970E+02   0.27465E+02   0.47470E+00  -0.19429E+00
   0.14892E+03   0.29970E+02   0.27439E+02   0.46258E+00  -0.18331E+00
   0.14927E+03   0.29967E+02   0.27537E+02   0.44875E+00  -0.16411E+00
   0.14962E+03   0.29964E+02   0.27704E+02   0.44307E+00  -0.13409E+00
   0.14997E+03   0.29961E+02   0.27598E+02   0.43300E+00  -0.11933E+00
   0.15032E+03   0.29955E+02   0.27488E+02   0.41599E+00  -0.11097E+00
   0.15067E+03   0.29949E+02   0.27155E+02   0.40082E+00  -0.10641E+00
   0.15102E+03   0.29944E+02   0.27051E+02   0.38536E+00  -0.92728E-01
   0.15137E+03   0.29937E+02   0.27097E+02   0.36729E+00  -0.79060E-01
   0.15172E+03   0.29925E+02   0.26924E+02   0.34953E+00  -0.81908E-01
   0.15207E+03   0.29912E+02   0.26831E+02   0.34418E+00  -0.79559E-01
   0.15242E+03   0.29903E+02   0.26882E+02   0.33961E+00  -0.76276E-01
   0.15277E+03   0.29896E+02   0.26804E+02   0.33003E+00  -0.85610E-01
   0.15312E+03   0.29890E+02   0.26652E+02   0.32320E+00  -0.94045E-01
   0.15347E+03   0.29881E+02   0.26561E+02   0.32161E+00  -0.96733E-01
   0.15382E+03   0.29873E+02   0.26362E+02   0.31830E+00  -0.10187E+00
   0.15417E+03   0.29865E+02   0.26109E+02   0.31056E+00  -0.11809E+00
   0.15452E+03   0.29859E+02   0.25907E+02   0.30942E+00  -0.13324E+00
   0.15487E+03   0.29859E+02   0.25784E+02   0.31247E+00  -0.13900E+00
   0.15522E+03   0.29858E+02   0.25654E+02   0.31475E+00  -0.14688E+00
   0.15557E+03   0.29855E+02   0.25546E+02   0.31420E+00  -0.16135E+00
   0.15592E+03   0.29855E+02   0.25679E+02   0.31698E+00  -0.16648E+00
   0.15627E+03   0.29860E+02   0.25816E+02   0.32752E+00  -0.16593E+00
   0.15662E+03   0.29869E+02   0.25774E+02   0.33533E+00  -0.17928E+00
   0.15697E+03   0.29876E+02   0.25811E+02   0.33732E+00  -0.18890E+00
   0.15732E+03   0.29882E+02   0.25800E+02   0.34335E+00  -0.19049E+00
   0.15767E+03   0.29888E+02   0.25807E+02   0.34724E+00  -0.19361E+00
   0.15802E+03   0.29894E+02   0.25739E+02   0.34925E+00  -0.19737E+00
   0.15837E+03   0.29898E+02   0.25533E+02   0.34961E+00  -0.20421E+00
   0.15872E+03   0.29900E+02   0.25611E+02   0.35462E+00  -0.20684E+00
   0.15907E+03   0.29905E+02   0.25950E+02   0.36635E+00  -0.20124E+00
   0.15942E+03   0.29912E+02   0.26172E+02   0.37172E+00  -0.20185E+00
   0.15977E+03   0.29916E+02   0.26092E+02   0.37815E+00  -0.21123E+00
   0.16012E+03   0.29922E+02   0.25894E+02   0.38590E+00  -0.21753E+00
   0.16047E+03   0.29927E+02   0.25680E+02   0.38799E+00  -0.21633E+00
   0.16082E+03   0.29930E+02   0.25573E+02   0.38691E+00  -0.21560E+00
   0.16117E+03   0.29932E+02   0.25637E+02   0.39094E+00  -0.21486E+00
   0.16152E+03   0.29934E+02   0.25861E+02   0.39886E+00  -0.20612E+00
   0.16187E+03   0.29936E+02   0.25923E+02   0.40127E+00  -0.20576E+00
   0.16222E+03   0.29937E+02   0.25718E+02   0.39982E+00  -0.21475E+00
   0.16257E+03   0.29939E+02   0.25556E+02   0.40465E+00  -0.21503E+00
   0.16292E+03   0.29942E+02   0.25566E+02   0.41090E+00  -0.20742E+00
   0.16327E+03   0.29944E+02   0.25875E+02   0.40715E+00  -0.19812E+00
   0.16362E+03   0.29944E+02   0.26156E+02   0.40322E+00  -0.18963E+00
   0.16397E+03   0.29943E+02   0.26103E+02   0.40459E+00  -0.18276E+00
   0.16432E+03   0.29943E+02   0.26048E+02   0.40322E+00  -0.17781E+00
   0.16467E+03   0.29942E+02   0.26292E+02   0.40177E+00  -0.16903E+00
   0.16502E+03   0.29941E+02   0.26271E+02   0.39932E+00  -0.16232E+00
   0.16537E+03   0.29939E+02   0.26058E+02   0.39030E+00  -0.16174E+00
   0.16572E+03   0.29935E+02   0.26033E+02   0.38275E+00  -0.15533E+00
   0.16607E+03   0.29929E+02   0.26173E+02   0.37469E+00  -0.14437E+00
   0.16642E+03   0.29924E+02   0.26261E+02   0.36980E+00  -0.13769E+00
   0.16677E+03   0.29921E+02   0.26287E+02   0.37154E+00  -0.13997E+00
   0.16712E+03   0.29920E+02   0.26395E+02   0.37263E+00  -0.14392E+00
   0.16747E+03   0.29917E+02   0.26365E+02   0.36650E+00  -0.14122E+00
   0.16782E+03   0.29912E+02   0.26214E+02   0.36029E+00  -0.14320E+00
   0.16817E+03   0.29910E+02   0.26038E+02   0.35774E+00  -0.14856E+00
   0.16852E+03   0.29908E+02   0.26077E+02   0.35576E+00  -0.14716E+00
   0.16887E+03   0.29906E+02   0.26181E+02   0.35069E+00  -0.14369E+00
   0.16922E+03   0.29904E+02   0.25951E+02   0.34517E+00  -0.15368E+00
   0.16957E+03   0.29902E+02   0.25696E+02   0.34789E+00  -0.16274E+00
   0.16992E+03   0.29902E+02   0.25571E+02   0.34758E+00  -0.16550E+00
   0.17027E+03   0.29901E+02   0.25263E+02   0.34378E+00  -0.17907E+00
   0.17062E+03   0.29896E+02   0.25033E+02   0.34362E+00  -0.18771E+00
   0.17097E+03   0.29894E+02   0.25180E+02   0.34976E+00  -0.19082E+00
   0.17132E+03   0.29898E+02   0.25484E+02   0.35892E+00  -0.19282E+00
   0.17167E+03   0.29905E+02   0.25432E+02   0.36439E+00  -0.20183E+00
   0.17202E+03   0.29910E+02   0.25398E+02   0.36692E+00  -0.21354E+00
   0.17237E+03   0.29913E+02   0.25696E+02   0.37634E+00  -0.20166E+00
   0.17272E+03   0.29919E+02   0.25638E+02   0.38432E+00  -0.19772E+00
   0.17307E+03   0.29922E+02   0.25115E+02   0.38409E+00  -0.22457E+00
   0.17342E+03   0.29925E+02   0.24981E+02   0.38298E+00  -0.23322E+00
   0.17377E+03   0.29927E+02   0.25216E+02   0.38469E+00  -0.22282E+00
   0.17412E+03   0.29929E+02   0.25330E+02   0.38876E+00  -0.22041E+00
   0.17447E+03   0.29931E+02   0.25603E+02   0.39215E+00  -0.21848E+00
   0.17482E+03   0.29933E+02   0.25761E+02   0.39876E+00  -0.21844E+00
   0.17517E+03   0.29938E+02   0.25665E+02   0.40786E+00  -0.22115E+00
   0.17552E+03   0.29943E+02   0.25684E+02   0.40981E+00  -0.22050E+00
   0.17587E+03   0.29944E+02   0.25566E+02   0.40844E+00  -0.22087E+00
   0.17622E+03   0.29945E+02   0.25433E+02   0.41220E+00  -0.21538E+00
   0.17657E+03   0.29946E+02   0.25501E+02   0.41038E+00  -0.20826E+00
   0.17692E+03   0.29945E+02   0.25434E+02   0.40472E+00  -0.21153E+00
   0.17727E+03   0.29946E+02   0.25412E+02   0.40194E+00  -0.20917E+00
   0.17762E+03   0.29946E+02   0.25694E+02   0.40878E+00  -0.19675E+00
   0.17797E+03   0.29948E+02   0.25931E+02   0.41579E+00  -0.18392E+00
   0.17832E+03   0.29948E+02   0.25873E+02   0.40769E+00  -0.18365E+00
   0.17867E+03   0.29945E+02   0.25788E+02   0.40178E+00  -0.18767E+00
   0.17902E+03   0.29943E+02   0.25896E+02   0.40455E+00  -0.17489E+00
   0.17937E+03   0.29942E+02   0.26103E+02   0.40182E+00  -0.16051E+00
   0.17972E+03   0.29940E+02   0.26132E+02   0.39387E+00  -0.15894E+00
   0.18007E+03   0.29937E+02   0.26065E+02   0.38911E+00  -0.15927E+00
   0.18042E+03   0.29933E+02   0.26177E+02   0.38543E+00  -0.15238E+00
   0.18077E+03   0.29929E+02   0.26417E+02   0.38078E+00  -0.13930E+00
   0.18112E+03   0.29926E+02   0.26622E+02   0.37675E+00  -0.13370E+00
   0.18147E+03   0.29925E+02   0.26650E+02   0.37423E+00  -0.13229E+00
   0.18182E+03   0.29922E+02   0.26604E+02   0.36641E+00  -0.12717E+00
   0.18217E+03   0.29917E+02   0.26615E+02   0.35451E+00  -0.12358E+00
   0.18252E+03   0.29912E+02   0.26510E+02   0.34770E+00  -0.12108E+00
   0.18287E+03   0.29905E+02   0.26286E+02   0.34565E+00  -0.12499E+00
   0.18322E+03   0.29899E+02   0.26167E+02   0.34081E+00  -0.12970E+00
   0.18357E+03   0.29895E+02   0.25976E+02   0.33017E+00  -0.13478E+00
   0.18392E+03   0.29887E+02   0.25711E+02   0.32435E+00  -0.14672E+00
   0.18427E+03   0.29881E+02   0.25642E+02   0.32936E+00  -0.15422E+00
   0.18462E+03   0.29885E+02   0.25567E+02   0.33583E+00  -0.16035E+00
   0.18497E+03   0.29887E+02   0.25532E+02   0.33646E+00  -0.16904E+00
   0.18532E+03   0.29887E+02   0.25468E+02   0.33675E+00  -0.17618E+00
   0.18567E+03   0.29891E+02   0.25366E+02   0.34235E+00  -0.18108E+00
   0.18602E+03   0.29895E+02   0.25321E+02   0.35202E+00  -0.18678E+00
   0.18637E+03   0.29901E+02   0.25255E+02   0.35540E+00  -0.19772E+00
   0.18672E+03   0.29905E+02   0.25238E+02   0.35309E+00  -0.20482E+00
   0.18707E+03   0.29906E+02   0.25114E+02   0.35888E+00  -0.20830E+00
   0.18742E+03   0.29909E+02   0.24993E+02   0.36487E+00  -0.21933E+00
   0.18777E+03   0.29913E+02   0.25227E+02   0.36991E+00  -0.22220E+00
   0.18812E+03   0.29916E+02   0.25512E+02   0.37713E+00  -0.22071E+00
   0.18847E+03   0.29921E+02   0.25268E+02   0.38585E+00  -0.23505E+00
   0.18882E+03   0.29928E+02   0.25128E+02   0.39220E+00  -0.23888E+00
   0.18917E+03   0.29933E+02   0.25058E+02   0.39373E+00  -0.24236E+00
   0.18952E+03   0.29936E+02   0.24956E+02   0.39982E+00  -0.25229E+00
   0.18987E+03   0.29939E+02   0.25258E+02   0.40935E+00  -0.24195E+00
   0.19022E+03   0.29943E+02   0.25668E+02   0.41596E+00  -0.23276E+00
   0.19057E+03   0.29946E+02   0.25915E+02   0.41835E+00  -0.23212E+00
   0.19092E+03   0.29949E+02   0.25910E+02   0.42509E+00  -0.22609E+00
   0.19127E+03   0.29952E+02   0.25751E+02   0.42951E+00  -0.22382E+00
   0.19162E+03   0.29955E+02   0.25683E+02   0.42807E+00  -0.21999E+00
   0.19197E+03   0.29955E+02   0.25582E+02   0.42774E+00  -0.21387E+00
   0.19232E+03   0.29953E+02   0.25312E+02   0.42357E+00  -0.21390E+00
   0.19267E+03   0.29951E+02   0.25225E+02   0.41914E+00  -0.21349E+00
   0.19302E+03   0.29950E+02   0.25516E+02   0.41868E+00  -0.20703E+00
   0.19337E+03   0.29950E+02   0.25586E+02   0.42039E+00  -0.20271E+00
   0.19372E+03   0.29951E+02   0.25469E+02   0.42078E+00  -0.20234E+00
   0.19407E+03   0.29951E+02   0.25788E+02   0.41995E+00  -0.19012E+00
   0.19442E+03   0.29951E+02   0.26132E+02   0.41827E+00  -0.17144E+00
   0.19477E+03   0.29950E+02   0.26325E+02   0.41274E+00  -0.15601E+00
   0.19512E+03   0.29948E+02   0.26406E+02   0.40693E+00  -0.14937E+00
   0.19547E+03   0.29946E+02   0.26274E+02   0.40155E+00  -0.14714E+00
   0.19582E+03   0.29943E+02   0.26026E+02   0.39196E+00  -0.14463E+00
   0.19617E+03   0.29936E+02   0.25866E+02   0.37897E+00  -0.14869E+00
   0.19652E+03   0.29929E+02   0.26111E+02   0.37199E+00  -0.13832E+00
   0.19687E+03   0.29924E+02   0.26392E+02   0.36826E+00  -0.12388E+00
   0.19722E+03   0.29918E+02   0.26303E+02   0.36154E+00  -0.13276E+00
   0.19757E+03   0.29913E+02   0.26053E+02   0.35643E+00  -0.14377E+00
   0.19792E+03   0.29910E+02   0.25907E+02   0.35530E+00  -0.14371E+00
   0.19827E+03   0.29908E+02   0.25743E+02   0.35754E+00  -0.14756E+00
   0.19862E+03   0.29906E+02   0.25596E+02   0.35309E+00  -0.15423E+00
   0.19897E+03   0.29902E+02   0.25762E+02   0.34688E+00  -0.15175E+00
   0.19932E+03   0.29898E+02   0.25965E+02   0.34395E+00  -0.14504E+00
   0.19967E+03   0.29894E+02   0.26041E+02   0.34493E+00  -0.14522E+00
   0.20002E+03   0.29895E+02   0.25994E+02   0.34980E+00  -0.15179E+00
   0.20037E+03   0.29898E+02   0.25851E+02   0.35318E+00  -0.15809E+00
   0.20072E+03   0.29902E+02   0.25873E+02   0.35137E+00  -0.16078E+00
   0.20107E+03   0.29901E+02   0.25910E+02   0.34497E+00  -0.16016E+00
   0.20142E+03   0.29898E+02   0.25906E+02   0.34235E+00  -0.15800E+00
   0.20177E+03   0.29897E+02   0.26003E+02   0.34065E+00  -0.15786E+00
   0.20212E+03   0.29896E+02   0.26005E+02   0.34521E+00  -0.16135E+00
   0.20247E+03   0.29897E+02   0.25987E+02   0.34852E+00  -0.16530E+00
   0.20282E+03   0.29898E+02   0.25731E+02   0.34856E+00  -0.17811E+00
   0.20317E+03   0.29902E+02   0.25577E+02   0.35266E+00  -0.18602E+00
   0.20352E+03   0.29903E+02   0.25946E+02   0.35460E+00  -0.17856E+00
   0.20387E+03   0.29902E+02   0.26198E+02   0.35408E+00  -0.17257E+00
   0.20422E+03   0.29904E+02   0.25908E+02   0.35620E+00  -0.18150E+00
   0.20457E+03   0.29909E+02   0.25552E+02   0.36284E+00  -0.19873E+00
   0.20492E+03   0.29912E+02   0.25624E+02   0.36642E+00  -0.19955E+00
   0.20527E+03   0.29914E+02   0.25569E+02   0.36998E+00  -0.19531E+00
   0.20562E+03   0.29917E+02   0.25511E+02   0.37166E+00  -0.20230E+00
   0.20597E+03   0.29919E+02   0.25972E+02   0.37308E+00  -0.19682E+00
   0.20632E+03   0.29920E+02   0.26301E+02   0.37706E+00  -0.18309E+00
   0.20667E+03   0.29923E+02   0.26079E+02   0.37894E+00  -0.18958E+00
   0.20702E+03   0.29926E+02   0.26053E+02   0.38524E+00  -0.19468E+00
   0.20737E+03   0.29929E+02   0.26203E+02   0.39179E+00  -0.18692E+00
   0.20772E+03   0.29932E+02   0.26260E+02   0.38934E+00  -0.17812E+00
   0.20807E+03   0.29931E+02   0.26190E+02   0.38009E+00  -0.17719E+00
   0.20842E+03   0.29927E+02   0.26239E+02   0.37537E+00  -0.17669E+00
   0.20877E+03   0.29924E+02   0.26481E+02   0.37781E+00  -0.16341E+00
   0.20912E+03   0.29924E+02   0.26680E+02   0.38191E+00  -0.15293E+00
   0.20947E+03   0.29925E+02   0.26537E+02   0.37991E+00  -0.16047E+00
   0.20982E+03   0.29925E+02   0.26167E+02   0.37290E+00  -0.16868E+00
   0.21017E+03   0.29924E+02   0.26011E+02   0.36964E+00  -0.16379E+00
   0.21052E+03   0.29921E+02   0.25776E+02   0.36312E+00  -0.16360E+00
   0.21087E+03   0.29915E+02   0.25840E+02   0.35627E+00  -0.16096E+00
   0.21122E+03   0.29912E+02   0.25704E+02   0.35874E+00  -0.16318E+00
   0.21157E+03   0.29914E+02   0.25123E+02   0.36028E+00  -0.18823E+00
   0.21192E+03   0.29914E+02   0.24864E+02   0.35809E+00  -0.20359E+00
   0.21227E+03   0.29913E+02   0.24841E+02   0.36016E+00  -0.20449E+00
   0.21262E+03   0.29914E+02   0.24930E+02   0.36971E+00  -0.20727E+00
   0.21297E+03   0.29918E+02   0.25069E+02   0.37835E+00  -0.20937E+00
   0.21332E+03   0.29920E+02   0.25111E+02   0.37944E+00  -0.21779E+00
   0.21367E+03   0.29923E+02   0.24991E+02   0.38162E+00  -0.22592E+00
   0.21402E+03   0.29927E+02   0.25109E+02   0.39535E+00  -0.22524E+00
   0.21437E+03   0.29933E+02   0.25446E+02   0.40930E+00  -0.22198E+00
   0.21472E+03   0.29938E+02   0.25384E+02   0.40586E+00  -0.22586E+00
   0.21507E+03   0.29939E+02   0.25450E+02   0.40086E+00  -0.22534E+00
   0.21542E+03   0.29940E+02   0.25811E+02   0.40306E+00  -0.21445E+00
   0.21577E+03   0.29941E+02   0.25924E+02   0.40672E+00  -0.20544E+00
   0.21612E+03   0.29943E+02   0.25765E+02   0.41209E+00  -0.21022E+00
   0.21647E+03   0.29944E+02   0.25756E+02   0.41352E+00  -0.21792E+00
   0.21682E+03   0.29945E+02   0.25954E+02   0.41048E+00  -0.20252E+00
   0.21717E+03   0.29944E+02   0.25953E+02   0.40416E+00  -0.19095E+00
   0.21752E+03   0.29942E+02   0.26117E+02   0.40501E+00  -0.18944E+00
   0.21787E+03   0.29942E+02   0.26584E+02   0.40812E+00  -0.16998E+00
   0.21822E+03   0.29943E+02   0.26716E+02   0.40572E+00  -0.15748E+00
   0.21857E+03   0.29943E+02   0.26721E+02   0.40036E+00  -0.15715E+00
   0.21892E+03   0.29940E+02   0.26910E+02   0.39615E+00  -0.14305E+00
   0.21927E+03   0.29938E+02   0.27099E+02   0.39317E+00  -0.12212E+00
   0.21962E+03   0.29937E+02   0.27060E+02   0.38086E+00  -0.11615E+00
   0.21997E+03   0.29931E+02   0.26832E+02   0.36449E+00  -0.11894E+00
   0.22032E+03   0.29921E+02   0.26538E+02   0.35141E+00  -0.11675E+00
   0.22067E+03   0.29912E+02   0.26249E+02   0.34533E+00  -0.11597E+00
   0.22102E+03   0.29904E+02   0.26155E+02   0.34144E+00  -0.12263E+00
   0.22137E+03   0.29898E+02   0.26009E+02   0.33604E+00  -0.13288E+00
   0.22172E+03   0.29894E+02   0.25871E+02   0.32833E+00  -0.13875E+00
   0.22207E+03   0.29888E+02   0.25716E+02   0.32856E+00  -0.14524E+00
   0.22242E+03   0.29887E+02   0.25659E+02   0.33649E+00  -0.15211E+00
   0.22277E+03   0.29889E+02   0.25746E+02   0.33774E+00  -0.15473E+00
   0.22312E+03   0.29890E+02   0.25750E+02   0.34101E+00  -0.15845E+00
   0.22347E+03   0.29894E+02   0.25710E+02   0.34726E+00  -0.16360E+00
   0.22382E+03   0.29895E+02   0.25815E+02   0.34323E+00  -0.15980E+00
   0.22417E+03   0.29893E+02   0.25875E+02   0.34143E+00  -0.16328E+00
   0.22452E+03   0.29894E+02   0.25602E+02   0.34915E+00  -0.17825E+00
   0.22487E+03   0.29897E+02   0.25340E+02   0.34824E+00  -0.18791E+00
   0.22522E+03   0.29897E+02   0.25310E+02   0.34301E+00  -0.19245E+00
   0.22557E+03   0.29896E+02   0.25477E+02   0.34578E+00  -0.19113E+00
   0.22592E+03   0.29899E+02   0.25689E+02   0.35400E+00  -0.18776E+00
   0.22627E+03   0.29903E+02   0.25853E+02   0.35954E+00  -0.18911E+00
   0.22662E+03   0.29905E+02   0.25918E+02   0.36423E+00  -0.19735E+00
   0.22697E+03   0.29909E+02   0.25968E+02   0.37443E+00  -0.19859E+00
   0.22732E+03   0.29916E+02   0.26096E+02   0.38177E+00  -0.19428E+00
   0.22767E+03   0.29921E+02   0.26144E+02   0.38245E+00  -0.19615E+00
   0.22802E+03   0.29924E+02   0.26277E+02   0.37988E+00  -0.19087E+00
   0.22837E+03   0.29925E+02   0.26341E+02   0.37715E+00  -0.17803E+00
   0.22872E+03   0.29925E+02   0.25940E+02   0.37336E+00  -0.18154E+00
   0.22907E+03   0.29924E+02   0.25520E+02   0.37459E+00  -0.19344E+00
   0.22942E+03   0.29924E+02   0.25397E+02   0.37972E+00  -0.19554E+00
   0.22977E+03   0.29925E+02   0.25368E+02   0.37929E+00  -0.19756E+00
   0.23012E+03   0.29925E+02   0.25292E+02   0.37645E+00  -0.20397E+00
   0.23047E+03   0.29924E+02   0.25256E+02   0.37888E+00  -0.20979E+00
   0.23082E+03   0.29925E+02   0.25235E+02   0.38519E+00  -0.21082E+00
   0.23117E+03   0.29929E+02   0.25080E+02   0.39178E+00  -0.21542E+00
   0.23152E+03   0.29933E+02   0.25044E+02   0.39888E+00  -0.22613E+00
   0.23187E+03   0.29936E+02   0.25252E+02   0.40398E+00  -0.22456E+00
   0.23222E+03   0.29939E+02   0.25252E+02   0.40776E+00  -0.21728E+00
   0.23257E+03   0.29941E+02   0.25092E+02   0.40470E+00  -0.22185E+00
   0.23292E+03   0.29942E+02   0.24930E+02   0.40309E+00  -0.23059E+00
   0.23327E+03   0.29943E+02   0.24946E+02   0.40680E+00  -0.22731E+00
   0.23362E+03   0.29944E+02   0.25489E+02   0.41203E+00  -0.21091E+00
   0.23397E+03   0.29946E+02   0.25960E+02   0.41717E+00  -0.20150E+00
   0.23432E+03   0.29948E+02   0.26192E+02   0.41648E+00  -0.19516E+00
   0.23467E+03   0.29948E+02   0.26283E+02   0.41263E+00  -0.18583E+00
   0.23502E+03   0.29947E+02   0.26143E+02   0.41082E+00  -0.17970E+00
   0.23537E+03   0.29947E+02   0.26152E+02   0.40823E+00  -0.16832E+00
   0.23572E+03   0.29945E+02   0.26359E+02   0.40063E+00  -0.15650E+00
   0.23607E+03   0.29941E+02   0.26469E+02   0.39497E+00  -0.14706E+00
   0.23642E+03   0.29937E+02   0.26483E+02   0.38566E+00  -0.14009E+00
   0.23677E+03   0.29932E+02   0.26656E+02   0.37374E+00  -0.13237E+00
   0.23712E+03   0.29926E+02   0.26647E+02   0.37115E+00  -0.12776E+00
   0.23747E+03   0.29923E+02   0.26397E+02   0.37283E+00  -0.13363E+00
   0.23782E+03   0.29921E+02   0.26047E+02   0.36498E+00  -0.14298E+00
   0.23817E+03   0.29915E+02   0.25878E+02   0.35031E+00  -0.14475E+00
   0.23852E+03   0.29907E+02   0.26016E+02   0.34492E+00  -0.13476E+00
   0.23887E+03   0.29904E+02   0.26078E+02   0.34580E+00  -0.12812E+00
   0.23922E+03   0.29902E+02   0.26145E+02   0.34342E+00  -0.13131E+00
   0.23957E+03   0.29900E+02   0.25979E+02   0.34257E+00  -0.14372E+00
   0.23992E+03   0.29901E+02   0.25710E+02   0.34345E+00  -0.15393E+00
   0.24027E+03   0.29901E+02   0.25575E+02   0.34301E+00  -0.15578E+00
   0.24062E+03   0.29898E+02   0.25421E+02   0.34105E+00  -0.16615E+00
   0.24097E+03   0.29894E+02   0.25365E+02   0.34016E+00  -0.17347E+00
   0.24132E+03   0.29894E+02   0.25198E+02   0.33820E+00  -0.17889E+00
   0.24167E+03   0.29892E+02   0.24939E+02   0.33803E+00  -0.19829E+00
   0.24202E+03   0.29893E+02   0.24801E+02   0.34973E+00  -0.21086E+00
   0.24237E+03   0.29900E+02   0.24629E+02   0.36058E+00  -0.22107E+00
   0.24272E+03   0.29907E+02   0.24498E+02   0.36633E+00  -0.23732E+00
   0.24307E+03   0.29912E+02   0.24575E+02   0.36850E+00  -0.24760E+00
   0.24342E+03   0.29916E+02   0.25072E+02   0.37720E+00  -0.23959E+00
   0.24377E+03   0.29922E+02   0.25564E+02   0.39255E+00  -0.23048E+00
   0.24412E+03   0.29929E+02   0.25776E+02   0.40569E+00  -0.23791E+00
   0.24447E+03   0.29937E+02   0.26105E+02   0.41475E+00  -0.23550E+00
   0.24482E+03   0.29943E+02   0.26341E+02   0.41925E+00  -0.22255E+00
   0.24517E+03   0.29946E+02   0.26580E+02   0.42094E+00  -0.20983E+00
   0.24552E+03   0.29948E+02   0.26861E+02   0.41980E+00  -0.19610E+00
   0.24587E+03   0.29948E+02   0.27197E+02   0.41824E+00  -0.17920E+00
   0.24622E+03   0.29946E+02   0.27428E+02   0.41236E+00  -0.16397E+00
   0.24657E+03   0.29944E+02   0.27034E+02   0.40662E+00  -0.16204E+00
   0.24692E+03   0.29943E+02   0.26683E+02   0.39971E+00  -0.16091E+00
   0.24727E+03   0.29941E+02   0.26609E+02   0.39277E+00  -0.15091E+00
   0.24762E+03   0.29937E+02   0.26503E+02   0.38272E+00  -0.14241E+00
   0.24797E+03   0.29933E+02   0.26385E+02   0.37235E+00  -0.13823E+00
   0.24832E+03   0.29928E+02   0.26277E+02   0.36376E+00  -0.13815E+00
   0.24867E+03   0.29921E+02   0.26282E+02   0.36193E+00  -0.13694E+00
   0.24902E+03   0.29917E+02   0.26210E+02   0.36627E+00  -0.13672E+00
   0.24937E+03   0.29915E+02   0.26114E+02   0.36446E+00  -0.14383E+00
   0.24972E+03   0.29913E+02   0.25876E+02   0.35989E+00  -0.15227E+00
   0.25007E+03   0.29911E+02   0.25829E+02   0.35581E+00  -0.15114E+00
   0.25042E+03   0.29908E+02   0.25909E+02   0.35282E+00  -0.14505E+00
   0.25077E+03   0.29905E+02   0.25807E+02   0.35008E+00  -0.15088E+00
   0.25112E+03   0.29904E+02   0.25647E+02   0.35183E+00  -0.16240E+00
   0.25147E+03   0.29903E+02   0.25499E+02   0.35333E+00  -0.16889E+00
   0.25182E+03   0.29902E+02   0.25455E+02   0.35243E+00  -0.17143E+00
   0.25217E+03   0.29902E+02   0.25381E+02   0.34836E+00  -0.17543E+00
   0.25252E+03   0.29902E+02   0.25367E+02   0.35124E+00  -0.18495E+00
   0.25287E+03   0.29906E+02   0.25360E+02   0.35618E+00  -0.18910E+00
   0.25322E+03   0.29908E+02   0.25264E+02   0.35242E+00  -0.19457E+00
   0.25357E+03   0.29908E+02   0.25404E+02   0.35692E+00  -0.19808E+00
   0.25392E+03   0.29909E+02   0.25689E+02   0.36846E+00  -0.19167E+00
   0.25427E+03   0.29913E+02   0.25669E+02   0.37505E+00  -0.19363E+00
   0.25462E+03   0.29918E+02   0.25653E+02   0.37344E+00  -0.20167E+00
   0.25497E+03   0.29919E+02   0.25815E+02   0.37280E+00  -0.20160E+00
   0.25532E+03   0.29922E+02   0.25838E+02   0.37783E+00  -0.19158E+00
   0.25567E+03   0.29925E+02   0.25930E+02   0.38170E+00  -0.18531E+00
   0.25602E+03   0.29927E+02   0.26322E+02   0.38259E+00  -0.18370E+00
   0.25637E+03   0.29927E+02   0.26481E+02   0.38266E+00  -0.17584E+00
   0.25672E+03   0.29928E+02   0.26362E+02   0.38249E+00  -0.17195E+00
   0.25707E+03   0.29929E+02   0.26271E+02   0.38227E+00  -0.17595E+00
   0.25742E+03   0.29929E+02   0.26427E+02   0.38113E+00  -0.16622E+00
   0.25777E+03   0.29929E+02   0.26432E+02   0.37580E+00  -0.15670E+00
   0.25812E+03   0.29924E+02   0.26149E+02   0.36866E+00  -0.16206E+00
   0.25847E+03   0.29919E+02   0.25939E+02   0.36780E+00  -0.16532E+00
   0.25882E+03   0.29918E+02   0.25832E+02   0.36541E+00  -0.16480E+00
   0.25917E+03   0.29917E+02   0.25624E+02   0.36344E+00  -0.17337E+00
   0.25952E+03   0.29917E+02   0.25532E+02   0.36626E+00  -0.18076E+00
   0.25987E+03   0.29915E+02   0.25688E+02   0.36450E+00  -0.17607E+00
   0.26022E+03   0.29913E+02   0.25641E+02   0.36603E+00  -0.17607E+00
   0.26057E+03   0.29915E+02   0.25589E+02   0.37037E+00  -0.18366E+00
   0.26092E+03   0.29918E+02   0.25592E+02   0.37228E+00  -0.18633E+00
   0.26127E+03   0.29920E+02   0.25377E+02   0.37365E+00  -0.18938E+00
   0.26162E+03   0.29920E+02   0.25261E+02   0.37332E+00  -0.19422E+00
   0.26197E+03   0.29920E+02   0.25498E+02   0.37468E+00  -0.18774E+00
   0.26232E+03   0.29921E+02   0.25833E+02   0.37408E+00  -0.17759E+00
   0.26267E+03   0.29921E+02   0.25990E+02   0.37584E+00  -0.17908E+00
   0.26302E+03   0.29922E+02   0.25817E+02   0.37898E+00  -0.18727E+00
   0.26337E+03   0.29921E+02   0.25548E+02   0.37945E+00  -0.19150E+00
   0.26372E+03   0.29923E+02   0.25710E+02   0.38022E+00  -0.18813E+00
   0.26407E+03   0.29925E+02   0.26055E+02   0.37860E+00  -0.17913E+00
   0.26442E+03   0.29925E+02   0.26102E+02   0.37789E+00  -0.17380E+00
   0.26477E+03   0.29924E+02   0.25998E+02   0.37259E+00  -0.17455E+00
   0.26512E+03   0.29922E+02   0.25774E+02   0.37006E+00  -0.17841E+00
   0.26547E+03   0.29921E+02   0.25827E+02   0.37549E+00  -0.17628E+00
   0.26582E+03   0.29923E+02   0.25888E+02   0.37731E+00  -0.17390E+00
   0.26617E+03   0.29925E+02   0.25821E+02   0.37473E+00  -0.17709E+00
   0.26652E+03   0.29923E+02   0.25797E+02   0.37122E+00  -0.17991E+00
   0.26687E+03   0.29920E+02   0.25844E+02   0.36836E+00  -0.17446E+00
   0.26722E+03   0.29920E+02   0.25948E+02   0.36740E+00  -0.16583E+00
   0.26757E+03   0.29921E+02   0.25968E+02   0.37420E+00  -0.16988E+00
   0.26792E+03   0.29923E+02   0.25878E+02   0.37913E+00  -0.17596E+00
   0.26827E+03   0.29924E+02   0.25618E+02   0.37095E+00  -0.17763E+00
   0.26862E+03   0.29923E+02   0.25773E+02   0.36357E+00  -0.17217E+00
   0.26897E+03   0.29919E+02   0.26025E+02   0.36601E+00  -0.16171E+00
   0.26932E+03   0.29918E+02   0.25930E+02   0.36987E+00  -0.16186E+00
   0.26967E+03   0.29917E+02   0.25906E+02   0.36657E+00  -0.17047E+00
   0.27002E+03   0.29915E+02   0.25735E+02   0.36719E+00  -0.18397E+00
   0.27037E+03   0.29915E+02   0.25658E+02   0.36925E+00  -0.18054E+00
   0.27072E+03   0.29915E+02   0.25668E+02   0.36758E+00  -0.17518E+00
   0.27107E+03   0.29916E+02   0.25264E+02   0.36787E+00  -0.19335E+00
   0.27142E+03   0.29915E+02   0.24991E+02   0.36410E+00  -0.20246E+00
   0.27177E+03   0.29916E+02   0.25112E+02   0.36156E+00  -0.19896E+00
   0.27212E+03   0.29917E+02   0.25273E+02   0.37006E+00  -0.19928E+00
   0.27247E+03   0.29921E+02   0.25108E+02   0.38231E+00  -0.21152E+00
   0.27282E+03   0.29926E+02   0.24720E+02   0.38287E+00  -0.22978E+00
   0.27317E+03   0.29927E+02   0.24521E+02   0.38124E+00  -0.24103E+00
   0.27352E+03   0.29928E+02   0.24583E+02   0.38721E+00  -0.24272E+00
   0.27387E+03   0.29932E+02   0.24745E+02   0.39696E+00  -0.24056E+00
   0.27422E+03   0.29936E+02   0.24891E+02   0.40774E+00  -0.24718E+00
   0.27457E+03   0.29940E+02   0.25029E+02   0.41443E+00  -0.25372E+00
   0.27492E+03   0.29944E+02   0.25252E+02   0.41748E+00  -0.24672E+00
   0.27527E+03   0.29947E+02   0.25597E+02   0.42402E+00  -0.23597E+00
   0.27562E+03   0.29951E+02   0.25709E+02   0.43641E+00  -0.23372E+00
   0.27597E+03   0.29954E+02   0.25435E+02   0.44054E+00  -0.23687E+00
   0.27632E+03   0.29955E+02   0.25301E+02   0.43192E+00  -0.23477E+00
   0.27667E+03   0.29955E+02   0.25270E+02   0.42462E+00  -0.22973E+00
   0.27702E+03   0.29954E+02   0.25290E+02   0.42730E+00  -0.21870E+00
   0.27737E+03   0.29955E+02   0.25563E+02   0.43312E+00  -0.20728E+00
   0.27772E+03   0.29956E+02   0.25753E+02   0.42688E+00  -0.20579E+00
   0.27807E+03   0.29954E+02   0.25950E+02   0.42138E+00  -0.19371E+00
   0.27842E+03   0.29953E+02   0.26152E+02   0.42552E+00  -0.17708E+00
   0.27877E+03   0.29954E+02   0.26228E+02   0.42728E+00  -0.17005E+00
   0.27912E+03   0.29953E+02   0.26325E+02   0.41940E+00  -0.16366E+00
   0.27947E+03   0.29949E+02   0.26396E+02   0.40985E+00  -0.15320E+00
   0.27982E+03   0.29947E+02   0.26489E+02   0.40019E+00  -0.13450E+00
   0.28017E+03   0.29941E+02   0.26586E+02   0.38796E+00  -0.12168E+00
   0.28052E+03   0.29936E+02   0.26554E+02   0.38433E+00  -0.12496E+00
   0.28087E+03   0.29933E+02   0.26504E+02   0.37652E+00  -0.12370E+00
   0.28122E+03   0.29928E+02   0.26610E+02   0.36383E+00  -0.11257E+00
   0.28157E+03   0.29920E+02   0.26511E+02   0.35493E+00  -0.11653E+00
   0.28192E+03   0.29912E+02   0.26210E+02   0.34923E+00  -0.12326E+00
   0.28227E+03   0.29905E+02   0.26149E+02   0.34296E+00  -0.11898E+00
   0.28262E+03   0.29898E+02   0.26194E+02   0.33612E+00  -0.12276E+00
   0.28297E+03   0.29894E+02   0.25994E+02   0.33325E+00  -0.13136E+00
   0.28332E+03   0.29890E+02   0.25756E+02   0.33166E+00  -0.13701E+00
   0.28367E+03   0.29885E+02   0.25769E+02   0.33179E+00  -0.14065E+00
   0.28402E+03   0.29883E+02   0.25772E+02   0.33424E+00  -0.14425E+00
   0.28437E+03   0.29882E+02   0.25773E+02   0.33182E+00  -0.15017E+00
   0.28472E+03   0.29880E+02   0.25730E+02   0.33400E+00  -0.16006E+00
   0.28507E+03   0.29885E+02   0.25428E+02   0.33991E+00  -0.17275E+00
   0.28542E+03   0.29889E+02   0.25249E+02   0.33906E+00  -0.18148E+00
   0.28577E+03   0.29889E+02   0.25561E+02   0.33867E+00  -0.18028E+00
   0.28612E+03   0.29890E+02   0.25911E+02   0.34453E+00  -0.17210E+00
   0.28647E+03   0.29894E+02   0.26068E+02   0.35345E+00  -0.17070E+00
   0.28682E+03   0.29898E+02   0.26089E+02   0.35622E+00  -0.18090E+00
   0.28717E+03   0.29901E+02   0.26087E+02   0.35754E+00  -0.18570E+00
   0.28752E+03   0.29904E+02   0.26191E+02   0.36281E+00  -0.18146E+00
   0.28787E+03   0.29909E+02   0.26338E+02   0.36839E+00  -0.17644E+00
   0.28822E+03   0.29912E+02   0.26482E+02   0.36414E+00  -0.17346E+00
   0.28857E+03   0.29911E+02   0.26634E+02   0.35883E+00  -0.16616E+00
   0.28892E+03   0.29910E+02   0.26546E+02   0.36020E+00  -0.16256E+00
   0.28927E+03   0.29910E+02   0.26472E+02   0.36355E+00  -0.16511E+00
   0.28962E+03   0.29910E+02   0.26402E+02   0.36836E+00  -0.16799E+00
   0.28997E+03   0.29913E+02   0.25953E+02   0.36774E+00  -0.18169E+00
   0.29032E+03   0.29914E+02   0.25707E+02   0.36053E+00  -0.18860E+00
   0.29067E+03   0.29913E+02   0.25641E+02   0.35662E+00  -0.18446E+00
   0.29102E+03   0.29912E+02   0.25779E+02   0.35727E+00  -0.17971E+00
   0.29137E+03   0.29913E+02   0.25727E+02   0.36617E+00  -0.18343E+00
   0.29172E+03   0.29917E+02   0.25290E+02   0.37327E+00  -0.20100E+00
   0.29207E+03   0.29920E+02   0.25042E+02   0.37185E+00  -0.21329E+00
   0.29242E+03   0.29922E+02   0.24981E+02   0.37645E+00  -0.21253E+00
   0.29277E+03   0.29926E+02   0.25175E+02   0.38095E+00  -0.20789E+00
   0.29312E+03   0.29928E+02   0.25382E+02   0.38112E+00  -0.20575E+00
   0.29347E+03   0.29928E+02   0.25459E+02   0.38609E+00  -0.20877E+00
   0.29382E+03   0.29930E+02   0.25542E+02   0.39290E+00  -0.21198E+00
   0.29417E+03   0.29933E+02   0.25648E+02   0.39943E+00  -0.21174E+00
   0.29452E+03   0.29937E+02   0.25609E+02   0.40746E+00  -0.21609E+00
   0.29487E+03   0.29941E+02   0.25619E+02   0.40588E+00  -0.21393E+00
   0.29522E+03   0.29941E+02   0.25760E+02   0.39675E+00  -0.20139E+00
   0.29557E+03   0.29939E+02   0.25790E+02   0.39114E+00  -0.19210E+00
   0.29592E+03   0.29937E+02   0.25761E+02   0.39410E+00  -0.19011E+00
   0.29627E+03   0.29937E+02   0.25694E+02   0.40156E+00  -0.19386E+00
   0.29662E+03   0.29940E+02   0.25622E+02   0.40301E+00  -0.19964E+00
   0.29697E+03   0.29941E+02   0.25627E+02   0.39512E+00  -0.19941E+00
   0.29732E+03   0.29938E+02   0.25717E+02   0.39068E+00  -0.18746E+00
   0.29767E+03   0.29935E+02   0.25729E+02   0.39292E+00  -0.18033E+00
   0.29802E+03   0.29935E+02   0.25899E+02   0.39459E+00  -0.17932E+00
   0.29837E+03   0.29937E+02   0.26116E+02   0.39493E+00  -0.17714E+00
   0.29872E+03   0.29938E+02   0.26057E+02   0.39355E+00  -0.17641E+00
   0.29907E+03   0.29939E+02   0.26176E+02   0.39159E+00  -0.16304E+00
   0.29942E+03   0.29937E+02   0.26474E+02   0.38819E+00  -0.14309E+00
   0.29977E+03   0.29933E+02   0.26661E+02   0.38176E+00  -0.13440E+00
   0.30012E+03   0.29928E+02   0.26466E+02   0.37399E+00  -0.13965E+00
   0.30047E+03   0.29924E+02   0.26164E+02   0.36932E+00  -0.14865E+00
   0.30082E+03   0.29921E+02   0.26047E+02   0.36647E+00  -0.14865E+00
   0.30118E+03   0.29915E+02   0.25906E+02   0.36050E+00  -0.15173E+00
   0.30153E+03   0.29910E+02   0.25791E+02   0.35502E+00  -0.15920E+00
   0.30188E+03   0.29906E+02   0.25567E+02   0.35049E+00  -0.16630E+00
   0.30223E+03   0.29903E+02   0.25445E+02   0.34819E+00  -0.17396E+00
   0.30258E+03   0.29903E+02   0.25419E+02   0.35224E+00  -0.17545E+00
   0.30293E+03   0.29906E+02   0.25212E+02   0.35852E+00  -0.18380E+00
   0.30328E+03   0.29908E+02   0.25069E+02   0.36357E+00  -0.19372E+00
   0.30363E+03   0.29911E+02   0.25061E+02   0.36372E+00  -0.19821E+00
   0.30398E+03   0.29913E+02   0.24896E+02   0.36182E+00  -0.20441E+00
   0.30433E+03   0.29913E+02   0.24816E+02   0.36385E+00  -0.20972E+00
   0.30468E+03   0.29916E+02   0.25090E+02   0.37427E+00  -0.21072E+00
   0.30503E+03   0.29922E+02   0.25357E+02   0.38173E+00  -0.20796E+00
   0.30538E+03   0.29925E+02   0.25490E+02   0.38389E+00  -0.21244E+00
   0.30573E+03   0.29927E+02   0.25732E+02   0.38963E+00  -0.21209E+00
   0.30608E+03   0.29931E+02   0.25936E+02   0.39648E+00  -0.20100E+00
   0.30643E+03   0.29935E+02   0.26094E+02   0.39604E+00  -0.19304E+00
   0.30678E+03   0.29936E+02   0.26257E+02   0.39333E+00  -0.18991E+00
   0.30713E+03   0.29936E+02   0.26156E+02   0.39157E+00  -0.18321E+00
   0.30748E+03   0.29935E+02   0.25829E+02   0.39150E+00  -0.18390E+00
   0.30783E+03   0.29933E+02   0.25726E+02   0.38919E+00  -0.19033E+00
   0.30818E+03   0.29931E+02   0.25896E+02   0.38393E+00  -0.18287E+00
   0.30853E+03   0.29930E+02   0.25985E+02   0.38316E+00  -0.17272E+00
   0.30888E+03   0.29929E+02   0.25904E+02   0.38160E+00  -0.17683E+00
   0.30923E+03   0.29928E+02   0.25915E+02   0.38037E+00  -0.17822E+00
   0.30958E+03   0.29927E+02   0.26025E+02   0.38189E+00  -0.16795E+00
   0.30993E+03   0.29928E+02   0.25997E+02   0.38452E+00  -0.16493E+00
   0.31028E+03   0.29928E+02   0.26019E+02   0.38349E+00  -0.16445E+00
   0.31063E+03   0.29927E+02   0.26079E+02   0.38026E+00  -0.15811E+00
   0.31098E+03   0.29924E+02   0.26206E+02   0.37234E+00  -0.15054E+00
   0.31133E+03   0.29920E+02   0.26452E+02   0.36997E+00  -0.14164E+00
   0.31168E+03   0.29919E+02   0.26467E+02   0.37161E+00  -0.13737E+00
   0.31203E+03   0.29918E+02   0.26273E+02   0.36602E+00  -0.14563E+00
   0.31238E+03   0.29914E+02   0.26087E+02   0.36020E+00  -0.15162E+00
   0.31273E+03   0.29910E+02   0.26071E+02   0.35531E+00  -0.14824E+00
   0.31308E+03   0.29907E+02   0.26298E+02   0.35110E+00  -0.13927E+00
   0.31343E+03   0.29905E+02   0.26458E+02   0.34894E+00  -0.13597E+00
   0.31378E+03   0.29903E+02   0.26340E+02   0.34841E+00  -0.14487E+00
   0.31413E+03   0.29900E+02   0.26070E+02   0.34502E+00  -0.15199E+00
   0.31448E+03   0.29897E+02   0.25859E+02   0.34313E+00  -0.15668E+00
   0.31483E+03   0.29896E+02   0.25861E+02   0.34772E+00  -0.15911E+00
   0.31518E+03   0.29896E+02   0.25885E+02   0.34946E+00  -0.15953E+00
   0.31553E+03   0.29895E+02   0.25767E+02   0.34285E+00  -0.16789E+00
   0.31588E+03   0.29893E+02   0.25569E+02   0.34091E+00  -0.17979E+00
   0.31623E+03   0.29894E+02   0.25493E+02   0.34730E+00  -0.18263E+00
   0.31658E+03   0.29898E+02   0.25521E+02   0.35682E+00  -0.18652E+00
   0.31693E+03   0.29903E+02   0.25415E+02   0.36248E+00  -0.19776E+00
   0.31728E+03   0.29909E+02   0.25167E+02   0.36297E+00  -0.21032E+00
   0.31763E+03   0.29911E+02   0.25166E+02   0.36089E+00  -0.21121E+00
   0.31798E+03   0.29912E+02   0.25451E+02   0.36487E+00  -0.20281E+00
   0.31833E+03   0.29914E+02   0.25665E+02   0.37714E+00  -0.20064E+00
   0.31868E+03   0.29920E+02   0.25866E+02   0.38682E+00  -0.20440E+00
   0.31903E+03   0.29926E+02   0.25951E+02   0.38932E+00  -0.20749E+00
   0.31938E+03   0.29930E+02   0.25857E+02   0.38752E+00  -0.20650E+00
   0.31973E+03   0.29930E+02   0.25758E+02   0.38917E+00  -0.20231E+00
   0.32008E+03   0.29932E+02   0.25615E+02   0.39095E+00  -0.19954E+00
   0.32043E+03   0.29933E+02   0.25556E+02   0.38931E+00  -0.20148E+00
   0.32078E+03   0.29934E+02   0.25521E+02   0.38757E+00  -0.20476E+00
   0.32113E+03   0.29934E+02   0.25217E+02   0.38556E+00  -0.21338E+00
   0.32148E+03   0.29933E+02   0.25249E+02   0.38883E+00  -0.21204E+00
   0.32183E+03   0.29935E+02   0.25582E+02   0.39782E+00  -0.20224E+00
   0.32218E+03   0.29936E+02   0.26025E+02   0.40103E+00  -0.19259E+00
   0.32253E+03   0.29937E+02   0.26386E+02   0.40271E+00  -0.18417E+00
   0.32288E+03   0.29939E+02   0.26171E+02   0.40483E+00  -0.18926E+00
   0.32323E+03   0.29940E+02   0.26131E+02   0.40636E+00  -0.18451E+00
   0.32358E+03   0.29942E+02   0.26101E+02   0.40322E+00  -0.17169E+00
   0.32393E+03   0.29940E+02   0.25940E+02   0.39205E+00  -0.16885E+00
   0.32428E+03   0.29935E+02   0.25974E+02   0.38506E+00  -0.16210E+00
   0.32463E+03   0.29932E+02   0.26029E+02   0.38055E+00  -0.15556E+00
   0.32498E+03   0.29929E+02   0.26260E+02   0.37442E+00  -0.14945E+00
   0.32533E+03   0.29926E+02   0.26461E+02   0.37314E+00  -0.14406E+00
   0.32568E+03   0.29923E+02   0.26481E+02   0.37675E+00  -0.14455E+00
   0.32603E+03   0.29923E+02   0.26338E+02   0.37443E+00  -0.14438E+00
   0.32638E+03   0.29919E+02   0.26096E+02   0.36392E+00  -0.15229E+00
   0.32673E+03   0.29913E+02   0.26109E+02   0.36029E+00  -0.15166E+00
   0.32708E+03   0.29911E+02   0.26225E+02   0.35870E+00  -0.13949E+00
   0.32743E+03   0.29910E+02   0.26217E+02   0.35325E+00  -0.14032E+00
   0.32778E+03   0.29907E+02   0.26082E+02   0.34834E+00  -0.14981E+00
   0.32813E+03   0.29905E+02   0.26055E+02   0.34527E+00  -0.14634E+00
   0.32848E+03   0.29903E+02   0.26151E+02   0.34617E+00  -0.13864E+00
   0.32883E+03   0.29901E+02   0.26088E+02   0.34868E+00  -0.15029E+00
   0.32918E+03   0.29900E+02   0.26118E+02   0.34926E+00  -0.15595E+00
   0.32953E+03   0.29899E+02   0.25968E+02   0.34529E+00  -0.15733E+00
   0.32988E+03   0.29896E+02   0.25458E+02   0.34200E+00  -0.17810E+00
   0.33023E+03   0.29895E+02   0.25383E+02   0.34426E+00  -0.18474E+00
   0.33058E+03   0.29896E+02   0.25506E+02   0.34777E+00  -0.17806E+00
   0.33093E+03   0.29898E+02   0.25244E+02   0.35071E+00  -0.19010E+00
   0.33128E+03   0.29901E+02   0.24968E+02   0.35315E+00  -0.21014E+00
   0.33163E+03   0.29904E+02   0.24900E+02   0.35597E+00  -0.21772E+00
   0.33198E+03   0.29908E+02   0.25108E+02   0.36327E+00  -0.21546E+00
   0.33233E+03   0.29914E+02   0.25262E+02   0.37528E+00  -0.21983E+00
   0.33268E+03   0.29921E+02   0.25147E+02   0.38162E+00  -0.22896E+00
   0.33303E+03   0.29924E+02   0.25132E+02   0.38321E+00  -0.23365E+00
   0.33338E+03   0.29926E+02   0.25335E+02   0.38996E+00  -0.22930E+00
   0.33373E+03   0.29931E+02   0.25470E+02   0.40054E+00  -0.22532E+00
   0.33408E+03   0.29936E+02   0.25640E+02   0.40670E+00  -0.22623E+00
   0.33443E+03   0.29939E+02   0.25463E+02   0.40861E+00  -0.23336E+00
   0.33478E+03   0.29942E+02   0.25226E+02   0.40885E+00  -0.23586E+00
   0.33513E+03   0.29944E+02   0.25476E+02   0.40843E+00  -0.22467E+00
   0.33548E+03   0.29944E+02   0.25666E+02   0.41167E+00  -0.21960E+00
   0.33583E+03   0.29946E+02   0.25657E+02   0.42089E+00  -0.21872E+00
   0.33618E+03   0.29948E+02   0.25718E+02   0.42331E+00  -0.21547E+00
   0.33653E+03   0.29949E+02   0.25729E+02   0.41652E+00  -0.21540E+00
   0.33688E+03   0.29947E+02   0.25677E+02   0.41727E+00  -0.20894E+00
   0.33723E+03   0.29948E+02   0.25767E+02   0.42526E+00  -0.19896E+00
   0.33758E+03   0.29950E+02   0.25767E+02   0.42435E+00  -0.19629E+00
   0.33793E+03   0.29950E+02   0.25705E+02   0.41184E+00  -0.19581E+00
   0.33828E+03   0.29948E+02   0.25740E+02   0.40653E+00  -0.18880E+00
   0.33863E+03   0.29946E+02   0.25716E+02   0.41021E+00  -0.17769E+00
   0.33898E+03   0.29946E+02   0.25730E+02   0.40870E+00  -0.17486E+00
   0.33933E+03   0.29944E+02   0.25832E+02   0.40370E+00  -0.17680E+00
   0.33968E+03   0.29943E+02   0.25766E+02   0.39998E+00  -0.17359E+00
   0.34003E+03   0.29941E+02   0.25676E+02   0.39018E+00  -0.16780E+00
   0.34038E+03   0.29938E+02   0.25524E+02   0.38614E+00  -0.16875E+00
   0.34073E+03   0.29934E+02   0.25637E+02   0.38795E+00  -0.16510E+00
   0.34108E+03   0.29931E+02   0.25979E+02   0.38351E+00  -0.15145E+00
   0.34143E+03   0.29929E+02   0.25984E+02   0.37934E+00  -0.15239E+00
   0.34178E+03   0.29927E+02   0.25861E+02   0.37764E+00  -0.15998E+00
   0.34213E+03   0.29925E+02   0.25888E+02   0.37464E+00  -0.15562E+00
   0.34248E+03   0.29921E+02   0.26064E+02   0.37088E+00  -0.14702E+00
   0.34283E+03   0.29919E+02   0.26012E+02   0.36958E+00  -0.14857E+00
   0.34318E+03   0.29918E+02   0.25800E+02   0.36101E+00  -0.15742E+00
   0.34353E+03   0.29914E+02   0.25751E+02   0.35436E+00  -0.15453E+00
   0.34388E+03   0.29910E+02   0.25749E+02   0.35265E+00  -0.15071E+00
   0.34423E+03   0.29909E+02   0.25777E+02   0.35201E+00  -0.15256E+00
   0.34458E+03   0.29908E+02   0.25599E+02   0.35071E+00  -0.16098E+00
   0.34493E+03   0.29906E+02   0.25419E+02   0.34845E+00  -0.17249E+00
   0.34528E+03   0.29905E+02   0.25532E+02   0.34949E+00  -0.16833E+00
   0.34563E+03   0.29904E+02   0.25678E+02   0.34983E+00  -0.16339E+00
   0.34598E+03   0.29904E+02   0.25703E+02   0.35284E+00  -0.17099E+00
   0.34633E+03   0.29905E+02   0.25673E+02   0.35964E+00  -0.17665E+00
   0.34668E+03   0.29908E+02   0.25467E+02   0.36341E+00  -0.18455E+00
   0.34703E+03   0.29909E+02   0.25258E+02   0.35855E+00  -0.19876E+00
   0.34738E+03   0.29908E+02   0.25361E+02   0.36404E+00  -0.20217E+00
   0.34773E+03   0.29912E+02   0.25383E+02   0.37388E+00  -0.19862E+00
   0.34808E+03   0.29915E+02   0.25432E+02   0.36972E+00  -0.20224E+00
   0.34843E+03   0.29915E+02   0.25517E+02   0.36995E+00  -0.20787E+00
   0.34878E+03   0.29919E+02   0.25385E+02   0.37723E+00  -0.21159E+00
   0.34913E+03   0.29923E+02   0.25373E+02   0.38603E+00  -0.21185E+00
   0.34948E+03   0.29927E+02   0.25449E+02   0.39413E+00  -0.21406E+00
   0.34983E+03   0.29931E+02   0.25415E+02   0.39074E+00  -0.21869E+00
   0.35018E+03   0.29932E+02   0.25593E+02   0.38894E+00  -0.20996E+00
   0.35053E+03   0.29933E+02   0.25786E+02   0.39320E+00  -0.20160E+00
   0.35088E+03   0.29935E+02   0.25721E+02   0.39723E+00  -0.20332E+00
   0.35123E+03   0.29937E+02   0.25636E+02   0.40111E+00  -0.20603E+00
   0.35158E+03   0.29939E+02   0.25797E+02   0.40396E+00  -0.20617E+00
   0.35193E+03   0.29940E+02   0.26165E+02   0.40355E+00  -0.19230E+00
   0.35228E+03   0.29941E+02   0.26381E+02   0.40048E+00  -0.17327E+00
   0.35263E+03   0.29940E+02   0.26092E+02   0.39690E+00  -0.17886E+00
   0.35298E+03   0.29939E+02   0.25857E+02   0.39388E+00  -0.18197E+00
   0.35333E+03   0.29938E+02   0.26095E+02   0.39280E+00  -0.16566E+00
   0.35368E+03   0.29935E+02   0.26289E+02   0.39097E+00  -0.15938E+00
   0.35403E+03   0.29934E+02   0.26268E+02   0.38887E+00  -0.15656E+00
   0.35438E+03   0.29932E+02   0.26254E+02   0.38149E+00  -0.15019E+00
   0.35473E+03   0.29928E+02   0.26386E+02   0.37290E+00  -0.14330E+00
   0.35508E+03   0.29922E+02   0.26410E+02   0.36546E+00  -0.13513E+00
   0.35543E+03   0.29919E+02   0.26457E+02   0.36830E+00  -0.13091E+00
   0.35578E+03   0.29919E+02   0.26612E+02   0.37197E+00  -0.12934E+00
   0.35613E+03   0.29917E+02   0.26555E+02   0.36196E+00  -0.13222E+00
   0.35648E+03   0.29909E+02   0.26344E+02   0.34850E+00  -0.13537E+00
   0.35683E+03   0.29902E+02   0.26194E+02   0.34375E+00  -0.13455E+00
   0.35718E+03   0.29903E+02   0.26050E+02   0.34522E+00  -0.13833E+00
   0.35753E+03   0.29900E+02   0.25974E+02   0.33970E+00  -0.14247E+00
   0.35788E+03   0.29892E+02   0.25813E+02   0.33568E+00  -0.15215E+00
   0.35823E+03   0.29888E+02   0.25569E+02   0.33410E+00  -0.16024E+00
   0.35858E+03   0.29888E+02   0.25417E+02   0.33973E+00  -0.16650E+00
   0.35893E+03   0.29894E+02   0.25181E+02   0.34269E+00  -0.18668E+00
   0.35928E+03   0.29897E+02   0.24914E+02   0.33955E+00  -0.19972E+00
   0.35963E+03   0.29895E+02   0.25008E+02   0.34380E+00  -0.19513E+00
   0.35998E+03   0.29896E+02   0.25186E+02   0.35687E+00  -0.19961E+00
   0.36033E+03   0.29902E+02   0.25222E+02   0.36722E+00  -0.20992E+00
   0.36068E+03   0.29909E+02   0.25256E+02   0.37178E+00  -0.22129E+00
   0.36103E+03   0.29915E+02   0.25142E+02   0.37899E+00  -0.23327E+00
   0.36138E+03   0.29922E+02   0.25354E+02   0.38577E+00  -0.22486E+00
   0.36173E+03   0.29926E+02   0.25573E+02   0.38993E+00  -0.22022E+00
   0.36208E+03   0.29930E+02   0.25622E+02   0.39280E+00  -0.22550E+00
   0.36243E+03   0.29933E+02   0.25961E+02   0.39758E+00  -0.21676E+00
   0.36278E+03   0.29936E+02   0.26124E+02   0.40158E+00  -0.20717E+00
   0.36313E+03   0.29939E+02   0.26363E+02   0.40234E+00  -0.20130E+00
   0.36348E+03   0.29941E+02   0.26591E+02   0.40793E+00  -0.19302E+00
   0.36383E+03   0.29942E+02   0.26545E+02   0.41016E+00  -0.18878E+00
   0.36418E+03   0.29941E+02   0.26357E+02   0.40302E+00  -0.18822E+00
   0.36453E+03   0.29940E+02   0.26298E+02   0.39736E+00  -0.18264E+00
   0.36488E+03   0.29937E+02   0.26552E+02   0.39565E+00  -0.16848E+00
   0.36523E+03   0.29937E+02   0.26362E+02   0.39691E+00  -0.16510E+00
   0.36558E+03   0.29938E+02   0.25942E+02   0.38890E+00  -0.17533E+00
   0.36593E+03   0.29934E+02   0.25611E+02   0.37937E+00  -0.18213E+00
   0.36628E+03   0.29929E+02   0.25388E+02   0.37813E+00  -0.17932E+00
   0.36663E+03   0.29928E+02   0.25376E+02   0.38216E+00  -0.17314E+00
   0.36698E+03   0.29928E+02   0.25605E+02   0.38076E+00  -0.17518E+00
   0.36733E+03   0.29926E+02   0.25839E+02   0.37951E+00  -0.17630E+00
   0.36768E+03   0.29926E+02   0.25867E+02   0.38125E+00  -0.16900E+00
   0.36803E+03   0.29927E+02   0.25759E+02   0.38148E+00  -0.17010E+00
   0.36838E+03   0.29928E+02   0.25733E+02   0.38547E+00  -0.17397E+00
   0.36873E+03   0.29929E+02   0.25776E+02   0.38499E+00  -0.16972E+00
   0.36908E+03   0.29928E+02   0.25827E+02   0.37670E+00  -0.16602E+00
   0.36943E+03   0.29925E+02   0.25765E+02   0.36943E+00  -0.16971E+00
   0.36978E+03   0.29921E+02   0.25711E+02   0.36536E+00  -0.16887E+00
   0.37013E+03   0.29918E+02   0.25866E+02   0.36525E+00  -0.16163E+00
   0.37048E+03   0.29918E+02   0.25840E+02   0.36784E+00  -0.16501E+00
   0.37083E+03   0.29917E+02   0.25751E+02   0.36561E+00  -0.17299E+00
   0.37118E+03   0.29916E+02   0.25847E+02   0.36425E+00  -0.17067E+00
   0.37153E+03   0.29914E+02   0.25827E+02   0.36498E+00  -0.16960E+00
   0.37188E+03   0.29914E+02   0.25729E+02   0.36658E+00  -0.17398E+00
   0.37223E+03   0.29914E+02   0.25900E+02   0.36311E+00  -0.17187E+00
   0.37258E+03   0.29912E+02   0.25932E+02   0.36477E+00  -0.17158E+00
   0.37293E+03   0.29914E+02   0.25693E+02   0.36963E+00  -0.17807E+00
   0.37328E+03   0.29917E+02   0.25358E+02   0.36635E+00  -0.18931E+00
   0.37363E+03   0.29917E+02   0.25106E+02   0.36283E+00  -0.19901E+00
   0.37398E+03   0.29916E+02   0.25050E+02   0.36635E+00  -0.20048E+00
   0.37433E+03   0.29917E+02   0.25203E+02   0.36789E+00  -0.19704E+00
   0.37468E+03   0.29918E+02   0.25218E+02   0.37004E+00  -0.20313E+00
   0.37503E+03   0.29921E+02   0.25136E+02   0.37633E+00  -0.21315E+00
   0.37538E+03   0.29924E+02   0.25235E+02   0.38176E+00  -0.21272E+00
   0.37573E+03   0.29928E+02   0.25282E+02   0.38905E+00  -0.20935E+00
   0.37608E+03   0.29933E+02   0.25632E+02   0.39061E+00  -0.20288E+00
   0.37643E+03   0.29934E+02   0.25806E+02   0.39187E+00  -0.19640E+00
   0.37678E+03   0.29936E+02   0.25605E+02   0.39350E+00  -0.19660E+00
   0.37713E+03   0.29936E+02   0.25536E+02   0.38915E+00  -0.19710E+00
   0.37748E+03   0.29935E+02   0.25384E+02   0.38844E+00  -0.20176E+00
   0.37783E+03   0.29935E+02   0.25248E+02   0.39316E+00  -0.20414E+00
   0.37818E+03   0.29935E+02   0.25531E+02   0.39357E+00  -0.19735E+00
   0.37853E+03   0.29934E+02   0.26131E+02   0.39068E+00  -0.18537E+00
   0.37888E+03   0.29933E+02   0.26467E+02   0.39250E+00  -0.17359E+00
   0.37923E+03   0.29934E+02   0.26494E+02   0.39656E+00  -0.17228E+00
   0.37958E+03   0.29935E+02   0.26213E+02   0.39830E+00  -0.17384E+00
   0.37993E+03   0.29936E+02   0.25839E+02   0.39519E+00  -0.17708E+00
   0.38028E+03   0.29935E+02   0.25791E+02   0.38640E+00  -0.17218E+00
   0.38063E+03   0.29933E+02   0.25721E+02   0.37747E+00  -0.16726E+00
   0.38098E+03   0.29927E+02   0.25528E+02   0.36812E+00  -0.17156E+00
   0.38133E+03   0.29920E+02   0.25659E+02   0.36787E+00  -0.16751E+00
   0.38168E+03   0.29918E+02   0.25783E+02   0.37121E+00  -0.16829E+00
   0.38203E+03   0.29920E+02   0.25572E+02   0.37356E+00  -0.17904E+00
   0.38238E+03   0.29922E+02   0.25317E+02   0.37895E+00  -0.19182E+00
   0.38273E+03   0.29925E+02   0.25072E+02   0.37757E+00  -0.19650E+00
   0.38308E+03   0.29924E+02   0.25211E+02   0.37076E+00  -0.18644E+00
   0.38343E+03   0.29922E+02   0.25546E+02   0.37174E+00  -0.17908E+00
   0.38378E+03   0.29923E+02   0.25752E+02   0.37662E+00  -0.17664E+00
   0.38413E+03   0.29924E+02   0.25855E+02   0.37977E+00  -0.17262E+00
   0.38448E+03   0.29926E+02   0.25583E+02   0.38040E+00  -0.18394E+00
   0.38483E+03   0.29926E+02   0.25510E+02   0.37967E+00  -0.19001E+00
   0.38518E+03   0.29927E+02   0.25681E+02   0.37887E+00  -0.17917E+00
   0.38553E+03   0.29926E+02   0.25759E+02   0.37535E+00  -0.17824E+00
   0.38588E+03   0.29924E+02   0.25925E+02   0.37067E+00  -0.17514E+00
   0.38623E+03   0.29922E+02   0.25910E+02   0.36682E+00  -0.17077E+00
   0.38658E+03   0.29920E+02   0.26088E+02   0.37109E+00  -0.16741E+00
   0.38693E+03   0.29921E+02   0.26333E+02   0.37841E+00  -0.16219E+00
   0.38728E+03   0.29923E+02   0.26121E+02   0.38004E+00  -0.16877E+00
   0.38763E+03   0.29923E+02   0.25986E+02   0.37316E+00  -0.17238E+00
   0.38798E+03   0.29920E+02   0.25941E+02   0.36439E+00  -0.16882E+00
   0.38833E+03   0.29916E+02   0.25797E+02   0.36096E+00  -0.16592E+00
   0.38868E+03   0.29914E+02   0.25636E+02   0.36210E+00  -0.16976E+00
   0.38903E+03   0.29913E+02   0.25547E+02   0.36304E+00  -0.17960E+00
   0.38938E+03   0.29913E+02   0.25507E+02   0.36491E+00  -0.18267E+00
   0.38973E+03   0.29913E+02   0.25528E+02   0.36752E+00  -0.18350E+00
   0.39008E+03   0.29915E+02   0.25657E+02   0.36776E+00  -0.18326E+00
   0.39043E+03   0.29916E+02   0.25815E+02   0.37230E+00  -0.18109E+00
   0.39078E+03   0.29919E+02   0.26031E+02   0.37842E+00  -0.17722E+00
   0.39113E+03   0.29924E+02   0.25876E+02   0.37457E+00  -0.18078E+00
   0.39148E+03   0.29923E+02   0.25685E+02   0.37275E+00  -0.18750E+00
   0.39183E+03   0.29921E+02   0.25777E+02   0.37833E+00  -0.18093E+00
   0.39218E+03   0.29923E+02   0.25748E+02   0.37712E+00  -0.17603E+00
   0.39253E+03   0.29923E+02   0.25617E+02   0.36985E+00  -0.18177E+00
   0.39288E+03   0.29921E+02   0.25484E+02   0.36602E+00  -0.19238E+00
   0.39323E+03   0.29919E+02   0.25560E+02   0.36854E+00  -0.18880E+00
   0.39358E+03   0.29919E+02   0.25900E+02   0.37495E+00  -0.17402E+00
   0.39393E+03   0.29920E+02   0.25943E+02   0.38056E+00  -0.18303E+00
   0.39428E+03   0.29923E+02   0.25573E+02   0.38091E+00  -0.19846E+00
   0.39463E+03   0.29924E+02   0.25299E+02   0.37858E+00  -0.20127E+00
   0.39498E+03   0.29923E+02   0.25156E+02   0.37895E+00  -0.20390E+00
   0.39533E+03   0.29926E+02   0.25152E+02   0.38077E+00  -0.20135E+00
   0.39568E+03   0.29928E+02   0.25434E+02   0.38083E+00  -0.19654E+00
   0.39603E+03   0.29929E+02   0.25680E+02   0.38454E+00  -0.19598E+00
   0.39638E+03   0.29930E+02   0.25665E+02   0.38566E+00  -0.19431E+00
   0.39673E+03   0.29930E+02   0.25844E+02   0.38772E+00  -0.18999E+00
   0.39708E+03   0.29933E+02   0.25964E+02   0.39655E+00  -0.19004E+00
   0.39743E+03   0.29936E+02   0.26078E+02   0.40031E+00  -0.18306E+00
   0.39778E+03   0.29937E+02   0.26315E+02   0.39173E+00  -0.17222E+00
   0.39813E+03   0.29935E+02   0.26104E+02   0.38194E+00  -0.17559E+00
   0.39848E+03   0.29932E+02   0.25941E+02   0.38113E+00  -0.17243E+00
   0.39883E+03   0.29931E+02   0.25870E+02   0.38180E+00  -0.16825E+00
   0.39918E+03   0.29930E+02   0.25767E+02   0.37661E+00  -0.17284E+00
   0.39953E+03   0.29926E+02   0.25829E+02   0.37006E+00  -0.16771E+00
   0.39988E+03   0.29922E+02   0.25807E+02   0.36838E+00  -0.16259E+00
   0.40023E+03   0.29919E+02   0.25719E+02   0.36919E+00  -0.16525E+00
   0.40058E+03   0.29919E+02   0.25735E+02   0.36898E+00  -0.16819E+00
   0.40093E+03   0.29918E+02   0.25921E+02   0.36857E+00  -0.16587E+00
   0.40128E+03   0.29919E+02   0.26026E+02   0.37232E+00  -0.16080E+00
   0.40163E+03   0.29920E+02   0.25986E+02   0.37174E+00  -0.16038E+00
   0.40198E+03   0.29921E+02   0.25794E+02   0.36600E+00  -0.16695E+00
   0.40233E+03   0.29920E+02   0.25697E+02   0.36152E+00  -0.16939E+00
   0.40268E+03   0.29915E+02   0.25710E+02   0.36154E+00  -0.16611E+00
   0.40303E+03   0.29913E+02   0.25589E+02   0.36370E+00  -0.17174E+00
   0.40338E+03   0.29911E+02   0.25551E+02   0.36214E+00  -0.17862E+00
   0.40373E+03   0.29909E+02   0.25402E+02   0.36251E+00  -0.18757E+00
   0.40408E+03   0.29911E+02   0.25373E+02   0.36439E+00  -0.19253E+00
   0.40443E+03   0.29913E+02   0.25420E+02   0.36587E+00  -0.19055E+00
   0.40478E+03   0.29914E+02   0.25392E+02   0.37079E+00  -0.19626E+00
   0.40513E+03   0.29916E+02   0.25434E+02   0.37705E+00  -0.19763E+00
   0.40548E+03   0.29920E+02   0.25301E+02   0.37785E+00  -0.20068E+00
   0.40583E+03   0.29922E+02   0.25144E+02   0.37841E+00  -0.21266E+00
   0.40618E+03   0.29925E+02   0.25036E+02   0.38181E+00  -0.21859E+00
   0.40653E+03   0.29927E+02   0.25125E+02   0.38500E+00  -0.21628E+00
   0.40688E+03   0.29930E+02   0.25422E+02   0.38942E+00  -0.21119E+00
   0.40723E+03   0.29931E+02   0.25649E+02   0.38966E+00  -0.20847E+00
   0.40758E+03   0.29931E+02   0.25956E+02   0.39445E+00  -0.20034E+00
   0.40793E+03   0.29935E+02   0.26168E+02   0.40468E+00  -0.19199E+00
   0.40828E+03   0.29939E+02   0.25912E+02   0.40605E+00  -0.20012E+00
   0.40863E+03   0.29940E+02   0.25766E+02   0.40211E+00  -0.20346E+00
   0.40898E+03   0.29941E+02   0.25847E+02   0.40015E+00  -0.19379E+00
   0.40933E+03   0.29940E+02   0.25999E+02   0.39463E+00  -0.18026E+00
   0.40968E+03   0.29938E+02   0.26323E+02   0.38965E+00  -0.16729E+00
   0.41003E+03   0.29936E+02   0.26682E+02   0.39168E+00  -0.15955E+00
   0.41038E+03   0.29935E+02   0.26748E+02   0.39165E+00  -0.15455E+00
   0.41073E+03   0.29935E+02   0.26533E+02   0.39051E+00  -0.15614E+00
   0.41108E+03   0.29932E+02   0.26323E+02   0.38770E+00  -0.16072E+00
   0.41143E+03   0.29929E+02   0.26332E+02   0.38005E+00  -0.15023E+00
   0.41178E+03   0.29925E+02   0.26594E+02   0.37068E+00  -0.13270E+00
   0.41213E+03   0.29919E+02   0.26784E+02   0.36395E+00  -0.12728E+00
   0.41248E+03   0.29915E+02   0.26530E+02   0.35908E+00  -0.13357E+00
   0.41283E+03   0.29912E+02   0.26106E+02   0.35641E+00  -0.14450E+00
   0.41318E+03   0.29909E+02   0.26022E+02   0.35749E+00  -0.14890E+00
   0.41353E+03   0.29906E+02   0.25964E+02   0.35416E+00  -0.14817E+00
   0.41388E+03   0.29902E+02   0.25951E+02   0.34761E+00  -0.14643E+00
   0.41423E+03   0.29898E+02   0.25928E+02   0.34418E+00  -0.15456E+00
   0.41458E+03   0.29898E+02   0.25446E+02   0.34427E+00  -0.17413E+00
   0.41493E+03   0.29900E+02   0.24948E+02   0.34417E+00  -0.19004E+00
   0.41528E+03   0.29900E+02   0.25064E+02   0.34960E+00  -0.19489E+00
   0.41563E+03   0.29902E+02   0.25281E+02   0.36028E+00  -0.19152E+00
   0.41598E+03   0.29907E+02   0.25452E+02   0.36424E+00  -0.19017E+00
   0.41633E+03   0.29908E+02   0.25360E+02   0.36047E+00  -0.20595E+00
   0.41668E+03   0.29909E+02   0.25038E+02   0.36551E+00  -0.22350E+00
   0.41703E+03   0.29915E+02   0.25058E+02   0.37958E+00  -0.22120E+00
   0.41738E+03   0.29922E+02   0.25168E+02   0.38708E+00  -0.22376E+00
   0.41773E+03   0.29927E+02   0.25011E+02   0.39004E+00  -0.23870E+00
   0.41808E+03   0.29929E+02   0.24790E+02   0.38790E+00  -0.24480E+00
   0.41843E+03   0.29930E+02   0.25043E+02   0.38955E+00  -0.23884E+00
   0.41878E+03   0.29932E+02   0.25504E+02   0.40076E+00  -0.22923E+00
   0.41913E+03   0.29937E+02   0.25737E+02   0.41358E+00  -0.22883E+00
   0.41948E+03   0.29943E+02   0.25729E+02   0.42261E+00  -0.23494E+00
   0.41983E+03   0.29948E+02   0.25667E+02   0.42248E+00  -0.23213E+00
