         493
  0.175000000000000        1312500.00000000     
         167
  0.525000000000000        3937500.00000000     
         207
  0.875000000000000        6562500.00000000     
          59
   1.22500000000000        9187500.00000000     
         311
   1.57500000000000        11812500.0000000     
         245
   1.92500000000000        14437500.0000000     
         133
   2.27500000000000        17062500.0000000     
         176
   2.62500000000000        19687500.0000000     
         493
   2.97500000000000        22312500.0000000     
         118
   3.32500000000000        24937500.0000000     
         386
   3.67500000000000        27562500.0000000     
         317
   4.02500000000000        30187500.0000000     
         521
   4.37500000000000        32812500.0000000     
          87
   4.72500000000000        35437500.0000000     
         179
   5.07500000000000        38062500.0000000     
           3
   5.42500000000000        40687500.0000000     
         273
   5.77500000000000        43312500.0000000     
         310
   6.12500000000000        45937500.0000000     
         342
   6.47500000000000        48562500.0000000     
         438
   6.82500000000000        51187500.0000000     
         505
   7.17500000000000        53812500.0000000     
          75
   7.52500000000000        56437500.0000000     
         347
   7.87500000000000        59062500.0000000     
         382
   8.22500000000000        61687500.0000000     
         126
   8.57500000000000        64312500.0000000     
         109
   8.92500000000000        66937500.0000000     
         195
   9.27500000000000        69562500.0000000     
         280
   9.62499999999999        72187500.0000000     
          63
   9.97499999999999        74812500.0000000     
         296
   10.3250000000000        77437500.0000000     
         418
   10.6750000000000        80062500.0000000     
         449
   11.0250000000000        82687500.0000000     
         406
   11.3750000000000        85312499.9999999     
         502
   11.7250000000000        87937499.9999999     
         244
   12.0750000000000        90562499.9999999     
         472
   12.4250000000000        93187499.9999999     
         380
   12.7750000000000        95812499.9999999     
         453
   13.1250000000000        98437499.9999999     
         286
   13.4750000000000        101062500.000000     
         145
   13.8250000000000        103687500.000000     
         448
   14.1750000000000        106312500.000000     
         151
   14.5250000000000        108937500.000000     
         125
   14.8750000000000        111562500.000000     
          67
   15.2250000000000        114187500.000000     
         257
   15.5750000000000        116812500.000000     
         227
   15.9250000000000        119437500.000000     
          70
   16.2750000000000        122062500.000000     
         139
   16.6250000000000        124687500.000000     
         191
   16.9750000000000        127312500.000000     
          81
   17.3250000000000        129937500.000000     
         205
   17.6750000000000        132562500.000000     
         165
   18.0250000000000        135187500.000000     
         508
   18.3750000000000        137812500.000000     
         344
   18.7250000000000        140437500.000000     
         113
   19.0750000000000        143062500.000000     
         413
   19.4250000000000        145687500.000000     
          74
   19.7750000000000        148312500.000000     
         118
   20.1250000000000        150937500.000000     
         292
   20.4750000000000        153562500.000000     
         512
   20.8250000000000        156187500.000000     
         233
   21.1750000000000        158812500.000000     
         110
   21.5250000000000        161437500.000000     
          72
   21.8750000000000        164062500.000000     
          56
   22.2250000000000        166687500.000000     
         490
   22.5750000000000        169312500.000000     
         366
   22.9250000000000        171937500.000000     
         244
   23.2750000000000        174562500.000000     
         413
   23.6250000000000        177187500.000000     
         155
   23.9750000000000        179812500.000000     
         438
   24.3250000000000        182437500.000000     
          21
   24.6750000000000        185062500.000000     
         388
   25.0250000000000        187687500.000000     
         284
   25.3750000000000        190312500.000000     
          53
   25.7250000000000        192937500.000000     
         157
   26.0750000000000        195562500.000000     
         106
   26.4250000000000        198187500.000000     
         132
   26.7750000000000        200812500.000000     
         126
   27.1250000000000        203437500.000000     
          73
   27.4750000000000        206062500.000000     
         351
   27.8250000000000        208687500.000000     
         183
   28.1750000000000        211312500.000000     
         242
   28.5250000000000        213937500.000000     
         135
   28.8750000000000        216562500.000000     
         185
   29.2250000000000        219187500.000000     
         495
   29.5750000000000        221812500.000000     
         515
   29.9250000000000        224437500.000000     
         358
   30.2750000000000        227062500.000000     
         345
   30.6250000000000        229687500.000000     
         105
   30.9750000000001        232312500.000000     
         446
   31.3250000000001        234937500.000000     
         459
   31.6750000000001        237562500.000000     
         415
   32.0250000000001        240187500.000000     
         411
   32.3750000000001        242812500.000000     
         226
   32.7250000000001        245437500.000000     
         181
   33.0750000000001        248062500.000000     
          26
   33.4250000000001        250687500.000000     
         124
   33.7750000000001        253312500.000000     
          73
   34.1250000000001        255937500.000000     
         257
   34.4750000000001        258562500.000000     
         530
   34.8250000000001        261187500.000001     
         190
   35.1750000000001        263812500.000001     
         114
   35.5250000000001        266437500.000001     
         422
   35.8750000000001        269062500.000001     
         363
   36.2250000000001        271687500.000001     
         103
   36.5750000000001        274312500.000001     
         238
   36.9250000000001        276937500.000001     
         135
   37.2750000000001        279562500.000001     
         512
   37.6250000000001        282187500.000001     
         470
   37.9750000000001        284812500.000001     
          99
   38.3250000000001        287437500.000001     
         506
   38.6750000000001        290062500.000001     
         258
   39.0250000000001        292687500.000001     
          54
   39.3750000000001        295312500.000001     
         187
   39.7250000000001        297937500.000001     
         279
   40.0750000000001        300562500.000001     
         236
   40.4250000000001        303187500.000001     
         198
   40.7750000000001        305812500.000001     
          29
   41.1250000000001        308437500.000001     
         109
   41.4750000000001        311062500.000001     
         268
   41.8250000000001        313687500.000001     
         249
   42.1750000000001        316312500.000001     
         291
   42.5250000000001        318937500.000001     
          84
   42.8750000000001        321562500.000001     
         218
   43.2250000000001        324187500.000001     
         339
   43.5750000000001        326812500.000001     
           9
   43.9250000000001        329437500.000001     
         460
   44.2750000000001        332062500.000001     
         137
   44.6250000000001        334687500.000001     
         518
   44.9750000000001        337312500.000001     
          70
   45.3250000000001        339937500.000001     
         244
   45.6750000000001        342562500.000001     
          22
   46.0250000000001        345187500.000001     
         277
   46.3750000000001        347812500.000001     
          39
   46.7250000000001        350437500.000001     
           9
   47.0750000000001        353062500.000001     
         540
   47.4250000000001        355687500.000001     
         475
   47.7750000000001        358312500.000001     
         134
   48.1250000000001        360937500.000001     
          97
   48.4750000000001        363562500.000001     
          47
   48.8250000000001        366187500.000001     
         510
   49.1750000000001        368812500.000001     
         101
   49.5250000000001        371437500.000001     
         103
   49.8750000000001        374062500.000001     
         214
   50.2250000000001        376687500.000001     
         410
   50.5750000000001        379312500.000001     
         120
   50.9250000000001        381937500.000001     
         499
   51.2750000000001        384562500.000001     
         446
   51.6250000000001        387187500.000001     
          20
   51.9750000000001        389812500.000001     
          67
   52.3250000000001        392437500.000001     
         223
   52.6750000000001        395062500.000001     
         331
   53.0250000000001        397687500.000001     
         242
   53.3750000000001        400312500.000001     
         420
   53.7250000000001        402937500.000001     
         521
   54.0750000000001        405562500.000001     
         473
   54.4250000000001        408187500.000001     
         300
   54.7750000000001        410812500.000001     
         116
   55.1250000000001        413437500.000001     
         499
   55.4750000000002        416062500.000001     
          43
   55.8250000000002        418687500.000001     
          30
   56.1750000000002        421312500.000001     
         503
   56.5250000000002        423937500.000001     
         103
   56.8750000000002        426562500.000001     
          55
   57.2250000000002        429187500.000001     
         386
   57.5750000000002        431812500.000001     
         492
   57.9250000000002        434437500.000001     
         395
   58.2750000000002        437062500.000001     
          57
   58.6250000000002        439687500.000001     
         164
   58.9750000000002        442312500.000001     
         203
   59.3250000000002        444937500.000001     
           7
   59.6750000000002        447562500.000001     
          14
   60.0250000000002        450187500.000001     
         199
   60.3750000000002        452812500.000001     
         330
   60.7250000000002        455437500.000001     
         355
   61.0750000000002        458062500.000001     
         428
   61.4250000000002        460687500.000001     
         501
   61.7750000000002        463312500.000001     
         154
   62.1250000000002        465937500.000001     
         339
   62.4750000000002        468562500.000001     
          57
   62.8250000000002        471187500.000001     
         392
   63.1750000000002        473812500.000001     
         306
   63.5250000000002        476437500.000001     
         527
   63.8750000000002        479062500.000001     
          91
   64.2250000000002        481687500.000001     
         475
   64.5750000000002        484312500.000001     
         411
   64.9250000000002        486937500.000001     
           5
   65.2750000000002        489562500.000001     
         498
   65.6250000000002        492187500.000001     
         271
   65.9750000000002        494812500.000001     
          18
   66.3250000000001        497437500.000001     
         325
   66.6750000000001        500062500.000001     
          84
   67.0250000000001        502687500.000001     
         158
   67.3750000000001        505312500.000001     
         148
   67.7250000000001        507937500.000001     
         395
   68.0750000000001        510562500.000001     
           0
   68.4250000000001        513187500.000001     
           5
   68.7750000000001        515812500.000001     
         178
   69.1250000000001        518437500.000001     
         535
   69.4750000000001        521062500.000001     
         130
   69.8250000000001        523687500.000001     
         234
   70.1750000000001        526312500.000001     
         334
   70.5250000000001        528937500.000001     
         444
   70.8750000000001        531562500.000001     
         504
   71.2250000000001        534187500.000000     
         115
   71.5750000000001        536812500.000000     
         389
   71.9250000000001        539437500.000000     
         125
   72.2750000000000        542062500.000000     
          21
   72.6250000000000        544687500.000000     
          13
   72.9750000000000        547312500.000000     
         230
   73.3250000000000        549937500.000000     
         335
   73.6750000000000        552562500.000000     
         135
   74.0250000000000        555187500.000000     
         253
   74.3750000000000        557812500.000000     
         264
   74.7250000000000        560437500.000000     
          19
   75.0750000000000        563062500.000000     
         393
   75.4250000000000        565687500.000000     
         170
   75.7750000000000        568312500.000000     
         385
   76.1250000000000        570937500.000000     
          50
   76.4750000000000        573562500.000000     
         500
   76.8250000000000        576187500.000000     
         273
   77.1750000000000        578812500.000000     
         178
   77.5250000000000        581437500.000000     
         124
   77.8750000000000        584062500.000000     
         417
   78.2250000000000        586687500.000000     
         387
   78.5749999999999        589312500.000000     
         430
   78.9249999999999        591937500.000000     
         384
   79.2749999999999        594562500.000000     
         144
   79.6249999999999        597187500.000000     
          91
   79.9749999999999        599812499.999999     
          11
   80.3249999999999        602437499.999999     
         299
   80.6749999999999        605062499.999999     
          33
   81.0249999999999        607687499.999999     
         340
   81.3749999999999        610312499.999999     
         155
   81.7249999999999        612937499.999999     
         416
   82.0749999999999        615562499.999999     
         224
   82.4249999999999        618187499.999999     
         301
   82.7749999999999        620812499.999999     
         382
   83.1249999999999        623437499.999999     
         389
   83.4749999999999        626062499.999999     
         104
   83.8249999999999        628687499.999999     
         355
   84.1749999999999        631312499.999999     
         335
   84.5249999999998        633937499.999999     
          58
   84.8749999999998        636562499.999999     
          68
   85.2249999999998        639187499.999999     
          62
   85.5749999999998        641812499.999999     
          94
   85.9249999999998        644437499.999999     
         109
   86.2749999999998        647062499.999999     
         534
   86.6249999999998        649687499.999999     
         310
   86.9749999999998        652312499.999999     
          74
   87.3249999999998        654937499.999999     
         230
   87.6749999999998        657562499.999998     
         133
   88.0249999999998        660187499.999998     
          82
   88.3749999999998        662812499.999998     
          65
   88.7249999999998        665437499.999998     
         399
   89.0749999999998        668062499.999998     
         388
   89.4249999999998        670687499.999998     
         277
   89.7749999999998        673312499.999998     
         195
   90.1249999999998        675937499.999998     
         513
   90.4749999999998        678562499.999998     
         101
   90.8249999999997        681187499.999998     
         162
   91.1749999999997        683812499.999998     
          32
   91.5249999999997        686437499.999998     
         199
   91.8749999999997        689062499.999998     
         483
   92.2249999999997        691687499.999998     
         232
   92.5749999999997        694312499.999998     
         304
   92.9249999999997        696937499.999998     
         418
   93.2749999999997        699562499.999998     
         214
   93.6249999999997        702187499.999998     
          36
   93.9749999999997        704812499.999998     
         258
   94.3249999999997        707437499.999998     
         174
   94.6749999999997        710062499.999998     
         292
   95.0249999999997        712687499.999998     
         165
   95.3749999999997        715312499.999997     
         402
   95.7249999999997        717937499.999997     
         349
   96.0749999999997        720562499.999997     
         329
   96.4249999999997        723187499.999997     
         350
   96.7749999999997        725812499.999997     
         509
   97.1249999999996        728437499.999997     
         298
   97.4749999999996        731062499.999997     
          81
   97.8249999999996        733687499.999997     
         134
   98.1749999999996        736312499.999997     
         400
   98.5249999999996        738937499.999997     
          80
   98.8749999999996        741562499.999997     
         268
   99.2249999999996        744187499.999997     
         447
   99.5749999999996        746812499.999997     
         458
   99.9249999999996        749437499.999997     
         227
   100.275000000000        752062499.999997     
         482
   100.625000000000        754687499.999997     
         357
   100.975000000000        757312499.999997     
         308
   101.325000000000        759937499.999997     
         369
   101.675000000000        762562499.999997     
         495
   102.025000000000        765187499.999997     
          29
   102.375000000000        767812499.999997     
         198
   102.725000000000        770437499.999997     
          12
   103.075000000000        773062499.999997     
          22
   103.425000000000        775687499.999997     
         245
   103.775000000000        778312499.999997     
         341
   104.125000000000        780937499.999996     
          82
   104.475000000000        783562499.999996     
         340
   104.825000000000        786187499.999996     
         270
   105.175000000000        788812499.999996     
         125
   105.525000000000        791437499.999996     
         122
   105.875000000000        794062499.999996     
         174
   106.224999999999        796687499.999996     
         476
   106.574999999999        799312499.999996     
         323
   106.924999999999        801937499.999996     
         116
   107.274999999999        804562499.999996     
          83
   107.624999999999        807187499.999996     
           1
   107.974999999999        809812499.999996     
         325
   108.324999999999        812437499.999996     
         212
   108.674999999999        815062499.999996     
         117
   109.024999999999        817687499.999996     
         532
   109.374999999999        820312499.999996     
         279
   109.724999999999        822937499.999996     
          45
   110.074999999999        825562499.999996     
          67
   110.424999999999        828187499.999996     
          40
   110.774999999999        830812499.999996     
         538
   111.124999999999        833437499.999996     
         160
   111.474999999999        836062499.999996     
         507
   111.824999999999        838687499.999996     
          69
   112.174999999999        841312499.999995     
         382
   112.524999999999        843937499.999995     
         210
   112.874999999999        846562499.999995     
         261
   113.224999999999        849187499.999995     
         190
   113.574999999999        851812499.999995     
         522
   113.924999999999        854437499.999995     
         312
   114.274999999999        857062499.999995     
         196
   114.624999999999        859687499.999995     
         173
   114.974999999999        862312499.999995     
         297
   115.324999999999        864937499.999995     
          32
   115.674999999999        867562499.999995     
          99
   116.024999999999        870187499.999995     
         335
   116.374999999999        872812499.999995     
         397
   116.724999999999        875437499.999995     
          63
   117.074999999999        878062499.999995     
         449
   117.424999999999        880687499.999995     
          59
   117.774999999999        883312499.999995     
         413
   118.124999999999        885937499.999995     
         455
   118.474999999999        888562499.999995     
         360
   118.824999999999        891187499.999995     
         283
   119.174999999999        893812499.999995     
         367
   119.524999999999        896437499.999995     
         473
   119.874999999999        899062499.999995     
         198
   120.224999999999        901687499.999995     
         300
   120.574999999999        904312499.999995     
         186
   120.924999999999        906937499.999994     
          58
   121.274999999999        909562499.999994     
         323
   121.624999999999        912187499.999994     
         439
   121.974999999999        914812499.999994     
         251
   122.324999999999        917437499.999994     
         291
   122.674999999999        920062499.999994     
          22
   123.024999999999        922687499.999994     
         417
   123.374999999999        925312499.999994     
          80
   123.724999999999        927937499.999994     
         228
   124.074999999999        930562499.999994     
         227
   124.424999999999        933187499.999994     
         504
   124.774999999999        935812499.999994     
         355
   125.124999999999        938437499.999994     
         324
   125.474999999999        941062499.999994     
         102
   125.824999999999        943687499.999994     
         408
   126.174999999999        946312499.999994     
         344
   126.524999999999        948937499.999994     
         409
   126.874999999999        951562499.999994     
          43
   127.224999999999        954187499.999994     
         249
   127.574999999999        956812499.999994     
          45
   127.924999999999        959437499.999994     
         379
   128.274999999999        962062499.999993     
         485
   128.624999999999        964687499.999993     
          36
   128.974999999999        967312499.999993     
         457
   129.324999999999        969937499.999993     
         363
   129.674999999999        972562499.999993     
         164
   130.024999999999        975187499.999993     
         290
   130.374999999999        977812499.999993     
         209
   130.724999999999        980437499.999993     
         524
   131.074999999999        983062499.999993     
         220
   131.424999999999        985687499.999993     
         105
   131.774999999999        988312499.999993     
         184
   132.124999999999        990937499.999993     
         508
   132.474999999999        993562499.999993     
         156
   132.824999999999        996187499.999993     
         256
   133.174999999999        998812499.999993     
         480
   133.524999999999        1001437499.99999     
         406
   133.874999999999        1004062499.99999     
         467
   134.224999999999        1006687499.99999     
         234
   134.574999999999        1009312499.99999     
         135
   134.924999999999        1011937499.99999     
          61
   135.274999999999        1014562499.99999     
         344
   135.624999999999        1017187499.99999     
         231
   135.974999999999        1019812499.99999     
         281
   136.324999999999        1022437499.99999     
         291
   136.674999999999        1025062499.99999     
         299
   137.024999999999        1027687499.99999     
         301
   137.374999999999        1030312499.99999     
          32
   137.724999999999        1032937499.99999     
         113
   138.074999999999        1035562499.99999     
         104
   138.424999999999        1038187499.99999     
         124
   138.774999999999        1040812499.99999     
         325
   139.124999999999        1043437499.99999     
         442
   139.474999999999        1046062499.99999     
         402
   139.824999999999        1048687499.99999     
         305
   140.174999999999        1051312499.99999     
         232
   140.524999999999        1053937499.99999     
         452
   140.874999999999        1056562499.99999     
         412
   141.224999999999        1059187499.99999     
         499
   141.574999999999        1061812499.99999     
         123
   141.924999999999        1064437499.99999     
         357
   142.274999999999        1067062499.99999     
         135
   142.624999999999        1069687499.99999     
         499
   142.974999999999        1072312499.99999     
          35
   143.324999999999        1074937499.99999     
         279
   143.674999999999        1077562499.99999     
          44
   144.024999999999        1080187499.99999     
         299
   144.374999999999        1082812499.99999     
         536
   144.724999999999        1085437499.99999     
         191
   145.074999999999        1088062499.99999     
         274
   145.424999999999        1090687499.99999     
          74
   145.774999999999        1093312499.99999     
         267
   146.124999999999        1095937499.99999     
         174
   146.474999999999        1098562499.99999     
         528
   146.824999999999        1101187499.99999     
         539
   147.174999999999        1103812499.99999     
         294
   147.524999999999        1106437499.99999     
          27
   147.874999999999        1109062499.99999     
         316
   148.224999999999        1111687499.99999     
         197
   148.574999999999        1114312499.99999     
          93
   148.924999999999        1116937499.99999     
         474
   149.274999999999        1119562499.99999     
         161
   149.624999999999        1122187499.99999     
         242
   149.974999999999        1124812499.99999     
         224
   150.324999999999        1127437499.99999     
         533
   150.674999999999        1130062499.99999     
         532
   151.024999999999        1132687499.99999     
         253
   151.374999999999        1135312499.99999     
          53
   151.724999999999        1137937499.99999     
         433
   152.074999999999        1140562499.99999     
         257
   152.424999999999        1143187499.99999     
         513
   152.774999999999        1145812499.99999     
         529
   153.124999999999        1148437499.99999     
         326
   153.474999999999        1151062499.99999     
          73
   153.824999999999        1153687499.99999     
          53
   154.174999999999        1156312499.99999     
         327
   154.524999999999        1158937499.99999     
         267
   154.874999999999        1161562499.99999     
         332
   155.224999999999        1164187499.99999     
         212
   155.574999999999        1166812499.99999     
         538
   155.924999999999        1169437499.99999     
         348
   156.274999999999        1172062499.99999     
         118
   156.624999999999        1174687499.99999     
         349
   156.974999999999        1177312499.99999     
         335
   157.324999999999        1179937499.99999     
         460
   157.674999999999        1182562499.99999     
         470
   158.024999999999        1185187499.99999     
         537
   158.374999999999        1187812499.99999     
         338
   158.724999999999        1190437499.99999     
          77
   159.074999999999        1193062499.99999     
         405
   159.424999999999        1195687499.99999     
         326
   159.774999999999        1198312499.99999     
          18
   160.124999999999        1200937499.99999     
         482
   160.474999999999        1203562499.99999     
          90
   160.824999999999        1206187499.99999     
         238
   161.174999999999        1208812499.99999     
          61
   161.524999999999        1211437499.99999     
         383
   161.874999999999        1214062499.99999     
         248
   162.224999999999        1216687499.99999     
         219
   162.574999999999        1219312499.99999     
         324
   162.924999999999        1221937499.99999     
         139
   163.274999999999        1224562499.99999     
           3
   163.624999999999        1227187499.99999     
         516
   163.974999999999        1229812499.99999     
         371
   164.324999999999        1232437499.99999     
         458
   164.674999999999        1235062499.99999     
         163
   165.024999999999        1237687499.99999     
         370
   165.374999999999        1240312499.99999     
         182
   165.724999999999        1242937499.99999     
         414
   166.074999999999        1245562499.99999     
         467
   166.424999999999        1248187499.99999     
         234
   166.774999999998        1250812499.99999     
         462
   167.124999999998        1253437499.99999     
         259
   167.474999999998        1256062499.99999     
         269
   167.824999999998        1258687499.99999     
          10
   168.174999999998        1261312499.99999     
         185
   168.524999999998        1263937499.99999     
         235
   168.874999999998        1266562499.99999     
         139
   169.224999999998        1269187499.99999     
         242
   169.574999999998        1271812499.99999     
         513
   169.924999999998        1274437499.99999     
         263
   170.274999999998        1277062499.99999     
         304
   170.624999999998        1279687499.99999     
         174
   170.974999999998        1282312499.99999     
         203
   171.324999999998        1284937499.99999     
         137
   171.674999999998        1287562499.99999     
         182
   172.024999999998        1290187499.99999     
         270
   172.374999999998        1292812499.99999     
         427
   172.724999999998        1295437499.99999     
          75
   173.074999999998        1298062499.99999     
         251
   173.424999999998        1300687499.99999     
         363
   173.774999999998        1303312499.99999     
         106
   174.124999999998        1305937499.99999     
          13
   174.474999999998        1308562499.99999     
         427
   174.824999999998        1311187499.99999     
         501
   175.174999999998        1313812499.99999     
         101
   175.524999999998        1316437499.99999     
         356
   175.874999999998        1319062499.99999     
         323
   176.224999999998        1321687499.99999     
         107
   176.574999999998        1324312499.99999     
          92
   176.924999999998        1326937499.99999     
         174
   177.274999999998        1329562499.99999     
         416
   177.624999999998        1332187499.99999     
         282
   177.974999999998        1334812499.99999     
          64
   178.324999999998        1337437499.99999     
         511
   178.674999999998        1340062499.99999     
          34
   179.024999999998        1342687499.99999     
          94
   179.374999999998        1345312499.99999     
          39
   179.724999999998        1347937499.99999     
         265
   180.074999999998        1350562499.99999     
         499
   180.424999999998        1353187499.99999     
         300
   180.774999999998        1355812499.99999     
         390
   181.124999999998        1358437499.99999     
         302
   181.474999999998        1361062499.99999     
         114
   181.824999999998        1363687499.99999     
          36
   182.174999999998        1366312499.99999     
         139
   182.524999999998        1368937499.99999     
           2
   182.874999999998        1371562499.99999     
         103
   183.224999999998        1374187499.99999     
         308
   183.574999999998        1376812499.99999     
         318
   183.924999999998        1379437499.99999     
          84
   184.274999999998        1382062499.99999     
         445
   184.624999999998        1384687499.99999     
         302
   184.974999999998        1387312499.99999     
          54
   185.324999999998        1389937499.99999     
         406
   185.674999999998        1392562499.99999     
         156
   186.024999999998        1395187499.99999     
         165
   186.374999999998        1397812499.99999     
         273
   186.724999999998        1400437499.99999     
         400
   187.074999999998        1403062499.99999     
         244
   187.424999999998        1405687499.99999     
         334
   187.774999999998        1408312499.99999     
         456
   188.124999999998        1410937499.99999     
          39
   188.474999999998        1413562499.99999     
         194
   188.824999999998        1416187499.99999     
         129
   189.174999999998        1418812499.99999     
         516
   189.524999999998        1421437499.99999     
         372
   189.874999999998        1424062499.99999     
          44
   190.224999999998        1426687499.99999     
         474
   190.574999999998        1429312499.99999     
         537
   190.924999999998        1431937499.99999     
          45
   191.274999999998        1434562499.99999     
         106
   191.624999999998        1437187499.99999     
         405
   191.974999999998        1439812499.99999     
          33
   192.324999999998        1442437499.99999     
         357
   192.674999999998        1445062499.99999     
         234
   193.024999999998        1447687499.99999     
         127
   193.374999999998        1450312499.99999     
         206
   193.724999999998        1452937499.99999     
         395
   194.074999999998        1455562499.99999     
         397
   194.424999999998        1458187499.99999     
         304
   194.774999999998        1460812499.99999     
         451
   195.124999999998        1463437499.99999     
         130
   195.474999999998        1466062499.99999     
          37
   195.824999999998        1468687499.99999     
         365
   196.174999999998        1471312499.99999     
         406
   196.524999999998        1473937499.99999     
         343
   196.874999999998        1476562499.99998     
         257
   197.224999999998        1479187499.99998     
         433
   197.574999999998        1481812499.99998     
         219
   197.924999999998        1484437499.99998     
         355
   198.274999999998        1487062499.99998     
         252
   198.624999999998        1489687499.99998     
         491
   198.974999999998        1492312499.99998     
         413
   199.324999999998        1494937499.99998     
         386
   199.674999999998        1497562499.99998     
         423
   200.024999999998        1500187499.99998     
         319
   200.374999999998        1502812499.99998     
         452
   200.724999999998        1505437499.99998     
          13
   201.074999999998        1508062499.99998     
         475
   201.424999999998        1510687499.99998     
         467
   201.774999999998        1513312499.99998     
         381
   202.124999999998        1515937499.99998     
          21
   202.474999999998        1518562499.99998     
         489
   202.824999999998        1521187499.99998     
         152
   203.174999999998        1523812499.99998     
         402
   203.524999999998        1526437499.99998     
         141
   203.874999999998        1529062499.99998     
         470
   204.224999999998        1531687499.99998     
         431
   204.574999999998        1534312499.99998     
          26
   204.924999999998        1536937499.99998     
          65
   205.274999999998        1539562499.99998     
         242
   205.624999999998        1542187499.99998     
         460
   205.974999999998        1544812499.99998     
         336
   206.324999999998        1547437499.99998     
         500
   206.674999999998        1550062499.99998     
         517
   207.024999999998        1552687499.99998     
         104
   207.374999999998        1555312499.99998     
         322
   207.724999999998        1557937499.99998     
         386
   208.074999999998        1560562499.99998     
         224
   208.424999999998        1563187499.99998     
         167
   208.774999999998        1565812499.99998     
         120
   209.124999999998        1568437499.99998     
         295
   209.474999999998        1571062499.99998     
         432
   209.824999999998        1573687499.99998     
         126
   210.174999999998        1576312499.99998     
         422
   210.524999999998        1578937499.99998     
           4
   210.874999999998        1581562499.99998     
         278
   211.224999999998        1584187499.99998     
         425
   211.574999999998        1586812499.99998     
         135
   211.924999999998        1589437499.99998     
         143
   212.274999999998        1592062499.99998     
         140
   212.624999999998        1594687499.99998     
         173
   212.974999999998        1597312499.99998     
         276
   213.324999999998        1599937499.99998     
         220
   213.674999999998        1602562499.99998     
         143
   214.024999999998        1605187499.99998     
         332
   214.374999999998        1607812499.99998     
         193
   214.724999999998        1610437499.99998     
         240
   215.074999999998        1613062499.99998     
         528
   215.424999999998        1615687499.99998     
         323
   215.774999999998        1618312499.99998     
         294
   216.124999999998        1620937499.99998     
         372
   216.474999999998        1623562499.99998     
         207
   216.824999999998        1626187499.99998     
         460
   217.174999999998        1628812499.99998     
         365
   217.524999999998        1631437499.99998     
         518
   217.874999999998        1634062499.99998     
         196
   218.224999999998        1636687499.99998     
         206
   218.574999999998        1639312499.99998     
         462
   218.924999999998        1641937499.99998     
         373
   219.274999999998        1644562499.99998     
         343
   219.624999999998        1647187499.99998     
         248
   219.974999999998        1649812499.99998     
         513
   220.324999999998        1652437499.99998     
         327
   220.674999999998        1655062499.99998     
         189
   221.024999999998        1657687499.99998     
         141
   221.374999999998        1660312499.99998     
          44
   221.724999999998        1662937499.99998     
         167
   222.074999999998        1665562499.99998     
         465
   222.424999999998        1668187499.99998     
         104
   222.774999999998        1670812499.99998     
         325
   223.124999999998        1673437499.99998     
          57
   223.474999999998        1676062499.99998     
         243
   223.824999999998        1678687499.99998     
          70
   224.174999999998        1681312499.99998     
         155
   224.524999999998        1683937499.99998     
         518
   224.874999999998        1686562499.99998     
         191
   225.224999999998        1689187499.99998     
         179
   225.574999999998        1691812499.99998     
         167
   225.924999999998        1694437499.99998     
         357
   226.274999999998        1697062499.99998     
         250
   226.624999999998        1699687499.99998     
         465
   226.974999999998        1702312499.99998     
         327
   227.324999999998        1704937499.99998     
          65
   227.674999999998        1707562499.99998     
         308
   228.024999999998        1710187499.99998     
         522
   228.374999999997        1712812499.99998     
          55
   228.724999999997        1715437499.99998     
         385
   229.074999999997        1718062499.99998     
         251
   229.424999999997        1720687499.99998     
          55
   229.774999999997        1723312499.99998     
         387
   230.124999999997        1725937499.99998     
         315
   230.474999999997        1728562499.99998     
         438
   230.824999999997        1731187499.99998     
         351
   231.174999999997        1733812499.99998     
         272
   231.524999999997        1736437499.99998     
         128
   231.874999999997        1739062499.99998     
         352
   232.224999999997        1741687499.99998     
         194
   232.574999999997        1744312499.99998     
         205
   232.924999999997        1746937499.99998     
         245
   233.274999999997        1749562499.99998     
         418
   233.624999999997        1752187499.99998     
         501
   233.974999999997        1754812499.99998     
         253
   234.324999999997        1757437499.99998     
         153
   234.674999999997        1760062499.99998     
         269
   235.024999999997        1762687499.99998     
         479
   235.374999999997        1765312499.99998     
         427
   235.724999999997        1767937499.99998     
         368
   236.074999999997        1770562499.99998     
         340
   236.424999999997        1773187499.99998     
         329
   236.774999999997        1775812499.99998     
          12
   237.124999999997        1778437499.99998     
         177
   237.474999999997        1781062499.99998     
          47
   237.824999999997        1783687499.99998     
         473
   238.174999999997        1786312499.99998     
         294
   238.524999999997        1788937499.99998     
          64
   238.874999999997        1791562499.99998     
         386
   239.224999999997        1794187499.99998     
         294
   239.574999999997        1796812499.99998     
         333
   239.924999999997        1799437499.99998     
         403
   240.274999999997        1802062499.99998     
          34
   240.624999999997        1804687499.99998     
         192
   240.974999999997        1807312499.99998     
         102
   241.324999999997        1809937499.99998     
         502
   241.674999999997        1812562499.99998     
         108
   242.024999999997        1815187499.99998     
         444
   242.374999999997        1817812499.99998     
         477
   242.724999999997        1820437499.99998     
          45
   243.074999999997        1823062499.99998     
         139
   243.424999999997        1825687499.99998     
         466
   243.774999999997        1828312499.99998     
         181
   244.124999999997        1830937499.99998     
         323
   244.474999999997        1833562499.99998     
         467
   244.824999999997        1836187499.99998     
         506
   245.174999999997        1838812499.99998     
          73
   245.524999999997        1841437499.99998     
          47
   245.874999999997        1844062499.99998     
         491
   246.224999999997        1846687499.99998     
         452
   246.574999999997        1849312499.99998     
          55
   246.924999999997        1851937499.99998     
         376
   247.274999999997        1854562499.99998     
         455
   247.624999999997        1857187499.99998     
         382
   247.974999999997        1859812499.99998     
         256
   248.324999999997        1862437499.99998     
         108
   248.674999999997        1865062499.99998     
         289
   249.024999999997        1867687499.99998     
         120
   249.374999999997        1870312499.99998     
         238
   249.724999999997        1872937499.99998     
         506
   250.074999999997        1875562499.99998     
         530
   250.424999999997        1878187499.99998     
         480
   250.774999999997        1880812499.99998     
         329
   251.124999999997        1883437499.99998     
         405
   251.474999999997        1886062499.99998     
         370
   251.824999999997        1888687499.99998     
         175
   252.174999999997        1891312499.99998     
         417
   252.524999999997        1893937499.99998     
         315
   252.874999999997        1896562499.99998     
          55
   253.224999999997        1899187499.99998     
         325
   253.574999999997        1901812499.99998     
         467
   253.924999999997        1904437499.99998     
         308
   254.274999999997        1907062499.99998     
         137
   254.624999999997        1909687499.99998     
         508
   254.974999999997        1912312499.99998     
          48
   255.324999999997        1914937499.99998     
         472
   255.674999999997        1917562499.99998     
         208
   256.024999999997        1920187499.99998     
         429
   256.374999999997        1922812499.99998     
         150
   256.724999999997        1925437499.99998     
         369
   257.074999999997        1928062499.99998     
          63
   257.424999999997        1930687499.99998     
         262
   257.774999999997        1933312499.99998     
         421
   258.124999999997        1935937499.99998     
         164
   258.474999999997        1938562499.99998     
         312
   258.824999999997        1941187499.99998     
         136
   259.174999999997        1943812499.99998     
          91
   259.524999999997        1946437499.99998     
         451
   259.874999999997        1949062499.99998     
         517
   260.224999999997        1951687499.99998     
         147
   260.574999999997        1954312499.99998     
         385
   260.924999999997        1956937499.99998     
         128
   261.274999999997        1959562499.99998     
         301
   261.624999999997        1962187499.99998     
         388
   261.974999999997        1964812499.99998     
         198
   262.324999999997        1967437499.99998     
         313
   262.674999999998        1970062499.99998     
          25
   263.024999999998        1972687499.99998     
         404
   263.374999999998        1975312499.99998     
         513
   263.724999999998        1977937499.99998     
         305
   264.074999999998        1980562499.99998     
         276
   264.424999999998        1983187499.99998     
         432
   264.774999999998        1985812499.99998     
         399
   265.124999999998        1988437499.99998     
         513
   265.474999999998        1991062499.99998     
         237
   265.824999999998        1993687499.99998     
         540
   266.174999999998        1996312499.99998     
         354
   266.524999999998        1998937499.99998     
          95
   266.874999999998        2001562499.99998     
         429
   267.224999999998        2004187499.99998     
         419
   267.574999999998        2006812499.99998     
         269
   267.924999999998        2009437499.99998     
         320
   268.274999999998        2012062499.99998     
         166
   268.624999999998        2014687499.99998     
         428
   268.974999999998        2017312499.99998     
          97
   269.324999999998        2019937499.99998     
         188
   269.674999999998        2022562499.99998     
         292
   270.024999999998        2025187499.99998     
         298
   270.374999999998        2027812499.99998     
         261
   270.724999999998        2030437499.99999     
         430
   271.074999999998        2033062499.99999     
         346
   271.424999999998        2035687499.99999     
          34
   271.774999999998        2038312499.99999     
         120
   272.124999999998        2040937499.99999     
         127
   272.474999999998        2043562499.99999     
         331
   272.824999999998        2046187499.99999     
         469
   273.174999999998        2048812499.99999     
         316
   273.524999999998        2051437499.99999     
         196
   273.874999999998        2054062499.99999     
         167
   274.224999999998        2056687499.99999     
         446
   274.574999999998        2059312499.99999     
         237
   274.924999999998        2061937499.99999     
         425
   275.274999999998        2064562499.99999     
           7
   275.624999999998        2067187499.99999     
         355
   275.974999999998        2069812499.99999     
         249
   276.324999999998        2072437499.99999     
         109
   276.674999999998        2075062499.99999     
         310
   277.024999999998        2077687499.99999     
         494
   277.374999999998        2080312499.99999     
         415
   277.724999999998        2082937499.99999     
         407
   278.074999999999        2085562499.99999     
         230
   278.424999999999        2088187499.99999     
         112
   278.774999999999        2090812499.99999     
         181
   279.124999999999        2093437499.99999     
           9
   279.474999999999        2096062499.99999     
         499
   279.824999999999        2098687499.99999     
         226
   280.174999999999        2101312499.99999     
         158
   280.524999999999        2103937499.99999     
         185
   280.874999999999        2106562499.99999     
         297
   281.224999999999        2109187499.99999     
         249
   281.574999999999        2111812499.99999     
         100
   281.924999999999        2114437499.99999     
         379
   282.274999999999        2117062499.99999     
          78
   282.624999999999        2119687499.99999     
          26
   282.974999999999        2122312499.99999     
         535
   283.324999999999        2124937499.99999     
         256
   283.674999999999        2127562499.99999     
          20
   284.024999999999        2130187499.99999     
         200
   284.374999999999        2132812499.99999     
         124
   284.724999999999        2135437499.99999     
          40
   285.074999999999        2138062499.99999     
         231
   285.424999999999        2140687499.99999     
         125
   285.774999999999        2143312499.99999     
         487
   286.124999999999        2145937499.99999     
         450
   286.474999999999        2148562499.99999     
         457
   286.824999999999        2151187499.99999     
         308
   287.174999999999        2153812499.99999     
         258
   287.524999999999        2156437499.99999     
         301
   287.874999999999        2159062499.99999     
         519
   288.224999999999        2161687499.99999     
         404
   288.574999999999        2164312499.99999     
         370
   288.924999999999        2166937499.99999     
         325
   289.274999999999        2169562499.99999     
         361
   289.624999999999        2172187499.99999     
         231
   289.974999999999        2174812499.99999     
         105
   290.324999999999        2177437499.99999     
          72
   290.674999999999        2180062499.99999     
          78
   291.024999999999        2182687500.00000     
         405
   291.374999999999        2185312500.00000     
         146
   291.724999999999        2187937500.00000     
         159
   292.074999999999        2190562500.00000     
          49
   292.424999999999        2193187500.00000     
         402
   292.774999999999        2195812500.00000     
         455
   293.124999999999        2198437500.00000     
         265
   293.475000000000        2201062500.00000     
          70
   293.825000000000        2203687500.00000     
         302
   294.175000000000        2206312500.00000     
         227
   294.525000000000        2208937500.00000     
         518
   294.875000000000        2211562500.00000     
         188
   295.225000000000        2214187500.00000     
         251
   295.575000000000        2216812500.00000     
         343
   295.925000000000        2219437500.00000     
         204
   296.275000000000        2222062500.00000     
         417
   296.625000000000        2224687500.00000     
          95
   296.975000000000        2227312500.00000     
         439
   297.325000000000        2229937500.00000     
         205
   297.675000000000        2232562500.00000     
         484
   298.025000000000        2235187500.00000     
         232
   298.375000000000        2237812500.00000     
         176
   298.725000000000        2240437500.00000     
         391
   299.075000000000        2243062500.00000     
         282
   299.425000000000        2245687500.00000     
          15
   299.775000000000        2248312500.00000     
         157
   300.125000000000        2250937500.00000     
          63
   300.475000000000        2253562500.00000     
         476
   300.825000000000        2256187500.00000     
          31
   301.175000000000        2258812500.00000     
         303
   301.525000000000        2261437500.00000     
         408
   301.875000000000        2264062500.00000     
         234
   302.225000000000        2266687500.00000     
         449
   302.575000000000        2269312500.00000     
         411
   302.925000000000        2271937500.00000     
         249
   303.275000000000        2274562500.00000     
         103
   303.625000000000        2277187500.00000     
         143
   303.975000000000        2279812500.00000     
         348
   304.325000000000        2282437500.00000     
         401
   304.675000000000        2285062500.00000     
         507
   305.025000000000        2287687500.00000     
         126
   305.375000000000        2290312500.00000     
         465
   305.725000000000        2292937500.00000     
         414
   306.075000000000        2295562500.00000     
         493
   306.425000000000        2298187500.00000     
         228
   306.775000000000        2300812500.00000     
         340
   307.125000000000        2303437500.00000     
         465
   307.475000000000        2306062500.00000     
          50
   307.825000000000        2308687500.00000     
         468
   308.175000000000        2311312500.00000     
         537
   308.525000000000        2313937500.00000     
         101
   308.875000000001        2316562500.00000     
         171
   309.225000000001        2319187500.00000     
          35
   309.575000000001        2321812500.00000     
          39
   309.925000000001        2324437500.00000     
         185
   310.275000000001        2327062500.00000     
         216
   310.625000000001        2329687500.00000     
         527
   310.975000000001        2332312500.00000     
         417
   311.325000000001        2334937500.00001     
         413
   311.675000000001        2337562500.00001     
         102
   312.025000000001        2340187500.00001     
         385
   312.375000000001        2342812500.00001     
         385
   312.725000000001        2345437500.00001     
         145
   313.075000000001        2348062500.00001     
          77
   313.425000000001        2350687500.00001     
         418
   313.775000000001        2353312500.00001     
         524
   314.125000000001        2355937500.00001     
         359
   314.475000000001        2358562500.00001     
          90
   314.825000000001        2361187500.00001     
         360
   315.175000000001        2363812500.00001     
          69
   315.525000000001        2366437500.00001     
         121
   315.875000000001        2369062500.00001     
         497
   316.225000000001        2371687500.00001     
           7
   316.575000000001        2374312500.00001     
          77
   316.925000000001        2376937500.00001     
         308
   317.275000000001        2379562500.00001     
         315
   317.625000000001        2382187500.00001     
         263
   317.975000000001        2384812500.00001     
         194
   318.325000000001        2387437500.00001     
         105
   318.675000000001        2390062500.00001     
         412
   319.025000000001        2392687500.00001     
          25
   319.375000000001        2395312500.00001     
          92
   319.725000000001        2397937500.00001     
         536
   320.075000000001        2400562500.00001     
         167
   320.425000000001        2403187500.00001     
         373
   320.775000000001        2405812500.00001     
         211
   321.125000000001        2408437500.00001     
         279
   321.475000000001        2411062500.00001     
         525
   321.825000000001        2413687500.00001     
         268
   322.175000000001        2416312500.00001     
         497
   322.525000000001        2418937500.00001     
         512
   322.875000000001        2421562500.00001     
         113
   323.225000000001        2424187500.00001     
         312
   323.575000000001        2426812500.00001     
          13
   323.925000000001        2429437500.00001     
         538
   324.275000000002        2432062500.00001     
          42
   324.625000000002        2434687500.00001     
         247
   324.975000000002        2437312500.00001     
         166
   325.325000000002        2439937500.00001     
          96
   325.675000000002        2442562500.00001     
         420
   326.025000000002        2445187500.00001     
         330
   326.375000000002        2447812500.00001     
          49
   326.725000000002        2450437500.00001     
         118
   327.075000000002        2453062500.00001     
         187
   327.425000000002        2455687500.00001     
         360
   327.775000000002        2458312500.00001     
         365
   328.125000000002        2460937500.00001     
         531
   328.475000000002        2463562500.00001     
         378
   328.825000000002        2466187500.00001     
         306
   329.175000000002        2468812500.00001     
         177
   329.525000000002        2471437500.00001     
          60
   329.875000000002        2474062500.00001     
          34
   330.225000000002        2476687500.00001     
         387
   330.575000000002        2479312500.00001     
         479
   330.925000000002        2481937500.00001     
         535
   331.275000000002        2484562500.00001     
         254
   331.625000000002        2487187500.00001     
         296
   331.975000000002        2489812500.00002     
          52
   332.325000000002        2492437500.00002     
         357
   332.675000000002        2495062500.00002     
          29
   333.025000000002        2497687500.00002     
          59
   333.375000000002        2500312500.00002     
          62
   333.725000000002        2502937500.00002     
         326
   334.075000000002        2505562500.00002     
         283
   334.425000000002        2508187500.00002     
         393
   334.775000000002        2510812500.00002     
         460
   335.125000000002        2513437500.00002     
         326
   335.475000000002        2516062500.00002     
         390
   335.825000000002        2518687500.00002     
         464
   336.175000000002        2521312500.00002     
         178
   336.525000000002        2523937500.00002     
         306
   336.875000000002        2526562500.00002     
          55
   337.225000000002        2529187500.00002     
          15
   337.575000000002        2531812500.00002     
         474
   337.925000000002        2534437500.00002     
         299
   338.275000000002        2537062500.00002     
         313
   338.625000000002        2539687500.00002     
         133
   338.975000000002        2542312500.00002     
         279
   339.325000000002        2544937500.00002     
         476
   339.675000000003        2547562500.00002     
         142
   340.025000000003        2550187500.00002     
         389
   340.375000000003        2552812500.00002     
          33
   340.725000000003        2555437500.00002     
         259
   341.075000000003        2558062500.00002     
         147
   341.425000000003        2560687500.00002     
         238
   341.775000000003        2563312500.00002     
         457
   342.125000000003        2565937500.00002     
         529
   342.475000000003        2568562500.00002     
           4
   342.825000000003        2571187500.00002     
         242
   343.175000000003        2573812500.00002     
         390
   343.525000000003        2576437500.00002     
         160
   343.875000000003        2579062500.00002     
         527
   344.225000000003        2581687500.00002     
         185
   344.575000000003        2584312500.00002     
         438
   344.925000000003        2586937500.00002     
         236
   345.275000000003        2589562500.00002     
         392
   345.625000000003        2592187500.00002     
         206
   345.975000000003        2594812500.00002     
         439
   346.325000000003        2597437500.00002     
         268
   346.675000000003        2600062500.00002     
         420
   347.025000000003        2602687500.00002     
         314
   347.375000000003        2605312500.00002     
         277
   347.725000000003        2607937500.00002     
         135
   348.075000000003        2610562500.00002     
         208
   348.425000000003        2613187500.00002     
          88
   348.775000000003        2615812500.00002     
          71
   349.125000000003        2618437500.00002     
         347
   349.475000000003        2621062500.00002     
          79
   349.825000000003        2623687500.00002     
          93
   350.175000000003        2626312500.00002     
         375
   350.525000000003        2628937500.00002     
         203
   350.875000000003        2631562500.00002     
         533
   351.225000000003        2634187500.00002     
         455
   351.575000000003        2636812500.00002     
         387
   351.925000000003        2639437500.00002     
          52
   352.275000000003        2642062500.00002     
          19
   352.625000000003        2644687500.00003     
          75
   352.975000000003        2647312500.00003     
         411
   353.325000000003        2649937500.00003     
         324
   353.675000000003        2652562500.00003     
           0
   354.025000000003        2655187500.00003     
          73
   354.375000000003        2657812500.00003     
         364
   354.725000000003        2660437500.00003     
         411
   355.075000000004        2663062500.00003     
         538
   355.425000000004        2665687500.00003     
         289
   355.775000000004        2668312500.00003     
         135
   356.125000000004        2670937500.00003     
          49
   356.475000000004        2673562500.00003     
         339
   356.825000000004        2676187500.00003     
         381
   357.175000000004        2678812500.00003     
         121
   357.525000000004        2681437500.00003     
         296
   357.875000000004        2684062500.00003     
         271
   358.225000000004        2686687500.00003     
         361
   358.575000000004        2689312500.00003     
         204
   358.925000000004        2691937500.00003     
         481
   359.275000000004        2694562500.00003     
         519
   359.625000000004        2697187500.00003     
         337
   359.975000000004        2699812500.00003     
         509
   360.325000000004        2702437500.00003     
         120
   360.675000000004        2705062500.00003     
          77
   361.025000000004        2707687500.00003     
          35
   361.375000000004        2710312500.00003     
           0
   361.725000000004        2712937500.00003     
         188
   362.075000000004        2715562500.00003     
         435
   362.425000000004        2718187500.00003     
         170
   362.775000000004        2720812500.00003     
         391
   363.125000000004        2723437500.00003     
         155
   363.475000000004        2726062500.00003     
         273
   363.825000000004        2728687500.00003     
         267
   364.175000000004        2731312500.00003     
         307
   364.525000000004        2733937500.00003     
         280
   364.875000000004        2736562500.00003     
         386
   365.225000000004        2739187500.00003     
         487
   365.575000000004        2741812500.00003     
         165
   365.925000000004        2744437500.00003     
         121
   366.275000000004        2747062500.00003     
         284
   366.625000000004        2749687500.00003     
         176
   366.975000000004        2752312500.00003     
          39
   367.325000000004        2754937500.00003     
         490
   367.675000000004        2757562500.00003     
          97
   368.025000000004        2760187500.00003     
          63
   368.375000000004        2762812500.00003     
         138
   368.725000000004        2765437500.00003     
         465
   369.075000000004        2768062500.00003     
         118
   369.425000000004        2770687500.00003     
          15
   369.775000000004        2773312500.00003     
         133
   370.125000000004        2775937500.00003     
          72
   370.475000000005        2778562500.00003     
         112
   370.825000000005        2781187500.00003     
         529
   371.175000000005        2783812500.00003     
          91
   371.525000000005        2786437500.00003     
         450
   371.875000000005        2789062500.00003     
         168
   372.225000000005        2791687500.00003     
         439
   372.575000000005        2794312500.00003     
         139
   372.925000000005        2796937500.00003     
         508
   373.275000000005        2799562500.00004     
         152
   373.625000000005        2802187500.00004     
         437
   373.975000000005        2804812500.00004     
         312
   374.325000000005        2807437500.00004     
         328
   374.675000000005        2810062500.00004     
         283
   375.025000000005        2812687500.00004     
         323
   375.375000000005        2815312500.00004     
         426
   375.725000000005        2817937500.00004     
         381
   376.075000000005        2820562500.00004     
         501
   376.425000000005        2823187500.00004     
          91
   376.775000000005        2825812500.00004     
         108
   377.125000000005        2828437500.00004     
         401
   377.475000000005        2831062500.00004     
         209
   377.825000000005        2833687500.00004     
         277
   378.175000000005        2836312500.00004     
         130
   378.525000000005        2838937500.00004     
         170
   378.875000000005        2841562500.00004     
         243
   379.225000000005        2844187500.00004     
         239
   379.575000000005        2846812500.00004     
         162
   379.925000000005        2849437500.00004     
         358
   380.275000000005        2852062500.00004     
         123
   380.625000000005        2854687500.00004     
         148
   380.975000000005        2857312500.00004     
         468
   381.325000000005        2859937500.00004     
         324
   381.675000000005        2862562500.00004     
         232
   382.025000000005        2865187500.00004     
         471
   382.375000000005        2867812500.00004     
         381
   382.725000000005        2870437500.00004     
         248
   383.075000000005        2873062500.00004     
          10
   383.425000000005        2875687500.00004     
         394
   383.775000000005        2878312500.00004     
           6
   384.125000000005        2880937500.00004     
         382
   384.475000000005        2883562500.00004     
         128
   384.825000000005        2886187500.00004     
         388
   385.175000000005        2888812500.00004     
         338
   385.525000000005        2891437500.00004     
         284
   385.875000000006        2894062500.00004     
          31
   386.225000000006        2896687500.00004     
         415
   386.575000000006        2899312500.00004     
         363
   386.925000000006        2901937500.00004     
         225
   387.275000000006        2904562500.00004     
          19
   387.625000000006        2907187500.00004     
          98
   387.975000000006        2909812500.00004     
         416
   388.325000000006        2912437500.00004     
         243
   388.675000000006        2915062500.00004     
         143
   389.025000000006        2917687500.00004     
         172
   389.375000000006        2920312500.00004     
         376
   389.725000000006        2922937500.00004     
         152
   390.075000000006        2925562500.00004     
         510
   390.425000000006        2928187500.00004     
         344
   390.775000000006        2930812500.00004     
         482
   391.125000000006        2933437500.00004     
         419
   391.475000000006        2936062500.00004     
         145
   391.825000000006        2938687500.00004     
          59
   392.175000000006        2941312500.00004     
         518
   392.525000000006        2943937500.00004     
         179
   392.875000000006        2946562500.00004     
         193
   393.225000000006        2949187500.00004     
         491
   393.575000000006        2951812500.00005     
          89
   393.925000000006        2954437500.00005     
          87
   394.275000000006        2957062500.00005     
         119
   394.625000000006        2959687500.00005     
          18
   394.975000000006        2962312500.00005     
         243
   395.325000000006        2964937500.00005     
         290
   395.675000000006        2967562500.00005     
         434
   396.025000000006        2970187500.00005     
         105
   396.375000000006        2972812500.00005     
         356
   396.725000000006        2975437500.00005     
          85
   397.075000000006        2978062500.00005     
         500
   397.425000000006        2980687500.00005     
         472
   397.775000000006        2983312500.00005     
         354
   398.125000000006        2985937500.00005     
         434
   398.475000000006        2988562500.00005     
         331
   398.825000000006        2991187500.00005     
         156
   399.175000000006        2993812500.00005     
          91
   399.525000000006        2996437500.00005     
         221
   399.875000000006        2999062500.00005     
         225
   400.225000000006        3001687500.00005     
         262
   400.575000000006        3004312500.00005     
         517
   400.925000000006        3006937500.00005     
         306
   401.275000000007        3009562500.00005     
         223
   401.625000000007        3012187500.00005     
          92
   401.975000000007        3014812500.00005     
         208
   402.325000000007        3017437500.00005     
         276
   402.675000000007        3020062500.00005     
         265
   403.025000000007        3022687500.00005     
         412
   403.375000000007        3025312500.00005     
         364
   403.725000000007        3027937500.00005     
         209
   404.075000000007        3030562500.00005     
         481
   404.425000000007        3033187500.00005     
          34
   404.775000000007        3035812500.00005     
         270
   405.125000000007        3038437500.00005     
         465
   405.475000000007        3041062500.00005     
         189
   405.825000000007        3043687500.00005     
         144
   406.175000000007        3046312500.00005     
         112
   406.525000000007        3048937500.00005     
         440
   406.875000000007        3051562500.00005     
         522
   407.225000000007        3054187500.00005     
           1
   407.575000000007        3056812500.00005     
         529
   407.925000000007        3059437500.00005     
         332
   408.275000000007        3062062500.00005     
         401
   408.625000000007        3064687500.00005     
         464
   408.975000000007        3067312500.00005     
         276
   409.325000000007        3069937500.00005     
         254
   409.675000000007        3072562500.00005     
         512
   410.025000000007        3075187500.00005     
         392
   410.375000000007        3077812500.00005     
         230
   410.725000000007        3080437500.00005     
         524
   411.075000000007        3083062500.00005     
         261
   411.425000000007        3085687500.00005     
           3
   411.775000000007        3088312500.00005     
         416
   412.125000000007        3090937500.00005     
           2
   412.475000000007        3093562500.00005     
          69
   412.825000000007        3096187500.00005     
         291
   413.175000000007        3098812500.00005     
         288
   413.525000000007        3101437500.00005     
         101
   413.875000000007        3104062500.00005     
         456
   414.225000000007        3106687500.00006     
         200
   414.575000000007        3109312500.00006     
         416
   414.925000000007        3111937500.00006     
         296
   415.275000000007        3114562500.00006     
         302
   415.625000000007        3117187500.00006     
         336
   415.975000000007        3119812500.00006     
         443
   416.325000000007        3122437500.00006     
         440
   416.675000000008        3125062500.00006     
          12
   417.025000000008        3127687500.00006     
         334
   417.375000000008        3130312500.00006     
         335
   417.725000000008        3132937500.00006     
         365
   418.075000000008        3135562500.00006     
         302
   418.425000000008        3138187500.00006     
         481
   418.775000000008        3140812500.00006     
         243
   419.125000000008        3143437500.00006     
         454
   419.475000000008        3146062500.00006     
         502
   419.825000000008        3148687500.00006     
