       time        TW        TE         hW        hE
   0.17500E+00   0.29490E+02   0.29304E+02   0.37968E-02  -0.27396E-01
   0.52500E+00   0.28769E+02   0.27940E+02   0.28753E-01  -0.91423E-01
   0.87500E+00   0.28539E+02   0.26501E+02   0.68359E-01  -0.17036E+00
   0.12250E+01   0.28636E+02   0.25002E+02   0.11569E+00  -0.26161E+00
   0.15750E+01   0.28922E+02   0.23737E+02   0.17356E+00  -0.35026E+00
   0.19250E+01   0.29246E+02   0.23034E+02   0.23455E+00  -0.42032E+00
   0.22750E+01   0.29513E+02   0.22866E+02   0.30280E+00  -0.48450E+00
   0.26250E+01   0.29702E+02   0.22666E+02   0.37501E+00  -0.55639E+00
   0.29750E+01   0.29824E+02   0.22701E+02   0.44975E+00  -0.61671E+00
   0.33250E+01   0.29899E+02   0.23408E+02   0.52319E+00  -0.64465E+00
   0.36750E+01   0.29944E+02   0.24325E+02   0.59326E+00  -0.65224E+00
   0.40250E+01   0.29970E+02   0.25246E+02   0.65670E+00  -0.63245E+00
   0.43750E+01   0.29983E+02   0.26137E+02   0.71175E+00  -0.58348E+00
   0.47250E+01   0.29990E+02   0.26874E+02   0.75588E+00  -0.52084E+00
   0.50750E+01   0.29994E+02   0.27472E+02   0.78290E+00  -0.44022E+00
   0.54250E+01   0.29997E+02   0.27974E+02   0.78536E+00  -0.35748E+00
   0.57750E+01   0.29999E+02   0.28390E+02   0.75900E+00  -0.28177E+00
   0.61250E+01   0.29999E+02   0.28728E+02   0.71191E+00  -0.20582E+00
   0.64750E+01   0.29998E+02   0.29007E+02   0.65395E+00  -0.13909E+00
   0.68250E+01   0.29995E+02   0.28973E+02   0.59028E+00  -0.89003E-01
   0.71750E+01   0.29990E+02   0.28886E+02   0.53271E+00  -0.46862E-01
   0.75250E+01   0.29984E+02   0.28859E+02   0.48916E+00  -0.14517E-01
   0.78750E+01   0.29975E+02   0.28784E+02   0.44720E+00   0.76926E-02
   0.82250E+01   0.29963E+02   0.28796E+02   0.40996E+00   0.20319E-01
   0.85750E+01   0.29950E+02   0.28701E+02   0.38403E+00   0.20966E-01
   0.89250E+01   0.29935E+02   0.28607E+02   0.36644E+00   0.26709E-01
   0.92750E+01   0.29921E+02   0.28512E+02   0.35054E+00   0.23221E-01
   0.96250E+01   0.29905E+02   0.28344E+02   0.33582E+00   0.50960E-02
   0.99750E+01   0.29891E+02   0.28204E+02   0.33052E+00  -0.64659E-03
   0.10325E+02   0.29883E+02   0.28003E+02   0.32274E+00  -0.11552E-01
   0.10675E+02   0.29872E+02   0.27733E+02   0.30909E+00  -0.29742E-01
   0.11025E+02   0.29860E+02   0.27545E+02   0.30077E+00  -0.37789E-01
   0.11375E+02   0.29847E+02   0.27434E+02   0.29452E+00  -0.43463E-01
   0.11725E+02   0.29835E+02   0.27284E+02   0.28797E+00  -0.53373E-01
   0.12075E+02   0.29821E+02   0.27043E+02   0.28086E+00  -0.73964E-01
   0.12425E+02   0.29808E+02   0.26550E+02   0.27612E+00  -0.10108E+00
   0.12775E+02   0.29801E+02   0.25995E+02   0.27062E+00  -0.12294E+00
   0.13125E+02   0.29791E+02   0.25806E+02   0.26758E+00  -0.13649E+00
   0.13475E+02   0.29787E+02   0.25398E+02   0.27066E+00  -0.15903E+00
   0.13825E+02   0.29788E+02   0.25119E+02   0.27336E+00  -0.17971E+00
   0.14175E+02   0.29793E+02   0.25139E+02   0.28508E+00  -0.19248E+00
   0.14525E+02   0.29806E+02   0.25055E+02   0.30131E+00  -0.21321E+00
   0.14875E+02   0.29825E+02   0.24926E+02   0.31618E+00  -0.23298E+00
   0.15225E+02   0.29847E+02   0.24591E+02   0.33317E+00  -0.25959E+00
   0.15575E+02   0.29869E+02   0.24406E+02   0.34742E+00  -0.28288E+00
   0.15925E+02   0.29886E+02   0.24360E+02   0.35753E+00  -0.29135E+00
   0.16275E+02   0.29899E+02   0.24361E+02   0.37385E+00  -0.30570E+00
   0.16625E+02   0.29914E+02   0.24635E+02   0.40039E+00  -0.31483E+00
   0.16975E+02   0.29930E+02   0.24896E+02   0.42334E+00  -0.32448E+00
   0.17325E+02   0.29943E+02   0.25126E+02   0.44124E+00  -0.33497E+00
   0.17675E+02   0.29953E+02   0.25743E+02   0.45997E+00  -0.32550E+00
   0.18025E+02   0.29961E+02   0.26330E+02   0.48169E+00  -0.31040E+00
   0.18375E+02   0.29968E+02   0.26720E+02   0.49920E+00  -0.29688E+00
   0.18725E+02   0.29973E+02   0.27111E+02   0.50313E+00  -0.28475E+00
   0.19075E+02   0.29976E+02   0.27481E+02   0.50286E+00  -0.25949E+00
   0.19425E+02   0.29977E+02   0.27848E+02   0.50430E+00  -0.22281E+00
   0.19775E+02   0.29977E+02   0.27849E+02   0.50147E+00  -0.19918E+00
   0.20125E+02   0.29977E+02   0.27858E+02   0.48703E+00  -0.17756E+00
   0.20475E+02   0.29975E+02   0.28248E+02   0.47093E+00  -0.14416E+00
   0.20825E+02   0.29972E+02   0.28561E+02   0.45591E+00  -0.10862E+00
   0.21175E+02   0.29967E+02   0.28473E+02   0.43822E+00  -0.86471E-01
   0.21525E+02   0.29961E+02   0.28223E+02   0.42077E+00  -0.77791E-01
   0.21875E+02   0.29952E+02   0.28012E+02   0.39692E+00  -0.66304E-01
   0.22225E+02   0.29940E+02   0.27889E+02   0.37415E+00  -0.47530E-01
   0.22575E+02   0.29928E+02   0.27875E+02   0.35577E+00  -0.37014E-01
   0.22925E+02   0.29913E+02   0.27699E+02   0.33850E+00  -0.43395E-01
   0.23275E+02   0.29895E+02   0.27522E+02   0.32619E+00  -0.48779E-01
   0.23625E+02   0.29878E+02   0.27399E+02   0.31519E+00  -0.51864E-01
   0.23975E+02   0.29865E+02   0.27243E+02   0.30690E+00  -0.60637E-01
   0.24325E+02   0.29859E+02   0.26961E+02   0.30749E+00  -0.73771E-01
   0.24675E+02   0.29857E+02   0.26596E+02   0.30584E+00  -0.94978E-01
   0.25025E+02   0.29851E+02   0.26286E+02   0.29743E+00  -0.10938E+00
   0.25375E+02   0.29841E+02   0.26071E+02   0.29400E+00  -0.11431E+00
   0.25725E+02   0.29839E+02   0.25809E+02   0.29927E+00  -0.13236E+00
   0.26075E+02   0.29842E+02   0.25511E+02   0.30649E+00  -0.15363E+00
   0.26425E+02   0.29844E+02   0.25368E+02   0.31023E+00  -0.16854E+00
   0.26775E+02   0.29846E+02   0.25338E+02   0.31034E+00  -0.18056E+00
   0.27125E+02   0.29851E+02   0.25289E+02   0.31688E+00  -0.18822E+00
   0.27475E+02   0.29861E+02   0.24820E+02   0.32856E+00  -0.21055E+00
   0.27825E+02   0.29871E+02   0.24369E+02   0.33087E+00  -0.23931E+00
   0.28175E+02   0.29879E+02   0.24215E+02   0.33589E+00  -0.25464E+00
   0.28525E+02   0.29887E+02   0.24362E+02   0.34777E+00  -0.26270E+00
   0.28875E+02   0.29896E+02   0.24611E+02   0.36418E+00  -0.27248E+00
   0.29225E+02   0.29908E+02   0.24531E+02   0.38124E+00  -0.28961E+00
   0.29575E+02   0.29919E+02   0.24690E+02   0.39385E+00  -0.30385E+00
   0.29925E+02   0.29929E+02   0.24800E+02   0.41081E+00  -0.31138E+00
   0.30275E+02   0.29940E+02   0.24584E+02   0.43230E+00  -0.32245E+00
   0.30625E+02   0.29950E+02   0.24734E+02   0.45206E+00  -0.32904E+00
   0.30975E+02   0.29958E+02   0.25401E+02   0.46342E+00  -0.32070E+00
   0.31325E+02   0.29963E+02   0.26265E+02   0.47334E+00  -0.29894E+00
   0.31675E+02   0.29967E+02   0.26605E+02   0.48601E+00  -0.28299E+00
   0.32025E+02   0.29971E+02   0.26884E+02   0.49866E+00  -0.27275E+00
   0.32375E+02   0.29975E+02   0.27167E+02   0.50511E+00  -0.25245E+00
   0.32725E+02   0.29976E+02   0.27187E+02   0.50176E+00  -0.22947E+00
   0.33075E+02   0.29977E+02   0.27193E+02   0.49255E+00  -0.20593E+00
   0.33425E+02   0.29975E+02   0.27054E+02   0.48029E+00  -0.18452E+00
   0.33775E+02   0.29974E+02   0.26983E+02   0.46725E+00  -0.16812E+00
   0.34125E+02   0.29971E+02   0.26664E+02   0.44880E+00  -0.15546E+00
   0.34475E+02   0.29967E+02   0.26457E+02   0.43081E+00  -0.14208E+00
   0.34825E+02   0.29962E+02   0.26623E+02   0.42027E+00  -0.11793E+00
   0.35175E+02   0.29956E+02   0.26679E+02   0.40975E+00  -0.10104E+00
   0.35525E+02   0.29950E+02   0.26640E+02   0.39412E+00  -0.10008E+00
   0.35875E+02   0.29940E+02   0.26794E+02   0.37867E+00  -0.89208E-01
   0.36225E+02   0.29930E+02   0.27027E+02   0.37135E+00  -0.71783E-01
   0.36575E+02   0.29923E+02   0.27035E+02   0.36544E+00  -0.68439E-01
   0.36925E+02   0.29917E+02   0.26836E+02   0.35393E+00  -0.82674E-01
   0.37275E+02   0.29910E+02   0.26672E+02   0.33708E+00  -0.89849E-01
   0.37625E+02   0.29899E+02   0.26760E+02   0.32641E+00  -0.77380E-01
   0.37975E+02   0.29890E+02   0.26927E+02   0.32095E+00  -0.69633E-01
   0.38325E+02   0.29883E+02   0.26961E+02   0.31365E+00  -0.76145E-01
   0.38675E+02   0.29872E+02   0.26896E+02   0.31019E+00  -0.86624E-01
   0.39025E+02   0.29863E+02   0.26707E+02   0.30759E+00  -0.96165E-01
   0.39375E+02   0.29860E+02   0.26502E+02   0.30201E+00  -0.10489E+00
   0.39725E+02   0.29853E+02   0.26271E+02   0.30018E+00  -0.11793E+00
   0.40075E+02   0.29843E+02   0.26040E+02   0.30188E+00  -0.13196E+00
   0.40425E+02   0.29842E+02   0.25822E+02   0.29999E+00  -0.14199E+00
   0.40775E+02   0.29842E+02   0.25514E+02   0.29319E+00  -0.15868E+00
   0.41125E+02   0.29837E+02   0.25321E+02   0.29919E+00  -0.17664E+00
   0.41475E+02   0.29841E+02   0.25320E+02   0.31995E+00  -0.18335E+00
   0.41825E+02   0.29855E+02   0.25084E+02   0.33211E+00  -0.20040E+00
   0.42175E+02   0.29867E+02   0.24553E+02   0.33313E+00  -0.24000E+00
   0.42525E+02   0.29874E+02   0.24173E+02   0.33754E+00  -0.26631E+00
   0.42875E+02   0.29885E+02   0.23963E+02   0.35438E+00  -0.27361E+00
   0.43225E+02   0.29899E+02   0.24076E+02   0.36893E+00  -0.28632E+00
   0.43575E+02   0.29911E+02   0.24348E+02   0.38341E+00  -0.30227E+00
   0.43925E+02   0.29923E+02   0.24270E+02   0.40010E+00  -0.31897E+00
   0.44275E+02   0.29934E+02   0.24415E+02   0.42092E+00  -0.32630E+00
   0.44625E+02   0.29945E+02   0.24739E+02   0.44152E+00  -0.32987E+00
   0.44975E+02   0.29954E+02   0.24943E+02   0.45962E+00  -0.33669E+00
   0.45325E+02   0.29961E+02   0.25361E+02   0.48065E+00  -0.33177E+00
   0.45675E+02   0.29967E+02   0.25959E+02   0.49205E+00  -0.31774E+00
   0.46025E+02   0.29971E+02   0.26382E+02   0.49759E+00  -0.30169E+00
   0.46375E+02   0.29974E+02   0.26836E+02   0.50533E+00  -0.27598E+00
   0.46725E+02   0.29977E+02   0.27513E+02   0.51641E+00  -0.24191E+00
   0.47075E+02   0.29979E+02   0.27603E+02   0.51716E+00  -0.22164E+00
   0.47425E+02   0.29979E+02   0.27467E+02   0.50476E+00  -0.20927E+00
   0.47775E+02   0.29978E+02   0.27761E+02   0.49018E+00  -0.18021E+00
   0.48125E+02   0.29976E+02   0.28060E+02   0.47875E+00  -0.13937E+00
   0.48475E+02   0.29974E+02   0.28179E+02   0.46139E+00  -0.11163E+00
   0.48825E+02   0.29969E+02   0.27957E+02   0.43617E+00  -0.10194E+00
   0.49175E+02   0.29960E+02   0.27587E+02   0.41500E+00  -0.88337E-01
   0.49525E+02   0.29950E+02   0.27306E+02   0.40195E+00  -0.76895E-01
   0.49875E+02   0.29941E+02   0.27039E+02   0.38803E+00  -0.78577E-01
   0.50225E+02   0.29931E+02   0.27057E+02   0.36751E+00  -0.71875E-01
   0.50575E+02   0.29919E+02   0.27173E+02   0.35034E+00  -0.61260E-01
   0.50925E+02   0.29909E+02   0.27259E+02   0.33887E+00  -0.55286E-01
   0.51275E+02   0.29900E+02   0.27306E+02   0.33062E+00  -0.54685E-01
   0.51625E+02   0.29890E+02   0.27247E+02   0.32992E+00  -0.65038E-01
   0.51975E+02   0.29884E+02   0.27149E+02   0.33225E+00  -0.71419E-01
   0.52325E+02   0.29881E+02   0.26939E+02   0.32259E+00  -0.79140E-01
   0.52675E+02   0.29872E+02   0.26605E+02   0.30442E+00  -0.96516E-01
   0.53025E+02   0.29856E+02   0.26390E+02   0.29426E+00  -0.10141E+00
   0.53375E+02   0.29841E+02   0.26468E+02   0.29534E+00  -0.95671E-01
   0.53725E+02   0.29837E+02   0.26385E+02   0.29697E+00  -0.10749E+00
   0.54075E+02   0.29836E+02   0.26008E+02   0.29589E+00  -0.13727E+00
   0.54425E+02   0.29837E+02   0.25532E+02   0.29926E+00  -0.16024E+00
   0.54775E+02   0.29840E+02   0.25071E+02   0.30485E+00  -0.17518E+00
   0.55125E+02   0.29842E+02   0.24905E+02   0.30737E+00  -0.19131E+00
   0.55475E+02   0.29847E+02   0.24892E+02   0.31085E+00  -0.20597E+00
   0.55825E+02   0.29853E+02   0.24697E+02   0.32244E+00  -0.22358E+00
   0.56175E+02   0.29864E+02   0.24379E+02   0.33576E+00  -0.24541E+00
   0.56525E+02   0.29877E+02   0.24263E+02   0.34603E+00  -0.26505E+00
   0.56875E+02   0.29890E+02   0.24220E+02   0.36561E+00  -0.28057E+00
   0.57225E+02   0.29906E+02   0.24325E+02   0.38634E+00  -0.29136E+00
   0.57575E+02   0.29919E+02   0.24568E+02   0.40066E+00  -0.30339E+00
   0.57925E+02   0.29931E+02   0.24809E+02   0.41242E+00  -0.31351E+00
   0.58275E+02   0.29941E+02   0.25064E+02   0.42655E+00  -0.31811E+00
   0.58625E+02   0.29949E+02   0.25470E+02   0.44869E+00  -0.31174E+00
   0.58975E+02   0.29957E+02   0.25932E+02   0.47143E+00  -0.29825E+00
   0.59325E+02   0.29964E+02   0.26063E+02   0.48055E+00  -0.29665E+00
   0.59675E+02   0.29969E+02   0.26136E+02   0.48237E+00  -0.29216E+00
   0.60025E+02   0.29971E+02   0.26488E+02   0.48842E+00  -0.26993E+00
   0.60375E+02   0.29973E+02   0.27030E+02   0.49299E+00  -0.23993E+00
   0.60725E+02   0.29974E+02   0.27352E+02   0.49075E+00  -0.21646E+00
   0.61075E+02   0.29974E+02   0.27365E+02   0.48665E+00  -0.20398E+00
   0.61425E+02   0.29973E+02   0.27611E+02   0.48035E+00  -0.17867E+00
   0.61775E+02   0.29972E+02   0.28039E+02   0.46720E+00  -0.14043E+00
   0.62125E+02   0.29969E+02   0.28118E+02   0.45385E+00  -0.11759E+00
   0.62475E+02   0.29965E+02   0.27991E+02   0.43977E+00  -0.10111E+00
   0.62825E+02   0.29959E+02   0.27908E+02   0.41841E+00  -0.78368E-01
   0.63175E+02   0.29950E+02   0.27658E+02   0.39549E+00  -0.72293E-01
   0.63525E+02   0.29942E+02   0.27351E+02   0.37518E+00  -0.72625E-01
   0.63875E+02   0.29933E+02   0.27373E+02   0.35781E+00  -0.56811E-01
   0.64225E+02   0.29919E+02   0.27413E+02   0.34425E+00  -0.50579E-01
   0.64575E+02   0.29902E+02   0.27368E+02   0.33152E+00  -0.54728E-01
   0.64925E+02   0.29889E+02   0.27194E+02   0.32100E+00  -0.64771E-01
   0.65275E+02   0.29880E+02   0.26903E+02   0.31634E+00  -0.82968E-01
   0.65625E+02   0.29872E+02   0.26731E+02   0.31795E+00  -0.87147E-01
   0.65975E+02   0.29863E+02   0.26583E+02   0.31302E+00  -0.89407E-01
   0.66325E+02   0.29855E+02   0.26506E+02   0.30588E+00  -0.10021E+00
   0.66675E+02   0.29851E+02   0.26466E+02   0.30552E+00  -0.10875E+00
   0.67025E+02   0.29852E+02   0.26152E+02   0.30715E+00  -0.12415E+00
   0.67375E+02   0.29850E+02   0.25783E+02   0.30441E+00  -0.14125E+00
   0.67725E+02   0.29848E+02   0.25747E+02   0.30745E+00  -0.14678E+00
   0.68075E+02   0.29852E+02   0.25703E+02   0.31157E+00  -0.15343E+00
   0.68425E+02   0.29854E+02   0.25473E+02   0.30996E+00  -0.17106E+00
   0.68775E+02   0.29853E+02   0.25285E+02   0.31021E+00  -0.18676E+00
   0.69125E+02   0.29855E+02   0.25171E+02   0.31552E+00  -0.19697E+00
   0.69475E+02   0.29862E+02   0.25088E+02   0.33095E+00  -0.20695E+00
   0.69825E+02   0.29872E+02   0.25074E+02   0.34161E+00  -0.22204E+00
   0.70175E+02   0.29883E+02   0.25111E+02   0.34780E+00  -0.23617E+00
   0.70525E+02   0.29892E+02   0.25033E+02   0.35766E+00  -0.24384E+00
   0.70875E+02   0.29902E+02   0.25137E+02   0.37080E+00  -0.25108E+00
   0.71225E+02   0.29912E+02   0.25107E+02   0.38193E+00  -0.26070E+00
   0.71575E+02   0.29921E+02   0.25117E+02   0.39413E+00  -0.26888E+00
   0.71925E+02   0.29931E+02   0.25490E+02   0.40978E+00  -0.26971E+00
   0.72275E+02   0.29939E+02   0.25639E+02   0.41786E+00  -0.26924E+00
   0.72625E+02   0.29945E+02   0.25708E+02   0.42541E+00  -0.26746E+00
   0.72975E+02   0.29950E+02   0.25889E+02   0.43678E+00  -0.26266E+00
   0.73325E+02   0.29954E+02   0.26378E+02   0.44566E+00  -0.24701E+00
   0.73675E+02   0.29958E+02   0.26759E+02   0.45222E+00  -0.23166E+00
   0.74025E+02   0.29961E+02   0.26769E+02   0.45471E+00  -0.23107E+00
   0.74375E+02   0.29963E+02   0.26932E+02   0.45512E+00  -0.21750E+00
   0.74725E+02   0.29963E+02   0.27098E+02   0.45353E+00  -0.19525E+00
   0.75075E+02   0.29962E+02   0.27226E+02   0.44832E+00  -0.17837E+00
   0.75425E+02   0.29961E+02   0.27225E+02   0.43836E+00  -0.16334E+00
   0.75775E+02   0.29959E+02   0.27198E+02   0.42870E+00  -0.15146E+00
   0.76125E+02   0.29956E+02   0.27096E+02   0.42028E+00  -0.13803E+00
   0.76475E+02   0.29950E+02   0.26976E+02   0.40736E+00  -0.12726E+00
   0.76825E+02   0.29945E+02   0.26951E+02   0.39736E+00  -0.12222E+00
   0.77175E+02   0.29939E+02   0.26808E+02   0.38706E+00  -0.11722E+00
   0.77525E+02   0.29932E+02   0.26763E+02   0.37317E+00  -0.10950E+00
   0.77875E+02   0.29926E+02   0.26684E+02   0.36026E+00  -0.10454E+00
   0.78225E+02   0.29919E+02   0.26710E+02   0.35154E+00  -0.98843E-01
   0.78575E+02   0.29912E+02   0.26804E+02   0.34753E+00  -0.92293E-01
   0.78925E+02   0.29905E+02   0.26766E+02   0.34428E+00  -0.96399E-01
   0.79275E+02   0.29898E+02   0.26698E+02   0.33784E+00  -0.10162E+00
   0.79625E+02   0.29893E+02   0.26393E+02   0.32853E+00  -0.11367E+00
   0.79975E+02   0.29887E+02   0.26061E+02   0.32295E+00  -0.12723E+00
   0.80325E+02   0.29879E+02   0.25937E+02   0.32117E+00  -0.12731E+00
   0.80675E+02   0.29876E+02   0.25830E+02   0.31484E+00  -0.13494E+00
   0.81025E+02   0.29870E+02   0.25802E+02   0.31384E+00  -0.14352E+00
   0.81375E+02   0.29866E+02   0.25676E+02   0.32250E+00  -0.15307E+00
   0.81725E+02   0.29869E+02   0.25486E+02   0.32559E+00  -0.16794E+00
   0.82075E+02   0.29873E+02   0.25428E+02   0.32888E+00  -0.17585E+00
   0.82425E+02   0.29878E+02   0.25359E+02   0.33465E+00  -0.18663E+00
   0.82775E+02   0.29883E+02   0.25097E+02   0.33723E+00  -0.19890E+00
   0.83125E+02   0.29887E+02   0.25051E+02   0.34017E+00  -0.20374E+00
   0.83475E+02   0.29892E+02   0.25224E+02   0.34607E+00  -0.21192E+00
   0.83825E+02   0.29897E+02   0.25293E+02   0.35442E+00  -0.21737E+00
   0.84175E+02   0.29902E+02   0.25255E+02   0.36541E+00  -0.22168E+00
   0.84525E+02   0.29909E+02   0.25093E+02   0.37441E+00  -0.23793E+00
   0.84875E+02   0.29916E+02   0.25185E+02   0.38155E+00  -0.24464E+00
   0.85225E+02   0.29923E+02   0.25166E+02   0.38972E+00  -0.24865E+00
   0.85575E+02   0.29929E+02   0.24845E+02   0.39684E+00  -0.26785E+00
   0.85925E+02   0.29934E+02   0.24780E+02   0.40645E+00  -0.27370E+00
   0.86275E+02   0.29938E+02   0.25070E+02   0.41701E+00  -0.26866E+00
   0.86625E+02   0.29944E+02   0.25254E+02   0.42745E+00  -0.27329E+00
   0.86975E+02   0.29950E+02   0.25454E+02   0.43804E+00  -0.27162E+00
   0.87325E+02   0.29955E+02   0.25596E+02   0.44868E+00  -0.26876E+00
   0.87675E+02   0.29959E+02   0.25891E+02   0.45344E+00  -0.25866E+00
   0.88025E+02   0.29962E+02   0.26512E+02   0.45872E+00  -0.23179E+00
   0.88375E+02   0.29964E+02   0.26670E+02   0.46309E+00  -0.22222E+00
   0.88725E+02   0.29965E+02   0.26591E+02   0.46259E+00  -0.21504E+00
   0.89075E+02   0.29965E+02   0.26515E+02   0.45852E+00  -0.19941E+00
   0.89425E+02   0.29964E+02   0.26364E+02   0.44749E+00  -0.19220E+00
   0.89775E+02   0.29962E+02   0.26525E+02   0.43905E+00  -0.17004E+00
   0.90125E+02   0.29959E+02   0.26705E+02   0.43305E+00  -0.15284E+00
   0.90475E+02   0.29956E+02   0.26576E+02   0.42229E+00  -0.15048E+00
   0.90825E+02   0.29950E+02   0.26306E+02   0.40800E+00  -0.14681E+00
   0.91175E+02   0.29945E+02   0.26195E+02   0.39865E+00  -0.14097E+00
   0.91525E+02   0.29941E+02   0.26466E+02   0.39367E+00  -0.12163E+00
   0.91875E+02   0.29937E+02   0.26655E+02   0.38990E+00  -0.10939E+00
   0.92225E+02   0.29932E+02   0.26686E+02   0.37581E+00  -0.11266E+00
   0.92575E+02   0.29925E+02   0.26747E+02   0.36343E+00  -0.10378E+00
   0.92925E+02   0.29922E+02   0.26677E+02   0.35641E+00  -0.94553E-01
   0.93275E+02   0.29915E+02   0.26533E+02   0.34614E+00  -0.99720E-01
   0.93625E+02   0.29904E+02   0.26619E+02   0.34076E+00  -0.93811E-01
   0.93975E+02   0.29897E+02   0.26661E+02   0.33292E+00  -0.90496E-01
   0.94325E+02   0.29891E+02   0.26466E+02   0.32164E+00  -0.10549E+00
   0.94675E+02   0.29878E+02   0.26394E+02   0.31464E+00  -0.11304E+00
   0.95025E+02   0.29868E+02   0.26571E+02   0.31732E+00  -0.10594E+00
   0.95375E+02   0.29866E+02   0.26599E+02   0.32184E+00  -0.10741E+00
   0.95725E+02   0.29866E+02   0.26161E+02   0.32096E+00  -0.13324E+00
   0.96075E+02   0.29865E+02   0.25657E+02   0.31407E+00  -0.16087E+00
   0.96425E+02   0.29863E+02   0.25465E+02   0.31188E+00  -0.15971E+00
   0.96775E+02   0.29862E+02   0.25322E+02   0.31673E+00  -0.16175E+00
   0.97125E+02   0.29863E+02   0.24960E+02   0.31958E+00  -0.18976E+00
   0.97475E+02   0.29865E+02   0.24538E+02   0.32249E+00  -0.21431E+00
   0.97825E+02   0.29869E+02   0.24395E+02   0.32897E+00  -0.22924E+00
   0.98175E+02   0.29878E+02   0.24498E+02   0.34214E+00  -0.23904E+00
   0.98525E+02   0.29891E+02   0.24532E+02   0.35808E+00  -0.25020E+00
   0.98875E+02   0.29903E+02   0.24289E+02   0.37143E+00  -0.27448E+00
   0.99225E+02   0.29913E+02   0.23940E+02   0.38441E+00  -0.30074E+00
   0.99575E+02   0.29922E+02   0.23672E+02   0.39657E+00  -0.31941E+00
   0.99925E+02   0.29931E+02   0.23708E+02   0.40970E+00  -0.33643E+00
   0.10027E+03   0.29941E+02   0.23972E+02   0.43534E+00  -0.34626E+00
   0.10062E+03   0.29951E+02   0.24175E+02   0.45647E+00  -0.35117E+00
   0.10097E+03   0.29959E+02   0.24588E+02   0.46440E+00  -0.35373E+00
   0.10132E+03   0.29964E+02   0.25040E+02   0.47954E+00  -0.34783E+00
   0.10167E+03   0.29970E+02   0.25476E+02   0.50682E+00  -0.33483E+00
   0.10202E+03   0.29975E+02   0.26203E+02   0.52714E+00  -0.31068E+00
   0.10237E+03   0.29979E+02   0.27013E+02   0.53098E+00  -0.27985E+00
   0.10272E+03   0.29981E+02   0.27486E+02   0.52831E+00  -0.25243E+00
   0.10307E+03   0.29982E+02   0.27558E+02   0.52411E+00  -0.22595E+00
   0.10342E+03   0.29982E+02   0.27519E+02   0.51576E+00  -0.19632E+00
   0.10377E+03   0.29980E+02   0.27623E+02   0.50039E+00  -0.16464E+00
   0.10412E+03   0.29978E+02   0.27560E+02   0.48293E+00  -0.13746E+00
   0.10447E+03   0.29973E+02   0.27342E+02   0.46082E+00  -0.11878E+00
   0.10482E+03   0.29968E+02   0.27220E+02   0.43720E+00  -0.10681E+00
   0.10517E+03   0.29962E+02   0.27133E+02   0.41753E+00  -0.91011E-01
   0.10552E+03   0.29954E+02   0.27120E+02   0.39985E+00  -0.75591E-01
   0.10587E+03   0.29945E+02   0.27076E+02   0.38657E+00  -0.72874E-01
   0.10622E+03   0.29935E+02   0.27138E+02   0.37407E+00  -0.65487E-01
   0.10657E+03   0.29925E+02   0.27324E+02   0.36126E+00  -0.53826E-01
   0.10692E+03   0.29920E+02   0.27339E+02   0.35002E+00  -0.56791E-01
   0.10727E+03   0.29912E+02   0.27274E+02   0.34061E+00  -0.59173E-01
   0.10762E+03   0.29900E+02   0.27159E+02   0.33193E+00  -0.62770E-01
   0.10797E+03   0.29887E+02   0.26994E+02   0.32118E+00  -0.69528E-01
   0.10832E+03   0.29875E+02   0.26954E+02   0.31011E+00  -0.69331E-01
   0.10867E+03   0.29864E+02   0.26911E+02   0.30354E+00  -0.77103E-01
   0.10902E+03   0.29856E+02   0.26840E+02   0.30190E+00  -0.86933E-01
   0.10937E+03   0.29848E+02   0.26649E+02   0.29762E+00  -0.96857E-01
   0.10972E+03   0.29837E+02   0.26339E+02   0.29522E+00  -0.11893E+00
   0.11007E+03   0.29835E+02   0.26095E+02   0.29981E+00  -0.13344E+00
   0.11042E+03   0.29840E+02   0.25852E+02   0.29897E+00  -0.14140E+00
   0.11077E+03   0.29840E+02   0.25647E+02   0.29809E+00  -0.15641E+00
   0.11112E+03   0.29839E+02   0.25536E+02   0.29979E+00  -0.16498E+00
   0.11147E+03   0.29841E+02   0.25483E+02   0.30462E+00  -0.17186E+00
   0.11182E+03   0.29848E+02   0.25369E+02   0.31563E+00  -0.18558E+00
   0.11217E+03   0.29857E+02   0.25187E+02   0.32451E+00  -0.20296E+00
   0.11252E+03   0.29866E+02   0.25216E+02   0.33393E+00  -0.21490E+00
   0.11287E+03   0.29876E+02   0.25233E+02   0.34326E+00  -0.22230E+00
   0.11322E+03   0.29887E+02   0.25307E+02   0.35271E+00  -0.23217E+00
   0.11357E+03   0.29898E+02   0.25284E+02   0.36039E+00  -0.24190E+00
   0.11392E+03   0.29907E+02   0.25161E+02   0.37052E+00  -0.24758E+00
   0.11427E+03   0.29915E+02   0.25072E+02   0.38359E+00  -0.25645E+00
   0.11462E+03   0.29924E+02   0.25149E+02   0.39693E+00  -0.26333E+00
   0.11497E+03   0.29931E+02   0.25558E+02   0.40914E+00  -0.26250E+00
   0.11532E+03   0.29938E+02   0.25835E+02   0.42020E+00  -0.26301E+00
   0.11567E+03   0.29945E+02   0.26235E+02   0.42896E+00  -0.25563E+00
   0.11602E+03   0.29950E+02   0.26755E+02   0.43579E+00  -0.23836E+00
   0.11637E+03   0.29955E+02   0.26917E+02   0.44135E+00  -0.22751E+00
   0.11672E+03   0.29958E+02   0.26844E+02   0.44728E+00  -0.21789E+00
   0.11707E+03   0.29960E+02   0.26948E+02   0.44822E+00  -0.20428E+00
   0.11742E+03   0.29960E+02   0.27158E+02   0.44187E+00  -0.18905E+00
   0.11777E+03   0.29959E+02   0.27226E+02   0.43385E+00  -0.17038E+00
   0.11812E+03   0.29955E+02   0.27153E+02   0.42394E+00  -0.15963E+00
   0.11847E+03   0.29951E+02   0.27035E+02   0.41643E+00  -0.14865E+00
   0.11882E+03   0.29948E+02   0.27131E+02   0.40711E+00  -0.13288E+00
   0.11917E+03   0.29946E+02   0.27012E+02   0.39895E+00  -0.12857E+00
   0.11952E+03   0.29942E+02   0.26783E+02   0.38825E+00  -0.12514E+00
   0.11987E+03   0.29937E+02   0.26665E+02   0.37707E+00  -0.11732E+00
   0.12022E+03   0.29930E+02   0.26426E+02   0.36482E+00  -0.11731E+00
   0.12057E+03   0.29921E+02   0.26247E+02   0.35552E+00  -0.12015E+00
   0.12092E+03   0.29913E+02   0.26025E+02   0.35068E+00  -0.12748E+00
   0.12127E+03   0.29907E+02   0.25985E+02   0.34589E+00  -0.13097E+00
   0.12162E+03   0.29904E+02   0.26050E+02   0.34665E+00  -0.12717E+00
   0.12197E+03   0.29902E+02   0.25831E+02   0.34102E+00  -0.13991E+00
   0.12232E+03   0.29897E+02   0.25384E+02   0.33746E+00  -0.15967E+00
   0.12267E+03   0.29894E+02   0.25071E+02   0.34231E+00  -0.16987E+00
   0.12302E+03   0.29892E+02   0.24911E+02   0.34451E+00  -0.17938E+00
   0.12337E+03   0.29893E+02   0.24970E+02   0.34345E+00  -0.18540E+00
   0.12372E+03   0.29896E+02   0.24919E+02   0.34601E+00  -0.19559E+00
   0.12407E+03   0.29899E+02   0.24865E+02   0.35144E+00  -0.20577E+00
   0.12442E+03   0.29901E+02   0.24931E+02   0.35687E+00  -0.20924E+00
   0.12477E+03   0.29906E+02   0.24617E+02   0.36448E+00  -0.22894E+00
   0.12512E+03   0.29911E+02   0.24342E+02   0.37453E+00  -0.24997E+00
   0.12547E+03   0.29917E+02   0.24532E+02   0.38355E+00  -0.24984E+00
   0.12582E+03   0.29924E+02   0.24616E+02   0.38483E+00  -0.25474E+00
   0.12617E+03   0.29928E+02   0.24715E+02   0.38618E+00  -0.25919E+00
   0.12652E+03   0.29932E+02   0.25020E+02   0.39790E+00  -0.25542E+00
   0.12687E+03   0.29938E+02   0.25160E+02   0.41247E+00  -0.25223E+00
   0.12722E+03   0.29944E+02   0.25160E+02   0.42188E+00  -0.25555E+00
   0.12757E+03   0.29948E+02   0.25045E+02   0.42884E+00  -0.26613E+00
   0.12792E+03   0.29952E+02   0.25182E+02   0.43336E+00  -0.26017E+00
   0.12827E+03   0.29955E+02   0.25292E+02   0.43567E+00  -0.24906E+00
   0.12862E+03   0.29956E+02   0.25228E+02   0.43765E+00  -0.25157E+00
   0.12897E+03   0.29958E+02   0.25311E+02   0.43968E+00  -0.24916E+00
   0.12932E+03   0.29959E+02   0.25635E+02   0.44518E+00  -0.23392E+00
   0.12967E+03   0.29960E+02   0.26085E+02   0.45206E+00  -0.22032E+00
   0.13002E+03   0.29962E+02   0.26319E+02   0.45254E+00  -0.20476E+00
   0.13037E+03   0.29962E+02   0.26262E+02   0.44801E+00  -0.19360E+00
   0.13072E+03   0.29962E+02   0.26138E+02   0.44092E+00  -0.18842E+00
   0.13107E+03   0.29961E+02   0.26187E+02   0.43210E+00  -0.17131E+00
   0.13142E+03   0.29958E+02   0.26434E+02   0.42160E+00  -0.14598E+00
   0.13177E+03   0.29954E+02   0.26752E+02   0.41320E+00  -0.12678E+00
   0.13212E+03   0.29950E+02   0.26832E+02   0.40788E+00  -0.11977E+00
   0.13247E+03   0.29946E+02   0.26745E+02   0.39293E+00  -0.11700E+00
   0.13282E+03   0.29938E+02   0.26784E+02   0.37635E+00  -0.10918E+00
   0.13317E+03   0.29931E+02   0.26788E+02   0.37149E+00  -0.98740E-01
   0.13352E+03   0.29926E+02   0.26781E+02   0.36419E+00  -0.90986E-01
   0.13387E+03   0.29916E+02   0.26830E+02   0.34768E+00  -0.91046E-01
   0.13422E+03   0.29903E+02   0.26923E+02   0.33375E+00  -0.85744E-01
   0.13457E+03   0.29893E+02   0.27004E+02   0.32989E+00  -0.76464E-01
   0.13492E+03   0.29889E+02   0.26896E+02   0.33098E+00  -0.85959E-01
   0.13527E+03   0.29887E+02   0.26509E+02   0.32403E+00  -0.10786E+00
   0.13562E+03   0.29881E+02   0.26159E+02   0.31262E+00  -0.12057E+00
   0.13597E+03   0.29870E+02   0.26163E+02   0.30742E+00  -0.11437E+00
   0.13632E+03   0.29858E+02   0.26292E+02   0.30612E+00  -0.11048E+00
   0.13667E+03   0.29852E+02   0.26128E+02   0.31030E+00  -0.12919E+00
   0.13702E+03   0.29856E+02   0.25789E+02   0.31557E+00  -0.15135E+00
   0.13737E+03   0.29861E+02   0.25388E+02   0.31339E+00  -0.16972E+00
   0.13772E+03   0.29860E+02   0.25232E+02   0.31660E+00  -0.17768E+00
   0.13807E+03   0.29864E+02   0.25273E+02   0.32829E+00  -0.17936E+00
   0.13842E+03   0.29871E+02   0.25161E+02   0.33167E+00  -0.19413E+00
   0.13877E+03   0.29877E+02   0.24995E+02   0.33182E+00  -0.21090E+00
   0.13912E+03   0.29881E+02   0.24912E+02   0.33475E+00  -0.22120E+00
   0.13947E+03   0.29886E+02   0.25190E+02   0.34986E+00  -0.21995E+00
   0.13982E+03   0.29897E+02   0.25155E+02   0.37158E+00  -0.22757E+00
   0.14017E+03   0.29910E+02   0.24379E+02   0.37771E+00  -0.26770E+00
   0.14052E+03   0.29918E+02   0.24009E+02   0.37421E+00  -0.29285E+00
   0.14087E+03   0.29922E+02   0.24344E+02   0.37933E+00  -0.28312E+00
   0.14122E+03   0.29927E+02   0.24785E+02   0.39691E+00  -0.27523E+00
   0.14157E+03   0.29935E+02   0.25121E+02   0.42033E+00  -0.28007E+00
   0.14192E+03   0.29944E+02   0.25131E+02   0.43402E+00  -0.29811E+00
   0.14227E+03   0.29951E+02   0.25240E+02   0.44140E+00  -0.30400E+00
   0.14262E+03   0.29957E+02   0.25599E+02   0.45652E+00  -0.28753E+00
   0.14297E+03   0.29962E+02   0.25943E+02   0.47036E+00  -0.27606E+00
   0.14332E+03   0.29966E+02   0.26255E+02   0.47641E+00  -0.26210E+00
   0.14367E+03   0.29968E+02   0.26605E+02   0.47298E+00  -0.24145E+00
   0.14402E+03   0.29969E+02   0.27160E+02   0.46754E+00  -0.21744E+00
   0.14437E+03   0.29970E+02   0.27568E+02   0.46732E+00  -0.18819E+00
   0.14472E+03   0.29970E+02   0.27667E+02   0.47016E+00  -0.16835E+00
   0.14507E+03   0.29969E+02   0.27657E+02   0.46381E+00  -0.15100E+00
   0.14542E+03   0.29966E+02   0.27586E+02   0.43876E+00  -0.12763E+00
   0.14577E+03   0.29961E+02   0.27386E+02   0.41245E+00  -0.11127E+00
   0.14612E+03   0.29953E+02   0.26984E+02   0.39976E+00  -0.10825E+00
   0.14647E+03   0.29944E+02   0.26908E+02   0.39167E+00  -0.95036E-01
   0.14682E+03   0.29936E+02   0.26904E+02   0.37546E+00  -0.88923E-01
   0.14717E+03   0.29926E+02   0.26794E+02   0.35609E+00  -0.96507E-01
   0.14752E+03   0.29918E+02   0.26671E+02   0.34908E+00  -0.93501E-01
   0.14787E+03   0.29914E+02   0.26372E+02   0.34398E+00  -0.97695E-01
   0.14822E+03   0.29905E+02   0.26169E+02   0.33612E+00  -0.10854E+00
   0.14857E+03   0.29898E+02   0.26004E+02   0.33147E+00  -0.11663E+00
   0.14892E+03   0.29893E+02   0.25741E+02   0.32634E+00  -0.12629E+00
   0.14927E+03   0.29888E+02   0.25529E+02   0.32573E+00  -0.13395E+00
   0.14962E+03   0.29886E+02   0.25350E+02   0.32498E+00  -0.14621E+00
   0.14997E+03   0.29881E+02   0.25388E+02   0.32325E+00  -0.15142E+00
   0.15032E+03   0.29879E+02   0.25549E+02   0.32819E+00  -0.14971E+00
   0.15067E+03   0.29881E+02   0.25521E+02   0.33533E+00  -0.16160E+00
   0.15102E+03   0.29884E+02   0.25340E+02   0.34099E+00  -0.17851E+00
   0.15137E+03   0.29887E+02   0.25159E+02   0.34114E+00  -0.19363E+00
   0.15172E+03   0.29889E+02   0.24973E+02   0.34339E+00  -0.20725E+00
   0.15207E+03   0.29894E+02   0.24719E+02   0.34798E+00  -0.21869E+00
   0.15242E+03   0.29899E+02   0.24682E+02   0.34894E+00  -0.22719E+00
   0.15277E+03   0.29901E+02   0.24686E+02   0.35245E+00  -0.23739E+00
   0.15312E+03   0.29905E+02   0.25095E+02   0.36400E+00  -0.23358E+00
   0.15347E+03   0.29914E+02   0.25231E+02   0.37577E+00  -0.23490E+00
   0.15382E+03   0.29921E+02   0.24484E+02   0.38457E+00  -0.26620E+00
   0.15417E+03   0.29928E+02   0.23999E+02   0.39449E+00  -0.28826E+00
   0.15452E+03   0.29934E+02   0.23886E+02   0.40371E+00  -0.29633E+00
   0.15487E+03   0.29939E+02   0.23739E+02   0.41312E+00  -0.30978E+00
   0.15522E+03   0.29945E+02   0.23920E+02   0.42423E+00  -0.32039E+00
   0.15557E+03   0.29951E+02   0.24449E+02   0.44137E+00  -0.32205E+00
   0.15592E+03   0.29957E+02   0.24974E+02   0.45773E+00  -0.30942E+00
   0.15627E+03   0.29963E+02   0.25353E+02   0.47115E+00  -0.30138E+00
   0.15662E+03   0.29968E+02   0.25843E+02   0.48873E+00  -0.29075E+00
   0.15697E+03   0.29972E+02   0.26429E+02   0.50395E+00  -0.26193E+00
   0.15732E+03   0.29975E+02   0.26697E+02   0.50198E+00  -0.24543E+00
   0.15767E+03   0.29976E+02   0.27087E+02   0.49239E+00  -0.22386E+00
   0.15802E+03   0.29976E+02   0.27657E+02   0.48516E+00  -0.18601E+00
   0.15837E+03   0.29975E+02   0.27915E+02   0.47538E+00  -0.15511E+00
   0.15872E+03   0.29972E+02   0.27960E+02   0.46344E+00  -0.13134E+00
   0.15907E+03   0.29968E+02   0.27790E+02   0.44552E+00  -0.11844E+00
   0.15942E+03   0.29962E+02   0.27471E+02   0.42493E+00  -0.10901E+00
   0.15977E+03   0.29955E+02   0.27138E+02   0.40718E+00  -0.99723E-01
   0.16012E+03   0.29947E+02   0.27034E+02   0.38734E+00  -0.89400E-01
   0.16047E+03   0.29934E+02   0.27094E+02   0.36756E+00  -0.75652E-01
   0.16082E+03   0.29922E+02   0.27075E+02   0.35686E+00  -0.72535E-01
   0.16117E+03   0.29915E+02   0.26987E+02   0.35003E+00  -0.78903E-01
   0.16152E+03   0.29911E+02   0.26681E+02   0.34235E+00  -0.89192E-01
   0.16187E+03   0.29904E+02   0.26367E+02   0.33377E+00  -0.98385E-01
   0.16222E+03   0.29893E+02   0.26300E+02   0.32848E+00  -0.95351E-01
   0.16257E+03   0.29882E+02   0.26493E+02   0.32675E+00  -0.88718E-01
   0.16292E+03   0.29876E+02   0.26660E+02   0.32114E+00  -0.89461E-01
   0.16327E+03   0.29871E+02   0.26597E+02   0.31645E+00  -0.10376E+00
   0.16362E+03   0.29868E+02   0.26455E+02   0.32111E+00  -0.11391E+00
   0.16397E+03   0.29868E+02   0.26446E+02   0.32268E+00  -0.11063E+00
   0.16432E+03   0.29867E+02   0.26362E+02   0.31648E+00  -0.11969E+00
   0.16467E+03   0.29862E+02   0.26125E+02   0.31416E+00  -0.13644E+00
   0.16502E+03   0.29854E+02   0.26045E+02   0.31010E+00  -0.14290E+00
   0.16537E+03   0.29847E+02   0.25937E+02   0.30635E+00  -0.14721E+00
   0.16572E+03   0.29846E+02   0.25614E+02   0.31174E+00  -0.16685E+00
   0.16607E+03   0.29852E+02   0.25506E+02   0.31840E+00  -0.18236E+00
   0.16642E+03   0.29859E+02   0.25654E+02   0.32397E+00  -0.18305E+00
   0.16677E+03   0.29866E+02   0.25697E+02   0.32995E+00  -0.18509E+00
   0.16712E+03   0.29872E+02   0.25724E+02   0.33479E+00  -0.19442E+00
   0.16747E+03   0.29879E+02   0.25925E+02   0.34573E+00  -0.19644E+00
   0.16782E+03   0.29891E+02   0.25660E+02   0.35534E+00  -0.20467E+00
   0.16817E+03   0.29898E+02   0.25013E+02   0.35987E+00  -0.23255E+00
   0.16852E+03   0.29904E+02   0.24713E+02   0.36543E+00  -0.24775E+00
   0.16887E+03   0.29911E+02   0.24836E+02   0.37101E+00  -0.24724E+00
   0.16922E+03   0.29917E+02   0.25146E+02   0.38126E+00  -0.24746E+00
   0.16957E+03   0.29924E+02   0.25529E+02   0.39143E+00  -0.24782E+00
   0.16992E+03   0.29929E+02   0.25686E+02   0.39969E+00  -0.24823E+00
   0.17027E+03   0.29936E+02   0.25665E+02   0.41539E+00  -0.24837E+00
   0.17062E+03   0.29944E+02   0.25598E+02   0.42972E+00  -0.25022E+00
   0.17097E+03   0.29950E+02   0.25734E+02   0.43076E+00  -0.24556E+00
   0.17132E+03   0.29952E+02   0.26013E+02   0.43095E+00  -0.22673E+00
   0.17167E+03   0.29955E+02   0.25961E+02   0.43106E+00  -0.21830E+00
   0.17202E+03   0.29955E+02   0.25933E+02   0.42683E+00  -0.21646E+00
   0.17237E+03   0.29955E+02   0.25972E+02   0.42560E+00  -0.20900E+00
   0.17272E+03   0.29954E+02   0.25994E+02   0.42784E+00  -0.20433E+00
   0.17307E+03   0.29954E+02   0.26026E+02   0.43302E+00  -0.19522E+00
   0.17342E+03   0.29954E+02   0.25772E+02   0.42628E+00  -0.19874E+00
   0.17377E+03   0.29952E+02   0.25675E+02   0.41263E+00  -0.20169E+00
   0.17412E+03   0.29948E+02   0.26015E+02   0.41203E+00  -0.17959E+00
   0.17447E+03   0.29947E+02   0.26191E+02   0.41522E+00  -0.16437E+00
   0.17482E+03   0.29947E+02   0.26161E+02   0.41002E+00  -0.16405E+00
   0.17517E+03   0.29945E+02   0.26240E+02   0.40661E+00  -0.15936E+00
   0.17552E+03   0.29942E+02   0.26160E+02   0.40272E+00  -0.15436E+00
   0.17587E+03   0.29940E+02   0.25849E+02   0.39201E+00  -0.15127E+00
   0.17622E+03   0.29938E+02   0.25758E+02   0.38121E+00  -0.15085E+00
   0.17657E+03   0.29933E+02   0.25888E+02   0.37424E+00  -0.14588E+00
   0.17692E+03   0.29926E+02   0.25951E+02   0.36841E+00  -0.13572E+00
   0.17727E+03   0.29919E+02   0.26004E+02   0.36095E+00  -0.13723E+00
   0.17762E+03   0.29915E+02   0.26110E+02   0.36281E+00  -0.14003E+00
   0.17797E+03   0.29916E+02   0.26013E+02   0.36491E+00  -0.14003E+00
   0.17832E+03   0.29916E+02   0.26010E+02   0.35808E+00  -0.13958E+00
   0.17867E+03   0.29911E+02   0.26074E+02   0.35014E+00  -0.13830E+00
   0.17902E+03   0.29904E+02   0.25989E+02   0.34756E+00  -0.13835E+00
   0.17937E+03   0.29899E+02   0.25860E+02   0.34672E+00  -0.14350E+00
   0.17972E+03   0.29896E+02   0.25783E+02   0.34583E+00  -0.15298E+00
   0.18007E+03   0.29896E+02   0.25706E+02   0.34278E+00  -0.16066E+00
   0.18042E+03   0.29895E+02   0.25648E+02   0.33982E+00  -0.16313E+00
   0.18077E+03   0.29893E+02   0.25509E+02   0.34290E+00  -0.16874E+00
   0.18112E+03   0.29894E+02   0.25418E+02   0.34544E+00  -0.17582E+00
   0.18147E+03   0.29895E+02   0.25423E+02   0.34453E+00  -0.18120E+00
   0.18182E+03   0.29896E+02   0.25310E+02   0.34838E+00  -0.19109E+00
   0.18217E+03   0.29901E+02   0.25183E+02   0.35660E+00  -0.19897E+00
   0.18252E+03   0.29906E+02   0.25228E+02   0.35967E+00  -0.19971E+00
   0.18287E+03   0.29908E+02   0.25403E+02   0.36216E+00  -0.20180E+00
   0.18322E+03   0.29910E+02   0.25354E+02   0.36773E+00  -0.20880E+00
   0.18357E+03   0.29914E+02   0.25153E+02   0.37569E+00  -0.21665E+00
   0.18392E+03   0.29919E+02   0.24863E+02   0.37940E+00  -0.23247E+00
   0.18427E+03   0.29923E+02   0.24542E+02   0.38398E+00  -0.24874E+00
   0.18462E+03   0.29928E+02   0.24736E+02   0.38934E+00  -0.24836E+00
   0.18497E+03   0.29931E+02   0.25087E+02   0.39664E+00  -0.24275E+00
   0.18532E+03   0.29936E+02   0.25213E+02   0.40576E+00  -0.24630E+00
   0.18567E+03   0.29940E+02   0.25499E+02   0.41246E+00  -0.24423E+00
   0.18602E+03   0.29944E+02   0.25864E+02   0.42170E+00  -0.23381E+00
   0.18637E+03   0.29948E+02   0.26101E+02   0.43090E+00  -0.22325E+00
   0.18672E+03   0.29952E+02   0.26216E+02   0.43686E+00  -0.21378E+00
   0.18707E+03   0.29954E+02   0.26258E+02   0.43317E+00  -0.20894E+00
   0.18742E+03   0.29954E+02   0.26404E+02   0.42410E+00  -0.19352E+00
   0.18777E+03   0.29952E+02   0.26520E+02   0.41883E+00  -0.17320E+00
   0.18812E+03   0.29949E+02   0.26488E+02   0.41533E+00  -0.16702E+00
   0.18847E+03   0.29948E+02   0.26536E+02   0.41335E+00  -0.16332E+00
   0.18882E+03   0.29946E+02   0.26322E+02   0.40759E+00  -0.16522E+00
   0.18917E+03   0.29944E+02   0.25977E+02   0.39601E+00  -0.16986E+00
   0.18952E+03   0.29940E+02   0.26106E+02   0.38837E+00  -0.15561E+00
   0.18987E+03   0.29936E+02   0.26361E+02   0.38408E+00  -0.13955E+00
   0.19022E+03   0.29933E+02   0.26527E+02   0.38083E+00  -0.13254E+00
   0.19057E+03   0.29931E+02   0.26502E+02   0.37544E+00  -0.13196E+00
   0.19092E+03   0.29927E+02   0.26342E+02   0.36894E+00  -0.13362E+00
   0.19127E+03   0.29924E+02   0.26351E+02   0.36737E+00  -0.12537E+00
   0.19162E+03   0.29920E+02   0.26394E+02   0.36291E+00  -0.11987E+00
   0.19197E+03   0.29913E+02   0.26336E+02   0.35249E+00  -0.12243E+00
   0.19232E+03   0.29904E+02   0.26277E+02   0.34096E+00  -0.12401E+00
   0.19267E+03   0.29897E+02   0.26297E+02   0.33781E+00  -0.12348E+00
   0.19302E+03   0.29894E+02   0.26263E+02   0.33861E+00  -0.12874E+00
   0.19337E+03   0.29891E+02   0.26075E+02   0.33743E+00  -0.14111E+00
   0.19372E+03   0.29888E+02   0.25988E+02   0.33801E+00  -0.14480E+00
   0.19407E+03   0.29887E+02   0.25978E+02   0.33519E+00  -0.14336E+00
   0.19442E+03   0.29886E+02   0.25801E+02   0.32922E+00  -0.14980E+00
   0.19477E+03   0.29886E+02   0.25532E+02   0.32706E+00  -0.16337E+00
   0.19512E+03   0.29887E+02   0.25349E+02   0.33113E+00  -0.17305E+00
   0.19547E+03   0.29884E+02   0.25453E+02   0.33511E+00  -0.16910E+00
   0.19582E+03   0.29885E+02   0.25460E+02   0.33806E+00  -0.17495E+00
   0.19617E+03   0.29886E+02   0.25373E+02   0.34138E+00  -0.19076E+00
   0.19652E+03   0.29889E+02   0.25444E+02   0.34835E+00  -0.19374E+00
   0.19687E+03   0.29896E+02   0.25632E+02   0.35467E+00  -0.19028E+00
   0.19722E+03   0.29903E+02   0.25706E+02   0.35693E+00  -0.19217E+00
   0.19757E+03   0.29909E+02   0.25465E+02   0.36132E+00  -0.20309E+00
   0.19792E+03   0.29911E+02   0.25536E+02   0.36838E+00  -0.20506E+00
   0.19827E+03   0.29913E+02   0.25692E+02   0.37300E+00  -0.19919E+00
   0.19862E+03   0.29915E+02   0.25721E+02   0.37488E+00  -0.20408E+00
   0.19897E+03   0.29920E+02   0.25675E+02   0.37993E+00  -0.21376E+00
   0.19932E+03   0.29923E+02   0.25500E+02   0.38271E+00  -0.21763E+00
   0.19967E+03   0.29925E+02   0.25522E+02   0.38572E+00  -0.21533E+00
   0.20002E+03   0.29928E+02   0.25488E+02   0.38837E+00  -0.21531E+00
   0.20037E+03   0.29931E+02   0.25433E+02   0.39019E+00  -0.21805E+00
   0.20072E+03   0.29935E+02   0.25555E+02   0.39617E+00  -0.21421E+00
   0.20107E+03   0.29937E+02   0.25733E+02   0.39794E+00  -0.20568E+00
   0.20142E+03   0.29937E+02   0.25960E+02   0.39764E+00  -0.19613E+00
   0.20177E+03   0.29938E+02   0.26299E+02   0.40437E+00  -0.18865E+00
   0.20212E+03   0.29941E+02   0.26285E+02   0.41172E+00  -0.18861E+00
   0.20247E+03   0.29943E+02   0.26048E+02   0.40696E+00  -0.18903E+00
   0.20282E+03   0.29942E+02   0.26219E+02   0.39678E+00  -0.18006E+00
   0.20317E+03   0.29941E+02   0.26658E+02   0.39508E+00  -0.15777E+00
   0.20352E+03   0.29940E+02   0.26644E+02   0.39439E+00  -0.14726E+00
   0.20387E+03   0.29936E+02   0.26300E+02   0.38740E+00  -0.15791E+00
   0.20422E+03   0.29933E+02   0.26264E+02   0.37937E+00  -0.16007E+00
   0.20457E+03   0.29928E+02   0.26354E+02   0.37489E+00  -0.14535E+00
   0.20492E+03   0.29924E+02   0.26230E+02   0.37558E+00  -0.14409E+00
   0.20527E+03   0.29921E+02   0.25979E+02   0.36853E+00  -0.15572E+00
   0.20562E+03   0.29916E+02   0.26035E+02   0.35960E+00  -0.15191E+00
   0.20597E+03   0.29913E+02   0.26258E+02   0.35694E+00  -0.14069E+00
   0.20632E+03   0.29910E+02   0.26228E+02   0.35673E+00  -0.14095E+00
   0.20667E+03   0.29909E+02   0.26027E+02   0.36222E+00  -0.15119E+00
   0.20702E+03   0.29910E+02   0.25904E+02   0.36225E+00  -0.15974E+00
   0.20737E+03   0.29908E+02   0.25911E+02   0.35581E+00  -0.16031E+00
   0.20772E+03   0.29904E+02   0.25936E+02   0.35015E+00  -0.15625E+00
   0.20807E+03   0.29901E+02   0.25899E+02   0.35072E+00  -0.15876E+00
   0.20842E+03   0.29903E+02   0.25842E+02   0.35619E+00  -0.16489E+00
   0.20877E+03   0.29906E+02   0.25769E+02   0.35461E+00  -0.17295E+00
   0.20912E+03   0.29906E+02   0.25865E+02   0.35001E+00  -0.17504E+00
   0.20947E+03   0.29906E+02   0.25771E+02   0.35389E+00  -0.17584E+00
   0.20982E+03   0.29906E+02   0.25339E+02   0.36139E+00  -0.18849E+00
   0.21017E+03   0.29907E+02   0.25137E+02   0.36041E+00  -0.20289E+00
   0.21052E+03   0.29906E+02   0.25326E+02   0.35501E+00  -0.20429E+00
   0.21087E+03   0.29905E+02   0.25809E+02   0.36101E+00  -0.19166E+00
   0.21122E+03   0.29910E+02   0.26001E+02   0.37687E+00  -0.18899E+00
   0.21157E+03   0.29918E+02   0.25657E+02   0.38299E+00  -0.20377E+00
   0.21192E+03   0.29924E+02   0.25339E+02   0.37698E+00  -0.21934E+00
   0.21227E+03   0.29925E+02   0.25124E+02   0.37822E+00  -0.22386E+00
   0.21262E+03   0.29926E+02   0.25094E+02   0.38713E+00  -0.21660E+00
   0.21297E+03   0.29928E+02   0.25368E+02   0.39148E+00  -0.21375E+00
   0.21332E+03   0.29930E+02   0.25528E+02   0.39417E+00  -0.22285E+00
   0.21367E+03   0.29933E+02   0.25667E+02   0.39372E+00  -0.22432E+00
   0.21402E+03   0.29935E+02   0.25603E+02   0.39910E+00  -0.22229E+00
   0.21437E+03   0.29939E+02   0.25572E+02   0.41094E+00  -0.22092E+00
   0.21472E+03   0.29944E+02   0.25939E+02   0.41922E+00  -0.21191E+00
   0.21507E+03   0.29947E+02   0.26463E+02   0.41686E+00  -0.19555E+00
   0.21542E+03   0.29947E+02   0.26522E+02   0.40715E+00  -0.18714E+00
   0.21577E+03   0.29946E+02   0.26261E+02   0.40432E+00  -0.18428E+00
   0.21612E+03   0.29947E+02   0.26056E+02   0.40519E+00  -0.17838E+00
   0.21647E+03   0.29946E+02   0.25918E+02   0.40164E+00  -0.17781E+00
   0.21682E+03   0.29943E+02   0.25970E+02   0.39439E+00  -0.17209E+00
   0.21717E+03   0.29939E+02   0.26084E+02   0.38716E+00  -0.16111E+00
   0.21752E+03   0.29934E+02   0.26295E+02   0.38149E+00  -0.15101E+00
   0.21787E+03   0.29929E+02   0.26332E+02   0.38160E+00  -0.14870E+00
   0.21822E+03   0.29927E+02   0.26344E+02   0.38355E+00  -0.15139E+00
   0.21857E+03   0.29927E+02   0.26487E+02   0.38212E+00  -0.14649E+00
   0.21892E+03   0.29925E+02   0.26649E+02   0.38006E+00  -0.13830E+00
   0.21927E+03   0.29923E+02   0.26644E+02   0.37421E+00  -0.13008E+00
   0.21962E+03   0.29921E+02   0.26661E+02   0.36147E+00  -0.12089E+00
   0.21997E+03   0.29913E+02   0.26729E+02   0.35130E+00  -0.11695E+00
   0.22032E+03   0.29905E+02   0.26570E+02   0.34895E+00  -0.11964E+00
   0.22067E+03   0.29902E+02   0.26251E+02   0.34658E+00  -0.12820E+00
   0.22102E+03   0.29897E+02   0.26028E+02   0.33885E+00  -0.13983E+00
   0.22137E+03   0.29890E+02   0.25911E+02   0.33344E+00  -0.14821E+00
   0.22172E+03   0.29886E+02   0.25962E+02   0.33115E+00  -0.14331E+00
   0.22207E+03   0.29885E+02   0.26011E+02   0.32980E+00  -0.14603E+00
   0.22242E+03   0.29884E+02   0.25727E+02   0.33424E+00  -0.16632E+00
   0.22277E+03   0.29884E+02   0.25539E+02   0.34302E+00  -0.17534E+00
   0.22312E+03   0.29889E+02   0.25568E+02   0.34819E+00  -0.17642E+00
   0.22347E+03   0.29892E+02   0.25628E+02   0.34810E+00  -0.17927E+00
   0.22382E+03   0.29893E+02   0.25764E+02   0.35274E+00  -0.17936E+00
   0.22417E+03   0.29897E+02   0.25796E+02   0.35629E+00  -0.18163E+00
   0.22452E+03   0.29900E+02   0.25684E+02   0.35580E+00  -0.19085E+00
   0.22487E+03   0.29902E+02   0.25568E+02   0.35983E+00  -0.20248E+00
   0.22522E+03   0.29907E+02   0.25481E+02   0.36993E+00  -0.20774E+00
   0.22557E+03   0.29913E+02   0.25571E+02   0.37465E+00  -0.20773E+00
   0.22592E+03   0.29917E+02   0.25644E+02   0.37295E+00  -0.21322E+00
   0.22627E+03   0.29920E+02   0.25674E+02   0.37357E+00  -0.21683E+00
   0.22662E+03   0.29921E+02   0.25671E+02   0.37924E+00  -0.21444E+00
   0.22697E+03   0.29924E+02   0.25503E+02   0.39047E+00  -0.22226E+00
   0.22732E+03   0.29930E+02   0.25235E+02   0.39992E+00  -0.23610E+00
   0.22767E+03   0.29934E+02   0.25060E+02   0.40120E+00  -0.24341E+00
   0.22802E+03   0.29937E+02   0.25023E+02   0.40171E+00  -0.24595E+00
   0.22837E+03   0.29940E+02   0.25177E+02   0.40674E+00  -0.24073E+00
   0.22872E+03   0.29942E+02   0.25585E+02   0.41313E+00  -0.22982E+00
   0.22907E+03   0.29945E+02   0.25627E+02   0.42306E+00  -0.23334E+00
   0.22942E+03   0.29949E+02   0.25177E+02   0.43071E+00  -0.25081E+00
   0.22977E+03   0.29952E+02   0.25154E+02   0.43627E+00  -0.25478E+00
   0.23012E+03   0.29955E+02   0.25562E+02   0.44080E+00  -0.24226E+00
   0.23047E+03   0.29957E+02   0.25868E+02   0.43957E+00  -0.22640E+00
   0.23082E+03   0.29958E+02   0.25839E+02   0.43697E+00  -0.22117E+00
   0.23117E+03   0.29958E+02   0.25782E+02   0.43510E+00  -0.21870E+00
   0.23152E+03   0.29958E+02   0.25854E+02   0.43321E+00  -0.20611E+00
   0.23187E+03   0.29958E+02   0.25942E+02   0.43614E+00  -0.19498E+00
   0.23222E+03   0.29959E+02   0.26169E+02   0.43700E+00  -0.18589E+00
   0.23257E+03   0.29958E+02   0.26147E+02   0.42440E+00  -0.17308E+00
   0.23292E+03   0.29953E+02   0.26235E+02   0.41041E+00  -0.15887E+00
   0.23327E+03   0.29948E+02   0.26494E+02   0.40487E+00  -0.14543E+00
   0.23362E+03   0.29944E+02   0.26510E+02   0.40270E+00  -0.13817E+00
   0.23397E+03   0.29942E+02   0.26563E+02   0.40064E+00  -0.13468E+00
   0.23432E+03   0.29939E+02   0.26648E+02   0.39279E+00  -0.12821E+00
   0.23467E+03   0.29934E+02   0.26835E+02   0.37817E+00  -0.11218E+00
   0.23502E+03   0.29928E+02   0.26775E+02   0.36397E+00  -0.10646E+00
   0.23537E+03   0.29922E+02   0.26496E+02   0.35833E+00  -0.11886E+00
   0.23572E+03   0.29914E+02   0.26435E+02   0.35301E+00  -0.11437E+00
   0.23607E+03   0.29906E+02   0.26427E+02   0.34459E+00  -0.11072E+00
   0.23642E+03   0.29899E+02   0.26313E+02   0.33836E+00  -0.12209E+00
   0.23677E+03   0.29894E+02   0.26104E+02   0.33486E+00  -0.12970E+00
   0.23712E+03   0.29891E+02   0.25880E+02   0.33114E+00  -0.13630E+00
   0.23747E+03   0.29886E+02   0.25628E+02   0.32379E+00  -0.14349E+00
   0.23782E+03   0.29881E+02   0.25378E+02   0.32480E+00  -0.15666E+00
   0.23817E+03   0.29882E+02   0.25074E+02   0.33180E+00  -0.17356E+00
   0.23852E+03   0.29887E+02   0.24695E+02   0.33442E+00  -0.19431E+00
   0.23887E+03   0.29890E+02   0.24610E+02   0.33462E+00  -0.20955E+00
   0.23922E+03   0.29890E+02   0.24758E+02   0.33946E+00  -0.21202E+00
   0.23957E+03   0.29894E+02   0.24575E+02   0.35167E+00  -0.22266E+00
   0.23992E+03   0.29903E+02   0.24319E+02   0.36227E+00  -0.24614E+00
   0.24027E+03   0.29911E+02   0.24173E+02   0.37055E+00  -0.26628E+00
   0.24062E+03   0.29917E+02   0.24126E+02   0.37807E+00  -0.27347E+00
   0.24097E+03   0.29922E+02   0.24339E+02   0.39132E+00  -0.27277E+00
   0.24132E+03   0.29930E+02   0.24401E+02   0.40920E+00  -0.28357E+00
   0.24167E+03   0.29939E+02   0.24374E+02   0.41458E+00  -0.30025E+00
   0.24202E+03   0.29944E+02   0.24883E+02   0.42217E+00  -0.29546E+00
   0.24237E+03   0.29950E+02   0.25631E+02   0.43910E+00  -0.27771E+00
   0.24272E+03   0.29956E+02   0.26282E+02   0.45809E+00  -0.26060E+00
   0.24307E+03   0.29962E+02   0.26621E+02   0.46896E+00  -0.25407E+00
   0.24342E+03   0.29966E+02   0.26818E+02   0.46508E+00  -0.24616E+00
   0.24377E+03   0.29966E+02   0.27218E+02   0.46295E+00  -0.21785E+00
   0.24412E+03   0.29967E+02   0.27250E+02   0.46219E+00  -0.19232E+00
   0.24447E+03   0.29967E+02   0.27033E+02   0.45674E+00  -0.18354E+00
   0.24482E+03   0.29966E+02   0.27216E+02   0.44539E+00  -0.16860E+00
   0.24517E+03   0.29962E+02   0.27494E+02   0.43073E+00  -0.14336E+00
   0.24552E+03   0.29957E+02   0.27200E+02   0.41594E+00  -0.12834E+00
   0.24587E+03   0.29953E+02   0.26680E+02   0.40519E+00  -0.12863E+00
   0.24622E+03   0.29949E+02   0.26440E+02   0.39755E+00  -0.12857E+00
   0.24657E+03   0.29944E+02   0.26446E+02   0.38105E+00  -0.11443E+00
   0.24692E+03   0.29933E+02   0.26614E+02   0.36633E+00  -0.10026E+00
   0.24727E+03   0.29922E+02   0.26829E+02   0.36702E+00  -0.95959E-01
   0.24762E+03   0.29918E+02   0.26863E+02   0.36679E+00  -0.95436E-01
   0.24797E+03   0.29914E+02   0.26795E+02   0.35734E+00  -0.98222E-01
   0.24832E+03   0.29910E+02   0.26667E+02   0.34675E+00  -0.10674E+00
   0.24867E+03   0.29904E+02   0.26664E+02   0.33987E+00  -0.96747E-01
   0.24902E+03   0.29896E+02   0.26750E+02   0.33636E+00  -0.85953E-01
   0.24937E+03   0.29890E+02   0.26705E+02   0.32968E+00  -0.98513E-01
   0.24972E+03   0.29882E+02   0.26553E+02   0.31430E+00  -0.10837E+00
   0.25007E+03   0.29869E+02   0.26364E+02   0.30736E+00  -0.11349E+00
   0.25042E+03   0.29862E+02   0.26257E+02   0.31510E+00  -0.12028E+00
   0.25077E+03   0.29863E+02   0.26138E+02   0.31542E+00  -0.12671E+00
   0.25112E+03   0.29860E+02   0.25967E+02   0.30772E+00  -0.14009E+00
   0.25147E+03   0.29855E+02   0.25682E+02   0.30479E+00  -0.15557E+00
   0.25182E+03   0.29850E+02   0.25452E+02   0.30975E+00  -0.16258E+00
   0.25217E+03   0.29852E+02   0.25258E+02   0.31942E+00  -0.17344E+00
   0.25252E+03   0.29861E+02   0.25182E+02   0.32593E+00  -0.19359E+00
   0.25287E+03   0.29870E+02   0.25160E+02   0.33105E+00  -0.20502E+00
   0.25322E+03   0.29876E+02   0.25183E+02   0.33845E+00  -0.20486E+00
   0.25357E+03   0.29883E+02   0.25269E+02   0.34699E+00  -0.21363E+00
   0.25392E+03   0.29892E+02   0.25436E+02   0.35793E+00  -0.22012E+00
   0.25427E+03   0.29903E+02   0.25360E+02   0.37161E+00  -0.23131E+00
   0.25462E+03   0.29913E+02   0.25039E+02   0.37864E+00  -0.24731E+00
   0.25497E+03   0.29920E+02   0.25022E+02   0.37988E+00  -0.25010E+00
   0.25532E+03   0.29925E+02   0.25063E+02   0.38827E+00  -0.25274E+00
   0.25567E+03   0.29931E+02   0.24783E+02   0.39779E+00  -0.26320E+00
   0.25602E+03   0.29935E+02   0.24644E+02   0.40502E+00  -0.27334E+00
   0.25637E+03   0.29939E+02   0.24940E+02   0.41504E+00  -0.27583E+00
   0.25672E+03   0.29945E+02   0.25359E+02   0.42852E+00  -0.27275E+00
   0.25707E+03   0.29951E+02   0.25652E+02   0.44284E+00  -0.26755E+00
   0.25742E+03   0.29956E+02   0.25931E+02   0.45152E+00  -0.26201E+00
   0.25777E+03   0.29960E+02   0.26355E+02   0.45554E+00  -0.24708E+00
   0.25812E+03   0.29962E+02   0.26817E+02   0.45700E+00  -0.22079E+00
   0.25847E+03   0.29963E+02   0.27033E+02   0.46017E+00  -0.20196E+00
   0.25882E+03   0.29965E+02   0.26850E+02   0.46138E+00  -0.19365E+00
   0.25917E+03   0.29966E+02   0.26680E+02   0.45170E+00  -0.18545E+00
   0.25952E+03   0.29964E+02   0.26684E+02   0.43363E+00  -0.17251E+00
   0.25987E+03   0.29958E+02   0.26784E+02   0.42172E+00  -0.14946E+00
   0.26022E+03   0.29954E+02   0.26907E+02   0.41616E+00  -0.12961E+00
   0.26057E+03   0.29950E+02   0.27058E+02   0.40658E+00  -0.12086E+00
   0.26092E+03   0.29945E+02   0.26896E+02   0.39486E+00  -0.12362E+00
   0.26127E+03   0.29939E+02   0.26642E+02   0.38433E+00  -0.12296E+00
   0.26162E+03   0.29934E+02   0.26504E+02   0.37628E+00  -0.11403E+00
   0.26197E+03   0.29928E+02   0.26286E+02   0.36784E+00  -0.11587E+00
   0.26232E+03   0.29922E+02   0.26161E+02   0.35693E+00  -0.11902E+00
   0.26267E+03   0.29914E+02   0.26090E+02   0.34183E+00  -0.11904E+00
   0.26302E+03   0.29904E+02   0.25948E+02   0.33678E+00  -0.12541E+00
   0.26337E+03   0.29896E+02   0.25747E+02   0.34398E+00  -0.13550E+00
   0.26372E+03   0.29895E+02   0.25586E+02   0.34552E+00  -0.14560E+00
   0.26407E+03   0.29897E+02   0.25177E+02   0.34082E+00  -0.16421E+00
   0.26442E+03   0.29896E+02   0.24873E+02   0.33481E+00  -0.18031E+00
   0.26477E+03   0.29891E+02   0.24829E+02   0.33512E+00  -0.18092E+00
   0.26512E+03   0.29889E+02   0.24694E+02   0.34382E+00  -0.18926E+00
   0.26547E+03   0.29893E+02   0.24542E+02   0.35078E+00  -0.21169E+00
   0.26582E+03   0.29899E+02   0.24382E+02   0.35598E+00  -0.23101E+00
   0.26617E+03   0.29905E+02   0.24381E+02   0.36109E+00  -0.23660E+00
   0.26652E+03   0.29910E+02   0.24458E+02   0.37049E+00  -0.24025E+00
   0.26687E+03   0.29916E+02   0.24447E+02   0.38104E+00  -0.25385E+00
   0.26722E+03   0.29922E+02   0.24595E+02   0.38975E+00  -0.25895E+00
   0.26757E+03   0.29929E+02   0.24630E+02   0.39686E+00  -0.26563E+00
   0.26792E+03   0.29935E+02   0.24323E+02   0.40339E+00  -0.28078E+00
   0.26827E+03   0.29940E+02   0.24311E+02   0.41485E+00  -0.28589E+00
   0.26862E+03   0.29946E+02   0.24828E+02   0.42759E+00  -0.27950E+00
   0.26897E+03   0.29951E+02   0.25563E+02   0.43597E+00  -0.26358E+00
   0.26932E+03   0.29956E+02   0.26176E+02   0.44245E+00  -0.25145E+00
   0.26967E+03   0.29959E+02   0.26318E+02   0.44939E+00  -0.24530E+00
   0.27002E+03   0.29962E+02   0.26634E+02   0.45702E+00  -0.22529E+00
   0.27037E+03   0.29964E+02   0.26815E+02   0.46283E+00  -0.20666E+00
   0.27072E+03   0.29966E+02   0.26836E+02   0.45733E+00  -0.19380E+00
   0.27107E+03   0.29965E+02   0.27131E+02   0.44385E+00  -0.17052E+00
   0.27142E+03   0.29961E+02   0.27207E+02   0.43329E+00  -0.14759E+00
   0.27177E+03   0.29957E+02   0.27138E+02   0.42182E+00  -0.13178E+00
   0.27212E+03   0.29953E+02   0.27159E+02   0.40665E+00  -0.11906E+00
   0.27247E+03   0.29947E+02   0.27142E+02   0.39636E+00  -0.10948E+00
   0.27282E+03   0.29941E+02   0.27006E+02   0.38869E+00  -0.10032E+00
   0.27317E+03   0.29933E+02   0.27090E+02   0.37408E+00  -0.89838E-01
   0.27352E+03   0.29924E+02   0.27059E+02   0.35860E+00  -0.88281E-01
   0.27387E+03   0.29914E+02   0.26947E+02   0.35095E+00  -0.92454E-01
   0.27422E+03   0.29908E+02   0.26900E+02   0.34570E+00  -0.90577E-01
   0.27457E+03   0.29900E+02   0.26870E+02   0.33680E+00  -0.89663E-01
   0.27492E+03   0.29892E+02   0.26753E+02   0.33154E+00  -0.97743E-01
   0.27527E+03   0.29890E+02   0.26420E+02   0.32705E+00  -0.11020E+00
   0.27562E+03   0.29884E+02   0.26105E+02   0.31822E+00  -0.12034E+00
   0.27597E+03   0.29872E+02   0.25915E+02   0.31329E+00  -0.12566E+00
   0.27632E+03   0.29863E+02   0.25713E+02   0.31363E+00  -0.13796E+00
   0.27667E+03   0.29861E+02   0.25604E+02   0.31803E+00  -0.14988E+00
   0.27702E+03   0.29861E+02   0.25574E+02   0.32345E+00  -0.16245E+00
   0.27737E+03   0.29867E+02   0.25414E+02   0.32659E+00  -0.17816E+00
   0.27772E+03   0.29874E+02   0.25417E+02   0.32863E+00  -0.18150E+00
   0.27807E+03   0.29879E+02   0.25633E+02   0.33620E+00  -0.18084E+00
   0.27842E+03   0.29884E+02   0.25816E+02   0.34469E+00  -0.17978E+00
   0.27877E+03   0.29888E+02   0.25900E+02   0.34940E+00  -0.18138E+00
   0.27912E+03   0.29894E+02   0.25586E+02   0.35305E+00  -0.20135E+00
   0.27947E+03   0.29899E+02   0.25027E+02   0.35453E+00  -0.22396E+00
   0.27982E+03   0.29903E+02   0.24867E+02   0.35881E+00  -0.22840E+00
   0.28017E+03   0.29906E+02   0.24959E+02   0.36274E+00  -0.23235E+00
   0.28052E+03   0.29909E+02   0.24986E+02   0.36667E+00  -0.24102E+00
   0.28087E+03   0.29914E+02   0.24949E+02   0.37813E+00  -0.25041E+00
   0.28122E+03   0.29922E+02   0.24994E+02   0.39126E+00  -0.26171E+00
   0.28157E+03   0.29930E+02   0.25029E+02   0.40454E+00  -0.26873E+00
   0.28192E+03   0.29938E+02   0.25009E+02   0.41831E+00  -0.27170E+00
   0.28227E+03   0.29945E+02   0.24946E+02   0.43067E+00  -0.27616E+00
   0.28262E+03   0.29950E+02   0.25001E+02   0.43818E+00  -0.27703E+00
   0.28297E+03   0.29954E+02   0.25208E+02   0.44086E+00  -0.27414E+00
   0.28332E+03   0.29957E+02   0.25426E+02   0.44837E+00  -0.26938E+00
   0.28367E+03   0.29961E+02   0.25711E+02   0.46047E+00  -0.25720E+00
   0.28402E+03   0.29964E+02   0.26026E+02   0.46487E+00  -0.24400E+00
   0.28437E+03   0.29966E+02   0.26216E+02   0.46381E+00  -0.23278E+00
   0.28472E+03   0.29968E+02   0.26272E+02   0.46220E+00  -0.21845E+00
   0.28507E+03   0.29968E+02   0.26505E+02   0.45752E+00  -0.20023E+00
   0.28542E+03   0.29967E+02   0.26892E+02   0.45459E+00  -0.17696E+00
   0.28577E+03   0.29965E+02   0.27082E+02   0.44732E+00  -0.15590E+00
   0.28612E+03   0.29962E+02   0.26967E+02   0.43485E+00  -0.14912E+00
   0.28647E+03   0.29959E+02   0.26905E+02   0.42329E+00  -0.14039E+00
   0.28682E+03   0.29954E+02   0.26993E+02   0.41155E+00  -0.12223E+00
   0.28717E+03   0.29948E+02   0.26955E+02   0.39856E+00  -0.10994E+00
   0.28752E+03   0.29943E+02   0.26820E+02   0.38404E+00  -0.10414E+00
   0.28787E+03   0.29936E+02   0.26621E+02   0.36858E+00  -0.10706E+00
   0.28822E+03   0.29926E+02   0.26516E+02   0.35711E+00  -0.10490E+00
   0.28857E+03   0.29916E+02   0.26522E+02   0.34983E+00  -0.98058E-01
   0.28892E+03   0.29906E+02   0.26380E+02   0.34735E+00  -0.10726E+00
   0.28927E+03   0.29901E+02   0.26311E+02   0.34576E+00  -0.11463E+00
   0.28962E+03   0.29897E+02   0.26122E+02   0.33630E+00  -0.12053E+00
   0.28997E+03   0.29891E+02   0.25971E+02   0.32829E+00  -0.12667E+00
   0.29032E+03   0.29885E+02   0.26134E+02   0.33053E+00  -0.12018E+00
   0.29067E+03   0.29883E+02   0.26133E+02   0.33508E+00  -0.12312E+00
   0.29102E+03   0.29882E+02   0.25928E+02   0.33363E+00  -0.13863E+00
   0.29137E+03   0.29879E+02   0.25682E+02   0.32887E+00  -0.15367E+00
   0.29172E+03   0.29877E+02   0.25756E+02   0.32577E+00  -0.15296E+00
   0.29207E+03   0.29876E+02   0.25988E+02   0.33106E+00  -0.14471E+00
   0.29242E+03   0.29877E+02   0.26077E+02   0.33627E+00  -0.15469E+00
   0.29277E+03   0.29880E+02   0.25842E+02   0.33382E+00  -0.17079E+00
   0.29312E+03   0.29880E+02   0.25383E+02   0.33180E+00  -0.18561E+00
   0.29347E+03   0.29881E+02   0.25174E+02   0.33639E+00  -0.19636E+00
   0.29382E+03   0.29885E+02   0.25112E+02   0.34206E+00  -0.19916E+00
   0.29417E+03   0.29889E+02   0.25063E+02   0.34789E+00  -0.20780E+00
   0.29452E+03   0.29894E+02   0.24883E+02   0.35021E+00  -0.22672E+00
   0.29487E+03   0.29897E+02   0.24767E+02   0.35536E+00  -0.24027E+00
   0.29522E+03   0.29903E+02   0.24715E+02   0.37129E+00  -0.24812E+00
   0.29557E+03   0.29914E+02   0.24360E+02   0.38657E+00  -0.27236E+00
   0.29592E+03   0.29925E+02   0.24389E+02   0.40043E+00  -0.28820E+00
   0.29627E+03   0.29933E+02   0.24869E+02   0.40874E+00  -0.28184E+00
   0.29662E+03   0.29940E+02   0.25320E+02   0.41559E+00  -0.27493E+00
   0.29697E+03   0.29945E+02   0.25632E+02   0.42997E+00  -0.26853E+00
   0.29732E+03   0.29952E+02   0.25470E+02   0.44807E+00  -0.27424E+00
   0.29767E+03   0.29958E+02   0.25647E+02   0.45713E+00  -0.27330E+00
   0.29802E+03   0.29962E+02   0.26064E+02   0.45994E+00  -0.25664E+00
   0.29837E+03   0.29965E+02   0.26278E+02   0.46211E+00  -0.24491E+00
   0.29872E+03   0.29966E+02   0.26276E+02   0.46038E+00  -0.23260E+00
   0.29907E+03   0.29966E+02   0.26533E+02   0.45654E+00  -0.21114E+00
   0.29942E+03   0.29965E+02   0.26840E+02   0.45002E+00  -0.19266E+00
   0.29977E+03   0.29963E+02   0.26836E+02   0.44668E+00  -0.17807E+00
   0.30012E+03   0.29962E+02   0.26892E+02   0.44730E+00  -0.16511E+00
   0.30047E+03   0.29961E+02   0.26908E+02   0.44028E+00  -0.15322E+00
   0.30082E+03   0.29958E+02   0.27124E+02   0.42395E+00  -0.13448E+00
   0.30118E+03   0.29953E+02   0.27415E+02   0.40499E+00  -0.11252E+00
   0.30153E+03   0.29947E+02   0.27523E+02   0.39354E+00  -0.94201E-01
   0.30188E+03   0.29941E+02   0.27528E+02   0.38795E+00  -0.78788E-01
   0.30223E+03   0.29935E+02   0.27493E+02   0.37315E+00  -0.74931E-01
   0.30258E+03   0.29924E+02   0.27389E+02   0.35505E+00  -0.73095E-01
   0.30293E+03   0.29914E+02   0.27215E+02   0.34309E+00  -0.69590E-01
   0.30328E+03   0.29902E+02   0.26951E+02   0.33119E+00  -0.77985E-01
   0.30363E+03   0.29886E+02   0.26717E+02   0.31646E+00  -0.86146E-01
   0.30398E+03   0.29871E+02   0.26419E+02   0.30753E+00  -0.98835E-01
   0.30433E+03   0.29863E+02   0.26150E+02   0.30645E+00  -0.11383E+00
   0.30468E+03   0.29858E+02   0.25765E+02   0.31006E+00  -0.13093E+00
   0.30503E+03   0.29858E+02   0.25357E+02   0.31378E+00  -0.15299E+00
   0.30538E+03   0.29860E+02   0.25204E+02   0.31549E+00  -0.16508E+00
   0.30573E+03   0.29861E+02   0.25050E+02   0.32050E+00  -0.17352E+00
   0.30608E+03   0.29865E+02   0.25045E+02   0.32761E+00  -0.18485E+00
   0.30643E+03   0.29873E+02   0.25100E+02   0.33614E+00  -0.19386E+00
   0.30678E+03   0.29882E+02   0.25129E+02   0.34326E+00  -0.20331E+00
   0.30713E+03   0.29889E+02   0.25072E+02   0.35019E+00  -0.21462E+00
   0.30748E+03   0.29895E+02   0.24822E+02   0.35582E+00  -0.22816E+00
   0.30783E+03   0.29900E+02   0.24887E+02   0.36209E+00  -0.23458E+00
   0.30818E+03   0.29906E+02   0.25050E+02   0.37192E+00  -0.24112E+00
   0.30853E+03   0.29913E+02   0.25071E+02   0.37984E+00  -0.25386E+00
   0.30888E+03   0.29919E+02   0.24867E+02   0.38630E+00  -0.26844E+00
   0.30923E+03   0.29925E+02   0.24698E+02   0.39801E+00  -0.28200E+00
   0.30958E+03   0.29933E+02   0.24884E+02   0.41121E+00  -0.27959E+00
   0.30993E+03   0.29940E+02   0.25152E+02   0.42109E+00  -0.27664E+00
   0.31028E+03   0.29947E+02   0.25339E+02   0.43289E+00  -0.27938E+00
   0.31063E+03   0.29953E+02   0.25842E+02   0.44354E+00  -0.26757E+00
   0.31098E+03   0.29958E+02   0.26624E+02   0.45205E+00  -0.24590E+00
   0.31133E+03   0.29962E+02   0.27180E+02   0.45999E+00  -0.22626E+00
   0.31168E+03   0.29964E+02   0.27412E+02   0.46366E+00  -0.20753E+00
   0.31203E+03   0.29966E+02   0.27193E+02   0.46194E+00  -0.19144E+00
   0.31238E+03   0.29966E+02   0.26775E+02   0.45157E+00  -0.18300E+00
   0.31273E+03   0.29963E+02   0.26406E+02   0.43772E+00  -0.17679E+00
   0.31308E+03   0.29959E+02   0.26565E+02   0.42771E+00  -0.16043E+00
   0.31343E+03   0.29955E+02   0.26777E+02   0.41996E+00  -0.14364E+00
   0.31378E+03   0.29950E+02   0.26594E+02   0.40983E+00  -0.14301E+00
   0.31413E+03   0.29946E+02   0.26473E+02   0.39583E+00  -0.14258E+00
   0.31448E+03   0.29942E+02   0.26372E+02   0.38755E+00  -0.13145E+00
   0.31483E+03   0.29937E+02   0.26415E+02   0.38462E+00  -0.11913E+00
   0.31518E+03   0.29933E+02   0.26675E+02   0.38102E+00  -0.10581E+00
   0.31553E+03   0.29927E+02   0.26790E+02   0.37060E+00  -0.10103E+00
   0.31588E+03   0.29920E+02   0.26739E+02   0.35894E+00  -0.10365E+00
   0.31623E+03   0.29914E+02   0.26684E+02   0.35045E+00  -0.10243E+00
   0.31658E+03   0.29907E+02   0.26540E+02   0.34336E+00  -0.10282E+00
   0.31693E+03   0.29899E+02   0.26329E+02   0.33692E+00  -0.11195E+00
   0.31728E+03   0.29890E+02   0.26078E+02   0.33127E+00  -0.12573E+00
   0.31763E+03   0.29883E+02   0.25914E+02   0.32320E+00  -0.13299E+00
   0.31798E+03   0.29876E+02   0.25871E+02   0.31804E+00  -0.13761E+00
   0.31833E+03   0.29872E+02   0.25631E+02   0.32155E+00  -0.14965E+00
   0.31868E+03   0.29872E+02   0.25502E+02   0.32877E+00  -0.16043E+00
   0.31903E+03   0.29876E+02   0.25641E+02   0.33467E+00  -0.16463E+00
   0.31938E+03   0.29878E+02   0.25443E+02   0.33547E+00  -0.17811E+00
   0.31973E+03   0.29882E+02   0.25015E+02   0.33997E+00  -0.19792E+00
   0.32008E+03   0.29886E+02   0.24908E+02   0.34568E+00  -0.20535E+00
   0.32043E+03   0.29891E+02   0.24989E+02   0.34920E+00  -0.20802E+00
   0.32078E+03   0.29897E+02   0.24951E+02   0.35104E+00  -0.21828E+00
   0.32113E+03   0.29900E+02   0.24841E+02   0.35914E+00  -0.23297E+00
   0.32148E+03   0.29906E+02   0.24855E+02   0.37139E+00  -0.24278E+00
   0.32183E+03   0.29914E+02   0.25037E+02   0.38266E+00  -0.24481E+00
   0.32218E+03   0.29923E+02   0.24934E+02   0.39090E+00  -0.25721E+00
   0.32253E+03   0.29929E+02   0.24785E+02   0.39899E+00  -0.27351E+00
   0.32288E+03   0.29936E+02   0.25217E+02   0.41079E+00  -0.26609E+00
   0.32323E+03   0.29942E+02   0.25583E+02   0.41995E+00  -0.25710E+00
   0.32358E+03   0.29947E+02   0.25443E+02   0.42669E+00  -0.26509E+00
   0.32393E+03   0.29951E+02   0.25463E+02   0.43406E+00  -0.26389E+00
   0.32428E+03   0.29955E+02   0.25780E+02   0.44389E+00  -0.24936E+00
   0.32463E+03   0.29958E+02   0.26029E+02   0.44710E+00  -0.23824E+00
   0.32498E+03   0.29960E+02   0.26074E+02   0.44428E+00  -0.23070E+00
   0.32533E+03   0.29961E+02   0.26369E+02   0.44462E+00  -0.21275E+00
   0.32568E+03   0.29962E+02   0.26639E+02   0.44751E+00  -0.19470E+00
   0.32603E+03   0.29962E+02   0.26495E+02   0.44145E+00  -0.18918E+00
   0.32638E+03   0.29960E+02   0.26427E+02   0.43226E+00  -0.18168E+00
   0.32673E+03   0.29957E+02   0.26776E+02   0.43150E+00  -0.15941E+00
   0.32708E+03   0.29956E+02   0.27172E+02   0.42801E+00  -0.13388E+00
   0.32743E+03   0.29953E+02   0.27076E+02   0.41085E+00  -0.12876E+00
   0.32778E+03   0.29947E+02   0.27031E+02   0.39564E+00  -0.12674E+00
   0.32813E+03   0.29940E+02   0.27199E+02   0.39136E+00  -0.10370E+00
   0.32848E+03   0.29935E+02   0.27242E+02   0.38488E+00  -0.87845E-01
   0.32883E+03   0.29930E+02   0.26910E+02   0.36728E+00  -0.10051E+00
   0.32918E+03   0.29923E+02   0.26521E+02   0.34852E+00  -0.11045E+00
   0.32953E+03   0.29912E+02   0.26411E+02   0.33709E+00  -0.99300E-01
   0.32988E+03   0.29900E+02   0.26377E+02   0.32949E+00  -0.94969E-01
   0.33023E+03   0.29890E+02   0.26288E+02   0.32396E+00  -0.10923E+00
   0.33058E+03   0.29883E+02   0.26143E+02   0.32484E+00  -0.12311E+00
   0.33093E+03   0.29882E+02   0.26067E+02   0.32898E+00  -0.13047E+00
   0.33128E+03   0.29880E+02   0.25981E+02   0.32579E+00  -0.13424E+00
   0.33163E+03   0.29876E+02   0.26002E+02   0.32492E+00  -0.13870E+00
   0.33198E+03   0.29876E+02   0.25918E+02   0.33288E+00  -0.14584E+00
   0.33233E+03   0.29879E+02   0.25669E+02   0.33687E+00  -0.15640E+00
   0.33268E+03   0.29880E+02   0.25557E+02   0.32873E+00  -0.16729E+00
   0.33303E+03   0.29877E+02   0.25531E+02   0.32570E+00  -0.17377E+00
   0.33338E+03   0.29877E+02   0.25502E+02   0.33904E+00  -0.17680E+00
   0.33373E+03   0.29884E+02   0.25276E+02   0.34530E+00  -0.19193E+00
   0.33408E+03   0.29889E+02   0.24771E+02   0.33852E+00  -0.22225E+00
   0.33443E+03   0.29891E+02   0.24285E+02   0.33919E+00  -0.24386E+00
   0.33478E+03   0.29895E+02   0.24107E+02   0.35133E+00  -0.25389E+00
   0.33513E+03   0.29903E+02   0.24314E+02   0.36982E+00  -0.25902E+00
   0.33548E+03   0.29913E+02   0.24269E+02   0.37867E+00  -0.27894E+00
   0.33583E+03   0.29921E+02   0.24176E+02   0.38647E+00  -0.30146E+00
   0.33618E+03   0.29930E+02   0.24445E+02   0.40687E+00  -0.30144E+00
   0.33653E+03   0.29939E+02   0.24710E+02   0.42945E+00  -0.29996E+00
   0.33688E+03   0.29949E+02   0.24931E+02   0.44516E+00  -0.30745E+00
   0.33723E+03   0.29956E+02   0.25300E+02   0.45630E+00  -0.30584E+00
   0.33758E+03   0.29961E+02   0.25911E+02   0.46944E+00  -0.28698E+00
   0.33793E+03   0.29965E+02   0.26242E+02   0.47553E+00  -0.26934E+00
   0.33828E+03   0.29969E+02   0.26413E+02   0.47877E+00  -0.26123E+00
   0.33863E+03   0.29972E+02   0.26662E+02   0.48358E+00  -0.24689E+00
   0.33898E+03   0.29973E+02   0.27035E+02   0.48181E+00  -0.21574E+00
   0.33933E+03   0.29972E+02   0.27426E+02   0.47298E+00  -0.18491E+00
   0.33968E+03   0.29970E+02   0.27733E+02   0.46549E+00  -0.16695E+00
   0.34003E+03   0.29969E+02   0.27900E+02   0.45825E+00  -0.14782E+00
   0.34038E+03   0.29967E+02   0.27871E+02   0.44488E+00  -0.12499E+00
   0.34073E+03   0.29962E+02   0.27825E+02   0.42394E+00  -0.10804E+00
   0.34108E+03   0.29954E+02   0.27901E+02   0.40658E+00  -0.82737E-01
   0.34143E+03   0.29948E+02   0.28034E+02   0.39385E+00  -0.57573E-01
   0.34178E+03   0.29941E+02   0.27853E+02   0.37675E+00  -0.59708E-01
   0.34213E+03   0.29927E+02   0.27605E+02   0.35381E+00  -0.64673E-01
   0.34248E+03   0.29914E+02   0.27716E+02   0.33736E+00  -0.44985E-01
   0.34283E+03   0.29901E+02   0.27933E+02   0.33098E+00  -0.29157E-01
   0.34318E+03   0.29888E+02   0.27955E+02   0.32580E+00  -0.35722E-01
   0.34353E+03   0.29878E+02   0.27780E+02   0.31218E+00  -0.49961E-01
   0.34388E+03   0.29865E+02   0.27528E+02   0.29807E+00  -0.60213E-01
   0.34423E+03   0.29854E+02   0.27388E+02   0.29731E+00  -0.61771E-01
   0.34458E+03   0.29846E+02   0.27173E+02   0.29476E+00  -0.71591E-01
   0.34493E+03   0.29836E+02   0.26678E+02   0.28798E+00  -0.97710E-01
   0.34528E+03   0.29830E+02   0.26167E+02   0.28174E+00  -0.12098E+00
   0.34563E+03   0.29822E+02   0.25711E+02   0.27768E+00  -0.13839E+00
   0.34598E+03   0.29811E+02   0.25527E+02   0.28104E+00  -0.14652E+00
   0.34633E+03   0.29813E+02   0.25332E+02   0.29531E+00  -0.16251E+00
   0.34668E+03   0.29826E+02   0.24747E+02   0.30741E+00  -0.20077E+00
   0.34703E+03   0.29839E+02   0.24263E+02   0.31238E+00  -0.23184E+00
   0.34738E+03   0.29849E+02   0.23938E+02   0.31591E+00  -0.25650E+00
   0.34773E+03   0.29859E+02   0.23951E+02   0.33344E+00  -0.27043E+00
   0.34808E+03   0.29876E+02   0.24144E+02   0.36133E+00  -0.27892E+00
   0.34843E+03   0.29896E+02   0.24114E+02   0.37399E+00  -0.30803E+00
   0.34878E+03   0.29909E+02   0.24412E+02   0.38519E+00  -0.32561E+00
   0.34913E+03   0.29922E+02   0.24907E+02   0.41000E+00  -0.32484E+00
   0.34948E+03   0.29936E+02   0.25413E+02   0.44158E+00  -0.32156E+00
   0.34983E+03   0.29950E+02   0.25755E+02   0.46151E+00  -0.32102E+00
   0.35018E+03   0.29959E+02   0.25463E+02   0.46632E+00  -0.33718E+00
   0.35053E+03   0.29964E+02   0.25609E+02   0.47315E+00  -0.32923E+00
   0.35088E+03   0.29968E+02   0.26160E+02   0.48605E+00  -0.29614E+00
   0.35123E+03   0.29972E+02   0.26540E+02   0.49893E+00  -0.28051E+00
   0.35158E+03   0.29975E+02   0.26892E+02   0.50718E+00  -0.26954E+00
   0.35193E+03   0.29977E+02   0.27216E+02   0.50422E+00  -0.24878E+00
   0.35228E+03   0.29977E+02   0.27563E+02   0.49677E+00  -0.22078E+00
   0.35263E+03   0.29976E+02   0.27910E+02   0.49667E+00  -0.18714E+00
   0.35298E+03   0.29976E+02   0.28002E+02   0.49238E+00  -0.16362E+00
   0.35333E+03   0.29975E+02   0.27688E+02   0.47593E+00  -0.14713E+00
   0.35368E+03   0.29971E+02   0.27611E+02   0.45200E+00  -0.12529E+00
   0.35403E+03   0.29965E+02   0.27680E+02   0.43051E+00  -0.10084E+00
   0.35438E+03   0.29960E+02   0.27412E+02   0.41538E+00  -0.81715E-01
   0.35473E+03   0.29953E+02   0.27182E+02   0.39891E+00  -0.77596E-01
   0.35508E+03   0.29944E+02   0.27081E+02   0.37662E+00  -0.77362E-01
   0.35543E+03   0.29931E+02   0.27031E+02   0.35425E+00  -0.64374E-01
   0.35578E+03   0.29915E+02   0.27057E+02   0.34413E+00  -0.59814E-01
   0.35613E+03   0.29906E+02   0.26974E+02   0.34475E+00  -0.71638E-01
   0.35648E+03   0.29901E+02   0.27035E+02   0.33780E+00  -0.71208E-01
   0.35683E+03   0.29892E+02   0.27066E+02   0.32405E+00  -0.73169E-01
   0.35718E+03   0.29881E+02   0.26808E+02   0.31717E+00  -0.86109E-01
   0.35753E+03   0.29874E+02   0.26629E+02   0.31924E+00  -0.89362E-01
   0.35788E+03   0.29869E+02   0.26474E+02   0.31618E+00  -0.97914E-01
   0.35823E+03   0.29858E+02   0.26184E+02   0.30566E+00  -0.11715E+00
   0.35858E+03   0.29849E+02   0.25814E+02   0.30220E+00  -0.13273E+00
   0.35893E+03   0.29846E+02   0.25564E+02   0.30127E+00  -0.14509E+00
   0.35928E+03   0.29845E+02   0.25464E+02   0.30535E+00  -0.15665E+00
   0.35963E+03   0.29850E+02   0.25356E+02   0.30995E+00  -0.17054E+00
   0.35998E+03   0.29852E+02   0.25344E+02   0.31377E+00  -0.18253E+00
   0.36033E+03   0.29857E+02   0.25127E+02   0.32473E+00  -0.19711E+00
   0.36068E+03   0.29868E+02   0.25022E+02   0.33467E+00  -0.21235E+00
   0.36103E+03   0.29877E+02   0.25000E+02   0.34204E+00  -0.22321E+00
   0.36138E+03   0.29885E+02   0.24772E+02   0.35023E+00  -0.23847E+00
   0.36173E+03   0.29894E+02   0.24717E+02   0.35859E+00  -0.24968E+00
   0.36208E+03   0.29903E+02   0.24632E+02   0.36826E+00  -0.26163E+00
   0.36243E+03   0.29912E+02   0.24516E+02   0.37897E+00  -0.27586E+00
   0.36278E+03   0.29921E+02   0.24750E+02   0.38962E+00  -0.27991E+00
   0.36313E+03   0.29930E+02   0.25382E+02   0.40798E+00  -0.27346E+00
   0.36348E+03   0.29939E+02   0.25823E+02   0.42433E+00  -0.26759E+00
   0.36383E+03   0.29946E+02   0.25882E+02   0.43230E+00  -0.27069E+00
   0.36418E+03   0.29952E+02   0.25659E+02   0.44298E+00  -0.27240E+00
   0.36453E+03   0.29957E+02   0.25677E+02   0.45378E+00  -0.26635E+00
   0.36488E+03   0.29960E+02   0.26118E+02   0.45647E+00  -0.25124E+00
   0.36523E+03   0.29962E+02   0.26391E+02   0.45947E+00  -0.23730E+00
   0.36558E+03   0.29964E+02   0.26481E+02   0.46044E+00  -0.23036E+00
   0.36593E+03   0.29965E+02   0.26605E+02   0.45631E+00  -0.21781E+00
   0.36628E+03   0.29964E+02   0.26873E+02   0.45349E+00  -0.19818E+00
   0.36663E+03   0.29964E+02   0.27030E+02   0.45042E+00  -0.17931E+00
   0.36698E+03   0.29963E+02   0.26809E+02   0.44765E+00  -0.16765E+00
   0.36733E+03   0.29962E+02   0.26650E+02   0.43636E+00  -0.15990E+00
   0.36768E+03   0.29958E+02   0.26799E+02   0.41918E+00  -0.14299E+00
   0.36803E+03   0.29954E+02   0.27016E+02   0.40814E+00  -0.11981E+00
   0.36838E+03   0.29949E+02   0.27165E+02   0.39942E+00  -0.10610E+00
   0.36873E+03   0.29943E+02   0.27233E+02   0.39241E+00  -0.98430E-01
   0.36908E+03   0.29936E+02   0.27140E+02   0.38130E+00  -0.95541E-01
   0.36943E+03   0.29928E+02   0.26998E+02   0.36413E+00  -0.96182E-01
   0.36978E+03   0.29917E+02   0.27002E+02   0.35482E+00  -0.90027E-01
   0.37013E+03   0.29909E+02   0.26998E+02   0.35083E+00  -0.83614E-01
   0.37048E+03   0.29901E+02   0.26873E+02   0.33704E+00  -0.89426E-01
   0.37083E+03   0.29887E+02   0.26746E+02   0.32261E+00  -0.96466E-01
   0.37118E+03   0.29880E+02   0.26928E+02   0.31969E+00  -0.85051E-01
   0.37153E+03   0.29876E+02   0.27019E+02   0.31899E+00  -0.80478E-01
   0.37188E+03   0.29872E+02   0.26779E+02   0.32008E+00  -0.99047E-01
   0.37223E+03   0.29873E+02   0.26496E+02   0.31283E+00  -0.11685E+00
   0.37258E+03   0.29866E+02   0.26114E+02   0.30078E+00  -0.12823E+00
   0.37293E+03   0.29853E+02   0.25913E+02   0.29998E+00  -0.12994E+00
   0.37328E+03   0.29849E+02   0.25878E+02   0.30311E+00  -0.13644E+00
   0.37363E+03   0.29851E+02   0.25886E+02   0.30634E+00  -0.14782E+00
   0.37398E+03   0.29852E+02   0.25703E+02   0.31008E+00  -0.16231E+00
   0.37433E+03   0.29854E+02   0.25136E+02   0.31543E+00  -0.19416E+00
   0.37468E+03   0.29859E+02   0.24779E+02   0.32556E+00  -0.21014E+00
   0.37503E+03   0.29870E+02   0.24464E+02   0.33705E+00  -0.22704E+00
   0.37538E+03   0.29883E+02   0.24141E+02   0.34302E+00  -0.25951E+00
   0.37573E+03   0.29890E+02   0.24101E+02   0.34583E+00  -0.27112E+00
   0.37608E+03   0.29896E+02   0.24015E+02   0.35849E+00  -0.28405E+00
   0.37643E+03   0.29906E+02   0.24138E+02   0.38332E+00  -0.30243E+00
   0.37678E+03   0.29921E+02   0.24416E+02   0.40930E+00  -0.31328E+00
   0.37713E+03   0.29935E+02   0.24797E+02   0.42752E+00  -0.32520E+00
   0.37748E+03   0.29945E+02   0.24824E+02   0.43989E+00  -0.33258E+00
   0.37783E+03   0.29953E+02   0.24573E+02   0.45580E+00  -0.33827E+00
   0.37818E+03   0.29960E+02   0.25038E+02   0.47122E+00  -0.33316E+00
   0.37853E+03   0.29966E+02   0.25867E+02   0.48643E+00  -0.31228E+00
   0.37888E+03   0.29971E+02   0.26680E+02   0.49895E+00  -0.29077E+00
   0.37923E+03   0.29974E+02   0.27386E+02   0.50689E+00  -0.26893E+00
   0.37958E+03   0.29977E+02   0.27825E+02   0.51118E+00  -0.24048E+00
   0.37993E+03   0.29978E+02   0.28124E+02   0.50876E+00  -0.21227E+00
   0.38028E+03   0.29978E+02   0.28063E+02   0.50318E+00  -0.19021E+00
   0.38063E+03   0.29977E+02   0.27777E+02   0.48846E+00  -0.17014E+00
   0.38098E+03   0.29975E+02   0.27935E+02   0.46757E+00  -0.13955E+00
   0.38133E+03   0.29970E+02   0.28073E+02   0.44642E+00  -0.10789E+00
   0.38168E+03   0.29963E+02   0.28004E+02   0.42807E+00  -0.90839E-01
   0.38203E+03   0.29957E+02   0.27958E+02   0.40979E+00  -0.76258E-01
   0.38238E+03   0.29949E+02   0.27666E+02   0.39264E+00  -0.69185E-01
   0.38273E+03   0.29939E+02   0.27275E+02   0.37863E+00  -0.74038E-01
   0.38308E+03   0.29927E+02   0.27137E+02   0.36063E+00  -0.70169E-01
   0.38343E+03   0.29913E+02   0.27041E+02   0.34661E+00  -0.68927E-01
   0.38378E+03   0.29902E+02   0.26847E+02   0.33775E+00  -0.79283E-01
   0.38413E+03   0.29893E+02   0.26736E+02   0.32688E+00  -0.82687E-01
   0.38448E+03   0.29884E+02   0.26775E+02   0.32023E+00  -0.78955E-01
   0.38483E+03   0.29879E+02   0.26794E+02   0.32343E+00  -0.82135E-01
   0.38518E+03   0.29878E+02   0.26582E+02   0.32535E+00  -0.97101E-01
   0.38553E+03   0.29874E+02   0.26395E+02   0.31822E+00  -0.10762E+00
   0.38588E+03   0.29866E+02   0.26268E+02   0.31035E+00  -0.11468E+00
   0.38623E+03   0.29859E+02   0.26267E+02   0.30746E+00  -0.11605E+00
   0.38658E+03   0.29856E+02   0.26405E+02   0.30556E+00  -0.11356E+00
   0.38693E+03   0.29851E+02   0.26363E+02   0.30458E+00  -0.12493E+00
   0.38728E+03   0.29848E+02   0.26134E+02   0.30747E+00  -0.13916E+00
   0.38763E+03   0.29848E+02   0.25935E+02   0.30904E+00  -0.15070E+00
   0.38798E+03   0.29849E+02   0.26030E+02   0.31196E+00  -0.15602E+00
   0.38833E+03   0.29854E+02   0.26061E+02   0.31671E+00  -0.15992E+00
   0.38868E+03   0.29856E+02   0.25960E+02   0.31769E+00  -0.16913E+00
   0.38903E+03   0.29858E+02   0.25659E+02   0.31973E+00  -0.18280E+00
   0.38938E+03   0.29861E+02   0.25334E+02   0.32386E+00  -0.19794E+00
   0.38973E+03   0.29867E+02   0.25512E+02   0.33647E+00  -0.20258E+00
   0.39008E+03   0.29880E+02   0.25828E+02   0.35228E+00  -0.20277E+00
   0.39043E+03   0.29891E+02   0.25706E+02   0.35586E+00  -0.21492E+00
   0.39078E+03   0.29898E+02   0.25412E+02   0.35894E+00  -0.22920E+00
   0.39113E+03   0.29905E+02   0.25248E+02   0.36705E+00  -0.23646E+00
   0.39148E+03   0.29912E+02   0.25016E+02   0.37977E+00  -0.24315E+00
   0.39183E+03   0.29921E+02   0.25222E+02   0.39043E+00  -0.24885E+00
   0.39218E+03   0.29928E+02   0.25538E+02   0.40122E+00  -0.25181E+00
   0.39253E+03   0.29934E+02   0.25545E+02   0.40957E+00  -0.25398E+00
   0.39288E+03   0.29939E+02   0.25761E+02   0.41523E+00  -0.25346E+00
   0.39323E+03   0.29945E+02   0.26182E+02   0.42921E+00  -0.24970E+00
   0.39358E+03   0.29951E+02   0.26346E+02   0.44041E+00  -0.24335E+00
   0.39393E+03   0.29955E+02   0.26315E+02   0.44134E+00  -0.23512E+00
   0.39428E+03   0.29957E+02   0.26612E+02   0.43802E+00  -0.22048E+00
   0.39463E+03   0.29958E+02   0.26851E+02   0.43784E+00  -0.19714E+00
   0.39498E+03   0.29958E+02   0.27013E+02   0.43574E+00  -0.18239E+00
   0.39533E+03   0.29957E+02   0.27366E+02   0.43407E+00  -0.16831E+00
   0.39568E+03   0.29956E+02   0.27296E+02   0.43003E+00  -0.15762E+00
   0.39603E+03   0.29954E+02   0.26959E+02   0.41600E+00  -0.15281E+00
   0.39638E+03   0.29949E+02   0.26994E+02   0.40273E+00  -0.13727E+00
   0.39673E+03   0.29945E+02   0.26920E+02   0.39548E+00  -0.12605E+00
   0.39708E+03   0.29940E+02   0.26534E+02   0.38201E+00  -0.12607E+00
   0.39743E+03   0.29932E+02   0.26287E+02   0.36921E+00  -0.13171E+00
   0.39778E+03   0.29924E+02   0.25975E+02   0.36341E+00  -0.14039E+00
   0.39813E+03   0.29918E+02   0.25749E+02   0.35875E+00  -0.14010E+00
   0.39848E+03   0.29914E+02   0.25714E+02   0.35601E+00  -0.14134E+00
   0.39883E+03   0.29911E+02   0.25689E+02   0.35334E+00  -0.14866E+00
   0.39918E+03   0.29907E+02   0.25820E+02   0.35271E+00  -0.14177E+00
   0.39953E+03   0.29905E+02   0.25872E+02   0.35338E+00  -0.14308E+00
   0.39988E+03   0.29905E+02   0.25979E+02   0.35779E+00  -0.14966E+00
   0.40023E+03   0.29908E+02   0.26057E+02   0.36100E+00  -0.14685E+00
   0.40058E+03   0.29909E+02   0.25927E+02   0.35672E+00  -0.15188E+00
   0.40093E+03   0.29905E+02   0.25908E+02   0.34830E+00  -0.15234E+00
   0.40128E+03   0.29902E+02   0.25884E+02   0.34337E+00  -0.14981E+00
   0.40163E+03   0.29901E+02   0.25698E+02   0.33915E+00  -0.15704E+00
   0.40198E+03   0.29896E+02   0.25405E+02   0.33677E+00  -0.17132E+00
   0.40233E+03   0.29891E+02   0.25229E+02   0.33952E+00  -0.18382E+00
   0.40268E+03   0.29890E+02   0.25251E+02   0.34231E+00  -0.18679E+00
   0.40303E+03   0.29894E+02   0.25205E+02   0.34636E+00  -0.19808E+00
   0.40338E+03   0.29897E+02   0.25212E+02   0.35307E+00  -0.21119E+00
   0.40373E+03   0.29901E+02   0.25361E+02   0.35993E+00  -0.20787E+00
   0.40408E+03   0.29908E+02   0.25309E+02   0.36541E+00  -0.20883E+00
   0.40443E+03   0.29914E+02   0.25168E+02   0.37334E+00  -0.22120E+00
   0.40478E+03   0.29920E+02   0.25111E+02   0.38131E+00  -0.22754E+00
   0.40513E+03   0.29925E+02   0.25121E+02   0.38588E+00  -0.22442E+00
   0.40548E+03   0.29928E+02   0.25098E+02   0.38738E+00  -0.22851E+00
   0.40583E+03   0.29929E+02   0.25164E+02   0.39257E+00  -0.23543E+00
   0.40618E+03   0.29934E+02   0.25097E+02   0.39879E+00  -0.23807E+00
   0.40653E+03   0.29938E+02   0.25094E+02   0.40294E+00  -0.24209E+00
   0.40688E+03   0.29940E+02   0.25254E+02   0.41195E+00  -0.24357E+00
   0.40723E+03   0.29944E+02   0.25391E+02   0.41734E+00  -0.23573E+00
   0.40758E+03   0.29947E+02   0.25639E+02   0.42074E+00  -0.22538E+00
   0.40793E+03   0.29951E+02   0.26188E+02   0.42590E+00  -0.21410E+00
   0.40828E+03   0.29953E+02   0.26723E+02   0.42569E+00  -0.19510E+00
   0.40863E+03   0.29953E+02   0.26378E+02   0.42523E+00  -0.19008E+00
   0.40898E+03   0.29952E+02   0.25883E+02   0.42523E+00  -0.20057E+00
   0.40933E+03   0.29952E+02   0.25906E+02   0.42172E+00  -0.19336E+00
   0.40968E+03   0.29950E+02   0.26229E+02   0.41166E+00  -0.17301E+00
   0.41003E+03   0.29947E+02   0.26616E+02   0.40227E+00  -0.15803E+00
   0.41038E+03   0.29944E+02   0.26521E+02   0.39728E+00  -0.15366E+00
   0.41073E+03   0.29940E+02   0.26398E+02   0.39336E+00  -0.14794E+00
   0.41108E+03   0.29937E+02   0.26457E+02   0.38857E+00  -0.14215E+00
   0.41143E+03   0.29936E+02   0.26527E+02   0.38480E+00  -0.13586E+00
   0.41178E+03   0.29933E+02   0.26704E+02   0.38178E+00  -0.12013E+00
   0.41213E+03   0.29928E+02   0.26698E+02   0.37092E+00  -0.11613E+00
   0.41248E+03   0.29920E+02   0.26693E+02   0.35429E+00  -0.11077E+00
   0.41283E+03   0.29910E+02   0.26667E+02   0.34646E+00  -0.10797E+00
   0.41318E+03   0.29902E+02   0.26431E+02   0.34759E+00  -0.12115E+00
   0.41353E+03   0.29899E+02   0.26154E+02   0.34739E+00  -0.12909E+00
   0.41388E+03   0.29894E+02   0.25784E+02   0.34049E+00  -0.14415E+00
   0.41423E+03   0.29885E+02   0.25480E+02   0.32979E+00  -0.15973E+00
   0.41458E+03   0.29881E+02   0.25361E+02   0.32721E+00  -0.16016E+00
   0.41493E+03   0.29882E+02   0.25266E+02   0.33362E+00  -0.17052E+00
   0.41528E+03   0.29886E+02   0.25096E+02   0.34173E+00  -0.18890E+00
   0.41563E+03   0.29889E+02   0.24892E+02   0.34642E+00  -0.20029E+00
   0.41598E+03   0.29893E+02   0.24830E+02   0.35258E+00  -0.20792E+00
   0.41633E+03   0.29900E+02   0.24962E+02   0.36374E+00  -0.21359E+00
   0.41668E+03   0.29908E+02   0.25022E+02   0.36858E+00  -0.22111E+00
   0.41703E+03   0.29913E+02   0.24799E+02   0.36829E+00  -0.23345E+00
   0.41738E+03   0.29917E+02   0.24638E+02   0.37413E+00  -0.24466E+00
   0.41773E+03   0.29921E+02   0.24701E+02   0.38424E+00  -0.24638E+00
   0.41808E+03   0.29926E+02   0.24959E+02   0.39382E+00  -0.24716E+00
   0.41843E+03   0.29931E+02   0.25112E+02   0.40444E+00  -0.25677E+00
   0.41878E+03   0.29938E+02   0.25146E+02   0.41158E+00  -0.26141E+00
   0.41913E+03   0.29942E+02   0.25519E+02   0.41431E+00  -0.24949E+00
   0.41948E+03   0.29945E+02   0.26077E+02   0.42347E+00  -0.23368E+00
   0.41983E+03   0.29950E+02   0.26319E+02   0.43398E+00  -0.22558E+00
