          50
  0.175000000000000        1312500.00000000     
          29
  0.525000000000000        3937500.00000000     
         234
  0.875000000000000        6562500.00000000     
         356
   1.22500000000000        9187500.00000000     
         482
   1.57500000000000        11812500.0000000     
         420
   1.92500000000000        14437500.0000000     
         309
   2.27500000000000        17062500.0000000     
         525
   2.62500000000000        19687500.0000000     
         110
   2.97500000000000        22312500.0000000     
         314
   3.32500000000000        24937500.0000000     
         518
   3.67500000000000        27562500.0000000     
          63
   4.02500000000000        30187500.0000000     
         487
   4.37500000000000        32812500.0000000     
           6
   4.72500000000000        35437500.0000000     
         245
   5.07500000000000        38062500.0000000     
         440
   5.42500000000000        40687500.0000000     
         322
   5.77500000000000        43312500.0000000     
         401
   6.12500000000000        45937500.0000000     
         430
   6.47500000000000        48562500.0000000     
         419
   6.82500000000000        51187500.0000000     
         394
   7.17500000000000        53812500.0000000     
         356
   7.52500000000000        56437500.0000000     
         408
   7.87500000000000        59062500.0000000     
         521
   8.22500000000000        61687500.0000000     
         105
   8.57500000000000        64312500.0000000     
          55
   8.92500000000000        66937500.0000000     
          57
   9.27500000000000        69562500.0000000     
         142
   9.62499999999999        72187500.0000000     
         176
   9.97499999999999        74812500.0000000     
          18
   10.3250000000000        77437500.0000000     
         382
   10.6750000000000        80062500.0000000     
         242
   11.0250000000000        82687500.0000000     
         101
   11.3750000000000        85312499.9999999     
          82
   11.7250000000000        87937499.9999999     
         296
   12.0750000000000        90562499.9999999     
          54
   12.4250000000000        93187499.9999999     
         343
   12.7750000000000        95812499.9999999     
         489
   13.1250000000000        98437499.9999999     
         248
   13.4750000000000        101062500.000000     
         205
   13.8250000000000        103687500.000000     
          43
   14.1750000000000        106312500.000000     
         332
   14.5250000000000        108937500.000000     
         462
   14.8750000000000        111562500.000000     
          47
   15.2250000000000        114187500.000000     
         268
   15.5750000000000        116812500.000000     
         269
   15.9250000000000        119437500.000000     
         252
   16.2750000000000        122062500.000000     
         129
   16.6250000000000        124687500.000000     
         116
   16.9750000000000        127312500.000000     
         306
   17.3250000000000        129937500.000000     
         249
   17.6750000000000        132562500.000000     
         191
   18.0250000000000        135187500.000000     
         288
   18.3750000000000        137812500.000000     
          32
   18.7250000000000        140437500.000000     
         434
   19.0750000000000        143062500.000000     
         262
   19.4250000000000        145687500.000000     
         242
   19.7750000000000        148312500.000000     
         367
   20.1250000000000        150937500.000000     
         305
   20.4750000000000        153562500.000000     
         146
   20.8250000000000        156187500.000000     
         468
   21.1750000000000        158812500.000000     
         537
   21.5250000000000        161437500.000000     
          18
   21.8750000000000        164062500.000000     
         362
   22.2250000000000        166687500.000000     
          35
   22.5750000000000        169312500.000000     
         128
   22.9250000000000        171937500.000000     
         185
   23.2750000000000        174562500.000000     
          21
   23.6250000000000        177187500.000000     
         111
   23.9750000000000        179812500.000000     
         481
   24.3250000000000        182437500.000000     
          77
   24.6750000000000        185062500.000000     
          92
   25.0250000000000        187687500.000000     
          41
   25.3750000000000        190312500.000000     
         453
   25.7250000000000        192937500.000000     
         400
   26.0750000000000        195562500.000000     
         535
   26.4250000000000        198187500.000000     
         410
   26.7750000000000        200812500.000000     
          78
   27.1250000000000        203437500.000000     
         324
   27.4750000000000        206062500.000000     
         358
   27.8250000000000        208687500.000000     
         474
   28.1750000000000        211312500.000000     
         153
   28.5250000000000        213937500.000000     
         413
   28.8750000000000        216562500.000000     
          73
   29.2250000000000        219187500.000000     
         138
   29.5750000000000        221812500.000000     
         361
   29.9250000000000        224437500.000000     
         152
   30.2750000000000        227062500.000000     
         377
   30.6250000000000        229687500.000000     
          18
   30.9750000000001        232312500.000000     
         211
   31.3250000000001        234937500.000000     
         167
   31.6750000000001        237562500.000000     
          46
   32.0250000000001        240187500.000000     
         469
   32.3750000000001        242812500.000000     
         396
   32.7250000000001        245437500.000000     
         110
   33.0750000000001        248062500.000000     
         126
   33.4250000000001        250687500.000000     
         122
   33.7750000000001        253312500.000000     
         419
   34.1250000000001        255937500.000000     
          81
   34.4750000000001        258562500.000000     
         496
   34.8250000000001        261187500.000001     
         182
   35.1750000000001        263812500.000001     
         421
   35.5250000000001        266437500.000001     
         468
   35.8750000000001        269062500.000001     
         446
   36.2250000000001        271687500.000001     
         478
   36.5750000000001        274312500.000001     
         182
   36.9250000000001        276937500.000001     
         218
   37.2750000000001        279562500.000001     
         535
   37.6250000000001        282187500.000001     
         215
   37.9750000000001        284812500.000001     
         235
   38.3250000000001        287437500.000001     
         438
   38.6750000000001        290062500.000001     
         323
   39.0250000000001        292687500.000001     
         115
   39.3750000000001        295312500.000001     
          64
   39.7250000000001        297937500.000001     
         530
   40.0750000000001        300562500.000001     
         451
   40.4250000000001        303187500.000001     
         448
   40.7750000000001        305812500.000001     
         410
   41.1250000000001        308437500.000001     
          99
   41.4750000000001        311062500.000001     
         241
   41.8250000000001        313687500.000001     
         109
   42.1750000000001        316312500.000001     
         271
   42.5250000000001        318937500.000001     
         233
   42.8750000000001        321562500.000001     
         174
   43.2250000000001        324187500.000001     
         452
   43.5750000000001        326812500.000001     
         124
   43.9250000000001        329437500.000001     
         344
   44.2750000000001        332062500.000001     
         152
   44.6250000000001        334687500.000001     
           7
   44.9750000000001        337312500.000001     
         277
   45.3250000000001        339937500.000001     
         194
   45.6750000000001        342562500.000001     
         171
   46.0250000000001        345187500.000001     
         462
   46.3750000000001        347812500.000001     
         131
   46.7250000000001        350437500.000001     
          23
   47.0750000000001        353062500.000001     
         108
   47.4250000000001        355687500.000001     
         363
   47.7750000000001        358312500.000001     
         309
   48.1250000000001        360937500.000001     
         471
   48.4750000000001        363562500.000001     
         108
   48.8250000000001        366187500.000001     
         346
   49.1750000000001        368812500.000001     
          93
   49.5250000000001        371437500.000001     
         382
   49.8750000000001        374062500.000001     
         203
   50.2250000000001        376687500.000001     
         454
   50.5750000000001        379312500.000001     
         308
   50.9250000000001        381937500.000001     
         177
   51.2750000000001        384562500.000001     
          80
   51.6250000000001        387187500.000001     
          15
   51.9750000000001        389812500.000001     
         412
   52.3250000000001        392437500.000001     
         444
   52.6750000000001        395062500.000001     
         530
   53.0250000000001        397687500.000001     
          68
   53.3750000000001        400312500.000001     
          30
   53.7250000000001        402937500.000001     
          43
   54.0750000000001        405562500.000001     
         129
   54.4250000000001        408187500.000001     
         103
   54.7750000000001        410812500.000001     
         517
   55.1250000000001        413437500.000001     
          51
   55.4750000000002        416062500.000001     
           3
   55.8250000000002        418687500.000001     
         129
   56.1750000000002        421312500.000001     
         505
   56.5250000000002        423937500.000001     
         295
   56.8750000000002        426562500.000001     
         354
   57.2250000000002        429187500.000001     
         205
   57.5750000000002        431812500.000001     
         445
   57.9250000000002        434437500.000001     
          62
   58.2750000000002        437062500.000001     
          61
   58.6250000000002        439687500.000001     
         162
   58.9750000000002        442312500.000001     
         534
   59.3250000000002        444937500.000001     
         436
   59.6750000000002        447562500.000001     
         467
   60.0250000000002        450187500.000001     
         534
   60.3750000000002        452812500.000001     
         253
   60.7250000000002        455437500.000001     
         502
   61.0750000000002        458062500.000001     
         164
   61.4250000000002        460687500.000001     
         412
   61.7750000000002        463312500.000001     
          18
   62.1250000000002        465937500.000001     
         486
   62.4750000000002        468562500.000001     
         100
   62.8250000000002        471187500.000001     
         344
   63.1750000000002        473812500.000001     
          90
   63.5250000000002        476437500.000001     
         327
   63.8750000000002        479062500.000001     
          45
   64.2250000000002        481687500.000001     
         236
   64.5750000000002        484312500.000001     
         268
   64.9250000000002        486937500.000001     
         453
   65.2750000000002        489562500.000001     
          45
   65.6250000000002        492187500.000001     
         222
   65.9750000000002        494812500.000001     
         120
   66.3250000000001        497437500.000001     
         306
   66.6750000000001        500062500.000001     
         332
   67.0250000000001        502687500.000001     
         206
   67.3750000000001        505312500.000001     
           6
   67.7250000000001        507937500.000001     
         394
   68.0750000000001        510562500.000001     
         334
   68.4250000000001        513187500.000001     
         273
   68.7750000000001        515812500.000001     
         394
   69.1250000000001        518437500.000001     
         480
   69.4750000000001        521062500.000001     
           1
   69.8250000000001        523687500.000001     
         331
   70.1750000000001        526312500.000001     
         138
   70.5250000000001        528937500.000001     
         212
   70.8750000000001        531562500.000001     
          59
   71.2250000000001        534187500.000000     
         187
   71.5750000000001        536812500.000000     
         267
   71.9250000000001        539437500.000000     
         421
   72.2750000000000        542062500.000000     
         274
   72.6250000000000        544687500.000000     
         257
   72.9750000000000        547312500.000000     
          99
   73.3250000000000        549937500.000000     
          15
   73.6750000000000        552562500.000000     
         207
   74.0250000000000        555187500.000000     
         302
   74.3750000000000        557812500.000000     
         157
   74.7250000000000        560437500.000000     
          47
   75.0750000000000        563062500.000000     
         390
   75.4250000000000        565687500.000000     
         187
   75.7750000000000        568312500.000000     
         113
   76.1250000000000        570937500.000000     
         222
   76.4750000000000        573562500.000000     
         117
   76.8250000000000        576187500.000000     
         341
   77.1750000000000        578812500.000000     
         375
   77.5250000000000        581437500.000000     
         494
   77.8750000000000        584062500.000000     
          51
   78.2250000000000        586687500.000000     
         439
   78.5749999999999        589312500.000000     
         176
   78.9249999999999        591937500.000000     
         508
   79.2749999999999        594562500.000000     
         143
   79.6249999999999        597187500.000000     
          90
   79.9749999999999        599812499.999999     
         272
   80.3249999999999        602437499.999999     
         503
   80.6749999999999        605062499.999999     
         235
   81.0249999999999        607687499.999999     
          41
   81.3749999999999        610312499.999999     
         477
   81.7249999999999        612937499.999999     
         492
   82.0749999999999        615562499.999999     
          61
   82.4249999999999        618187499.999999     
         272
   82.7749999999999        620812499.999999     
         250
   83.1249999999999        623437499.999999     
         116
   83.4749999999999        626062499.999999     
         338
   83.8249999999999        628687499.999999     
         397
   84.1749999999999        631312499.999999     
         286
   84.5249999999998        633937499.999999     
         210
   84.8749999999998        636562499.999999     
         366
   85.2249999999998        639187499.999999     
          89
   85.5749999999998        641812499.999999     
         304
   85.9249999999998        644437499.999999     
         487
   86.2749999999998        647062499.999999     
         409
   86.6249999999998        649687499.999999     
          72
   86.9749999999998        652312499.999999     
          31
   87.3249999999998        654937499.999999     
         501
   87.6749999999998        657562499.999998     
         352
   88.0249999999998        660187499.999998     
         160
   88.3749999999998        662812499.999998     
         462
   88.7249999999998        665437499.999998     
         276
   89.0749999999998        668062499.999998     
         424
   89.4249999999998        670687499.999998     
         363
   89.7749999999998        673312499.999998     
         165
   90.1249999999998        675937499.999998     
         228
   90.4749999999998        678562499.999998     
         178
   90.8249999999997        681187499.999998     
          35
   91.1749999999997        683812499.999998     
         255
   91.5249999999997        686437499.999998     
         408
   91.8749999999997        689062499.999998     
         462
   92.2249999999997        691687499.999998     
          59
   92.5749999999997        694312499.999998     
         319
   92.9249999999997        696937499.999998     
         192
   93.2749999999997        699562499.999998     
          49
   93.6249999999997        702187499.999998     
          60
   93.9749999999997        704812499.999998     
         487
   94.3249999999997        707437499.999998     
         227
   94.6749999999997        710062499.999998     
          78
   95.0249999999997        712687499.999998     
         108
   95.3749999999997        715312499.999997     
          92
   95.7249999999997        717937499.999997     
          91
   96.0749999999997        720562499.999997     
         135
   96.4249999999997        723187499.999997     
         151
   96.7749999999997        725812499.999997     
         296
   97.1249999999996        728437499.999997     
         208
   97.4749999999996        731062499.999997     
         512
   97.8249999999996        733687499.999997     
         515
   98.1749999999996        736312499.999997     
         330
   98.5249999999996        738937499.999997     
         128
   98.8749999999996        741562499.999997     
         162
   99.2249999999996        744187499.999997     
         300
   99.5749999999996        746812499.999997     
         430
   99.9249999999996        749437499.999997     
          58
   100.275000000000        752062499.999997     
         167
   100.625000000000        754687499.999997     
          49
   100.975000000000        757312499.999997     
         499
   101.325000000000        759937499.999997     
         489
   101.675000000000        762562499.999997     
         497
   102.025000000000        765187499.999997     
          62
   102.375000000000        767812499.999997     
         298
   102.725000000000        770437499.999997     
         322
   103.075000000000        773062499.999997     
         282
   103.425000000000        775687499.999997     
         343
   103.775000000000        778312499.999997     
         259
   104.125000000000        780937499.999996     
         307
   104.475000000000        783562499.999996     
         131
   104.825000000000        786187499.999996     
         251
   105.175000000000        788812499.999996     
         528
   105.525000000000        791437499.999996     
         191
   105.875000000000        794062499.999996     
         408
   106.224999999999        796687499.999996     
         109
   106.574999999999        799312499.999996     
         234
   106.924999999999        801937499.999996     
         446
   107.274999999999        804562499.999996     
         465
   107.624999999999        807187499.999996     
         207
   107.974999999999        809812499.999996     
         309
   108.324999999999        812437499.999996     
         410
   108.674999999999        815062499.999996     
          11
   109.024999999999        817687499.999996     
          13
   109.374999999999        820312499.999996     
         206
   109.724999999999        822937499.999996     
         426
   110.074999999999        825562499.999996     
         419
   110.424999999999        828187499.999996     
         121
   110.774999999999        830812499.999996     
         202
   111.124999999999        833437499.999996     
         227
   111.474999999999        836062499.999996     
          71
   111.824999999999        838687499.999996     
         324
   112.174999999999        841312499.999995     
         453
   112.524999999999        843937499.999995     
         280
   112.874999999999        846562499.999995     
         207
   113.224999999999        849187499.999995     
          25
   113.574999999999        851812499.999995     
         316
   113.924999999999        854437499.999995     
         413
   114.274999999999        857062499.999995     
         176
   114.624999999999        859687499.999995     
         237
   114.974999999999        862312499.999995     
         315
   115.324999999999        864937499.999995     
         263
   115.674999999999        867562499.999995     
         175
   116.024999999999        870187499.999995     
         207
   116.374999999999        872812499.999995     
          82
   116.724999999999        875437499.999995     
         397
   117.074999999999        878062499.999995     
         427
   117.424999999999        880687499.999995     
          15
   117.774999999999        883312499.999995     
         362
   118.124999999999        885937499.999995     
          46
   118.474999999999        888562499.999995     
         196
   118.824999999999        891187499.999995     
         358
   119.174999999999        893812499.999995     
         251
   119.524999999999        896437499.999995     
         496
   119.874999999999        899062499.999995     
         149
   120.224999999999        901687499.999995     
         200
   120.574999999999        904312499.999995     
          16
   120.924999999999        906937499.999994     
         366
   121.274999999999        909562499.999994     
         164
   121.624999999999        912187499.999994     
         149
   121.974999999999        914812499.999994     
         206
   122.324999999999        917437499.999994     
         500
   122.674999999999        920062499.999994     
         296
   123.024999999999        922687499.999994     
         372
   123.374999999999        925312499.999994     
         318
   123.724999999999        927937499.999994     
          25
   124.074999999999        930562499.999994     
         429
   124.424999999999        933187499.999994     
         199
   124.774999999999        935812499.999994     
           3
   125.124999999999        938437499.999994     
         347
   125.474999999999        941062499.999994     
         372
   125.824999999999        943687499.999994     
          67
   126.174999999999        946312499.999994     
          55
   126.524999999999        948937499.999994     
         129
   126.874999999999        951562499.999994     
          90
   127.224999999999        954187499.999994     
         443
   127.574999999999        956812499.999994     
          97
   127.924999999999        959437499.999994     
          52
   128.274999999999        962062499.999993     
         216
   128.624999999999        964687499.999993     
         159
   128.974999999999        967312499.999993     
          72
   129.324999999999        969937499.999993     
         491
   129.674999999999        972562499.999993     
         357
   130.024999999999        975187499.999993     
         393
   130.374999999999        977812499.999993     
         276
   130.724999999999        980437499.999993     
         506
   131.074999999999        983062499.999993     
         406
   131.424999999999        985687499.999993     
         227
   131.774999999999        988312499.999993     
          52
   132.124999999999        990937499.999993     
         398
   132.474999999999        993562499.999993     
         472
   132.824999999999        996187499.999993     
         497
   133.174999999999        998812499.999993     
           3
   133.524999999999        1001437499.99999     
         323
   133.874999999999        1004062499.99999     
         318
   134.224999999999        1006687499.99999     
         338
   134.574999999999        1009312499.99999     
          19
   134.924999999999        1011937499.99999     
         175
   135.274999999999        1014562499.99999     
          39
   135.624999999999        1017187499.99999     
          37
   135.974999999999        1019812499.99999     
         147
   136.324999999999        1022437499.99999     
         285
   136.674999999999        1025062499.99999     
         239
   137.024999999999        1027687499.99999     
         265
   137.374999999999        1030312499.99999     
         103
   137.724999999999        1032937499.99999     
         492
   138.074999999999        1035562499.99999     
          80
   138.424999999999        1038187499.99999     
         389
   138.774999999999        1040812499.99999     
           1
   139.124999999999        1043437499.99999     
         347
   139.474999999999        1046062499.99999     
         388
   139.824999999999        1048687499.99999     
           2
   140.174999999999        1051312499.99999     
         262
   140.524999999999        1053937499.99999     
         161
   140.874999999999        1056562499.99999     
         503
   141.224999999999        1059187499.99999     
         488
   141.574999999999        1061812499.99999     
         204
   141.924999999999        1064437499.99999     
         321
   142.274999999999        1067062499.99999     
         370
   142.624999999999        1069687499.99999     
         507
   142.974999999999        1072312499.99999     
         249
   143.324999999999        1074937499.99999     
         270
   143.674999999999        1077562499.99999     
         207
   144.024999999999        1080187499.99999     
         257
   144.374999999999        1082812499.99999     
         252
   144.724999999999        1085437499.99999     
         194
   145.074999999999        1088062499.99999     
         509
   145.424999999999        1090687499.99999     
         398
   145.774999999999        1093312499.99999     
         516
   146.124999999999        1095937499.99999     
         396
   146.474999999999        1098562499.99999     
         241
   146.824999999999        1101187499.99999     
         275
   147.174999999999        1103812499.99999     
          64
   147.524999999999        1106437499.99999     
         372
   147.874999999999        1109062499.99999     
          98
   148.224999999999        1111687499.99999     
         197
   148.574999999999        1114312499.99999     
         425
   148.924999999999        1116937499.99999     
         537
   149.274999999999        1119562499.99999     
          68
   149.624999999999        1122187499.99999     
         536
   149.974999999999        1124812499.99999     
         415
   150.324999999999        1127437499.99999     
         415
   150.674999999999        1130062499.99999     
         521
   151.024999999999        1132687499.99999     
          64
   151.374999999999        1135312499.99999     
          32
   151.724999999999        1137937499.99999     
           0
   152.074999999999        1140562499.99999     
         339
   152.424999999999        1143187499.99999     
          80
   152.774999999999        1145812499.99999     
         200
   153.124999999999        1148437499.99999     
         163
   153.474999999999        1151062499.99999     
         301
   153.824999999999        1153687499.99999     
         426
   154.174999999999        1156312499.99999     
         183
   154.524999999999        1158937499.99999     
          67
   154.874999999999        1161562499.99999     
         102
   155.224999999999        1164187499.99999     
         206
   155.574999999999        1166812499.99999     
         199
   155.924999999999        1169437499.99999     
          92
   156.274999999999        1172062499.99999     
         331
   156.624999999999        1174687499.99999     
         253
   156.974999999999        1177312499.99999     
         112
   157.324999999999        1179937499.99999     
         462
   157.674999999999        1182562499.99999     
         284
   158.024999999999        1185187499.99999     
          82
   158.374999999999        1187812499.99999     
         173
   158.724999999999        1190437499.99999     
          18
   159.074999999999        1193062499.99999     
         122
   159.424999999999        1195687499.99999     
         540
   159.774999999999        1198312499.99999     
         355
   160.124999999999        1200937499.99999     
         308
   160.474999999999        1203562499.99999     
          47
   160.824999999999        1206187499.99999     
         219
   161.174999999999        1208812499.99999     
         435
   161.524999999999        1211437499.99999     
         129
   161.874999999999        1214062499.99999     
         529
   162.224999999999        1216687499.99999     
         282
   162.574999999999        1219312499.99999     
         400
   162.924999999999        1221937499.99999     
          92
   163.274999999999        1224562499.99999     
         198
   163.624999999999        1227187499.99999     
         414
   163.974999999999        1229812499.99999     
           5
   164.324999999999        1232437499.99999     
         511
   164.674999999999        1235062499.99999     
         348
   165.024999999999        1237687499.99999     
         143
   165.374999999999        1240312499.99999     
         161
   165.724999999999        1242937499.99999     
         231
   166.074999999999        1245562499.99999     
          35
   166.424999999999        1248187499.99999     
         408
   166.774999999998        1250812499.99999     
         500
   167.124999999998        1253437499.99999     
         443
   167.474999999998        1256062499.99999     
         345
   167.824999999998        1258687499.99999     
         410
   168.174999999998        1261312499.99999     
         343
   168.524999999998        1263937499.99999     
         263
   168.874999999998        1266562499.99999     
         500
   169.224999999998        1269187499.99999     
         445
   169.574999999998        1271812499.99999     
         132
   169.924999999998        1274437499.99999     
          27
   170.274999999998        1277062499.99999     
         500
   170.624999999998        1279687499.99999     
         148
   170.974999999998        1282312499.99999     
         202
   171.324999999998        1284937499.99999     
         273
   171.674999999998        1287562499.99999     
         183
   172.024999999998        1290187499.99999     
         255
   172.374999999998        1292812499.99999     
           8
   172.724999999998        1295437499.99999     
          74
   173.074999999998        1298062499.99999     
         206
   173.424999999998        1300687499.99999     
         211
   173.774999999998        1303312499.99999     
         427
   174.124999999998        1305937499.99999     
         160
   174.474999999998        1308562499.99999     
         227
   174.824999999998        1311187499.99999     
          97
   175.174999999998        1313812499.99999     
         307
   175.524999999998        1316437499.99999     
         165
   175.874999999998        1319062499.99999     
         364
   176.224999999998        1321687499.99999     
         415
   176.574999999998        1324312499.99999     
         170
   176.924999999998        1326937499.99999     
         164
   177.274999999998        1329562499.99999     
         114
   177.624999999998        1332187499.99999     
          63
   177.974999999998        1334812499.99999     
         429
   178.324999999998        1337437499.99999     
         319
   178.674999999998        1340062499.99999     
         469
   179.024999999998        1342687499.99999     
         120
   179.374999999998        1345312499.99999     
         199
   179.724999999998        1347937499.99999     
         169
   180.074999999998        1350562499.99999     
         529
   180.424999999998        1353187499.99999     
         209
   180.774999999998        1355812499.99999     
          91
   181.124999999998        1358437499.99999     
         348
   181.474999999998        1361062499.99999     
         379
   181.824999999998        1363687499.99999     
          49
   182.174999999998        1366312499.99999     
         350
   182.524999999998        1368937499.99999     
         515
   182.874999999998        1371562499.99999     
         355
   183.224999999998        1374187499.99999     
         230
   183.574999999998        1376812499.99999     
         424
   183.924999999998        1379437499.99999     
         445
   184.274999999998        1382062499.99999     
          62
   184.624999999998        1384687499.99999     
          92
   184.974999999998        1387312499.99999     
         395
   185.324999999998        1389937499.99999     
         403
   185.674999999998        1392562499.99999     
         107
   186.024999999998        1395187499.99999     
         136
   186.374999999998        1397812499.99999     
         421
   186.724999999998        1400437499.99999     
         436
   187.074999999998        1403062499.99999     
         409
   187.424999999998        1405687499.99999     
         424
   187.774999999998        1408312499.99999     
         330
   188.124999999998        1410937499.99999     
         508
   188.474999999998        1413562499.99999     
         320
   188.824999999998        1416187499.99999     
         514
   189.174999999998        1418812499.99999     
         519
   189.524999999998        1421437499.99999     
          54
   189.874999999998        1424062499.99999     
         198
   190.224999999998        1426687499.99999     
         516
   190.574999999998        1429312499.99999     
         504
   190.924999999998        1431937499.99999     
         378
   191.274999999998        1434562499.99999     
         388
   191.624999999998        1437187499.99999     
         432
   191.974999999998        1439812499.99999     
         464
   192.324999999998        1442437499.99999     
         416
   192.674999999998        1445062499.99999     
         441
   193.024999999998        1447687499.99999     
         238
   193.374999999998        1450312499.99999     
         531
   193.724999999998        1452937499.99999     
         366
   194.074999999998        1455562499.99999     
         283
   194.424999999998        1458187499.99999     
         312
   194.774999999998        1460812499.99999     
          45
   195.124999999998        1463437499.99999     
         142
   195.474999999998        1466062499.99999     
         420
   195.824999999998        1468687499.99999     
         208
   196.174999999998        1471312499.99999     
         499
   196.524999999998        1473937499.99999     
         240
   196.874999999998        1476562499.99998     
         366
   197.224999999998        1479187499.99998     
         326
   197.574999999998        1481812499.99998     
         328
   197.924999999998        1484437499.99998     
         276
   198.274999999998        1487062499.99998     
         217
   198.624999999998        1489687499.99998     
         110
   198.974999999998        1492312499.99998     
         300
   199.324999999998        1494937499.99998     
         211
   199.674999999998        1497562499.99998     
         259
   200.024999999998        1500187499.99998     
         509
   200.374999999998        1502812499.99998     
         369
   200.724999999998        1505437499.99998     
         406
   201.074999999998        1508062499.99998     
         380
   201.424999999998        1510687499.99998     
         387
   201.774999999998        1513312499.99998     
          57
   202.124999999998        1515937499.99998     
          92
   202.474999999998        1518562499.99998     
         502
   202.824999999998        1521187499.99998     
         352
   203.174999999998        1523812499.99998     
         352
   203.524999999998        1526437499.99998     
         428
   203.874999999998        1529062499.99998     
         272
   204.224999999998        1531687499.99998     
         417
   204.574999999998        1534312499.99998     
         179
   204.924999999998        1536937499.99998     
         419
   205.274999999998        1539562499.99998     
          64
   205.624999999998        1542187499.99998     
         226
   205.974999999998        1544812499.99998     
          86
   206.324999999998        1547437499.99998     
         121
   206.674999999998        1550062499.99998     
         426
   207.024999999998        1552687499.99998     
         387
   207.374999999998        1555312499.99998     
          56
   207.724999999998        1557937499.99998     
         172
   208.074999999998        1560562499.99998     
         227
   208.424999999998        1563187499.99998     
         372
   208.774999999998        1565812499.99998     
         311
   209.124999999998        1568437499.99998     
         191
   209.474999999998        1571062499.99998     
          32
   209.824999999998        1573687499.99998     
          96
   210.174999999998        1576312499.99998     
         337
   210.524999999998        1578937499.99998     
          74
   210.874999999998        1581562499.99998     
         396
   211.224999999998        1584187499.99998     
         449
   211.574999999998        1586812499.99998     
          72
   211.924999999998        1589437499.99998     
         172
   212.274999999998        1592062499.99998     
         490
   212.624999999998        1594687499.99998     
         285
   212.974999999998        1597312499.99998     
          82
   213.324999999998        1599937499.99998     
         133
   213.674999999998        1602562499.99998     
         361
   214.024999999998        1605187499.99998     
         244
   214.374999999998        1607812499.99998     
         433
   214.724999999998        1610437499.99998     
         349
   215.074999999998        1613062499.99998     
         373
   215.424999999998        1615687499.99998     
         230
   215.774999999998        1618312499.99998     
         526
   216.124999999998        1620937499.99998     
         285
   216.474999999998        1623562499.99998     
         218
   216.824999999998        1626187499.99998     
         540
   217.174999999998        1628812499.99998     
         383
   217.524999999998        1631437499.99998     
         513
   217.874999999998        1634062499.99998     
          25
   218.224999999998        1636687499.99998     
         464
   218.574999999998        1639312499.99998     
         462
   218.924999999998        1641937499.99998     
         135
   219.274999999998        1644562499.99998     
         207
   219.624999999998        1647187499.99998     
         195
   219.974999999998        1649812499.99998     
         401
   220.324999999998        1652437499.99998     
         431
   220.674999999998        1655062499.99998     
         142
   221.024999999998        1657687499.99998     
         450
   221.374999999998        1660312499.99998     
         500
   221.724999999998        1662937499.99998     
         235
   222.074999999998        1665562499.99998     
         504
   222.424999999998        1668187499.99998     
         528
   222.774999999998        1670812499.99998     
          17
   223.124999999998        1673437499.99998     
         209
   223.474999999998        1676062499.99998     
         342
   223.824999999998        1678687499.99998     
         392
   224.174999999998        1681312499.99998     
         337
   224.524999999998        1683937499.99998     
         266
   224.874999999998        1686562499.99998     
         188
   225.224999999998        1689187499.99998     
         519
   225.574999999998        1691812499.99998     
         289
   225.924999999998        1694437499.99998     
          16
   226.274999999998        1697062499.99998     
         121
   226.624999999998        1699687499.99998     
         524
   226.974999999998        1702312499.99998     
         280
   227.324999999998        1704937499.99998     
         120
   227.674999999998        1707562499.99998     
         148
   228.024999999998        1710187499.99998     
         115
   228.374999999997        1712812499.99998     
          99
   228.724999999997        1715437499.99998     
          19
   229.074999999997        1718062499.99998     
         191
   229.424999999997        1720687499.99998     
         454
   229.774999999997        1723312499.99998     
         263
   230.124999999997        1725937499.99998     
         231
   230.474999999997        1728562499.99998     
         223
   230.824999999997        1731187499.99998     
         472
   231.174999999997        1733812499.99998     
          61
   231.524999999997        1736437499.99998     
          75
   231.874999999997        1739062499.99998     
          26
   232.224999999997        1741687499.99998     
         130
   232.574999999997        1744312499.99998     
         299
   232.924999999997        1746937499.99998     
         197
   233.274999999997        1749562499.99998     
          93
   233.624999999997        1752187499.99998     
         433
   233.974999999997        1754812499.99998     
          82
   234.324999999997        1757437499.99998     
         223
   234.674999999997        1760062499.99998     
         310
   235.024999999997        1762687499.99998     
         377
   235.374999999997        1765312499.99998     
         348
   235.724999999997        1767937499.99998     
         364
   236.074999999997        1770562499.99998     
         539
   236.424999999997        1773187499.99998     
          61
   236.774999999997        1775812499.99998     
         483
   237.124999999997        1778437499.99998     
         512
   237.474999999997        1781062499.99998     
          37
   237.824999999997        1783687499.99998     
         250
   238.174999999997        1786312499.99998     
         293
   238.524999999997        1788937499.99998     
         510
   238.874999999997        1791562499.99998     
         172
   239.224999999997        1794187499.99998     
         407
   239.574999999997        1796812499.99998     
         213
   239.924999999997        1799437499.99998     
         227
   240.274999999997        1802062499.99998     
         272
   240.624999999997        1804687499.99998     
         287
   240.974999999997        1807312499.99998     
         296
   241.324999999997        1809937499.99998     
          53
   241.674999999997        1812562499.99998     
         471
   242.024999999997        1815187499.99998     
         188
   242.374999999997        1817812499.99998     
         437
   242.724999999997        1820437499.99998     
         485
   243.074999999997        1823062499.99998     
         522
   243.424999999997        1825687499.99998     
         140
   243.774999999997        1828312499.99998     
         295
   244.124999999997        1830937499.99998     
         332
   244.474999999997        1833562499.99998     
         470
   244.824999999997        1836187499.99998     
         254
   245.174999999997        1838812499.99998     
         131
   245.524999999997        1841437499.99998     
         186
   245.874999999997        1844062499.99998     
         473
   246.224999999997        1846687499.99998     
         366
   246.574999999997        1849312499.99998     
          36
   246.924999999997        1851937499.99998     
          71
   247.274999999997        1854562499.99998     
          25
   247.624999999997        1857187499.99998     
          50
   247.974999999997        1859812499.99998     
         537
   248.324999999997        1862437499.99998     
          25
   248.674999999997        1865062499.99998     
         332
   249.024999999997        1867687499.99998     
         415
   249.374999999997        1870312499.99998     
         532
   249.724999999997        1872937499.99998     
         207
   250.074999999997        1875562499.99998     
         233
   250.424999999997        1878187499.99998     
         334
   250.774999999997        1880812499.99998     
         146
   251.124999999997        1883437499.99998     
         217
   251.474999999997        1886062499.99998     
         321
   251.824999999997        1888687499.99998     
         158
   252.174999999997        1891312499.99998     
         380
   252.524999999997        1893937499.99998     
         462
   252.874999999997        1896562499.99998     
         298
   253.224999999997        1899187499.99998     
         488
   253.574999999997        1901812499.99998     
           5
   253.924999999997        1904437499.99998     
         415
   254.274999999997        1907062499.99998     
         336
   254.624999999997        1909687499.99998     
         468
   254.974999999997        1912312499.99998     
         488
   255.324999999997        1914937499.99998     
          84
   255.674999999997        1917562499.99998     
         329
   256.024999999997        1920187499.99998     
         129
   256.374999999997        1922812499.99998     
         267
   256.724999999997        1925437499.99998     
         462
   257.074999999997        1928062499.99998     
         470
   257.424999999997        1930687499.99998     
         539
   257.774999999997        1933312499.99998     
         383
   258.124999999997        1935937499.99998     
         295
   258.474999999997        1938562499.99998     
         290
   258.824999999997        1941187499.99998     
         167
   259.174999999997        1943812499.99998     
          31
   259.524999999997        1946437499.99998     
         206
   259.874999999997        1949062499.99998     
         455
   260.224999999997        1951687499.99998     
          73
   260.574999999997        1954312499.99998     
          34
   260.924999999997        1956937499.99998     
         515
   261.274999999997        1959562499.99998     
          40
   261.624999999997        1962187499.99998     
         106
   261.974999999997        1964812499.99998     
         130
   262.324999999997        1967437499.99998     
         472
   262.674999999998        1970062499.99998     
         377
   263.024999999998        1972687499.99998     
         422
   263.374999999998        1975312499.99998     
         246
   263.724999999998        1977937499.99998     
         376
   264.074999999998        1980562499.99998     
         309
   264.424999999998        1983187499.99998     
         370
   264.774999999998        1985812499.99998     
         167
   265.124999999998        1988437499.99998     
         454
   265.474999999998        1991062499.99998     
         176
   265.824999999998        1993687499.99998     
         455
   266.174999999998        1996312499.99998     
         407
   266.524999999998        1998937499.99998     
          56
   266.874999999998        2001562499.99998     
         378
   267.224999999998        2004187499.99998     
          29
   267.574999999998        2006812499.99998     
         186
   267.924999999998        2009437499.99998     
         199
   268.274999999998        2012062499.99998     
          68
   268.624999999998        2014687499.99998     
         249
   268.974999999998        2017312499.99998     
         154
   269.324999999998        2019937499.99998     
         217
   269.674999999998        2022562499.99998     
         165
   270.024999999998        2025187499.99998     
          69
   270.374999999998        2027812499.99998     
          71
   270.724999999998        2030437499.99999     
         136
   271.074999999998        2033062499.99999     
         402
   271.424999999998        2035687499.99999     
         249
   271.774999999998        2038312499.99999     
          58
   272.124999999998        2040937499.99999     
         268
   272.474999999998        2043562499.99999     
         362
   272.824999999998        2046187499.99999     
          26
   273.174999999998        2048812499.99999     
         165
   273.524999999998        2051437499.99999     
         523
   273.874999999998        2054062499.99999     
         364
   274.224999999998        2056687499.99999     
          18
   274.574999999998        2059312499.99999     
         367
   274.924999999998        2061937499.99999     
         146
   275.274999999998        2064562499.99999     
         342
   275.624999999998        2067187499.99999     
         162
   275.974999999998        2069812499.99999     
         364
   276.324999999998        2072437499.99999     
         425
   276.674999999998        2075062499.99999     
           5
   277.024999999998        2077687499.99999     
         393
   277.374999999998        2080312499.99999     
         188
   277.724999999998        2082937499.99999     
          90
   278.074999999999        2085562499.99999     
         360
   278.424999999999        2088187499.99999     
          51
   278.774999999999        2090812499.99999     
           2
   279.124999999999        2093437499.99999     
          92
   279.474999999999        2096062499.99999     
         212
   279.824999999999        2098687499.99999     
         270
   280.174999999999        2101312499.99999     
         264
   280.524999999999        2103937499.99999     
         332
   280.874999999999        2106562499.99999     
         172
   281.224999999999        2109187499.99999     
         185
   281.574999999999        2111812499.99999     
          14
   281.924999999999        2114437499.99999     
         530
   282.274999999999        2117062499.99999     
         519
   282.624999999999        2119687499.99999     
         376
   282.974999999999        2122312499.99999     
         160
   283.324999999999        2124937499.99999     
          61
   283.674999999999        2127562499.99999     
          90
   284.024999999999        2130187499.99999     
         366
   284.374999999999        2132812499.99999     
         286
   284.724999999999        2135437499.99999     
         265
   285.074999999999        2138062499.99999     
         298
   285.424999999999        2140687499.99999     
          90
   285.774999999999        2143312499.99999     
         379
   286.124999999999        2145937499.99999     
         419
   286.474999999999        2148562499.99999     
         344
   286.824999999999        2151187499.99999     
          56
   287.174999999999        2153812499.99999     
         495
   287.524999999999        2156437499.99999     
         527
   287.874999999999        2159062499.99999     
         138
   288.224999999999        2161687499.99999     
          49
   288.574999999999        2164312499.99999     
         109
   288.924999999999        2166937499.99999     
         122
   289.274999999999        2169562499.99999     
         316
   289.624999999999        2172187499.99999     
          48
   289.974999999999        2174812499.99999     
         405
   290.324999999999        2177437499.99999     
          20
   290.674999999999        2180062499.99999     
         353
   291.024999999999        2182687500.00000     
         526
   291.374999999999        2185312500.00000     
          68
   291.724999999999        2187937500.00000     
         471
   292.074999999999        2190562500.00000     
         511
   292.424999999999        2193187500.00000     
         263
   292.774999999999        2195812500.00000     
         373
   293.124999999999        2198437500.00000     
         325
   293.475000000000        2201062500.00000     
         159
   293.825000000000        2203687500.00000     
          19
   294.175000000000        2206312500.00000     
         509
   294.525000000000        2208937500.00000     
         354
   294.875000000000        2211562500.00000     
         290
   295.225000000000        2214187500.00000     
         341
   295.575000000000        2216812500.00000     
         151
   295.925000000000        2219437500.00000     
         341
   296.275000000000        2222062500.00000     
         257
   296.625000000000        2224687500.00000     
          19
   296.975000000000        2227312500.00000     
          93
   297.325000000000        2229937500.00000     
          84
   297.675000000000        2232562500.00000     
         125
   298.025000000000        2235187500.00000     
          45
   298.375000000000        2237812500.00000     
          92
   298.725000000000        2240437500.00000     
         259
   299.075000000000        2243062500.00000     
         462
   299.425000000000        2245687500.00000     
         177
   299.775000000000        2248312500.00000     
         189
   300.125000000000        2250937500.00000     
         381
   300.475000000000        2253562500.00000     
         427
   300.825000000000        2256187500.00000     
         198
   301.175000000000        2258812500.00000     
         323
   301.525000000000        2261437500.00000     
         504
   301.875000000000        2264062500.00000     
          86
   302.225000000000        2266687500.00000     
         319
   302.575000000000        2269312500.00000     
         514
   302.925000000000        2271937500.00000     
         210
   303.275000000000        2274562500.00000     
         336
   303.625000000000        2277187500.00000     
         117
   303.975000000000        2279812500.00000     
         437
   304.325000000000        2282437500.00000     
         271
   304.675000000000        2285062500.00000     
         180
   305.025000000000        2287687500.00000     
         342
   305.375000000000        2290312500.00000     
         324
   305.725000000000        2292937500.00000     
         359
   306.075000000000        2295562500.00000     
         256
   306.425000000000        2298187500.00000     
         270
   306.775000000000        2300812500.00000     
          96
   307.125000000000        2303437500.00000     
         307
   307.475000000000        2306062500.00000     
         500
   307.825000000000        2308687500.00000     
         222
   308.175000000000        2311312500.00000     
         354
   308.525000000000        2313937500.00000     
         205
   308.875000000001        2316562500.00000     
         310
   309.225000000001        2319187500.00000     
          51
   309.575000000001        2321812500.00000     
         252
   309.925000000001        2324437500.00000     
          92
   310.275000000001        2327062500.00000     
         518
   310.625000000001        2329687500.00000     
         138
   310.975000000001        2332312500.00000     
         137
   311.325000000001        2334937500.00001     
         276
   311.675000000001        2337562500.00001     
          43
   312.025000000001        2340187500.00001     
         371
   312.375000000001        2342812500.00001     
         367
   312.725000000001        2345437500.00001     
         242
   313.075000000001        2348062500.00001     
         471
   313.425000000001        2350687500.00001     
          11
   313.775000000001        2353312500.00001     
         219
   314.125000000001        2355937500.00001     
         483
   314.475000000001        2358562500.00001     
         489
   314.825000000001        2361187500.00001     
          73
   315.175000000001        2363812500.00001     
          26
   315.525000000001        2366437500.00001     
         139
   315.875000000001        2369062500.00001     
          33
   316.225000000001        2371687500.00001     
         388
   316.575000000001        2374312500.00001     
         456
   316.925000000001        2376937500.00001     
         300
   317.275000000001        2379562500.00001     
         157
   317.625000000001        2382187500.00001     
         221
   317.975000000001        2384812500.00001     
         194
   318.325000000001        2387437500.00001     
         379
   318.675000000001        2390062500.00001     
         231
   319.025000000001        2392687500.00001     
         185
   319.375000000001        2395312500.00001     
         258
   319.725000000001        2397937500.00001     
         332
   320.075000000001        2400562500.00001     
          69
   320.425000000001        2403187500.00001     
         204
   320.775000000001        2405812500.00001     
          92
   321.125000000001        2408437500.00001     
          72
   321.475000000001        2411062500.00001     
         293
   321.825000000001        2413687500.00001     
         538
   322.175000000001        2416312500.00001     
         324
   322.525000000001        2418937500.00001     
         255
   322.875000000001        2421562500.00001     
         105
   323.225000000001        2424187500.00001     
          50
   323.575000000001        2426812500.00001     
          97
   323.925000000001        2429437500.00001     
         432
   324.275000000002        2432062500.00001     
         245
   324.625000000002        2434687500.00001     
         496
   324.975000000002        2437312500.00001     
          67
   325.325000000002        2439937500.00001     
         420
   325.675000000002        2442562500.00001     
         343
   326.025000000002        2445187500.00001     
         282
   326.375000000002        2447812500.00001     
          15
   326.725000000002        2450437500.00001     
         536
   327.075000000002        2453062500.00001     
         530
   327.425000000002        2455687500.00001     
          55
   327.775000000002        2458312500.00001     
         144
   328.125000000002        2460937500.00001     
          29
   328.475000000002        2463562500.00001     
         310
   328.825000000002        2466187500.00001     
         425
   329.175000000002        2468812500.00001     
         120
   329.525000000002        2471437500.00001     
         204
   329.875000000002        2474062500.00001     
         396
   330.225000000002        2476687500.00001     
         238
   330.575000000002        2479312500.00001     
           8
   330.925000000002        2481937500.00001     
         199
   331.275000000002        2484562500.00001     
           2
   331.625000000002        2487187500.00001     
         218
   331.975000000002        2489812500.00002     
         346
   332.325000000002        2492437500.00002     
         443
   332.675000000002        2495062500.00002     
         235
   333.025000000002        2497687500.00002     
         353
   333.375000000002        2500312500.00002     
         413
   333.725000000002        2502937500.00002     
         155
   334.075000000002        2505562500.00002     
         511
   334.425000000002        2508187500.00002     
          36
   334.775000000002        2510812500.00002     
         204
   335.125000000002        2513437500.00002     
         153
   335.475000000002        2516062500.00002     
         265
   335.825000000002        2518687500.00002     
         115
   336.175000000002        2521312500.00002     
         367
   336.525000000002        2523937500.00002     
         269
   336.875000000002        2526562500.00002     
         263
   337.225000000002        2529187500.00002     
         308
   337.575000000002        2531812500.00002     
         360
   337.925000000002        2534437500.00002     
         377
   338.275000000002        2537062500.00002     
         442
   338.625000000002        2539687500.00002     
         115
   338.975000000002        2542312500.00002     
         431
   339.325000000002        2544937500.00002     
         519
   339.675000000003        2547562500.00002     
         436
   340.025000000003        2550187500.00002     
         155
   340.375000000003        2552812500.00002     
         295
   340.725000000003        2555437500.00002     
          58
   341.075000000003        2558062500.00002     
         508
   341.425000000003        2560687500.00002     
          14
   341.775000000003        2563312500.00002     
          95
   342.125000000003        2565937500.00002     
         378
   342.475000000003        2568562500.00002     
         508
   342.825000000003        2571187500.00002     
         113
   343.175000000003        2573812500.00002     
          56
   343.525000000003        2576437500.00002     
         239
   343.875000000003        2579062500.00002     
         501
   344.225000000003        2581687500.00002     
         266
   344.575000000003        2584312500.00002     
         235
   344.925000000003        2586937500.00002     
          90
   345.275000000003        2589562500.00002     
          21
   345.625000000003        2592187500.00002     
         255
   345.975000000003        2594812500.00002     
         506
   346.325000000003        2597437500.00002     
         149
   346.675000000003        2600062500.00002     
         171
   347.025000000003        2602687500.00002     
          66
   347.375000000003        2605312500.00002     
         366
   347.725000000003        2607937500.00002     
         214
   348.075000000003        2610562500.00002     
         443
   348.425000000003        2613187500.00002     
         489
   348.775000000003        2615812500.00002     
         129
   349.125000000003        2618437500.00002     
          68
   349.475000000003        2621062500.00002     
         342
   349.825000000003        2623687500.00002     
         476
   350.175000000003        2626312500.00002     
          61
   350.525000000003        2628937500.00002     
         257
   350.875000000003        2631562500.00002     
         427
   351.225000000003        2634187500.00002     
         482
   351.575000000003        2636812500.00002     
         220
   351.925000000003        2639437500.00002     
         201
   352.275000000003        2642062500.00002     
         405
   352.625000000003        2644687500.00003     
          82
   352.975000000003        2647312500.00003     
         288
   353.325000000003        2649937500.00003     
         395
   353.675000000003        2652562500.00003     
         362
   354.025000000003        2655187500.00003     
         286
   354.375000000003        2657812500.00003     
         204
   354.725000000003        2660437500.00003     
         153
   355.075000000004        2663062500.00003     
         241
   355.425000000004        2665687500.00003     
         240
   355.775000000004        2668312500.00003     
         224
   356.125000000004        2670937500.00003     
         239
   356.475000000004        2673562500.00003     
         110
   356.825000000004        2676187500.00003     
         458
   357.175000000004        2678812500.00003     
         121
   357.525000000004        2681437500.00003     
         494
   357.875000000004        2684062500.00003     
         209
   358.225000000004        2686687500.00003     
         251
   358.575000000004        2689312500.00003     
         497
   358.925000000004        2691937500.00003     
         149
   359.275000000004        2694562500.00003     
         214
   359.625000000004        2697187500.00003     
          94
   359.975000000004        2699812500.00003     
          33
   360.325000000004        2702437500.00003     
         506
   360.675000000004        2705062500.00003     
         352
   361.025000000004        2707687500.00003     
         141
   361.375000000004        2710312500.00003     
         293
   361.725000000004        2712937500.00003     
         245
   362.075000000004        2715562500.00003     
         164
   362.425000000004        2718187500.00003     
         167
   362.775000000004        2720812500.00003     
         540
   363.125000000004        2723437500.00003     
         149
   363.475000000004        2726062500.00003     
         331
   363.825000000004        2728687500.00003     
         352
   364.175000000004        2731312500.00003     
          58
   364.525000000004        2733937500.00003     
         485
   364.875000000004        2736562500.00003     
          19
   365.225000000004        2739187500.00003     
          63
   365.575000000004        2741812500.00003     
         349
   365.925000000004        2744437500.00003     
         350
   366.275000000004        2747062500.00003     
         300
   366.625000000004        2749687500.00003     
         448
   366.975000000004        2752312500.00003     
         190
   367.325000000004        2754937500.00003     
         300
   367.675000000004        2757562500.00003     
         497
   368.025000000004        2760187500.00003     
         401
   368.375000000004        2762812500.00003     
          34
   368.725000000004        2765437500.00003     
         431
   369.075000000004        2768062500.00003     
         444
   369.425000000004        2770687500.00003     
           8
   369.775000000004        2773312500.00003     
         536
   370.125000000004        2775937500.00003     
          95
   370.475000000005        2778562500.00003     
          71
   370.825000000005        2781187500.00003     
         407
   371.175000000005        2783812500.00003     
         193
   371.525000000005        2786437500.00003     
         512
   371.875000000005        2789062500.00003     
         460
   372.225000000005        2791687500.00003     
         225
   372.575000000005        2794312500.00003     
         232
   372.925000000005        2796937500.00003     
          10
   373.275000000005        2799562500.00004     
          58
   373.625000000005        2802187500.00004     
         522
   373.975000000005        2804812500.00004     
          27
   374.325000000005        2807437500.00004     
         210
   374.675000000005        2810062500.00004     
         116
   375.025000000005        2812687500.00004     
         271
   375.375000000005        2815312500.00004     
         274
   375.725000000005        2817937500.00004     
         204
   376.075000000005        2820562500.00004     
         444
   376.425000000005        2823187500.00004     
         455
   376.775000000005        2825812500.00004     
         115
   377.125000000005        2828437500.00004     
         214
   377.475000000005        2831062500.00004     
          22
   377.825000000005        2833687500.00004     
         222
   378.175000000005        2836312500.00004     
         368
   378.525000000005        2838937500.00004     
         521
   378.875000000005        2841562500.00004     
         327
   379.225000000005        2844187500.00004     
         500
   379.575000000005        2846812500.00004     
         491
   379.925000000005        2849437500.00004     
          61
   380.275000000005        2852062500.00004     
         166
   380.625000000005        2854687500.00004     
         392
   380.975000000005        2857312500.00004     
         137
   381.325000000005        2859937500.00004     
         476
   381.675000000005        2862562500.00004     
         363
   382.025000000005        2865187500.00004     
         339
   382.375000000005        2867812500.00004     
         261
   382.725000000005        2870437500.00004     
         242
   383.075000000005        2873062500.00004     
         496
   383.425000000005        2875687500.00004     
          61
   383.775000000005        2878312500.00004     
         346
   384.125000000005        2880937500.00004     
          92
   384.475000000005        2883562500.00004     
         526
   384.825000000005        2886187500.00004     
         503
   385.175000000005        2888812500.00004     
         111
   385.525000000005        2891437500.00004     
         161
   385.875000000006        2894062500.00004     
         152
   386.225000000006        2896687500.00004     
         481
   386.575000000006        2899312500.00004     
         361
   386.925000000006        2901937500.00004     
         204
   387.275000000006        2904562500.00004     
         500
   387.625000000006        2907187500.00004     
          95
   387.975000000006        2909812500.00004     
         361
   388.325000000006        2912437500.00004     
          29
   388.675000000006        2915062500.00004     
         292
   389.025000000006        2917687500.00004     
         501
   389.375000000006        2920312500.00004     
         394
   389.725000000006        2922937500.00004     
         345
   390.075000000006        2925562500.00004     
         444
   390.425000000006        2928187500.00004     
         237
   390.775000000006        2930812500.00004     
          76
   391.125000000006        2933437500.00004     
         403
   391.475000000006        2936062500.00004     
         131
   391.825000000006        2938687500.00004     
         422
   392.175000000006        2941312500.00004     
         451
   392.525000000006        2943937500.00004     
         492
   392.875000000006        2946562500.00004     
         118
   393.225000000006        2949187500.00004     
         385
   393.575000000006        2951812500.00005     
         186
   393.925000000006        2954437500.00005     
         344
   394.275000000006        2957062500.00005     
         444
   394.625000000006        2959687500.00005     
         356
   394.975000000006        2962312500.00005     
         235
   395.325000000006        2964937500.00005     
          54
   395.675000000006        2967562500.00005     
          38
   396.025000000006        2970187500.00005     
         180
   396.375000000006        2972812500.00005     
         154
   396.725000000006        2975437500.00005     
         241
   397.075000000006        2978062500.00005     
         211
   397.425000000006        2980687500.00005     
         290
   397.775000000006        2983312500.00005     
          85
   398.125000000006        2985937500.00005     
           3
   398.475000000006        2988562500.00005     
          59
   398.825000000006        2991187500.00005     
         502
   399.175000000006        2993812500.00005     
         339
   399.525000000006        2996437500.00005     
         350
   399.875000000006        2999062500.00005     
         428
   400.225000000006        3001687500.00005     
         221
   400.575000000006        3004312500.00005     
         318
   400.925000000006        3006937500.00005     
         484
   401.275000000007        3009562500.00005     
         322
   401.625000000007        3012187500.00005     
         283
   401.975000000007        3014812500.00005     
         398
   402.325000000007        3017437500.00005     
          25
   402.675000000007        3020062500.00005     
         294
   403.025000000007        3022687500.00005     
         313
   403.375000000007        3025312500.00005     
         467
   403.725000000007        3027937500.00005     
         407
   404.075000000007        3030562500.00005     
         358
   404.425000000007        3033187500.00005     
         513
   404.775000000007        3035812500.00005     
         206
   405.125000000007        3038437500.00005     
         233
   405.475000000007        3041062500.00005     
         487
   405.825000000007        3043687500.00005     
         319
   406.175000000007        3046312500.00005     
         326
   406.525000000007        3048937500.00005     
          32
   406.875000000007        3051562500.00005     
         367
   407.225000000007        3054187500.00005     
         477
   407.575000000007        3056812500.00005     
          41
   407.925000000007        3059437500.00005     
          12
   408.275000000007        3062062500.00005     
          43
   408.625000000007        3064687500.00005     
         483
   408.975000000007        3067312500.00005     
         296
   409.325000000007        3069937500.00005     
         338
   409.675000000007        3072562500.00005     
          98
   410.025000000007        3075187500.00005     
          46
   410.375000000007        3077812500.00005     
         416
   410.725000000007        3080437500.00005     
         294
   411.075000000007        3083062500.00005     
          94
   411.425000000007        3085687500.00005     
         410
   411.775000000007        3088312500.00005     
         482
   412.125000000007        3090937500.00005     
         295
   412.475000000007        3093562500.00005     
         354
   412.825000000007        3096187500.00005     
         365
   413.175000000007        3098812500.00005     
         103
   413.525000000007        3101437500.00005     
          33
   413.875000000007        3104062500.00005     
         141
   414.225000000007        3106687500.00006     
         467
   414.575000000007        3109312500.00006     
         418
   414.925000000007        3111937500.00006     
         179
   415.275000000007        3114562500.00006     
         373
   415.625000000007        3117187500.00006     
         360
   415.975000000007        3119812500.00006     
         133
   416.325000000007        3122437500.00006     
         505
   416.675000000008        3125062500.00006     
         508
   417.025000000008        3127687500.00006     
         133
   417.375000000008        3130312500.00006     
         199
   417.725000000008        3132937500.00006     
         405
   418.075000000008        3135562500.00006     
         427
   418.425000000008        3138187500.00006     
         138
   418.775000000008        3140812500.00006     
         431
   419.125000000008        3143437500.00006     
         417
   419.475000000008        3146062500.00006     
          74
   419.825000000008        3148687500.00006     
