       time        TW        TE         hW        hE
   0.17500E+00   0.29369E+02   0.29402E+02   0.44003E-02  -0.24221E-01
   0.52500E+00   0.28533E+02   0.28182E+02   0.32896E-01  -0.83127E-01
   0.87500E+00   0.28389E+02   0.26887E+02   0.75491E-01  -0.15840E+00
   0.12250E+01   0.28602E+02   0.25214E+02   0.12049E+00  -0.25248E+00
   0.15750E+01   0.28928E+02   0.23652E+02   0.17273E+00  -0.34706E+00
   0.19250E+01   0.29246E+02   0.22862E+02   0.23165E+00  -0.41540E+00
   0.22750E+01   0.29501E+02   0.22618E+02   0.29615E+00  -0.47754E+00
   0.26250E+01   0.29685E+02   0.22688E+02   0.36514E+00  -0.54864E+00
   0.29750E+01   0.29809E+02   0.23082E+02   0.43959E+00  -0.60337E+00
   0.33250E+01   0.29892E+02   0.23556E+02   0.51355E+00  -0.63091E+00
   0.36750E+01   0.29941E+02   0.24119E+02   0.58508E+00  -0.64533E+00
   0.40250E+01   0.29969E+02   0.25023E+02   0.65116E+00  -0.63502E+00
   0.43750E+01   0.29982E+02   0.25964E+02   0.70707E+00  -0.59274E+00
   0.47250E+01   0.29989E+02   0.26743E+02   0.74759E+00  -0.53639E+00
   0.50750E+01   0.29993E+02   0.27371E+02   0.77312E+00  -0.46319E+00
   0.54250E+01   0.29996E+02   0.27894E+02   0.77743E+00  -0.37675E+00
   0.57750E+01   0.29998E+02   0.28325E+02   0.75828E+00  -0.29705E+00
   0.61250E+01   0.29999E+02   0.28592E+02   0.72283E+00  -0.23465E+00
   0.64750E+01   0.29998E+02   0.28809E+02   0.67242E+00  -0.17567E+00
   0.68250E+01   0.29996E+02   0.28903E+02   0.61190E+00  -0.11739E+00
   0.71750E+01   0.29993E+02   0.28819E+02   0.55275E+00  -0.71427E-01
   0.75250E+01   0.29987E+02   0.28645E+02   0.50242E+00  -0.33830E-01
   0.78750E+01   0.29980E+02   0.28564E+02   0.45868E+00  -0.55471E-03
   0.82250E+01   0.29970E+02   0.28607E+02   0.42316E+00   0.20946E-01
   0.85750E+01   0.29958E+02   0.28620E+02   0.40025E+00   0.29127E-01
   0.89250E+01   0.29945E+02   0.28639E+02   0.38317E+00   0.31952E-01
   0.92750E+01   0.29929E+02   0.28588E+02   0.36405E+00   0.25865E-01
   0.96250E+01   0.29916E+02   0.28464E+02   0.34453E+00   0.13974E-01
   0.99750E+01   0.29903E+02   0.28222E+02   0.32847E+00   0.21432E-02
   0.10325E+02   0.29888E+02   0.28064E+02   0.31777E+00  -0.33020E-02
   0.10675E+02   0.29876E+02   0.28065E+02   0.31184E+00  -0.33330E-02
   0.11025E+02   0.29865E+02   0.28037E+02   0.30796E+00  -0.12461E-01
   0.11375E+02   0.29851E+02   0.27739E+02   0.30029E+00  -0.37373E-01
   0.11725E+02   0.29836E+02   0.27282E+02   0.28985E+00  -0.62824E-01
   0.12075E+02   0.29823E+02   0.26920E+02   0.28418E+00  -0.77955E-01
   0.12425E+02   0.29816E+02   0.26663E+02   0.27796E+00  -0.91246E-01
   0.12775E+02   0.29806E+02   0.26571E+02   0.26811E+00  -0.10567E+00
   0.13125E+02   0.29793E+02   0.26586E+02   0.26783E+00  -0.11084E+00
   0.13475E+02   0.29786E+02   0.26482E+02   0.27523E+00  -0.12167E+00
   0.13825E+02   0.29787E+02   0.26316E+02   0.28137E+00  -0.14152E+00
   0.14175E+02   0.29794E+02   0.25983E+02   0.28886E+00  -0.16327E+00
   0.14525E+02   0.29807E+02   0.25626E+02   0.29678E+00  -0.18469E+00
   0.14875E+02   0.29816E+02   0.25666E+02   0.29779E+00  -0.18980E+00
   0.15225E+02   0.29822E+02   0.25526E+02   0.29986E+00  -0.19811E+00
   0.15575E+02   0.29832E+02   0.24994E+02   0.30955E+00  -0.22774E+00
   0.15925E+02   0.29846E+02   0.24391E+02   0.32734E+00  -0.26330E+00
   0.16275E+02   0.29866E+02   0.24294E+02   0.34735E+00  -0.28723E+00
   0.16625E+02   0.29886E+02   0.24406E+02   0.36687E+00  -0.30616E+00
   0.16975E+02   0.29905E+02   0.24450E+02   0.38854E+00  -0.32594E+00
   0.17325E+02   0.29922E+02   0.24652E+02   0.40894E+00  -0.33877E+00
   0.17675E+02   0.29935E+02   0.24705E+02   0.42811E+00  -0.34791E+00
   0.18025E+02   0.29947E+02   0.24891E+02   0.45128E+00  -0.35153E+00
   0.18375E+02   0.29957E+02   0.25221E+02   0.48056E+00  -0.34832E+00
   0.18725E+02   0.29966E+02   0.25852E+02   0.50567E+00  -0.34042E+00
   0.19075E+02   0.29973E+02   0.26515E+02   0.52078E+00  -0.32442E+00
   0.19425E+02   0.29977E+02   0.27034E+02   0.52049E+00  -0.30247E+00
   0.19775E+02   0.29979E+02   0.27646E+02   0.52012E+00  -0.26293E+00
   0.20125E+02   0.29980E+02   0.28142E+02   0.52657E+00  -0.21556E+00
   0.20475E+02   0.29982E+02   0.27829E+02   0.52391E+00  -0.19522E+00
   0.20825E+02   0.29981E+02   0.27576E+02   0.50602E+00  -0.17950E+00
   0.21175E+02   0.29979E+02   0.27830E+02   0.48757E+00  -0.14819E+00
   0.21525E+02   0.29975E+02   0.27784E+02   0.46832E+00  -0.11663E+00
   0.21875E+02   0.29969E+02   0.27830E+02   0.44393E+00  -0.94295E-01
   0.22225E+02   0.29961E+02   0.27699E+02   0.41886E+00  -0.87609E-01
   0.22575E+02   0.29951E+02   0.27447E+02   0.39590E+00  -0.78455E-01
   0.22925E+02   0.29941E+02   0.27392E+02   0.38006E+00  -0.61585E-01
   0.23275E+02   0.29933E+02   0.27304E+02   0.36797E+00  -0.62139E-01
   0.23625E+02   0.29924E+02   0.27173E+02   0.35555E+00  -0.63391E-01
   0.23975E+02   0.29914E+02   0.27172E+02   0.34022E+00  -0.55984E-01
   0.24325E+02   0.29902E+02   0.27157E+02   0.32731E+00  -0.58757E-01
   0.24675E+02   0.29887E+02   0.27024E+02   0.31853E+00  -0.65856E-01
   0.25025E+02   0.29875E+02   0.26781E+02   0.31975E+00  -0.80166E-01
   0.25375E+02   0.29874E+02   0.26606E+02   0.32121E+00  -0.93481E-01
   0.25725E+02   0.29868E+02   0.26608E+02   0.31098E+00  -0.95347E-01
   0.26075E+02   0.29859E+02   0.26529E+02   0.30210E+00  -0.99467E-01
   0.26425E+02   0.29851E+02   0.26332E+02   0.30306E+00  -0.11086E+00
   0.26775E+02   0.29848E+02   0.26164E+02   0.30802E+00  -0.12316E+00
   0.27125E+02   0.29845E+02   0.25951E+02   0.30687E+00  -0.14000E+00
   0.27475E+02   0.29843E+02   0.25813E+02   0.30624E+00  -0.15375E+00
   0.27825E+02   0.29846E+02   0.25569E+02   0.30971E+00  -0.16568E+00
   0.28175E+02   0.29852E+02   0.25144E+02   0.31195E+00  -0.18608E+00
   0.28525E+02   0.29855E+02   0.25160E+02   0.31198E+00  -0.19637E+00
   0.28875E+02   0.29855E+02   0.25269E+02   0.31663E+00  -0.20153E+00
   0.29225E+02   0.29861E+02   0.24773E+02   0.33217E+00  -0.22419E+00
   0.29575E+02   0.29875E+02   0.24470E+02   0.34443E+00  -0.24847E+00
   0.29925E+02   0.29888E+02   0.24319E+02   0.35377E+00  -0.26755E+00
   0.30275E+02   0.29899E+02   0.24343E+02   0.36382E+00  -0.27827E+00
   0.30625E+02   0.29910E+02   0.24428E+02   0.37675E+00  -0.28669E+00
   0.30975E+02   0.29920E+02   0.24477E+02   0.39683E+00  -0.30120E+00
   0.31325E+02   0.29931E+02   0.24740E+02   0.41636E+00  -0.30843E+00
   0.31675E+02   0.29942E+02   0.24852E+02   0.43333E+00  -0.31533E+00
   0.32025E+02   0.29951E+02   0.25335E+02   0.44949E+00  -0.31613E+00
   0.32375E+02   0.29958E+02   0.26168E+02   0.46906E+00  -0.29742E+00
   0.32725E+02   0.29964E+02   0.26775E+02   0.48171E+00  -0.27626E+00
   0.33075E+02   0.29969E+02   0.27258E+02   0.48385E+00  -0.25713E+00
   0.33425E+02   0.29971E+02   0.27639E+02   0.48520E+00  -0.23683E+00
   0.33775E+02   0.29973E+02   0.27705E+02   0.48739E+00  -0.21370E+00
   0.34125E+02   0.29974E+02   0.27524E+02   0.48391E+00  -0.19346E+00
   0.34475E+02   0.29973E+02   0.27419E+02   0.46989E+00  -0.17968E+00
   0.34825E+02   0.29969E+02   0.27688E+02   0.45003E+00  -0.14986E+00
   0.35175E+02   0.29965E+02   0.27774E+02   0.43350E+00  -0.11880E+00
   0.35525E+02   0.29958E+02   0.27665E+02   0.41959E+00  -0.10549E+00
   0.35875E+02   0.29951E+02   0.27555E+02   0.40819E+00  -0.99226E-01
   0.36225E+02   0.29945E+02   0.27487E+02   0.39852E+00  -0.90572E-01
   0.36575E+02   0.29939E+02   0.27487E+02   0.38606E+00  -0.82638E-01
   0.36925E+02   0.29932E+02   0.27329E+02   0.36894E+00  -0.81173E-01
   0.37275E+02   0.29922E+02   0.27246E+02   0.35132E+00  -0.73381E-01
   0.37625E+02   0.29909E+02   0.27259E+02   0.33890E+00  -0.62510E-01
   0.37975E+02   0.29895E+02   0.27328E+02   0.33147E+00  -0.61674E-01
   0.38325E+02   0.29887E+02   0.27392E+02   0.32913E+00  -0.64279E-01
   0.38675E+02   0.29883E+02   0.27056E+02   0.32312E+00  -0.82729E-01
   0.39025E+02   0.29879E+02   0.26621E+02   0.31648E+00  -0.10322E+00
   0.39375E+02   0.29870E+02   0.26534E+02   0.30624E+00  -0.10037E+00
   0.39725E+02   0.29858E+02   0.26594E+02   0.29856E+00  -0.98116E-01
   0.40075E+02   0.29851E+02   0.26487E+02   0.30045E+00  -0.10922E+00
   0.40425E+02   0.29847E+02   0.26207E+02   0.30348E+00  -0.12946E+00
   0.40775E+02   0.29845E+02   0.25943E+02   0.30521E+00  -0.14477E+00
   0.41125E+02   0.29845E+02   0.25783E+02   0.30731E+00  -0.15094E+00
   0.41475E+02   0.29851E+02   0.25708E+02   0.31272E+00  -0.16226E+00
   0.41825E+02   0.29858E+02   0.25875E+02   0.31483E+00  -0.16488E+00
   0.42175E+02   0.29857E+02   0.25999E+02   0.31489E+00  -0.16451E+00
   0.42525E+02   0.29855E+02   0.25744E+02   0.31952E+00  -0.17978E+00
   0.42875E+02   0.29861E+02   0.25401E+02   0.33198E+00  -0.20013E+00
   0.43225E+02   0.29872E+02   0.25315E+02   0.34363E+00  -0.21549E+00
   0.43575E+02   0.29884E+02   0.25338E+02   0.34992E+00  -0.22443E+00
   0.43925E+02   0.29894E+02   0.25194E+02   0.35003E+00  -0.23064E+00
   0.44275E+02   0.29900E+02   0.25116E+02   0.35090E+00  -0.23593E+00
   0.44625E+02   0.29905E+02   0.25413E+02   0.36398E+00  -0.23668E+00
   0.44975E+02   0.29914E+02   0.25547E+02   0.38392E+00  -0.24054E+00
   0.45325E+02   0.29923E+02   0.25536E+02   0.39887E+00  -0.25263E+00
   0.45675E+02   0.29931E+02   0.25358E+02   0.40994E+00  -0.26891E+00
   0.46025E+02   0.29939E+02   0.25180E+02   0.41741E+00  -0.27295E+00
   0.46375E+02   0.29943E+02   0.25656E+02   0.42163E+00  -0.25937E+00
   0.46725E+02   0.29947E+02   0.26311E+02   0.42880E+00  -0.24566E+00
   0.47075E+02   0.29951E+02   0.26647E+02   0.43766E+00  -0.23265E+00
   0.47425E+02   0.29956E+02   0.26981E+02   0.44764E+00  -0.21945E+00
   0.47775E+02   0.29959E+02   0.27359E+02   0.44972E+00  -0.20655E+00
   0.48125E+02   0.29961E+02   0.27413E+02   0.44579E+00  -0.18651E+00
   0.48475E+02   0.29960E+02   0.27050E+02   0.44090E+00  -0.17601E+00
   0.48825E+02   0.29959E+02   0.26944E+02   0.43251E+00  -0.16695E+00
   0.49175E+02   0.29955E+02   0.27205E+02   0.41408E+00  -0.14249E+00
   0.49525E+02   0.29949E+02   0.26934E+02   0.39826E+00  -0.13403E+00
   0.49875E+02   0.29944E+02   0.26725E+02   0.39267E+00  -0.13333E+00
   0.50225E+02   0.29940E+02   0.26713E+02   0.38742E+00  -0.12304E+00
   0.50575E+02   0.29935E+02   0.26676E+02   0.37700E+00  -0.11675E+00
   0.50925E+02   0.29927E+02   0.26614E+02   0.36462E+00  -0.11513E+00
   0.51275E+02   0.29920E+02   0.26354E+02   0.35806E+00  -0.11875E+00
   0.51625E+02   0.29915E+02   0.26095E+02   0.35292E+00  -0.12332E+00
   0.51975E+02   0.29907E+02   0.25997E+02   0.34670E+00  -0.12822E+00
   0.52325E+02   0.29899E+02   0.26097E+02   0.34406E+00  -0.12983E+00
   0.52675E+02   0.29896E+02   0.26279E+02   0.34469E+00  -0.12022E+00
   0.53025E+02   0.29897E+02   0.26274E+02   0.34398E+00  -0.12637E+00
   0.53375E+02   0.29897E+02   0.25948E+02   0.34075E+00  -0.14318E+00
   0.53725E+02   0.29894E+02   0.25607E+02   0.33336E+00  -0.15111E+00
   0.54075E+02   0.29888E+02   0.25389E+02   0.33212E+00  -0.15801E+00
   0.54425E+02   0.29887E+02   0.25221E+02   0.33679E+00  -0.16751E+00
   0.54775E+02   0.29886E+02   0.25028E+02   0.33481E+00  -0.18256E+00
   0.55125E+02   0.29882E+02   0.24950E+02   0.33093E+00  -0.19587E+00
   0.55475E+02   0.29882E+02   0.25122E+02   0.33805E+00  -0.20015E+00
   0.55825E+02   0.29888E+02   0.25305E+02   0.35269E+00  -0.20101E+00
   0.56175E+02   0.29898E+02   0.25175E+02   0.36457E+00  -0.21571E+00
   0.56525E+02   0.29906E+02   0.25103E+02   0.37009E+00  -0.23127E+00
   0.56875E+02   0.29912E+02   0.24979E+02   0.37705E+00  -0.23827E+00
   0.57225E+02   0.29918E+02   0.24759E+02   0.38099E+00  -0.24596E+00
   0.57575E+02   0.29922E+02   0.25010E+02   0.38519E+00  -0.24791E+00
   0.57925E+02   0.29927E+02   0.25535E+02   0.39703E+00  -0.24074E+00
   0.58275E+02   0.29933E+02   0.25659E+02   0.40754E+00  -0.23982E+00
   0.58625E+02   0.29940E+02   0.25219E+02   0.41136E+00  -0.25849E+00
   0.58975E+02   0.29944E+02   0.25111E+02   0.41531E+00  -0.26744E+00
   0.59325E+02   0.29948E+02   0.25330E+02   0.42859E+00  -0.25412E+00
   0.59675E+02   0.29952E+02   0.25508E+02   0.43493E+00  -0.24428E+00
   0.60025E+02   0.29954E+02   0.25944E+02   0.43240E+00  -0.23887E+00
   0.60375E+02   0.29955E+02   0.26184E+02   0.43522E+00  -0.23098E+00
   0.60725E+02   0.29957E+02   0.26286E+02   0.44178E+00  -0.21719E+00
   0.61075E+02   0.29958E+02   0.26471E+02   0.44606E+00  -0.20408E+00
   0.61425E+02   0.29960E+02   0.26437E+02   0.44626E+00  -0.20081E+00
   0.61775E+02   0.29959E+02   0.26614E+02   0.44153E+00  -0.18371E+00
   0.62125E+02   0.29958E+02   0.27025E+02   0.43058E+00  -0.15667E+00
   0.62475E+02   0.29955E+02   0.27260E+02   0.41786E+00  -0.13918E+00
   0.62825E+02   0.29951E+02   0.27190E+02   0.40918E+00  -0.13003E+00
   0.63175E+02   0.29947E+02   0.27008E+02   0.40334E+00  -0.12531E+00
   0.63525E+02   0.29944E+02   0.27020E+02   0.39361E+00  -0.11178E+00
   0.63875E+02   0.29937E+02   0.26890E+02   0.37758E+00  -0.10711E+00
   0.64225E+02   0.29930E+02   0.26673E+02   0.36201E+00  -0.11036E+00
   0.64575E+02   0.29924E+02   0.26597E+02   0.35008E+00  -0.10360E+00
   0.64925E+02   0.29912E+02   0.26387E+02   0.34036E+00  -0.10795E+00
   0.65275E+02   0.29899E+02   0.26319E+02   0.33483E+00  -0.11325E+00
   0.65625E+02   0.29894E+02   0.26370E+02   0.33531E+00  -0.11201E+00
   0.65975E+02   0.29893E+02   0.26279E+02   0.33715E+00  -0.12206E+00
   0.66325E+02   0.29892E+02   0.26306E+02   0.33636E+00  -0.12541E+00
   0.66675E+02   0.29891E+02   0.26306E+02   0.32803E+00  -0.12207E+00
   0.67025E+02   0.29887E+02   0.26234E+02   0.32331E+00  -0.12392E+00
   0.67375E+02   0.29881E+02   0.26294E+02   0.32898E+00  -0.12435E+00
   0.67725E+02   0.29879E+02   0.26256E+02   0.32986E+00  -0.12990E+00
   0.68075E+02   0.29877E+02   0.26039E+02   0.32336E+00  -0.14119E+00
   0.68425E+02   0.29872E+02   0.25720E+02   0.32010E+00  -0.15940E+00
   0.68775E+02   0.29868E+02   0.25518E+02   0.32156E+00  -0.16638E+00
   0.69125E+02   0.29868E+02   0.25438E+02   0.32177E+00  -0.16601E+00
   0.69475E+02   0.29870E+02   0.25329E+02   0.32286E+00  -0.18350E+00
   0.69825E+02   0.29873E+02   0.25231E+02   0.32845E+00  -0.19694E+00
   0.70175E+02   0.29878E+02   0.25189E+02   0.33988E+00  -0.20000E+00
   0.70525E+02   0.29886E+02   0.25284E+02   0.34964E+00  -0.20871E+00
   0.70875E+02   0.29895E+02   0.25380E+02   0.35807E+00  -0.21845E+00
   0.71225E+02   0.29904E+02   0.25358E+02   0.36677E+00  -0.22313E+00
   0.71575E+02   0.29910E+02   0.25245E+02   0.37385E+00  -0.23018E+00
   0.71925E+02   0.29916E+02   0.24920E+02   0.37842E+00  -0.24539E+00
   0.72275E+02   0.29921E+02   0.24850E+02   0.38610E+00  -0.25465E+00
   0.72625E+02   0.29926E+02   0.25102E+02   0.39756E+00  -0.25495E+00
   0.72975E+02   0.29934E+02   0.25269E+02   0.40462E+00  -0.25401E+00
   0.73325E+02   0.29940E+02   0.25586E+02   0.40816E+00  -0.24788E+00
   0.73675E+02   0.29943E+02   0.25955E+02   0.41505E+00  -0.24027E+00
   0.74025E+02   0.29946E+02   0.26114E+02   0.42868E+00  -0.23102E+00
   0.74375E+02   0.29951E+02   0.26128E+02   0.43829E+00  -0.22629E+00
   0.74725E+02   0.29955E+02   0.26122E+02   0.43994E+00  -0.22935E+00
   0.75075E+02   0.29956E+02   0.26054E+02   0.43509E+00  -0.22114E+00
   0.75425E+02   0.29957E+02   0.26181E+02   0.42907E+00  -0.20112E+00
   0.75775E+02   0.29956E+02   0.26329E+02   0.42615E+00  -0.19048E+00
   0.76125E+02   0.29954E+02   0.26289E+02   0.42137E+00  -0.18478E+00
   0.76475E+02   0.29952E+02   0.26387E+02   0.41754E+00  -0.17360E+00
   0.76825E+02   0.29951E+02   0.26614E+02   0.41900E+00  -0.16187E+00
   0.77175E+02   0.29950E+02   0.26524E+02   0.41411E+00  -0.15802E+00
   0.77525E+02   0.29946E+02   0.26384E+02   0.40285E+00  -0.15417E+00
   0.77875E+02   0.29943E+02   0.26463E+02   0.39421E+00  -0.14049E+00
   0.78225E+02   0.29939E+02   0.26604E+02   0.38432E+00  -0.12341E+00
   0.78575E+02   0.29933E+02   0.26604E+02   0.37408E+00  -0.11486E+00
   0.78925E+02   0.29927E+02   0.26244E+02   0.36794E+00  -0.12618E+00
   0.79275E+02   0.29922E+02   0.26037E+02   0.36414E+00  -0.13370E+00
   0.79625E+02   0.29918E+02   0.25935E+02   0.35478E+00  -0.12965E+00
   0.79975E+02   0.29910E+02   0.25879E+02   0.34452E+00  -0.13414E+00
   0.80325E+02   0.29903E+02   0.25815E+02   0.34250E+00  -0.13952E+00
   0.80675E+02   0.29899E+02   0.25715E+02   0.34220E+00  -0.14286E+00
   0.81025E+02   0.29896E+02   0.25784E+02   0.34263E+00  -0.14819E+00
   0.81375E+02   0.29897E+02   0.25873E+02   0.34330E+00  -0.15003E+00
   0.81725E+02   0.29897E+02   0.26007E+02   0.34874E+00  -0.14821E+00
   0.82075E+02   0.29900E+02   0.26092E+02   0.35491E+00  -0.14805E+00
   0.82425E+02   0.29904E+02   0.25791E+02   0.34781E+00  -0.16113E+00
   0.82775E+02   0.29900E+02   0.25330E+02   0.33718E+00  -0.17875E+00
   0.83125E+02   0.29894E+02   0.25100E+02   0.33670E+00  -0.18475E+00
   0.83475E+02   0.29892E+02   0.25169E+02   0.34510E+00  -0.18223E+00
   0.83825E+02   0.29896E+02   0.25323E+02   0.34877E+00  -0.18988E+00
   0.84175E+02   0.29898E+02   0.25201E+02   0.34776E+00  -0.21034E+00
   0.84525E+02   0.29901E+02   0.24686E+02   0.35267E+00  -0.23005E+00
   0.84875E+02   0.29905E+02   0.24368E+02   0.36258E+00  -0.23887E+00
   0.85225E+02   0.29910E+02   0.24383E+02   0.37481E+00  -0.24675E+00
   0.85575E+02   0.29918E+02   0.24376E+02   0.38517E+00  -0.26073E+00
   0.85925E+02   0.29927E+02   0.24343E+02   0.39111E+00  -0.27017E+00
   0.86275E+02   0.29933E+02   0.24334E+02   0.39574E+00  -0.27927E+00
   0.86625E+02   0.29937E+02   0.24533E+02   0.40764E+00  -0.27833E+00
   0.86975E+02   0.29943E+02   0.24782E+02   0.42364E+00  -0.27199E+00
   0.87325E+02   0.29949E+02   0.25253E+02   0.43979E+00  -0.27139E+00
   0.87675E+02   0.29955E+02   0.25901E+02   0.45014E+00  -0.25956E+00
   0.88025E+02   0.29960E+02   0.26300E+02   0.45051E+00  -0.24201E+00
   0.88375E+02   0.29962E+02   0.26575E+02   0.45079E+00  -0.22774E+00
   0.88725E+02   0.29963E+02   0.27039E+02   0.45666E+00  -0.20440E+00
   0.89075E+02   0.29964E+02   0.27356E+02   0.45910E+00  -0.18276E+00
   0.89425E+02   0.29965E+02   0.27143E+02   0.44571E+00  -0.17367E+00
   0.89775E+02   0.29961E+02   0.26995E+02   0.43122E+00  -0.16556E+00
   0.90125E+02   0.29956E+02   0.27086E+02   0.42213E+00  -0.14428E+00
   0.90475E+02   0.29951E+02   0.27224E+02   0.41123E+00  -0.11729E+00
   0.90825E+02   0.29946E+02   0.27242E+02   0.39831E+00  -0.11253E+00
   0.91175E+02   0.29940E+02   0.27018E+02   0.38452E+00  -0.11778E+00
   0.91525E+02   0.29932E+02   0.26920E+02   0.37437E+00  -0.10491E+00
   0.91875E+02   0.29927E+02   0.27007E+02   0.36670E+00  -0.89188E-01
   0.92225E+02   0.29919E+02   0.27116E+02   0.35711E+00  -0.84968E-01
   0.92575E+02   0.29910E+02   0.27093E+02   0.34991E+00  -0.83162E-01
   0.92925E+02   0.29904E+02   0.26922E+02   0.34052E+00  -0.86850E-01
   0.93275E+02   0.29893E+02   0.26769E+02   0.32862E+00  -0.94445E-01
   0.93625E+02   0.29882E+02   0.26829E+02   0.32546E+00  -0.91794E-01
   0.93975E+02   0.29879E+02   0.26848E+02   0.32649E+00  -0.91255E-01
   0.94325E+02   0.29877E+02   0.26572E+02   0.32121E+00  -0.10857E+00
   0.94675E+02   0.29870E+02   0.26187E+02   0.31191E+00  -0.12988E+00
   0.95025E+02   0.29858E+02   0.25913E+02   0.30689E+00  -0.13699E+00
   0.95375E+02   0.29853E+02   0.25973E+02   0.31312E+00  -0.13370E+00
   0.95725E+02   0.29859E+02   0.25851E+02   0.32108E+00  -0.14785E+00
   0.96075E+02   0.29861E+02   0.25447E+02   0.31901E+00  -0.17494E+00
   0.96425E+02   0.29862E+02   0.25245E+02   0.31604E+00  -0.18389E+00
   0.96775E+02   0.29863E+02   0.25311E+02   0.32240E+00  -0.18541E+00
   0.97125E+02   0.29869E+02   0.25243E+02   0.33855E+00  -0.19782E+00
   0.97475E+02   0.29879E+02   0.24971E+02   0.34692E+00  -0.21924E+00
   0.97825E+02   0.29888E+02   0.25037E+02   0.35040E+00  -0.23390E+00
   0.98175E+02   0.29896E+02   0.24996E+02   0.35682E+00  -0.24037E+00
   0.98525E+02   0.29902E+02   0.24764E+02   0.36604E+00  -0.25351E+00
   0.98875E+02   0.29911E+02   0.24825E+02   0.38203E+00  -0.26230E+00
   0.99225E+02   0.29922E+02   0.25029E+02   0.39522E+00  -0.26695E+00
   0.99575E+02   0.29930E+02   0.25021E+02   0.40265E+00  -0.27576E+00
   0.99925E+02   0.29936E+02   0.25074E+02   0.40975E+00  -0.28035E+00
   0.10027E+03   0.29942E+02   0.25521E+02   0.42630E+00  -0.27336E+00
   0.10062E+03   0.29949E+02   0.25901E+02   0.44567E+00  -0.26523E+00
   0.10097E+03   0.29956E+02   0.26431E+02   0.45138E+00  -0.25855E+00
   0.10132E+03   0.29959E+02   0.26964E+02   0.45182E+00  -0.24204E+00
   0.10167E+03   0.29962E+02   0.27385E+02   0.45771E+00  -0.21829E+00
   0.10202E+03   0.29964E+02   0.27676E+02   0.46383E+00  -0.19476E+00
   0.10237E+03   0.29966E+02   0.27381E+02   0.45791E+00  -0.18730E+00
   0.10272E+03   0.29964E+02   0.26925E+02   0.44322E+00  -0.18308E+00
   0.10307E+03   0.29961E+02   0.26801E+02   0.43307E+00  -0.16516E+00
   0.10342E+03   0.29957E+02   0.26786E+02   0.42311E+00  -0.14766E+00
   0.10377E+03   0.29953E+02   0.26860E+02   0.40846E+00  -0.13477E+00
   0.10412E+03   0.29948E+02   0.27136E+02   0.39652E+00  -0.12223E+00
   0.10447E+03   0.29943E+02   0.27284E+02   0.39064E+00  -0.10568E+00
   0.10482E+03   0.29936E+02   0.27374E+02   0.38415E+00  -0.91478E-01
   0.10517E+03   0.29931E+02   0.27117E+02   0.37736E+00  -0.97531E-01
   0.10552E+03   0.29926E+02   0.26589E+02   0.36613E+00  -0.11246E+00
   0.10587E+03   0.29918E+02   0.26383E+02   0.35148E+00  -0.10856E+00
   0.10622E+03   0.29908E+02   0.26486E+02   0.33523E+00  -0.94847E-01
   0.10657E+03   0.29892E+02   0.26628E+02   0.32416E+00  -0.89790E-01
   0.10692E+03   0.29882E+02   0.26636E+02   0.32838E+00  -0.96551E-01
   0.10727E+03   0.29880E+02   0.26585E+02   0.33061E+00  -0.10987E+00
   0.10762E+03   0.29877E+02   0.26344E+02   0.32863E+00  -0.12611E+00
   0.10797E+03   0.29876E+02   0.25972E+02   0.32810E+00  -0.14071E+00
   0.10832E+03   0.29877E+02   0.25766E+02   0.32609E+00  -0.14605E+00
   0.10867E+03   0.29874E+02   0.25702E+02   0.32200E+00  -0.14859E+00
   0.10902E+03   0.29871E+02   0.25590E+02   0.31701E+00  -0.15629E+00
   0.10937E+03   0.29867E+02   0.25432E+02   0.31554E+00  -0.16961E+00
   0.10972E+03   0.29867E+02   0.25480E+02   0.32712E+00  -0.17507E+00
   0.11007E+03   0.29875E+02   0.25463E+02   0.34282E+00  -0.18159E+00
   0.11042E+03   0.29885E+02   0.25083E+02   0.34325E+00  -0.20607E+00
   0.11077E+03   0.29889E+02   0.24876E+02   0.33894E+00  -0.22138E+00
   0.11112E+03   0.29892E+02   0.24892E+02   0.34334E+00  -0.22302E+00
   0.11147E+03   0.29898E+02   0.24824E+02   0.35388E+00  -0.22630E+00
   0.11182E+03   0.29902E+02   0.24895E+02   0.36524E+00  -0.23563E+00
   0.11217E+03   0.29910E+02   0.25122E+02   0.37808E+00  -0.24885E+00
   0.11252E+03   0.29919E+02   0.25448E+02   0.39044E+00  -0.24698E+00
   0.11287E+03   0.29927E+02   0.25665E+02   0.40169E+00  -0.24398E+00
   0.11322E+03   0.29934E+02   0.25598E+02   0.41143E+00  -0.25193E+00
   0.11357E+03   0.29940E+02   0.25389E+02   0.41637E+00  -0.25513E+00
   0.11392E+03   0.29944E+02   0.25255E+02   0.42274E+00  -0.25682E+00
   0.11427E+03   0.29947E+02   0.25347E+02   0.42603E+00  -0.25733E+00
   0.11462E+03   0.29950E+02   0.25336E+02   0.42884E+00  -0.25036E+00
   0.11497E+03   0.29953E+02   0.25248E+02   0.43528E+00  -0.25072E+00
   0.11532E+03   0.29956E+02   0.25437E+02   0.43895E+00  -0.24845E+00
   0.11567E+03   0.29957E+02   0.25806E+02   0.43895E+00  -0.22948E+00
   0.11602E+03   0.29958E+02   0.26002E+02   0.43998E+00  -0.21584E+00
   0.11637E+03   0.29960E+02   0.26015E+02   0.44853E+00  -0.21019E+00
   0.11672E+03   0.29961E+02   0.26068E+02   0.44845E+00  -0.20008E+00
   0.11707E+03   0.29961E+02   0.26104E+02   0.43856E+00  -0.18917E+00
   0.11742E+03   0.29959E+02   0.26129E+02   0.42976E+00  -0.17923E+00
   0.11777E+03   0.29955E+02   0.26308E+02   0.42643E+00  -0.16140E+00
   0.11812E+03   0.29952E+02   0.26387E+02   0.42282E+00  -0.15066E+00
   0.11847E+03   0.29950E+02   0.26484E+02   0.41020E+00  -0.14479E+00
   0.11882E+03   0.29945E+02   0.26744E+02   0.39850E+00  -0.13058E+00
   0.11917E+03   0.29942E+02   0.26662E+02   0.39279E+00  -0.12324E+00
   0.11952E+03   0.29938E+02   0.26276E+02   0.38497E+00  -0.12733E+00
   0.11987E+03   0.29932E+02   0.26154E+02   0.37212E+00  -0.12929E+00
   0.12022E+03   0.29923E+02   0.26233E+02   0.36049E+00  -0.12231E+00
   0.12057E+03   0.29916E+02   0.26155E+02   0.35380E+00  -0.11791E+00
   0.12092E+03   0.29911E+02   0.26032E+02   0.34924E+00  -0.12785E+00
   0.12127E+03   0.29905E+02   0.25872E+02   0.34623E+00  -0.13937E+00
   0.12162E+03   0.29898E+02   0.25726E+02   0.34307E+00  -0.14209E+00
   0.12197E+03   0.29894E+02   0.25643E+02   0.34306E+00  -0.14627E+00
   0.12232E+03   0.29893E+02   0.25699E+02   0.34653E+00  -0.15060E+00
   0.12267E+03   0.29894E+02   0.25680E+02   0.34666E+00  -0.15808E+00
   0.12302E+03   0.29895E+02   0.25443E+02   0.34415E+00  -0.16881E+00
   0.12337E+03   0.29895E+02   0.25342E+02   0.34370E+00  -0.17548E+00
   0.12372E+03   0.29895E+02   0.25186E+02   0.34678E+00  -0.18353E+00
   0.12407E+03   0.29896E+02   0.24861E+02   0.35166E+00  -0.19820E+00
   0.12442E+03   0.29899E+02   0.24795E+02   0.35485E+00  -0.20989E+00
   0.12477E+03   0.29902E+02   0.24902E+02   0.35449E+00  -0.21619E+00
   0.12512E+03   0.29904E+02   0.25041E+02   0.35854E+00  -0.21784E+00
   0.12547E+03   0.29908E+02   0.25361E+02   0.37082E+00  -0.21504E+00
   0.12582E+03   0.29916E+02   0.25587E+02   0.38493E+00  -0.21762E+00
   0.12617E+03   0.29924E+02   0.25516E+02   0.39021E+00  -0.22610E+00
   0.12652E+03   0.29928E+02   0.25554E+02   0.39213E+00  -0.23057E+00
   0.12687E+03   0.29932E+02   0.25641E+02   0.40112E+00  -0.22470E+00
   0.12722E+03   0.29937E+02   0.25783E+02   0.40459E+00  -0.21609E+00
   0.12757E+03   0.29939E+02   0.26123E+02   0.40206E+00  -0.21286E+00
   0.12792E+03   0.29941E+02   0.26476E+02   0.40439E+00  -0.20365E+00
   0.12827E+03   0.29942E+02   0.26653E+02   0.40617E+00  -0.18746E+00
   0.12862E+03   0.29943E+02   0.26833E+02   0.40846E+00  -0.17847E+00
   0.12897E+03   0.29943E+02   0.27048E+02   0.41061E+00  -0.16900E+00
   0.12932E+03   0.29943E+02   0.26940E+02   0.40813E+00  -0.15783E+00
   0.12967E+03   0.29942E+02   0.26649E+02   0.39558E+00  -0.15591E+00
   0.13002E+03   0.29939E+02   0.26516E+02   0.38349E+00  -0.15017E+00
   0.13037E+03   0.29934E+02   0.26468E+02   0.37853E+00  -0.13963E+00
   0.13072E+03   0.29929E+02   0.26401E+02   0.37274E+00  -0.13616E+00
   0.13107E+03   0.29924E+02   0.26443E+02   0.36824E+00  -0.13737E+00
   0.13142E+03   0.29918E+02   0.26510E+02   0.36437E+00  -0.13392E+00
   0.13177E+03   0.29914E+02   0.26427E+02   0.35955E+00  -0.13023E+00
   0.13212E+03   0.29911E+02   0.26249E+02   0.35618E+00  -0.13364E+00
   0.13247E+03   0.29908E+02   0.26258E+02   0.35506E+00  -0.13285E+00
   0.13282E+03   0.29906E+02   0.26048E+02   0.34975E+00  -0.13814E+00
   0.13317E+03   0.29902E+02   0.25746E+02   0.34386E+00  -0.14832E+00
   0.13352E+03   0.29897E+02   0.25759E+02   0.34217E+00  -0.15073E+00
   0.13387E+03   0.29897E+02   0.25752E+02   0.34357E+00  -0.15390E+00
   0.13422E+03   0.29896E+02   0.25514E+02   0.34109E+00  -0.16375E+00
   0.13457E+03   0.29893E+02   0.25333E+02   0.34211E+00  -0.17913E+00
   0.13492E+03   0.29894E+02   0.25428E+02   0.34685E+00  -0.18187E+00
   0.13527E+03   0.29895E+02   0.25425E+02   0.35101E+00  -0.18000E+00
   0.13562E+03   0.29899E+02   0.25294E+02   0.35561E+00  -0.19660E+00
   0.13597E+03   0.29903E+02   0.25188E+02   0.35926E+00  -0.20723E+00
   0.13632E+03   0.29907E+02   0.25311E+02   0.36193E+00  -0.20064E+00
   0.13667E+03   0.29910E+02   0.25220E+02   0.36437E+00  -0.20742E+00
   0.13702E+03   0.29913E+02   0.24928E+02   0.37169E+00  -0.22461E+00
   0.13737E+03   0.29918E+02   0.24925E+02   0.37809E+00  -0.23018E+00
   0.13772E+03   0.29921E+02   0.24846E+02   0.38094E+00  -0.23725E+00
   0.13807E+03   0.29925E+02   0.24894E+02   0.38612E+00  -0.24343E+00
   0.13842E+03   0.29930E+02   0.24900E+02   0.39298E+00  -0.24661E+00
   0.13877E+03   0.29935E+02   0.24926E+02   0.40066E+00  -0.25223E+00
   0.13912E+03   0.29940E+02   0.25179E+02   0.41069E+00  -0.25113E+00
   0.13947E+03   0.29943E+02   0.25587E+02   0.41916E+00  -0.24298E+00
   0.13982E+03   0.29947E+02   0.25853E+02   0.42810E+00  -0.23370E+00
   0.14017E+03   0.29951E+02   0.25912E+02   0.43479E+00  -0.23353E+00
   0.14052E+03   0.29955E+02   0.26149E+02   0.43891E+00  -0.22772E+00
   0.14087E+03   0.29957E+02   0.26170E+02   0.43285E+00  -0.21304E+00
   0.14122E+03   0.29956E+02   0.26192E+02   0.42597E+00  -0.19972E+00
   0.14157E+03   0.29955E+02   0.26340E+02   0.43052E+00  -0.18591E+00
   0.14192E+03   0.29955E+02   0.26443E+02   0.42822E+00  -0.17616E+00
   0.14227E+03   0.29953E+02   0.26386E+02   0.41639E+00  -0.17379E+00
   0.14262E+03   0.29949E+02   0.26179E+02   0.40944E+00  -0.17542E+00
   0.14297E+03   0.29946E+02   0.26164E+02   0.40864E+00  -0.16289E+00
   0.14332E+03   0.29945E+02   0.26150E+02   0.39986E+00  -0.15021E+00
   0.14367E+03   0.29941E+02   0.26044E+02   0.38772E+00  -0.15306E+00
   0.14402E+03   0.29937E+02   0.26003E+02   0.38118E+00  -0.14887E+00
   0.14437E+03   0.29934E+02   0.26073E+02   0.37759E+00  -0.13568E+00
   0.14472E+03   0.29930E+02   0.26292E+02   0.37452E+00  -0.12631E+00
   0.14507E+03   0.29925E+02   0.26220E+02   0.37257E+00  -0.13307E+00
   0.14542E+03   0.29922E+02   0.25847E+02   0.36769E+00  -0.14516E+00
   0.14577E+03   0.29917E+02   0.25808E+02   0.35698E+00  -0.14314E+00
   0.14612E+03   0.29911E+02   0.26045E+02   0.35230E+00  -0.13426E+00
   0.14647E+03   0.29908E+02   0.26200E+02   0.35200E+00  -0.12671E+00
   0.14682E+03   0.29907E+02   0.26385E+02   0.34874E+00  -0.12489E+00
   0.14717E+03   0.29903E+02   0.26392E+02   0.34451E+00  -0.13084E+00
   0.14752E+03   0.29900E+02   0.26298E+02   0.34377E+00  -0.12999E+00
   0.14787E+03   0.29898E+02   0.26328E+02   0.33984E+00  -0.12626E+00
   0.14822E+03   0.29894E+02   0.26429E+02   0.33713E+00  -0.12860E+00
   0.14857E+03   0.29893E+02   0.26352E+02   0.33654E+00  -0.13235E+00
   0.14892E+03   0.29891E+02   0.25946E+02   0.32348E+00  -0.14300E+00
   0.14927E+03   0.29881E+02   0.25715E+02   0.31356E+00  -0.15398E+00
   0.14962E+03   0.29874E+02   0.25523E+02   0.32295E+00  -0.16091E+00
   0.14997E+03   0.29875E+02   0.25380E+02   0.33345E+00  -0.17130E+00
   0.15032E+03   0.29878E+02   0.25478E+02   0.33457E+00  -0.18186E+00
   0.15067E+03   0.29883E+02   0.25612E+02   0.33416E+00  -0.18875E+00
   0.15102E+03   0.29886E+02   0.25619E+02   0.34101E+00  -0.18783E+00
   0.15137E+03   0.29893E+02   0.25651E+02   0.35286E+00  -0.18702E+00
   0.15172E+03   0.29900E+02   0.25823E+02   0.36043E+00  -0.19329E+00
   0.15207E+03   0.29906E+02   0.25845E+02   0.36825E+00  -0.19685E+00
   0.15242E+03   0.29912E+02   0.25751E+02   0.36963E+00  -0.19988E+00
   0.15277E+03   0.29915E+02   0.25503E+02   0.36731E+00  -0.20840E+00
   0.15312E+03   0.29917E+02   0.25190E+02   0.36747E+00  -0.21718E+00
   0.15347E+03   0.29917E+02   0.25320E+02   0.37194E+00  -0.21740E+00
   0.15382E+03   0.29919E+02   0.25321E+02   0.37911E+00  -0.22343E+00
   0.15417E+03   0.29923E+02   0.25057E+02   0.38338E+00  -0.23899E+00
   0.15452E+03   0.29928E+02   0.24892E+02   0.39127E+00  -0.25284E+00
   0.15487E+03   0.29934E+02   0.24837E+02   0.39881E+00  -0.25658E+00
   0.15522E+03   0.29938E+02   0.24851E+02   0.40571E+00  -0.25570E+00
   0.15557E+03   0.29942E+02   0.25098E+02   0.41360E+00  -0.25394E+00
   0.15592E+03   0.29945E+02   0.25552E+02   0.42398E+00  -0.24246E+00
   0.15627E+03   0.29950E+02   0.25614E+02   0.43116E+00  -0.23754E+00
   0.15662E+03   0.29953E+02   0.25643E+02   0.43535E+00  -0.23915E+00
   0.15697E+03   0.29955E+02   0.25944E+02   0.44088E+00  -0.22779E+00
   0.15732E+03   0.29957E+02   0.26315E+02   0.44417E+00  -0.20925E+00
   0.15767E+03   0.29958E+02   0.26763E+02   0.44250E+00  -0.19003E+00
   0.15802E+03   0.29958E+02   0.26935E+02   0.43568E+00  -0.17830E+00
   0.15837E+03   0.29956E+02   0.26794E+02   0.42710E+00  -0.17010E+00
   0.15872E+03   0.29952E+02   0.26850E+02   0.42092E+00  -0.15381E+00
   0.15907E+03   0.29950E+02   0.27065E+02   0.41846E+00  -0.14088E+00
   0.15942E+03   0.29949E+02   0.27044E+02   0.40822E+00  -0.13311E+00
   0.15977E+03   0.29944E+02   0.26846E+02   0.39128E+00  -0.13101E+00
   0.16012E+03   0.29935E+02   0.26673E+02   0.37832E+00  -0.12928E+00
   0.16047E+03   0.29927E+02   0.26517E+02   0.36926E+00  -0.11857E+00
   0.16082E+03   0.29922E+02   0.26305E+02   0.36133E+00  -0.12212E+00
   0.16117E+03   0.29916E+02   0.26305E+02   0.35713E+00  -0.12930E+00
   0.16152E+03   0.29910E+02   0.26390E+02   0.35470E+00  -0.11960E+00
   0.16187E+03   0.29907E+02   0.26203E+02   0.34561E+00  -0.12221E+00
   0.16222E+03   0.29905E+02   0.26317E+02   0.33958E+00  -0.12324E+00
   0.16257E+03   0.29902E+02   0.26400E+02   0.34129E+00  -0.11981E+00
   0.16292E+03   0.29899E+02   0.26166E+02   0.34162E+00  -0.12729E+00
   0.16327E+03   0.29894E+02   0.25905E+02   0.33611E+00  -0.13940E+00
   0.16362E+03   0.29890E+02   0.25589E+02   0.33072E+00  -0.15566E+00
   0.16397E+03   0.29885E+02   0.25606E+02   0.33025E+00  -0.15438E+00
   0.16432E+03   0.29882E+02   0.25717E+02   0.33075E+00  -0.15124E+00
   0.16467E+03   0.29881E+02   0.25576E+02   0.33053E+00  -0.16720E+00
   0.16502E+03   0.29881E+02   0.25407E+02   0.33432E+00  -0.17927E+00
   0.16537E+03   0.29885E+02   0.25095E+02   0.34017E+00  -0.19382E+00
   0.16572E+03   0.29891E+02   0.24694E+02   0.34548E+00  -0.21409E+00
   0.16607E+03   0.29896E+02   0.24673E+02   0.34982E+00  -0.22205E+00
   0.16642E+03   0.29899E+02   0.24794E+02   0.35416E+00  -0.22573E+00
   0.16677E+03   0.29903E+02   0.24953E+02   0.36106E+00  -0.22727E+00
   0.16712E+03   0.29909E+02   0.25049E+02   0.36854E+00  -0.23403E+00
   0.16747E+03   0.29916E+02   0.25140E+02   0.38154E+00  -0.24403E+00
   0.16782E+03   0.29925E+02   0.25391E+02   0.39712E+00  -0.24362E+00
   0.16817E+03   0.29933E+02   0.25528E+02   0.40855E+00  -0.24361E+00
   0.16852E+03   0.29939E+02   0.25841E+02   0.41189E+00  -0.24063E+00
   0.16887E+03   0.29942E+02   0.26196E+02   0.41107E+00  -0.22591E+00
   0.16922E+03   0.29945E+02   0.26221E+02   0.41473E+00  -0.21802E+00
   0.16957E+03   0.29947E+02   0.26420E+02   0.42234E+00  -0.21164E+00
   0.16992E+03   0.29949E+02   0.26812E+02   0.42542E+00  -0.19799E+00
   0.17027E+03   0.29952E+02   0.26610E+02   0.42392E+00  -0.19710E+00
   0.17062E+03   0.29952E+02   0.26229E+02   0.41834E+00  -0.19911E+00
   0.17097E+03   0.29950E+02   0.26423E+02   0.41121E+00  -0.18266E+00
   0.17132E+03   0.29948E+02   0.26650E+02   0.40195E+00  -0.16041E+00
   0.17167E+03   0.29945E+02   0.26591E+02   0.39609E+00  -0.15322E+00
   0.17202E+03   0.29942E+02   0.26420E+02   0.39628E+00  -0.15257E+00
   0.17237E+03   0.29940E+02   0.26349E+02   0.38916E+00  -0.14500E+00
   0.17272E+03   0.29936E+02   0.26342E+02   0.38362E+00  -0.14037E+00
   0.17307E+03   0.29934E+02   0.26117E+02   0.37866E+00  -0.14564E+00
   0.17342E+03   0.29929E+02   0.26125E+02   0.36979E+00  -0.13845E+00
   0.17377E+03   0.29921E+02   0.26243E+02   0.36417E+00  -0.12737E+00
   0.17412E+03   0.29915E+02   0.26114E+02   0.35910E+00  -0.13590E+00
   0.17447E+03   0.29912E+02   0.26054E+02   0.35788E+00  -0.14236E+00
   0.17482E+03   0.29911E+02   0.25949E+02   0.35819E+00  -0.14715E+00
   0.17517E+03   0.29911E+02   0.25916E+02   0.35786E+00  -0.15034E+00
   0.17552E+03   0.29910E+02   0.26085E+02   0.35203E+00  -0.14112E+00
   0.17587E+03   0.29903E+02   0.26104E+02   0.34509E+00  -0.14093E+00
   0.17622E+03   0.29899E+02   0.26033E+02   0.34618E+00  -0.14814E+00
   0.17657E+03   0.29900E+02   0.26116E+02   0.34882E+00  -0.14646E+00
   0.17692E+03   0.29901E+02   0.26246E+02   0.34744E+00  -0.14549E+00
   0.17727E+03   0.29897E+02   0.26138E+02   0.34264E+00  -0.15136E+00
   0.17762E+03   0.29894E+02   0.25931E+02   0.34448E+00  -0.15529E+00
   0.17797E+03   0.29894E+02   0.25871E+02   0.34253E+00  -0.15975E+00
   0.17832E+03   0.29891E+02   0.25885E+02   0.33671E+00  -0.16469E+00
   0.17867E+03   0.29890E+02   0.25810E+02   0.33881E+00  -0.16850E+00
   0.17902E+03   0.29892E+02   0.25861E+02   0.34542E+00  -0.17115E+00
   0.17937E+03   0.29896E+02   0.26119E+02   0.35104E+00  -0.16691E+00
   0.17972E+03   0.29899E+02   0.26163E+02   0.34840E+00  -0.16843E+00
   0.18007E+03   0.29899E+02   0.25926E+02   0.35022E+00  -0.17840E+00
   0.18042E+03   0.29903E+02   0.26098E+02   0.35907E+00  -0.17340E+00
   0.18077E+03   0.29908E+02   0.26215E+02   0.35839E+00  -0.16879E+00
   0.18112E+03   0.29908E+02   0.25890E+02   0.35489E+00  -0.18161E+00
   0.18147E+03   0.29907E+02   0.25687E+02   0.35770E+00  -0.19087E+00
   0.18182E+03   0.29907E+02   0.25422E+02   0.35794E+00  -0.19422E+00
   0.18217E+03   0.29908E+02   0.25489E+02   0.36112E+00  -0.19785E+00
   0.18252E+03   0.29910E+02   0.25530E+02   0.36915E+00  -0.20873E+00
   0.18287E+03   0.29914E+02   0.25128E+02   0.37240E+00  -0.22406E+00
   0.18322E+03   0.29917E+02   0.24888E+02   0.37798E+00  -0.23408E+00
   0.18357E+03   0.29921E+02   0.25027E+02   0.38831E+00  -0.23990E+00
   0.18392E+03   0.29928E+02   0.25116E+02   0.39512E+00  -0.23933E+00
   0.18427E+03   0.29933E+02   0.25278E+02   0.40100E+00  -0.23827E+00
   0.18462E+03   0.29937E+02   0.25397E+02   0.41199E+00  -0.24470E+00
   0.18497E+03   0.29942E+02   0.25217E+02   0.41676E+00  -0.24544E+00
   0.18532E+03   0.29945E+02   0.25233E+02   0.41605E+00  -0.24247E+00
   0.18567E+03   0.29948E+02   0.25259E+02   0.42253E+00  -0.24404E+00
   0.18602E+03   0.29951E+02   0.25475E+02   0.42957E+00  -0.23234E+00
   0.18637E+03   0.29954E+02   0.25769E+02   0.42769E+00  -0.21619E+00
   0.18672E+03   0.29953E+02   0.25938E+02   0.42030E+00  -0.21436E+00
   0.18707E+03   0.29952E+02   0.26178E+02   0.42731E+00  -0.20215E+00
   0.18742E+03   0.29954E+02   0.26281E+02   0.43248E+00  -0.18594E+00
   0.18777E+03   0.29955E+02   0.26098E+02   0.42600E+00  -0.18760E+00
   0.18812E+03   0.29953E+02   0.25961E+02   0.41733E+00  -0.18382E+00
   0.18847E+03   0.29950E+02   0.26086E+02   0.40965E+00  -0.16617E+00
   0.18882E+03   0.29947E+02   0.26246E+02   0.40361E+00  -0.14807E+00
   0.18917E+03   0.29943E+02   0.26349E+02   0.39416E+00  -0.14337E+00
   0.18952E+03   0.29940E+02   0.26444E+02   0.38924E+00  -0.13929E+00
   0.18987E+03   0.29937E+02   0.26537E+02   0.38517E+00  -0.12621E+00
   0.19022E+03   0.29934E+02   0.26474E+02   0.37810E+00  -0.12473E+00
   0.19057E+03   0.29929E+02   0.26461E+02   0.37029E+00  -0.12815E+00
   0.19092E+03   0.29923E+02   0.26396E+02   0.36465E+00  -0.12251E+00
   0.19127E+03   0.29917E+02   0.26005E+02   0.35299E+00  -0.12893E+00
   0.19162E+03   0.29909E+02   0.25657E+02   0.34226E+00  -0.14588E+00
   0.19197E+03   0.29900E+02   0.25467E+02   0.34030E+00  -0.14786E+00
   0.19232E+03   0.29895E+02   0.25366E+02   0.34121E+00  -0.15254E+00
   0.19267E+03   0.29895E+02   0.25355E+02   0.34473E+00  -0.16548E+00
   0.19302E+03   0.29896E+02   0.25370E+02   0.34584E+00  -0.17149E+00
   0.19337E+03   0.29897E+02   0.25260E+02   0.34527E+00  -0.17871E+00
   0.19372E+03   0.29899E+02   0.25242E+02   0.35019E+00  -0.18055E+00
   0.19407E+03   0.29902E+02   0.25230E+02   0.35943E+00  -0.18664E+00
   0.19442E+03   0.29907E+02   0.24896E+02   0.36203E+00  -0.20640E+00
   0.19477E+03   0.29910E+02   0.24582E+02   0.35832E+00  -0.21961E+00
   0.19512E+03   0.29911E+02   0.24556E+02   0.36208E+00  -0.22675E+00
   0.19547E+03   0.29915E+02   0.24732E+02   0.36630E+00  -0.22806E+00
   0.19582E+03   0.29917E+02   0.24809E+02   0.37075E+00  -0.22983E+00
   0.19617E+03   0.29920E+02   0.24774E+02   0.38105E+00  -0.24501E+00
   0.19652E+03   0.29925E+02   0.24902E+02   0.39485E+00  -0.25063E+00
   0.19687E+03   0.29932E+02   0.25370E+02   0.40406E+00  -0.24220E+00
   0.19722E+03   0.29937E+02   0.25583E+02   0.40942E+00  -0.24288E+00
   0.19757E+03   0.29942E+02   0.25223E+02   0.42031E+00  -0.24976E+00
   0.19792E+03   0.29947E+02   0.25069E+02   0.42127E+00  -0.24750E+00
   0.19827E+03   0.29949E+02   0.25288E+02   0.41897E+00  -0.24123E+00
   0.19862E+03   0.29950E+02   0.25848E+02   0.42537E+00  -0.23004E+00
   0.19897E+03   0.29953E+02   0.26456E+02   0.43438E+00  -0.20852E+00
   0.19932E+03   0.29955E+02   0.26401E+02   0.43409E+00  -0.20331E+00
   0.19967E+03   0.29954E+02   0.26097E+02   0.42968E+00  -0.20629E+00
   0.20002E+03   0.29954E+02   0.26317E+02   0.42627E+00  -0.18979E+00
   0.20037E+03   0.29954E+02   0.26422E+02   0.42397E+00  -0.17363E+00
   0.20072E+03   0.29953E+02   0.26208E+02   0.42206E+00  -0.16997E+00
   0.20107E+03   0.29951E+02   0.26283E+02   0.40958E+00  -0.16110E+00
   0.20142E+03   0.29946E+02   0.26343E+02   0.39437E+00  -0.14495E+00
   0.20177E+03   0.29941E+02   0.26343E+02   0.38514E+00  -0.13354E+00
   0.20212E+03   0.29935E+02   0.26450E+02   0.38761E+00  -0.13004E+00
   0.20247E+03   0.29932E+02   0.26358E+02   0.38942E+00  -0.13228E+00
   0.20282E+03   0.29930E+02   0.26179E+02   0.37434E+00  -0.13515E+00
   0.20317E+03   0.29926E+02   0.26165E+02   0.36012E+00  -0.13372E+00
   0.20352E+03   0.29922E+02   0.26268E+02   0.35326E+00  -0.11951E+00
   0.20387E+03   0.29916E+02   0.26494E+02   0.34849E+00  -0.10399E+00
   0.20422E+03   0.29909E+02   0.26472E+02   0.34802E+00  -0.11052E+00
   0.20457E+03   0.29904E+02   0.26353E+02   0.34332E+00  -0.12143E+00
   0.20492E+03   0.29898E+02   0.26415E+02   0.33722E+00  -0.11850E+00
   0.20527E+03   0.29893E+02   0.26233E+02   0.33651E+00  -0.12344E+00
   0.20562E+03   0.29892E+02   0.26084E+02   0.33267E+00  -0.13193E+00
   0.20597E+03   0.29887E+02   0.26068E+02   0.32330E+00  -0.13394E+00
   0.20632E+03   0.29878E+02   0.25756E+02   0.31827E+00  -0.14598E+00
   0.20667E+03   0.29873E+02   0.25523E+02   0.32053E+00  -0.15763E+00
   0.20702E+03   0.29874E+02   0.25436E+02   0.32968E+00  -0.16686E+00
   0.20737E+03   0.29879E+02   0.25301E+02   0.33587E+00  -0.18125E+00
   0.20772E+03   0.29882E+02   0.25354E+02   0.33513E+00  -0.18893E+00
   0.20807E+03   0.29883E+02   0.25462E+02   0.33990E+00  -0.18910E+00
   0.20842E+03   0.29887E+02   0.25338E+02   0.34808E+00  -0.19758E+00
   0.20877E+03   0.29894E+02   0.25213E+02   0.35417E+00  -0.21042E+00
   0.20912E+03   0.29902E+02   0.25128E+02   0.36394E+00  -0.22179E+00
   0.20947E+03   0.29909E+02   0.25054E+02   0.36804E+00  -0.22707E+00
   0.20982E+03   0.29912E+02   0.25317E+02   0.36925E+00  -0.22105E+00
   0.21017E+03   0.29917E+02   0.25451E+02   0.38057E+00  -0.22169E+00
   0.21052E+03   0.29922E+02   0.25440E+02   0.38838E+00  -0.23281E+00
   0.21087E+03   0.29928E+02   0.25358E+02   0.39217E+00  -0.24280E+00
   0.21122E+03   0.29933E+02   0.25296E+02   0.39831E+00  -0.24435E+00
   0.21157E+03   0.29937E+02   0.25534E+02   0.40751E+00  -0.23840E+00
   0.21192E+03   0.29941E+02   0.25697E+02   0.41267E+00  -0.22793E+00
   0.21227E+03   0.29943E+02   0.25840E+02   0.41380E+00  -0.22331E+00
   0.21262E+03   0.29945E+02   0.26086E+02   0.41829E+00  -0.21756E+00
   0.21297E+03   0.29948E+02   0.25966E+02   0.42131E+00  -0.21491E+00
   0.21332E+03   0.29950E+02   0.25715E+02   0.42499E+00  -0.21853E+00
   0.21367E+03   0.29951E+02   0.25853E+02   0.42730E+00  -0.21342E+00
   0.21402E+03   0.29952E+02   0.25819E+02   0.42308E+00  -0.20556E+00
   0.21437E+03   0.29950E+02   0.25792E+02   0.41270E+00  -0.19608E+00
   0.21472E+03   0.29948E+02   0.25867E+02   0.40919E+00  -0.18813E+00
   0.21507E+03   0.29948E+02   0.25877E+02   0.41199E+00  -0.17800E+00
   0.21542E+03   0.29948E+02   0.25942E+02   0.41184E+00  -0.17176E+00
   0.21577E+03   0.29946E+02   0.26086E+02   0.40875E+00  -0.17073E+00
   0.21612E+03   0.29945E+02   0.26254E+02   0.40563E+00  -0.15797E+00
   0.21647E+03   0.29943E+02   0.26070E+02   0.39834E+00  -0.15149E+00
   0.21682E+03   0.29939E+02   0.25968E+02   0.38650E+00  -0.15554E+00
   0.21717E+03   0.29934E+02   0.26106E+02   0.38174E+00  -0.14524E+00
   0.21752E+03   0.29931E+02   0.26007E+02   0.37726E+00  -0.14014E+00
   0.21787E+03   0.29926E+02   0.25793E+02   0.37051E+00  -0.15058E+00
   0.21822E+03   0.29921E+02   0.25598E+02   0.36673E+00  -0.15588E+00
   0.21857E+03   0.29916E+02   0.25507E+02   0.36157E+00  -0.15406E+00
   0.21892E+03   0.29911E+02   0.25686E+02   0.35708E+00  -0.15171E+00
   0.21927E+03   0.29910E+02   0.25792E+02   0.36018E+00  -0.15541E+00
   0.21962E+03   0.29911E+02   0.25668E+02   0.35938E+00  -0.16250E+00
   0.21997E+03   0.29911E+02   0.25564E+02   0.35798E+00  -0.16616E+00
   0.22032E+03   0.29910E+02   0.25251E+02   0.35926E+00  -0.17703E+00
   0.22067E+03   0.29907E+02   0.24995E+02   0.35821E+00  -0.18980E+00
   0.22102E+03   0.29908E+02   0.25105E+02   0.36108E+00  -0.18833E+00
   0.22137E+03   0.29911E+02   0.25183E+02   0.36142E+00  -0.19262E+00
   0.22172E+03   0.29912E+02   0.25142E+02   0.35992E+00  -0.20206E+00
   0.22207E+03   0.29913E+02   0.25241E+02   0.36450E+00  -0.20224E+00
   0.22242E+03   0.29916E+02   0.25179E+02   0.37278E+00  -0.20878E+00
   0.22277E+03   0.29920E+02   0.24842E+02   0.38071E+00  -0.22269E+00
   0.22312E+03   0.29924E+02   0.24677E+02   0.38394E+00  -0.23355E+00
   0.22347E+03   0.29927E+02   0.24652E+02   0.38263E+00  -0.23788E+00
   0.22382E+03   0.29930E+02   0.24687E+02   0.38495E+00  -0.23725E+00
   0.22417E+03   0.29933E+02   0.24618E+02   0.39192E+00  -0.24299E+00
   0.22452E+03   0.29934E+02   0.24736E+02   0.39904E+00  -0.24860E+00
   0.22487E+03   0.29938E+02   0.25040E+02   0.41037E+00  -0.24560E+00
   0.22522E+03   0.29943E+02   0.25056E+02   0.42268E+00  -0.25050E+00
   0.22557E+03   0.29948E+02   0.25177E+02   0.42693E+00  -0.25377E+00
   0.22592E+03   0.29951E+02   0.25437E+02   0.42968E+00  -0.24254E+00
   0.22627E+03   0.29953E+02   0.25599E+02   0.43530E+00  -0.23213E+00
   0.22662E+03   0.29956E+02   0.25880E+02   0.43660E+00  -0.22202E+00
   0.22697E+03   0.29957E+02   0.26129E+02   0.43476E+00  -0.21035E+00
   0.22732E+03   0.29957E+02   0.26321E+02   0.43519E+00  -0.19629E+00
   0.22767E+03   0.29957E+02   0.26725E+02   0.43688E+00  -0.17416E+00
   0.22802E+03   0.29957E+02   0.27150E+02   0.42885E+00  -0.15354E+00
   0.22837E+03   0.29955E+02   0.27380E+02   0.41684E+00  -0.13913E+00
   0.22872E+03   0.29952E+02   0.27489E+02   0.41085E+00  -0.12288E+00
   0.22907E+03   0.29948E+02   0.27527E+02   0.39884E+00  -0.10507E+00
   0.22942E+03   0.29940E+02   0.27427E+02   0.38412E+00  -0.96342E-01
   0.22977E+03   0.29932E+02   0.27340E+02   0.36997E+00  -0.92201E-01
   0.23012E+03   0.29923E+02   0.27339E+02   0.35685E+00  -0.78830E-01
   0.23047E+03   0.29912E+02   0.27316E+02   0.34296E+00  -0.71795E-01
   0.23082E+03   0.29902E+02   0.27120E+02   0.32981E+00  -0.82044E-01
   0.23117E+03   0.29890E+02   0.26663E+02   0.32201E+00  -0.96784E-01
   0.23152E+03   0.29883E+02   0.26172E+02   0.31823E+00  -0.11384E+00
   0.23187E+03   0.29875E+02   0.25858E+02   0.31274E+00  -0.12699E+00
   0.23222E+03   0.29866E+02   0.25672E+02   0.31191E+00  -0.13550E+00
   0.23257E+03   0.29862E+02   0.25598E+02   0.31662E+00  -0.14565E+00
   0.23292E+03   0.29865E+02   0.25556E+02   0.32080E+00  -0.15618E+00
   0.23327E+03   0.29873E+02   0.25328E+02   0.32480E+00  -0.16838E+00
   0.23362E+03   0.29878E+02   0.24922E+02   0.32871E+00  -0.18638E+00
   0.23397E+03   0.29882E+02   0.24594E+02   0.33591E+00  -0.20214E+00
   0.23432E+03   0.29886E+02   0.24509E+02   0.34185E+00  -0.21063E+00
   0.23467E+03   0.29891E+02   0.24370E+02   0.34688E+00  -0.22959E+00
   0.23502E+03   0.29894E+02   0.24312E+02   0.34801E+00  -0.25019E+00
   0.23537E+03   0.29898E+02   0.24221E+02   0.35934E+00  -0.26332E+00
   0.23572E+03   0.29907E+02   0.24073E+02   0.37558E+00  -0.28053E+00
   0.23607E+03   0.29918E+02   0.24228E+02   0.38936E+00  -0.29320E+00
   0.23642E+03   0.29928E+02   0.24609E+02   0.40435E+00  -0.29563E+00
   0.23677E+03   0.29937E+02   0.24676E+02   0.41800E+00  -0.30018E+00
   0.23712E+03   0.29945E+02   0.24808E+02   0.43143E+00  -0.30195E+00
   0.23747E+03   0.29951E+02   0.25522E+02   0.44504E+00  -0.29123E+00
   0.23782E+03   0.29957E+02   0.25970E+02   0.45644E+00  -0.27823E+00
   0.23817E+03   0.29962E+02   0.25999E+02   0.46788E+00  -0.27227E+00
   0.23852E+03   0.29966E+02   0.26196E+02   0.47596E+00  -0.26302E+00
   0.23887E+03   0.29968E+02   0.26455E+02   0.47471E+00  -0.24589E+00
   0.23922E+03   0.29969E+02   0.26717E+02   0.47538E+00  -0.22676E+00
   0.23957E+03   0.29969E+02   0.27267E+02   0.47354E+00  -0.20314E+00
   0.23992E+03   0.29970E+02   0.27865E+02   0.46690E+00  -0.17147E+00
   0.24027E+03   0.29969E+02   0.27939E+02   0.45676E+00  -0.14461E+00
   0.24062E+03   0.29966E+02   0.27483E+02   0.44418E+00  -0.13660E+00
   0.24097E+03   0.29963E+02   0.27080E+02   0.43028E+00  -0.12763E+00
   0.24132E+03   0.29958E+02   0.26874E+02   0.41407E+00  -0.11032E+00
   0.24167E+03   0.29951E+02   0.26700E+02   0.39553E+00  -0.10566E+00
   0.24202E+03   0.29941E+02   0.26480E+02   0.37616E+00  -0.10480E+00
   0.24237E+03   0.29928E+02   0.26319E+02   0.36037E+00  -0.10440E+00
   0.24272E+03   0.29918E+02   0.26176E+02   0.35197E+00  -0.11275E+00
   0.24307E+03   0.29911E+02   0.26063E+02   0.35147E+00  -0.11394E+00
   0.24342E+03   0.29908E+02   0.26056E+02   0.35245E+00  -0.11630E+00
   0.24377E+03   0.29905E+02   0.26050E+02   0.34848E+00  -0.12384E+00
   0.24412E+03   0.29902E+02   0.25877E+02   0.34598E+00  -0.12845E+00
   0.24447E+03   0.29900E+02   0.25774E+02   0.34178E+00  -0.13363E+00
   0.24482E+03   0.29898E+02   0.25909E+02   0.33738E+00  -0.13250E+00
   0.24517E+03   0.29895E+02   0.26122E+02   0.33842E+00  -0.12570E+00
   0.24552E+03   0.29891E+02   0.26321E+02   0.34070E+00  -0.12456E+00
   0.24587E+03   0.29890E+02   0.26194E+02   0.33590E+00  -0.13296E+00
   0.24622E+03   0.29888E+02   0.25744E+02   0.32582E+00  -0.15241E+00
   0.24657E+03   0.29882E+02   0.25381E+02   0.32607E+00  -0.16778E+00
   0.24692E+03   0.29879E+02   0.25215E+02   0.32786E+00  -0.17176E+00
   0.24727E+03   0.29875E+02   0.25223E+02   0.32396E+00  -0.17784E+00
   0.24762E+03   0.29871E+02   0.25060E+02   0.32948E+00  -0.19684E+00
   0.24797E+03   0.29875E+02   0.24938E+02   0.33897E+00  -0.21293E+00
   0.24832E+03   0.29883E+02   0.25058E+02   0.34776E+00  -0.21671E+00
   0.24867E+03   0.29893E+02   0.24824E+02   0.36227E+00  -0.23604E+00
   0.24902E+03   0.29905E+02   0.24693E+02   0.37646E+00  -0.25292E+00
   0.24937E+03   0.29916E+02   0.25056E+02   0.38332E+00  -0.24644E+00
   0.24972E+03   0.29923E+02   0.25206E+02   0.38629E+00  -0.24632E+00
   0.25007E+03   0.29928E+02   0.25088E+02   0.39496E+00  -0.25657E+00
   0.25042E+03   0.29934E+02   0.25137E+02   0.40709E+00  -0.25861E+00
   0.25077E+03   0.29940E+02   0.25206E+02   0.41940E+00  -0.25963E+00
   0.25112E+03   0.29946E+02   0.25663E+02   0.42787E+00  -0.25841E+00
   0.25147E+03   0.29950E+02   0.26529E+02   0.43407E+00  -0.24061E+00
   0.25182E+03   0.29953E+02   0.26681E+02   0.43740E+00  -0.22812E+00
   0.25217E+03   0.29955E+02   0.26373E+02   0.44059E+00  -0.22872E+00
   0.25252E+03   0.29957E+02   0.26247E+02   0.44339E+00  -0.22131E+00
   0.25287E+03   0.29958E+02   0.26445E+02   0.43883E+00  -0.20485E+00
   0.25322E+03   0.29958E+02   0.26540E+02   0.43705E+00  -0.19197E+00
   0.25357E+03   0.29957E+02   0.26340E+02   0.43469E+00  -0.18479E+00
   0.25392E+03   0.29956E+02   0.26366E+02   0.42101E+00  -0.17354E+00
   0.25427E+03   0.29952E+02   0.26611E+02   0.40700E+00  -0.15546E+00
   0.25462E+03   0.29947E+02   0.26767E+02   0.40529E+00  -0.14043E+00
   0.25497E+03   0.29945E+02   0.26698E+02   0.41009E+00  -0.13445E+00
   0.25532E+03   0.29943E+02   0.26560E+02   0.40290E+00  -0.13847E+00
   0.25567E+03   0.29941E+02   0.26247E+02   0.38607E+00  -0.14722E+00
   0.25602E+03   0.29935E+02   0.26068E+02   0.37220E+00  -0.14052E+00
   0.25637E+03   0.29928E+02   0.26089E+02   0.36579E+00  -0.12576E+00
   0.25672E+03   0.29922E+02   0.25921E+02   0.36143E+00  -0.13034E+00
   0.25707E+03   0.29914E+02   0.25876E+02   0.35734E+00  -0.14124E+00
   0.25742E+03   0.29911E+02   0.26054E+02   0.35663E+00  -0.13922E+00
   0.25777E+03   0.29909E+02   0.26189E+02   0.35290E+00  -0.13153E+00
   0.25812E+03   0.29908E+02   0.26080E+02   0.35379E+00  -0.13415E+00
   0.25847E+03   0.29907E+02   0.25677E+02   0.35253E+00  -0.14971E+00
   0.25882E+03   0.29904E+02   0.25376E+02   0.34175E+00  -0.15897E+00
   0.25917E+03   0.29899E+02   0.25304E+02   0.33501E+00  -0.16294E+00
   0.25952E+03   0.29896E+02   0.25492E+02   0.34165E+00  -0.16469E+00
   0.25987E+03   0.29895E+02   0.25770E+02   0.34739E+00  -0.15921E+00
   0.26022E+03   0.29894E+02   0.25729E+02   0.34601E+00  -0.16655E+00
   0.26057E+03   0.29896E+02   0.25181E+02   0.34536E+00  -0.19177E+00
   0.26092E+03   0.29897E+02   0.24738E+02   0.34580E+00  -0.20597E+00
   0.26127E+03   0.29899E+02   0.24601E+02   0.35250E+00  -0.21064E+00
   0.26162E+03   0.29904E+02   0.24578E+02   0.36282E+00  -0.22017E+00
   0.26197E+03   0.29909E+02   0.24741E+02   0.36420E+00  -0.22847E+00
   0.26232E+03   0.29909E+02   0.24952E+02   0.36299E+00  -0.23285E+00
   0.26267E+03   0.29913E+02   0.24809E+02   0.37501E+00  -0.24036E+00
   0.26302E+03   0.29921E+02   0.24364E+02   0.39297E+00  -0.25869E+00
   0.26337E+03   0.29929E+02   0.24470E+02   0.40428E+00  -0.26991E+00
   0.26372E+03   0.29936E+02   0.24866E+02   0.41073E+00  -0.26492E+00
   0.26407E+03   0.29941E+02   0.25349E+02   0.41734E+00  -0.25351E+00
   0.26442E+03   0.29946E+02   0.25733E+02   0.42449E+00  -0.24571E+00
   0.26477E+03   0.29949E+02   0.25673E+02   0.43019E+00  -0.25015E+00
   0.26512E+03   0.29953E+02   0.25708E+02   0.43961E+00  -0.24717E+00
   0.26547E+03   0.29957E+02   0.26072E+02   0.44700E+00  -0.23176E+00
   0.26582E+03   0.29959E+02   0.26112E+02   0.44517E+00  -0.22232E+00
   0.26617E+03   0.29959E+02   0.25917E+02   0.43939E+00  -0.21648E+00
   0.26652E+03   0.29958E+02   0.26259E+02   0.43401E+00  -0.19845E+00
   0.26687E+03   0.29957E+02   0.26781E+02   0.42854E+00  -0.17067E+00
   0.26722E+03   0.29955E+02   0.26611E+02   0.42172E+00  -0.16541E+00
   0.26757E+03   0.29953E+02   0.26299E+02   0.42173E+00  -0.16720E+00
   0.26792E+03   0.29952E+02   0.26259E+02   0.41861E+00  -0.15503E+00
   0.26827E+03   0.29950E+02   0.26215E+02   0.40217E+00  -0.14379E+00
   0.26862E+03   0.29944E+02   0.26154E+02   0.38601E+00  -0.13866E+00
   0.26897E+03   0.29938E+02   0.26001E+02   0.38044E+00  -0.13666E+00
   0.26932E+03   0.29931E+02   0.26075E+02   0.37630E+00  -0.12865E+00
   0.26967E+03   0.29926E+02   0.26383E+02   0.36987E+00  -0.11919E+00
   0.27002E+03   0.29920E+02   0.26519E+02   0.36541E+00  -0.11815E+00
   0.27037E+03   0.29917E+02   0.26424E+02   0.36675E+00  -0.11937E+00
   0.27072E+03   0.29913E+02   0.26419E+02   0.36306E+00  -0.11676E+00
   0.27107E+03   0.29912E+02   0.26350E+02   0.35219E+00  -0.11973E+00
   0.27142E+03   0.29907E+02   0.26089E+02   0.33778E+00  -0.12650E+00
   0.27177E+03   0.29897E+02   0.25857E+02   0.33228E+00  -0.13046E+00
   0.27212E+03   0.29890E+02   0.25868E+02   0.33407E+00  -0.13095E+00
   0.27247E+03   0.29884E+02   0.25779E+02   0.33197E+00  -0.13872E+00
   0.27282E+03   0.29879E+02   0.25422E+02   0.32776E+00  -0.16442E+00
   0.27317E+03   0.29877E+02   0.25089E+02   0.33088E+00  -0.18663E+00
   0.27352E+03   0.29881E+02   0.24960E+02   0.34180E+00  -0.19057E+00
   0.27387E+03   0.29887E+02   0.24888E+02   0.34369E+00  -0.20007E+00
   0.27422E+03   0.29892E+02   0.24827E+02   0.34401E+00  -0.21517E+00
   0.27457E+03   0.29896E+02   0.25046E+02   0.35444E+00  -0.21542E+00
   0.27492E+03   0.29904E+02   0.25338E+02   0.36846E+00  -0.21053E+00
   0.27527E+03   0.29911E+02   0.25718E+02   0.37309E+00  -0.20887E+00
   0.27562E+03   0.29918E+02   0.25806E+02   0.38123E+00  -0.21361E+00
   0.27597E+03   0.29925E+02   0.25659E+02   0.38856E+00  -0.21888E+00
   0.27632E+03   0.29929E+02   0.25779E+02   0.38883E+00  -0.21189E+00
   0.27667E+03   0.29932E+02   0.25675E+02   0.38519E+00  -0.21149E+00
   0.27702E+03   0.29932E+02   0.25525E+02   0.38484E+00  -0.21788E+00
   0.27737E+03   0.29932E+02   0.25532E+02   0.39106E+00  -0.21422E+00
   0.27772E+03   0.29933E+02   0.25415E+02   0.39401E+00  -0.21674E+00
   0.27807E+03   0.29935E+02   0.25496E+02   0.39384E+00  -0.21925E+00
   0.27842E+03   0.29936E+02   0.25938E+02   0.39912E+00  -0.20826E+00
   0.27877E+03   0.29939E+02   0.26374E+02   0.41017E+00  -0.19452E+00
   0.27912E+03   0.29942E+02   0.26581E+02   0.41343E+00  -0.18415E+00
   0.27947E+03   0.29944E+02   0.26390E+02   0.40807E+00  -0.18600E+00
   0.27982E+03   0.29944E+02   0.26258E+02   0.40492E+00  -0.18165E+00
   0.28017E+03   0.29944E+02   0.26326E+02   0.40512E+00  -0.16502E+00
   0.28052E+03   0.29942E+02   0.26283E+02   0.39819E+00  -0.15701E+00
   0.28087E+03   0.29939E+02   0.26336E+02   0.38776E+00  -0.15338E+00
   0.28122E+03   0.29933E+02   0.26453E+02   0.37939E+00  -0.14478E+00
   0.28157E+03   0.29928E+02   0.26387E+02   0.37780E+00  -0.14293E+00
   0.28192E+03   0.29926E+02   0.26238E+02   0.37523E+00  -0.14949E+00
   0.28227E+03   0.29923E+02   0.26170E+02   0.37143E+00  -0.15051E+00
   0.28262E+03   0.29922E+02   0.26167E+02   0.36829E+00  -0.14736E+00
   0.28297E+03   0.29918E+02   0.26404E+02   0.36250E+00  -0.13557E+00
   0.28332E+03   0.29913E+02   0.26598E+02   0.35783E+00  -0.12660E+00
   0.28367E+03   0.29912E+02   0.26310E+02   0.35386E+00  -0.13680E+00
   0.28402E+03   0.29910E+02   0.26066E+02   0.35249E+00  -0.14574E+00
   0.28437E+03   0.29905E+02   0.25998E+02   0.35054E+00  -0.14475E+00
   0.28472E+03   0.29902E+02   0.25595E+02   0.34296E+00  -0.15352E+00
   0.28507E+03   0.29898E+02   0.25260E+02   0.33583E+00  -0.16757E+00
   0.28542E+03   0.29893E+02   0.25092E+02   0.33529E+00  -0.17791E+00
   0.28577E+03   0.29890E+02   0.25083E+02   0.33715E+00  -0.18057E+00
   0.28612E+03   0.29890E+02   0.25023E+02   0.34209E+00  -0.18975E+00
   0.28647E+03   0.29895E+02   0.24603E+02   0.35488E+00  -0.22076E+00
   0.28682E+03   0.29905E+02   0.24408E+02   0.36617E+00  -0.23795E+00
   0.28717E+03   0.29911E+02   0.24645E+02   0.36887E+00  -0.23374E+00
   0.28752E+03   0.29914E+02   0.25032E+02   0.37374E+00  -0.22969E+00
   0.28787E+03   0.29920E+02   0.25405E+02   0.38555E+00  -0.22438E+00
   0.28822E+03   0.29927E+02   0.25728E+02   0.39627E+00  -0.22067E+00
   0.28857E+03   0.29933E+02   0.26127E+02   0.40368E+00  -0.21850E+00
   0.28892E+03   0.29937E+02   0.26426E+02   0.40876E+00  -0.21139E+00
   0.28927E+03   0.29941E+02   0.26342E+02   0.41323E+00  -0.20627E+00
   0.28962E+03   0.29943E+02   0.26100E+02   0.41298E+00  -0.20925E+00
   0.28997E+03   0.29944E+02   0.25932E+02   0.40374E+00  -0.20853E+00
   0.29032E+03   0.29941E+02   0.25878E+02   0.39078E+00  -0.19930E+00
   0.29067E+03   0.29937E+02   0.25967E+02   0.38986E+00  -0.18894E+00
   0.29102E+03   0.29937E+02   0.25886E+02   0.39920E+00  -0.18809E+00
   0.29137E+03   0.29938E+02   0.25724E+02   0.39953E+00  -0.19240E+00
   0.29172E+03   0.29939E+02   0.25595E+02   0.39374E+00  -0.19430E+00
   0.29207E+03   0.29937E+02   0.25297E+02   0.39082E+00  -0.19791E+00
   0.29242E+03   0.29936E+02   0.25235E+02   0.39770E+00  -0.19579E+00
   0.29277E+03   0.29937E+02   0.25434E+02   0.39964E+00  -0.18957E+00
   0.29312E+03   0.29938E+02   0.25526E+02   0.39362E+00  -0.18966E+00
   0.29347E+03   0.29937E+02   0.25665E+02   0.39314E+00  -0.18358E+00
   0.29382E+03   0.29936E+02   0.25932E+02   0.39700E+00  -0.16977E+00
   0.29417E+03   0.29937E+02   0.26150E+02   0.40000E+00  -0.16072E+00
   0.29452E+03   0.29938E+02   0.26062E+02   0.39886E+00  -0.16295E+00
   0.29487E+03   0.29937E+02   0.25814E+02   0.38972E+00  -0.17032E+00
   0.29522E+03   0.29933E+02   0.25711E+02   0.37907E+00  -0.16382E+00
   0.29557E+03   0.29929E+02   0.25562E+02   0.37200E+00  -0.15896E+00
   0.29592E+03   0.29923E+02   0.25644E+02   0.36802E+00  -0.15945E+00
   0.29627E+03   0.29919E+02   0.25652E+02   0.36770E+00  -0.16326E+00
   0.29662E+03   0.29919E+02   0.25469E+02   0.36544E+00  -0.17228E+00
   0.29697E+03   0.29917E+02   0.25560E+02   0.36165E+00  -0.17210E+00
   0.29732E+03   0.29915E+02   0.25456E+02   0.36526E+00  -0.17218E+00
   0.29767E+03   0.29918E+02   0.25136E+02   0.36697E+00  -0.18055E+00
   0.29802E+03   0.29917E+02   0.25000E+02   0.36284E+00  -0.19058E+00
   0.29837E+03   0.29917E+02   0.25050E+02   0.36481E+00  -0.19401E+00
   0.29872E+03   0.29917E+02   0.25062E+02   0.36384E+00  -0.19208E+00
   0.29907E+03   0.29917E+02   0.25229E+02   0.36919E+00  -0.19254E+00
   0.29942E+03   0.29919E+02   0.25621E+02   0.37966E+00  -0.18922E+00
   0.29977E+03   0.29922E+02   0.25636E+02   0.38192E+00  -0.18885E+00
   0.30012E+03   0.29924E+02   0.25506E+02   0.37929E+00  -0.19599E+00
   0.30047E+03   0.29925E+02   0.25393E+02   0.38417E+00  -0.20259E+00
   0.30082E+03   0.29927E+02   0.25254E+02   0.38916E+00  -0.20446E+00
   0.30118E+03   0.29929E+02   0.25235E+02   0.38515E+00  -0.20442E+00
   0.30153E+03   0.29931E+02   0.25202E+02   0.38082E+00  -0.21385E+00
   0.30188E+03   0.29930E+02   0.25092E+02   0.37969E+00  -0.21698E+00
   0.30223E+03   0.29929E+02   0.24851E+02   0.38566E+00  -0.21821E+00
   0.30258E+03   0.29931E+02   0.24750E+02   0.39191E+00  -0.22865E+00
   0.30293E+03   0.29934E+02   0.24948E+02   0.39602E+00  -0.22930E+00
   0.30328E+03   0.29936E+02   0.25142E+02   0.40115E+00  -0.22414E+00
   0.30363E+03   0.29938E+02   0.25228E+02   0.40631E+00  -0.22245E+00
   0.30398E+03   0.29941E+02   0.25488E+02   0.41259E+00  -0.21916E+00
   0.30433E+03   0.29944E+02   0.25579E+02   0.41723E+00  -0.21899E+00
   0.30468E+03   0.29946E+02   0.25463E+02   0.41860E+00  -0.22189E+00
   0.30503E+03   0.29948E+02   0.25694E+02   0.42301E+00  -0.21061E+00
   0.30538E+03   0.29950E+02   0.25895E+02   0.41932E+00  -0.19626E+00
   0.30573E+03   0.29950E+02   0.26061E+02   0.41059E+00  -0.18749E+00
   0.30608E+03   0.29948E+02   0.26187E+02   0.40798E+00  -0.17655E+00
   0.30643E+03   0.29947E+02   0.26103E+02   0.40603E+00  -0.16832E+00
   0.30678E+03   0.29946E+02   0.26065E+02   0.40101E+00  -0.16428E+00
   0.30713E+03   0.29944E+02   0.25968E+02   0.39572E+00  -0.16579E+00
   0.30748E+03   0.29940E+02   0.26038E+02   0.39094E+00  -0.15743E+00
   0.30783E+03   0.29936E+02   0.26173E+02   0.38317E+00  -0.14358E+00
   0.30818E+03   0.29931E+02   0.26168E+02   0.37602E+00  -0.14608E+00
   0.30853E+03   0.29926E+02   0.26136E+02   0.37321E+00  -0.14741E+00
   0.30888E+03   0.29923E+02   0.26227E+02   0.37254E+00  -0.13916E+00
   0.30923E+03   0.29920E+02   0.26364E+02   0.37138E+00  -0.13576E+00
   0.30958E+03   0.29919E+02   0.26451E+02   0.36862E+00  -0.13304E+00
   0.30993E+03   0.29916E+02   0.26610E+02   0.36214E+00  -0.12688E+00
   0.31028E+03   0.29911E+02   0.26502E+02   0.35579E+00  -0.12672E+00
   0.31063E+03   0.29906E+02   0.26243E+02   0.35073E+00  -0.13363E+00
   0.31098E+03   0.29901E+02   0.26241E+02   0.34789E+00  -0.13491E+00
   0.31133E+03   0.29900E+02   0.26162E+02   0.34465E+00  -0.13973E+00
   0.31168E+03   0.29898E+02   0.25990E+02   0.33953E+00  -0.14774E+00
   0.31203E+03   0.29892E+02   0.25819E+02   0.33494E+00  -0.15396E+00
   0.31238E+03   0.29887E+02   0.25660E+02   0.33379E+00  -0.16043E+00
   0.31273E+03   0.29886E+02   0.25717E+02   0.33648E+00  -0.16060E+00
   0.31308E+03   0.29888E+02   0.25891E+02   0.34229E+00  -0.16374E+00
   0.31343E+03   0.29891E+02   0.25701E+02   0.34718E+00  -0.17376E+00
   0.31378E+03   0.29895E+02   0.25284E+02   0.34654E+00  -0.18741E+00
   0.31413E+03   0.29896E+02   0.25386E+02   0.34747E+00  -0.18995E+00
   0.31448E+03   0.29897E+02   0.25690E+02   0.35458E+00  -0.18320E+00
   0.31483E+03   0.29901E+02   0.25902E+02   0.35951E+00  -0.18036E+00
   0.31518E+03   0.29907E+02   0.25567E+02   0.36098E+00  -0.19573E+00
   0.31553E+03   0.29910E+02   0.24943E+02   0.36273E+00  -0.22111E+00
   0.31588E+03   0.29911E+02   0.24934E+02   0.36408E+00  -0.21994E+00
   0.31623E+03   0.29913E+02   0.25176E+02   0.37075E+00  -0.21077E+00
   0.31658E+03   0.29917E+02   0.25113E+02   0.38125E+00  -0.22439E+00
   0.31693E+03   0.29922E+02   0.24962E+02   0.38580E+00  -0.24137E+00
   0.31728E+03   0.29925E+02   0.24836E+02   0.38813E+00  -0.25064E+00
   0.31763E+03   0.29929E+02   0.24779E+02   0.39594E+00  -0.25465E+00
   0.31798E+03   0.29935E+02   0.25225E+02   0.41164E+00  -0.25031E+00
   0.31833E+03   0.29942E+02   0.25390E+02   0.42480E+00  -0.24788E+00
   0.31868E+03   0.29947E+02   0.25006E+02   0.42475E+00  -0.25922E+00
   0.31903E+03   0.29949E+02   0.25085E+02   0.42390E+00  -0.26347E+00
   0.31938E+03   0.29951E+02   0.25403E+02   0.43017E+00  -0.24840E+00
   0.31973E+03   0.29955E+02   0.25504E+02   0.44178E+00  -0.24192E+00
   0.32008E+03   0.29959E+02   0.25759E+02   0.44708E+00  -0.23826E+00
   0.32043E+03   0.29960E+02   0.26086E+02   0.44257E+00  -0.22449E+00
   0.32078E+03   0.29959E+02   0.26357E+02   0.43720E+00  -0.20682E+00
   0.32113E+03   0.29959E+02   0.26403E+02   0.44154E+00  -0.19496E+00
   0.32148E+03   0.29959E+02   0.26264E+02   0.44491E+00  -0.19121E+00
   0.32183E+03   0.29959E+02   0.26337E+02   0.43491E+00  -0.17940E+00
   0.32218E+03   0.29956E+02   0.26500E+02   0.42218E+00  -0.16001E+00
   0.32253E+03   0.29953E+02   0.26709E+02   0.41019E+00  -0.14135E+00
   0.32288E+03   0.29948E+02   0.26896E+02   0.40332E+00  -0.12478E+00
   0.32323E+03   0.29944E+02   0.27034E+02   0.39876E+00  -0.11227E+00
   0.32358E+03   0.29939E+02   0.27164E+02   0.38908E+00  -0.10458E+00
   0.32393E+03   0.29934E+02   0.27218E+02   0.37854E+00  -0.99457E-01
   0.32428E+03   0.29928E+02   0.27018E+02   0.36704E+00  -0.10035E+00
   0.32463E+03   0.29918E+02   0.26777E+02   0.35572E+00  -0.99798E-01
   0.32498E+03   0.29909E+02   0.26813E+02   0.34292E+00  -0.91387E-01
   0.32533E+03   0.29899E+02   0.26805E+02   0.32960E+00  -0.87957E-01
   0.32568E+03   0.29889E+02   0.26601E+02   0.32111E+00  -0.98556E-01
   0.32603E+03   0.29883E+02   0.26534E+02   0.32201E+00  -0.10458E+00
   0.32638E+03   0.29880E+02   0.26469E+02   0.32345E+00  -0.10630E+00
   0.32673E+03   0.29871E+02   0.26289E+02   0.31601E+00  -0.11797E+00
   0.32708E+03   0.29861E+02   0.26204E+02   0.31648E+00  -0.12661E+00
   0.32743E+03   0.29862E+02   0.26085E+02   0.32005E+00  -0.13108E+00
   0.32778E+03   0.29861E+02   0.25991E+02   0.31642E+00  -0.13952E+00
   0.32813E+03   0.29864E+02   0.25644E+02   0.31800E+00  -0.16023E+00
   0.32848E+03   0.29867E+02   0.25300E+02   0.32136E+00  -0.17780E+00
   0.32883E+03   0.29866E+02   0.25317E+02   0.32625E+00  -0.18055E+00
   0.32918E+03   0.29872E+02   0.25127E+02   0.33245E+00  -0.19408E+00
   0.32953E+03   0.29880E+02   0.25044E+02   0.33340E+00  -0.21154E+00
   0.32988E+03   0.29883E+02   0.25178E+02   0.33911E+00  -0.21756E+00
   0.33023E+03   0.29889E+02   0.25193E+02   0.35195E+00  -0.22197E+00
   0.33058E+03   0.29899E+02   0.25086E+02   0.36431E+00  -0.23123E+00
   0.33093E+03   0.29909E+02   0.24850E+02   0.37131E+00  -0.25140E+00
   0.33128E+03   0.29916E+02   0.24817E+02   0.38011E+00  -0.26375E+00
   0.33163E+03   0.29923E+02   0.25087E+02   0.39092E+00  -0.25616E+00
   0.33198E+03   0.29929E+02   0.25467E+02   0.39988E+00  -0.25234E+00
   0.33233E+03   0.29936E+02   0.25750E+02   0.40961E+00  -0.25590E+00
   0.33268E+03   0.29942E+02   0.26071E+02   0.42163E+00  -0.25104E+00
   0.33303E+03   0.29948E+02   0.26495E+02   0.43271E+00  -0.23778E+00
   0.33338E+03   0.29952E+02   0.26436E+02   0.43620E+00  -0.23266E+00
   0.33373E+03   0.29954E+02   0.26242E+02   0.43646E+00  -0.22807E+00
   0.33408E+03   0.29956E+02   0.26423E+02   0.43954E+00  -0.20976E+00
   0.33443E+03   0.29957E+02   0.26582E+02   0.43630E+00  -0.19320E+00
   0.33478E+03   0.29956E+02   0.26542E+02   0.42484E+00  -0.18676E+00
   0.33513E+03   0.29954E+02   0.26525E+02   0.42083E+00  -0.18275E+00
   0.33548E+03   0.29953E+02   0.26912E+02   0.42420E+00  -0.15929E+00
   0.33583E+03   0.29953E+02   0.27131E+02   0.41745E+00  -0.13945E+00
   0.33618E+03   0.29949E+02   0.27066E+02   0.40365E+00  -0.14047E+00
   0.33653E+03   0.29944E+02   0.27161E+02   0.39753E+00  -0.12562E+00
   0.33688E+03   0.29941E+02   0.26928E+02   0.38966E+00  -0.11539E+00
   0.33723E+03   0.29935E+02   0.26629E+02   0.37571E+00  -0.11839E+00
   0.33758E+03   0.29927E+02   0.26512E+02   0.36216E+00  -0.11559E+00
   0.33793E+03   0.29918E+02   0.26546E+02   0.35406E+00  -0.10862E+00
   0.33828E+03   0.29910E+02   0.26538E+02   0.34871E+00  -0.10300E+00
   0.33863E+03   0.29902E+02   0.26427E+02   0.34099E+00  -0.11594E+00
   0.33898E+03   0.29895E+02   0.26515E+02   0.33789E+00  -0.11936E+00
   0.33933E+03   0.29890E+02   0.26486E+02   0.34122E+00  -0.11528E+00
   0.33968E+03   0.29890E+02   0.26307E+02   0.34296E+00  -0.13107E+00
   0.34003E+03   0.29891E+02   0.26145E+02   0.33567E+00  -0.13893E+00
   0.34038E+03   0.29886E+02   0.26036E+02   0.32817E+00  -0.13846E+00
   0.34073E+03   0.29882E+02   0.25789E+02   0.32832E+00  -0.14522E+00
   0.34108E+03   0.29879E+02   0.25616E+02   0.32962E+00  -0.15661E+00
   0.34143E+03   0.29878E+02   0.25612E+02   0.33006E+00  -0.16527E+00
   0.34178E+03   0.29878E+02   0.25512E+02   0.33028E+00  -0.17575E+00
   0.34213E+03   0.29879E+02   0.25350E+02   0.33804E+00  -0.18827E+00
   0.34248E+03   0.29884E+02   0.24948E+02   0.34165E+00  -0.20355E+00
   0.34283E+03   0.29889E+02   0.24639E+02   0.33963E+00  -0.22322E+00
   0.34318E+03   0.29894E+02   0.24638E+02   0.34980E+00  -0.23054E+00
   0.34353E+03   0.29900E+02   0.24825E+02   0.36182E+00  -0.23049E+00
   0.34388E+03   0.29907E+02   0.25009E+02   0.36993E+00  -0.23604E+00
   0.34423E+03   0.29914E+02   0.25133E+02   0.38145E+00  -0.24659E+00
   0.34458E+03   0.29923E+02   0.25240E+02   0.39642E+00  -0.25319E+00
   0.34493E+03   0.29931E+02   0.25417E+02   0.40437E+00  -0.24983E+00
   0.34528E+03   0.29937E+02   0.25777E+02   0.41010E+00  -0.24369E+00
   0.34563E+03   0.29942E+02   0.25930E+02   0.41903E+00  -0.23937E+00
   0.34598E+03   0.29947E+02   0.26081E+02   0.42339E+00  -0.22833E+00
   0.34633E+03   0.29949E+02   0.26399E+02   0.42256E+00  -0.21549E+00
   0.34668E+03   0.29950E+02   0.26525E+02   0.42481E+00  -0.20954E+00
   0.34703E+03   0.29951E+02   0.26537E+02   0.43088E+00  -0.20225E+00
   0.34738E+03   0.29953E+02   0.26957E+02   0.42915E+00  -0.18507E+00
   0.34773E+03   0.29952E+02   0.27123E+02   0.42093E+00  -0.17254E+00
   0.34808E+03   0.29950E+02   0.27086E+02   0.41411E+00  -0.15892E+00
   0.34843E+03   0.29947E+02   0.27319E+02   0.40805E+00  -0.13823E+00
   0.34878E+03   0.29945E+02   0.27446E+02   0.40249E+00  -0.12505E+00
   0.34913E+03   0.29943E+02   0.27299E+02   0.39486E+00  -0.12024E+00
   0.34948E+03   0.29939E+02   0.26828E+02   0.38156E+00  -0.12592E+00
   0.34983E+03   0.29933E+02   0.26486E+02   0.36650E+00  -0.12570E+00
   0.35018E+03   0.29924E+02   0.26547E+02   0.35617E+00  -0.11171E+00
   0.35053E+03   0.29917E+02   0.26476E+02   0.34905E+00  -0.11294E+00
   0.35088E+03   0.29911E+02   0.26223E+02   0.33988E+00  -0.12444E+00
   0.35123E+03   0.29902E+02   0.26097E+02   0.33591E+00  -0.13077E+00
   0.35158E+03   0.29894E+02   0.25908E+02   0.34165E+00  -0.13758E+00
   0.35193E+03   0.29892E+02   0.25847E+02   0.34359E+00  -0.14116E+00
   0.35228E+03   0.29893E+02   0.25545E+02   0.34045E+00  -0.15879E+00
   0.35263E+03   0.29893E+02   0.25099E+02   0.34074E+00  -0.18038E+00
   0.35298E+03   0.29891E+02   0.24999E+02   0.33932E+00  -0.18024E+00
   0.35333E+03   0.29889E+02   0.24938E+02   0.33916E+00  -0.18496E+00
   0.35368E+03   0.29892E+02   0.24803E+02   0.34838E+00  -0.20526E+00
   0.35403E+03   0.29898E+02   0.24634E+02   0.35883E+00  -0.22224E+00
   0.35438E+03   0.29904E+02   0.24209E+02   0.36242E+00  -0.24279E+00
   0.35473E+03   0.29908E+02   0.24013E+02   0.36198E+00  -0.25891E+00
   0.35508E+03   0.29912E+02   0.24488E+02   0.37347E+00  -0.25668E+00
   0.35543E+03   0.29921E+02   0.25193E+02   0.39294E+00  -0.24727E+00
   0.35578E+03   0.29930E+02   0.25789E+02   0.40180E+00  -0.24135E+00
   0.35613E+03   0.29936E+02   0.25933E+02   0.40636E+00  -0.24517E+00
   0.35648E+03   0.29941E+02   0.25850E+02   0.41706E+00  -0.24223E+00
   0.35683E+03   0.29946E+02   0.26050E+02   0.42957E+00  -0.22801E+00
   0.35718E+03   0.29950E+02   0.26241E+02   0.43089E+00  -0.22326E+00
   0.35753E+03   0.29952E+02   0.26349E+02   0.42641E+00  -0.21672E+00
   0.35788E+03   0.29952E+02   0.26467E+02   0.41672E+00  -0.20061E+00
   0.35823E+03   0.29951E+02   0.26400E+02   0.40947E+00  -0.18930E+00
   0.35858E+03   0.29949E+02   0.26060E+02   0.41119E+00  -0.18945E+00
   0.35893E+03   0.29948E+02   0.25843E+02   0.41271E+00  -0.19057E+00
   0.35928E+03   0.29947E+02   0.25889E+02   0.41218E+00  -0.18703E+00
   0.35963E+03   0.29945E+02   0.26118E+02   0.40876E+00  -0.17781E+00
   0.35998E+03   0.29942E+02   0.26277E+02   0.40190E+00  -0.16743E+00
   0.36033E+03   0.29939E+02   0.26278E+02   0.39799E+00  -0.16090E+00
   0.36068E+03   0.29938E+02   0.26427E+02   0.40018E+00  -0.15149E+00
   0.36103E+03   0.29939E+02   0.26507E+02   0.39855E+00  -0.14451E+00
   0.36138E+03   0.29938E+02   0.26461E+02   0.38904E+00  -0.13924E+00
   0.36173E+03   0.29934E+02   0.26437E+02   0.38269E+00  -0.13196E+00
   0.36208E+03   0.29929E+02   0.26455E+02   0.37729E+00  -0.12713E+00
   0.36243E+03   0.29922E+02   0.26386E+02   0.36477E+00  -0.12628E+00
   0.36278E+03   0.29915E+02   0.26261E+02   0.35354E+00  -0.13269E+00
   0.36313E+03   0.29910E+02   0.26174E+02   0.34942E+00  -0.13677E+00
   0.36348E+03   0.29905E+02   0.26102E+02   0.35242E+00  -0.13559E+00
   0.36383E+03   0.29902E+02   0.26003E+02   0.34834E+00  -0.14599E+00
   0.36418E+03   0.29901E+02   0.25948E+02   0.34226E+00  -0.15231E+00
   0.36453E+03   0.29898E+02   0.26013E+02   0.34166E+00  -0.14577E+00
   0.36488E+03   0.29894E+02   0.25960E+02   0.34466E+00  -0.14838E+00
   0.36523E+03   0.29894E+02   0.25869E+02   0.34596E+00  -0.15721E+00
   0.36558E+03   0.29894E+02   0.25909E+02   0.34716E+00  -0.16099E+00
   0.36593E+03   0.29896E+02   0.25810E+02   0.34894E+00  -0.16972E+00
   0.36628E+03   0.29898E+02   0.25592E+02   0.34705E+00  -0.17579E+00
   0.36663E+03   0.29896E+02   0.25325E+02   0.34613E+00  -0.18341E+00
   0.36698E+03   0.29896E+02   0.25172E+02   0.34735E+00  -0.19669E+00
   0.36733E+03   0.29899E+02   0.25087E+02   0.35280E+00  -0.20211E+00
   0.36768E+03   0.29902E+02   0.24838E+02   0.35637E+00  -0.21608E+00
   0.36803E+03   0.29905E+02   0.24704E+02   0.36260E+00  -0.23176E+00
   0.36838E+03   0.29911E+02   0.24457E+02   0.37262E+00  -0.24357E+00
   0.36873E+03   0.29917E+02   0.24187E+02   0.38124E+00  -0.26170E+00
   0.36908E+03   0.29922E+02   0.24277E+02   0.38988E+00  -0.27546E+00
   0.36943E+03   0.29929E+02   0.24685E+02   0.40374E+00  -0.27182E+00
   0.36978E+03   0.29937E+02   0.24996E+02   0.41676E+00  -0.26802E+00
   0.37013E+03   0.29944E+02   0.25145E+02   0.42740E+00  -0.27401E+00
   0.37048E+03   0.29949E+02   0.25356E+02   0.43837E+00  -0.27079E+00
   0.37083E+03   0.29954E+02   0.25672E+02   0.44573E+00  -0.25695E+00
   0.37118E+03   0.29958E+02   0.26281E+02   0.45637E+00  -0.23938E+00
   0.37153E+03   0.29962E+02   0.26849E+02   0.45904E+00  -0.22199E+00
   0.37188E+03   0.29964E+02   0.27337E+02   0.45294E+00  -0.20106E+00
   0.37223E+03   0.29964E+02   0.27688E+02   0.44802E+00  -0.17555E+00
   0.37258E+03   0.29963E+02   0.27648E+02   0.44065E+00  -0.15740E+00
   0.37293E+03   0.29961E+02   0.27516E+02   0.43263E+00  -0.14263E+00
   0.37328E+03   0.29956E+02   0.27315E+02   0.41990E+00  -0.12931E+00
   0.37363E+03   0.29950E+02   0.27144E+02   0.40471E+00  -0.12126E+00
   0.37398E+03   0.29943E+02   0.27164E+02   0.38773E+00  -0.10720E+00
   0.37433E+03   0.29937E+02   0.26922E+02   0.37041E+00  -0.10472E+00
   0.37468E+03   0.29927E+02   0.26612E+02   0.36006E+00  -0.11304E+00
   0.37503E+03   0.29919E+02   0.26596E+02   0.35658E+00  -0.10611E+00
   0.37538E+03   0.29910E+02   0.26592E+02   0.35146E+00  -0.10159E+00
   0.37573E+03   0.29904E+02   0.26449E+02   0.34705E+00  -0.11380E+00
   0.37608E+03   0.29900E+02   0.26359E+02   0.34467E+00  -0.11858E+00
   0.37643E+03   0.29896E+02   0.26430E+02   0.33979E+00  -0.11109E+00
   0.37678E+03   0.29892E+02   0.26422E+02   0.33623E+00  -0.11100E+00
   0.37713E+03   0.29888E+02   0.26363E+02   0.33385E+00  -0.11881E+00
   0.37748E+03   0.29885E+02   0.26455E+02   0.33470E+00  -0.12076E+00
   0.37783E+03   0.29882E+02   0.26333E+02   0.33258E+00  -0.12347E+00
   0.37818E+03   0.29877E+02   0.26077E+02   0.32449E+00  -0.13691E+00
   0.37853E+03   0.29873E+02   0.26038E+02   0.32047E+00  -0.14098E+00
   0.37888E+03   0.29870E+02   0.25982E+02   0.32269E+00  -0.14305E+00
   0.37923E+03   0.29870E+02   0.25631E+02   0.32131E+00  -0.16354E+00
   0.37958E+03   0.29869E+02   0.25233E+02   0.32123E+00  -0.18595E+00
   0.37993E+03   0.29872E+02   0.24982E+02   0.32549E+00  -0.19925E+00
   0.38028E+03   0.29878E+02   0.24647E+02   0.33006E+00  -0.21447E+00
   0.38063E+03   0.29883E+02   0.24599E+02   0.33859E+00  -0.22864E+00
   0.38098E+03   0.29889E+02   0.24573E+02   0.34960E+00  -0.24055E+00
   0.38133E+03   0.29898E+02   0.24317E+02   0.35856E+00  -0.25996E+00
   0.38168E+03   0.29907E+02   0.24528E+02   0.37562E+00  -0.27166E+00
   0.38203E+03   0.29918E+02   0.24946E+02   0.39547E+00  -0.27458E+00
   0.38238E+03   0.29929E+02   0.25183E+02   0.40813E+00  -0.27647E+00
   0.38273E+03   0.29938E+02   0.25595E+02   0.41972E+00  -0.27228E+00
   0.38308E+03   0.29946E+02   0.26238E+02   0.43112E+00  -0.26098E+00
   0.38343E+03   0.29951E+02   0.26799E+02   0.43952E+00  -0.23903E+00
   0.38378E+03   0.29956E+02   0.26692E+02   0.44363E+00  -0.22979E+00
   0.38413E+03   0.29959E+02   0.26420E+02   0.44852E+00  -0.23387E+00
   0.38448E+03   0.29961E+02   0.26395E+02   0.44750E+00  -0.22201E+00
   0.38483E+03   0.29960E+02   0.26338E+02   0.43618E+00  -0.20482E+00
   0.38518E+03   0.29958E+02   0.26464E+02   0.42783E+00  -0.19245E+00
   0.38553E+03   0.29956E+02   0.26659E+02   0.42843E+00  -0.17773E+00
   0.38588E+03   0.29956E+02   0.26601E+02   0.42160E+00  -0.16830E+00
   0.38623E+03   0.29954E+02   0.26634E+02   0.41266E+00  -0.16165E+00
   0.38658E+03   0.29952E+02   0.26793E+02   0.41184E+00  -0.14837E+00
   0.38693E+03   0.29949E+02   0.26553E+02   0.40716E+00  -0.13870E+00
   0.38728E+03   0.29945E+02   0.26410E+02   0.39523E+00  -0.13288E+00
   0.38763E+03   0.29939E+02   0.26411E+02   0.38362E+00  -0.12895E+00
   0.38798E+03   0.29931E+02   0.26340E+02   0.37205E+00  -0.12394E+00
   0.38833E+03   0.29925E+02   0.26173E+02   0.36531E+00  -0.12345E+00
   0.38868E+03   0.29920E+02   0.26029E+02   0.36362E+00  -0.13391E+00
   0.38903E+03   0.29915E+02   0.26278E+02   0.36057E+00  -0.12447E+00
   0.38938E+03   0.29911E+02   0.26571E+02   0.35215E+00  -0.10932E+00
   0.38973E+03   0.29905E+02   0.26460E+02   0.34783E+00  -0.12069E+00
   0.39008E+03   0.29903E+02   0.26278E+02   0.34853E+00  -0.12777E+00
   0.39043E+03   0.29900E+02   0.26341E+02   0.34218E+00  -0.11928E+00
   0.39078E+03   0.29896E+02   0.26316E+02   0.33582E+00  -0.12015E+00
   0.39113E+03   0.29891E+02   0.26078E+02   0.33131E+00  -0.13274E+00
   0.39148E+03   0.29886E+02   0.25821E+02   0.32804E+00  -0.14279E+00
   0.39183E+03   0.29879E+02   0.25813E+02   0.32035E+00  -0.14399E+00
   0.39218E+03   0.29871E+02   0.26041E+02   0.32042E+00  -0.14001E+00
   0.39253E+03   0.29870E+02   0.26045E+02   0.32600E+00  -0.14490E+00
   0.39288E+03   0.29875E+02   0.25897E+02   0.33034E+00  -0.15776E+00
   0.39323E+03   0.29881E+02   0.25822E+02   0.33459E+00  -0.16904E+00
   0.39358E+03   0.29883E+02   0.25541E+02   0.33510E+00  -0.18138E+00
   0.39393E+03   0.29885E+02   0.25137E+02   0.33633E+00  -0.19399E+00
   0.39428E+03   0.29889E+02   0.24986E+02   0.34040E+00  -0.20519E+00
   0.39463E+03   0.29892E+02   0.25157E+02   0.34691E+00  -0.20879E+00
   0.39498E+03   0.29896E+02   0.25128E+02   0.35024E+00  -0.21335E+00
   0.39533E+03   0.29901E+02   0.25020E+02   0.35465E+00  -0.22696E+00
   0.39568E+03   0.29908E+02   0.25153E+02   0.37124E+00  -0.23551E+00
   0.39603E+03   0.29917E+02   0.25216E+02   0.38811E+00  -0.23694E+00
   0.39638E+03   0.29924E+02   0.25381E+02   0.39202E+00  -0.23896E+00
   0.39673E+03   0.29930E+02   0.25628E+02   0.39425E+00  -0.24032E+00
   0.39708E+03   0.29934E+02   0.26151E+02   0.40638E+00  -0.22747E+00
   0.39743E+03   0.29940E+02   0.26440E+02   0.41318E+00  -0.21366E+00
   0.39778E+03   0.29943E+02   0.26084E+02   0.41289E+00  -0.22108E+00
   0.39813E+03   0.29946E+02   0.25631E+02   0.41634E+00  -0.23209E+00
   0.39848E+03   0.29947E+02   0.25571E+02   0.41777E+00  -0.22741E+00
   0.39883E+03   0.29947E+02   0.25782E+02   0.41755E+00  -0.21663E+00
   0.39918E+03   0.29947E+02   0.25854E+02   0.41301E+00  -0.21216E+00
   0.39953E+03   0.29947E+02   0.25940E+02   0.41173E+00  -0.21012E+00
   0.39988E+03   0.29947E+02   0.25959E+02   0.41364E+00  -0.20250E+00
   0.40023E+03   0.29948E+02   0.26168E+02   0.41656E+00  -0.19032E+00
   0.40058E+03   0.29949E+02   0.26705E+02   0.42022E+00  -0.17237E+00
   0.40093E+03   0.29950E+02   0.26702E+02   0.42081E+00  -0.16392E+00
   0.40128E+03   0.29949E+02   0.26333E+02   0.41385E+00  -0.16636E+00
   0.40163E+03   0.29945E+02   0.26304E+02   0.39991E+00  -0.15682E+00
   0.40198E+03   0.29941E+02   0.26178E+02   0.38856E+00  -0.14975E+00
   0.40233E+03   0.29937E+02   0.26121E+02   0.38283E+00  -0.14644E+00
   0.40268E+03   0.29932E+02   0.26107E+02   0.38258E+00  -0.14353E+00
   0.40303E+03   0.29929E+02   0.25762E+02   0.37356E+00  -0.15347E+00
   0.40338E+03   0.29926E+02   0.25537E+02   0.35785E+00  -0.16009E+00
   0.40373E+03   0.29920E+02   0.25696E+02   0.35872E+00  -0.15351E+00
   0.40408E+03   0.29917E+02   0.26050E+02   0.36712E+00  -0.13895E+00
   0.40443E+03   0.29917E+02   0.26035E+02   0.36647E+00  -0.14111E+00
   0.40478E+03   0.29914E+02   0.25679E+02   0.35890E+00  -0.16362E+00
   0.40513E+03   0.29909E+02   0.25642E+02   0.35524E+00  -0.16432E+00
   0.40548E+03   0.29908E+02   0.25770E+02   0.35901E+00  -0.14817E+00
   0.40583E+03   0.29909E+02   0.25689E+02   0.35888E+00  -0.15354E+00
   0.40618E+03   0.29909E+02   0.25485E+02   0.35343E+00  -0.17502E+00
   0.40653E+03   0.29907E+02   0.25170E+02   0.34640E+00  -0.18378E+00
   0.40688E+03   0.29901E+02   0.25165E+02   0.34415E+00  -0.17861E+00
   0.40723E+03   0.29899E+02   0.25422E+02   0.35287E+00  -0.17795E+00
   0.40758E+03   0.29904E+02   0.25601E+02   0.36316E+00  -0.18229E+00
   0.40793E+03   0.29909E+02   0.25721E+02   0.36676E+00  -0.18829E+00
   0.40828E+03   0.29913E+02   0.25500E+02   0.36358E+00  -0.19867E+00
   0.40863E+03   0.29913E+02   0.25191E+02   0.36137E+00  -0.20269E+00
   0.40898E+03   0.29912E+02   0.25277E+02   0.36993E+00  -0.19704E+00
   0.40933E+03   0.29917E+02   0.25339E+02   0.37999E+00  -0.19871E+00
   0.40968E+03   0.29921E+02   0.25315E+02   0.37755E+00  -0.20725E+00
   0.41003E+03   0.29921E+02   0.25685E+02   0.37027E+00  -0.20675E+00
   0.41038E+03   0.29921E+02   0.26153E+02   0.37738E+00  -0.19209E+00
   0.41073E+03   0.29925E+02   0.26322E+02   0.39261E+00  -0.17995E+00
   0.41108E+03   0.29932E+02   0.25933E+02   0.39473E+00  -0.19469E+00
   0.41143E+03   0.29932E+02   0.25474E+02   0.38398E+00  -0.20981E+00
   0.41178E+03   0.29929E+02   0.25496E+02   0.38449E+00  -0.19869E+00
   0.41213E+03   0.29929E+02   0.25519E+02   0.38991E+00  -0.19348E+00
   0.41248E+03   0.29930E+02   0.25209E+02   0.38835E+00  -0.20938E+00
   0.41283E+03   0.29930E+02   0.24936E+02   0.38474E+00  -0.22616E+00
   0.41318E+03   0.29929E+02   0.25081E+02   0.38532E+00  -0.22134E+00
   0.41353E+03   0.29930E+02   0.25230E+02   0.39295E+00  -0.20958E+00
   0.41388E+03   0.29933E+02   0.25273E+02   0.40231E+00  -0.21469E+00
   0.41423E+03   0.29938E+02   0.25335E+02   0.41278E+00  -0.22275E+00
   0.41458E+03   0.29942E+02   0.25570E+02   0.41324E+00  -0.21597E+00
   0.41493E+03   0.29943E+02   0.25829E+02   0.40835E+00  -0.20391E+00
   0.41528E+03   0.29943E+02   0.25960E+02   0.40852E+00  -0.19676E+00
   0.41563E+03   0.29945E+02   0.26090E+02   0.41693E+00  -0.18641E+00
   0.41598E+03   0.29946E+02   0.26301E+02   0.41579E+00  -0.17662E+00
   0.41633E+03   0.29945E+02   0.26545E+02   0.40181E+00  -0.16734E+00
   0.41668E+03   0.29940E+02   0.26669E+02   0.39474E+00  -0.15517E+00
   0.41703E+03   0.29938E+02   0.26731E+02   0.39855E+00  -0.14478E+00
   0.41738E+03   0.29938E+02   0.26707E+02   0.39319E+00  -0.13921E+00
   0.41773E+03   0.29934E+02   0.26648E+02   0.37610E+00  -0.13988E+00
   0.41808E+03   0.29926E+02   0.26530E+02   0.36353E+00  -0.13262E+00
   0.41843E+03   0.29919E+02   0.26421E+02   0.36104E+00  -0.12437E+00
   0.41878E+03   0.29915E+02   0.26455E+02   0.36254E+00  -0.12360E+00
   0.41913E+03   0.29910E+02   0.26462E+02   0.35353E+00  -0.12783E+00
   0.41948E+03   0.29904E+02   0.26445E+02   0.34508E+00  -0.13063E+00
   0.41983E+03   0.29902E+02   0.26346E+02   0.34414E+00  -0.12633E+00
