       time        TW        TE         hW        hE
   0.17500E+00   0.29523E+02   0.29243E+02   0.31351E-02  -0.28963E-01
   0.52500E+00   0.28751E+02   0.27995E+02   0.26818E-01  -0.89652E-01
   0.87500E+00   0.28448E+02   0.26861E+02   0.69867E-01  -0.15869E+00
   0.12250E+01   0.28594E+02   0.25698E+02   0.12138E+00  -0.24010E+00
   0.15750E+01   0.28925E+02   0.24621E+02   0.17765E+00  -0.32212E+00
   0.19250E+01   0.29254E+02   0.23994E+02   0.23622E+00  -0.38412E+00
   0.22750E+01   0.29522E+02   0.23836E+02   0.30038E+00  -0.43288E+00
   0.26250E+01   0.29706E+02   0.23615E+02   0.36595E+00  -0.48718E+00
   0.29750E+01   0.29823E+02   0.23745E+02   0.43053E+00  -0.53709E+00
   0.33250E+01   0.29898E+02   0.24266E+02   0.49242E+00  -0.56446E+00
   0.36750E+01   0.29941E+02   0.24704E+02   0.54760E+00  -0.57849E+00
   0.40250E+01   0.29965E+02   0.25365E+02   0.59642E+00  -0.57299E+00
   0.43750E+01   0.29978E+02   0.26202E+02   0.64482E+00  -0.53769E+00
   0.47250E+01   0.29986E+02   0.26877E+02   0.68990E+00  -0.48920E+00
   0.50750E+01   0.29990E+02   0.27480E+02   0.71862E+00  -0.43851E+00
   0.54250E+01   0.29993E+02   0.27974E+02   0.72603E+00  -0.38087E+00
   0.57750E+01   0.29996E+02   0.28377E+02   0.71291E+00  -0.30992E+00
   0.61250E+01   0.29998E+02   0.28719E+02   0.68334E+00  -0.23555E+00
   0.64750E+01   0.29997E+02   0.28987E+02   0.64506E+00  -0.16664E+00
   0.68250E+01   0.29995E+02   0.29200E+02   0.60028E+00  -0.10883E+00
   0.71750E+01   0.29992E+02   0.29191E+02   0.55395E+00  -0.66804E-01
   0.75250E+01   0.29986E+02   0.28926E+02   0.51048E+00  -0.42989E-01
   0.78750E+01   0.29980E+02   0.28749E+02   0.46847E+00  -0.20406E-01
   0.82250E+01   0.29972E+02   0.28664E+02   0.42321E+00   0.70597E-02
   0.85750E+01   0.29957E+02   0.28503E+02   0.38356E+00   0.14701E-01
   0.89250E+01   0.29936E+02   0.28344E+02   0.35807E+00   0.11929E-01
   0.92750E+01   0.29918E+02   0.28318E+02   0.33914E+00   0.18411E-01
   0.96250E+01   0.29902E+02   0.28264E+02   0.32868E+00   0.10000E-01
   0.99750E+01   0.29889E+02   0.28018E+02   0.32818E+00  -0.16083E-01
   0.10325E+02   0.29882E+02   0.27723E+02   0.32268E+00  -0.30164E-01
   0.10675E+02   0.29872E+02   0.27547E+02   0.30994E+00  -0.34225E-01
   0.11025E+02   0.29861E+02   0.27407E+02   0.30360E+00  -0.45312E-01
   0.11375E+02   0.29851E+02   0.27168E+02   0.30156E+00  -0.60252E-01
   0.11725E+02   0.29843E+02   0.26919E+02   0.29691E+00  -0.74775E-01
   0.12075E+02   0.29834E+02   0.26714E+02   0.29247E+00  -0.92212E-01
   0.12425E+02   0.29827E+02   0.26250E+02   0.28845E+00  -0.11361E+00
   0.12775E+02   0.29820E+02   0.25922E+02   0.27910E+00  -0.12653E+00
   0.13125E+02   0.29811E+02   0.25840E+02   0.27756E+00  -0.13708E+00
   0.13475E+02   0.29811E+02   0.25392E+02   0.28261E+00  -0.16361E+00
   0.13825E+02   0.29812E+02   0.24704E+02   0.28144E+00  -0.19773E+00
   0.14175E+02   0.29811E+02   0.24388E+02   0.28759E+00  -0.22413E+00
   0.14525E+02   0.29821E+02   0.24639E+02   0.30603E+00  -0.23200E+00
   0.14875E+02   0.29840E+02   0.24862E+02   0.32308E+00  -0.23673E+00
   0.15225E+02   0.29857E+02   0.24606E+02   0.33431E+00  -0.26468E+00
   0.15575E+02   0.29873E+02   0.24011E+02   0.35003E+00  -0.30257E+00
   0.15925E+02   0.29891E+02   0.23862E+02   0.37347E+00  -0.32139E+00
   0.16275E+02   0.29910E+02   0.24202E+02   0.39700E+00  -0.33110E+00
   0.16625E+02   0.29927E+02   0.24466E+02   0.41714E+00  -0.34617E+00
   0.16975E+02   0.29940E+02   0.24951E+02   0.43812E+00  -0.34861E+00
   0.17325E+02   0.29951E+02   0.25510E+02   0.45802E+00  -0.33823E+00
   0.17675E+02   0.29959E+02   0.26058E+02   0.47431E+00  -0.32863E+00
   0.18025E+02   0.29967E+02   0.26395E+02   0.49576E+00  -0.31799E+00
   0.18375E+02   0.29973E+02   0.26660E+02   0.51981E+00  -0.30497E+00
   0.18725E+02   0.29977E+02   0.27160E+02   0.52696E+00  -0.28373E+00
   0.19075E+02   0.29979E+02   0.27616E+02   0.51542E+00  -0.25031E+00
   0.19425E+02   0.29979E+02   0.27873E+02   0.50846E+00  -0.21795E+00
   0.19775E+02   0.29979E+02   0.27902E+02   0.50680E+00  -0.19216E+00
   0.20125E+02   0.29978E+02   0.27789E+02   0.49741E+00  -0.17064E+00
   0.20475E+02   0.29976E+02   0.27624E+02   0.47784E+00  -0.15229E+00
   0.20825E+02   0.29973E+02   0.27695E+02   0.45668E+00  -0.12496E+00
   0.21175E+02   0.29968E+02   0.27733E+02   0.43912E+00  -0.95412E-01
   0.21525E+02   0.29962E+02   0.27565E+02   0.41769E+00  -0.82321E-01
   0.21875E+02   0.29954E+02   0.27502E+02   0.39463E+00  -0.73993E-01
   0.22225E+02   0.29943E+02   0.27551E+02   0.37397E+00  -0.59647E-01
   0.22575E+02   0.29932E+02   0.27441E+02   0.36487E+00  -0.53862E-01
   0.22925E+02   0.29922E+02   0.27234E+02   0.35694E+00  -0.61469E-01
   0.23275E+02   0.29910E+02   0.27222E+02   0.34082E+00  -0.60770E-01
   0.23625E+02   0.29893E+02   0.27382E+02   0.32520E+00  -0.48193E-01
   0.23975E+02   0.29881E+02   0.27387E+02   0.31861E+00  -0.49590E-01
   0.24325E+02   0.29875E+02   0.27092E+02   0.31600E+00  -0.70053E-01
   0.24675E+02   0.29868E+02   0.26656E+02   0.31018E+00  -0.93939E-01
   0.25025E+02   0.29862E+02   0.26382E+02   0.30527E+00  -0.10396E+00
   0.25375E+02   0.29857E+02   0.26177E+02   0.30051E+00  -0.10904E+00
   0.25725E+02   0.29847E+02   0.26097E+02   0.29695E+00  -0.11817E+00
   0.26075E+02   0.29841E+02   0.26221E+02   0.29876E+00  -0.12391E+00
   0.26425E+02   0.29839E+02   0.26277E+02   0.30446E+00  -0.12965E+00
   0.26775E+02   0.29842E+02   0.26294E+02   0.31011E+00  -0.13860E+00
   0.27125E+02   0.29849E+02   0.26379E+02   0.31597E+00  -0.14811E+00
   0.27475E+02   0.29854E+02   0.26334E+02   0.32393E+00  -0.15250E+00
   0.27825E+02   0.29857E+02   0.26136E+02   0.32469E+00  -0.15775E+00
   0.28175E+02   0.29858E+02   0.25839E+02   0.31637E+00  -0.17495E+00
   0.28525E+02   0.29858E+02   0.25550E+02   0.31499E+00  -0.18808E+00
   0.28875E+02   0.29861E+02   0.25570E+02   0.32208E+00  -0.19143E+00
   0.29225E+02   0.29867E+02   0.25546E+02   0.33450E+00  -0.20124E+00
   0.29575E+02   0.29878E+02   0.25320E+02   0.34045E+00  -0.21912E+00
   0.29925E+02   0.29886E+02   0.25054E+02   0.34509E+00  -0.24101E+00
   0.30275E+02   0.29894E+02   0.24902E+02   0.35895E+00  -0.25124E+00
   0.30625E+02   0.29904E+02   0.24878E+02   0.37471E+00  -0.25285E+00
   0.30975E+02   0.29915E+02   0.24756E+02   0.38650E+00  -0.27033E+00
   0.31325E+02   0.29925E+02   0.24760E+02   0.39928E+00  -0.28806E+00
   0.31675E+02   0.29935E+02   0.24905E+02   0.41213E+00  -0.28797E+00
   0.32025E+02   0.29942E+02   0.25108E+02   0.42040E+00  -0.28072E+00
   0.32375E+02   0.29948E+02   0.25449E+02   0.43549E+00  -0.27375E+00
   0.32725E+02   0.29955E+02   0.25864E+02   0.45076E+00  -0.26856E+00
   0.33075E+02   0.29960E+02   0.26114E+02   0.45900E+00  -0.26167E+00
   0.33425E+02   0.29963E+02   0.26483E+02   0.46218E+00  -0.24862E+00
   0.33775E+02   0.29965E+02   0.26803E+02   0.46439E+00  -0.23257E+00
   0.34125E+02   0.29967E+02   0.26611E+02   0.46643E+00  -0.21947E+00
   0.34475E+02   0.29967E+02   0.26674E+02   0.46229E+00  -0.20807E+00
   0.34825E+02   0.29966E+02   0.26879E+02   0.45182E+00  -0.19467E+00
   0.35175E+02   0.29964E+02   0.26831E+02   0.44355E+00  -0.17722E+00
   0.35525E+02   0.29963E+02   0.27033E+02   0.43606E+00  -0.15681E+00
   0.35875E+02   0.29959E+02   0.27191E+02   0.42887E+00  -0.14058E+00
   0.36225E+02   0.29955E+02   0.26915E+02   0.41625E+00  -0.13062E+00
   0.36575E+02   0.29949E+02   0.26762E+02   0.39891E+00  -0.12298E+00
   0.36925E+02   0.29942E+02   0.26836E+02   0.39164E+00  -0.11220E+00
   0.37275E+02   0.29937E+02   0.26972E+02   0.38392E+00  -0.95271E-01
   0.37625E+02   0.29931E+02   0.26915E+02   0.37125E+00  -0.92772E-01
   0.37975E+02   0.29924E+02   0.26537E+02   0.35604E+00  -0.10842E+00
   0.38325E+02   0.29917E+02   0.26371E+02   0.34522E+00  -0.11099E+00
   0.38675E+02   0.29909E+02   0.26323E+02   0.33975E+00  -0.10437E+00
   0.39025E+02   0.29900E+02   0.26202E+02   0.33511E+00  -0.11111E+00
   0.39375E+02   0.29892E+02   0.26109E+02   0.33357E+00  -0.12147E+00
   0.39725E+02   0.29887E+02   0.25882E+02   0.33175E+00  -0.13422E+00
   0.40075E+02   0.29886E+02   0.25574E+02   0.32806E+00  -0.15197E+00
   0.40425E+02   0.29884E+02   0.25398E+02   0.32733E+00  -0.16231E+00
   0.40775E+02   0.29884E+02   0.25244E+02   0.33361E+00  -0.16708E+00
   0.41125E+02   0.29886E+02   0.25185E+02   0.33625E+00  -0.17221E+00
   0.41475E+02   0.29884E+02   0.25095E+02   0.33466E+00  -0.18553E+00
   0.41825E+02   0.29884E+02   0.24859E+02   0.33689E+00  -0.20167E+00
   0.42175E+02   0.29887E+02   0.24775E+02   0.34599E+00  -0.21287E+00
   0.42525E+02   0.29896E+02   0.24843E+02   0.35962E+00  -0.22204E+00
   0.42875E+02   0.29905E+02   0.24863E+02   0.36414E+00  -0.23342E+00
   0.43225E+02   0.29910E+02   0.24666E+02   0.36418E+00  -0.24823E+00
   0.43575E+02   0.29913E+02   0.24760E+02   0.37237E+00  -0.25183E+00
   0.43925E+02   0.29919E+02   0.24938E+02   0.38998E+00  -0.25390E+00
   0.44275E+02   0.29928E+02   0.25201E+02   0.40190E+00  -0.25864E+00
   0.44625E+02   0.29935E+02   0.25438E+02   0.40846E+00  -0.26313E+00
   0.44975E+02   0.29941E+02   0.25666E+02   0.41971E+00  -0.26063E+00
   0.45325E+02   0.29946E+02   0.26085E+02   0.42894E+00  -0.24296E+00
   0.45675E+02   0.29951E+02   0.25942E+02   0.43238E+00  -0.24284E+00
   0.46025E+02   0.29954E+02   0.26026E+02   0.43508E+00  -0.24299E+00
   0.46375E+02   0.29956E+02   0.26288E+02   0.44256E+00  -0.22350E+00
   0.46725E+02   0.29958E+02   0.26173E+02   0.44231E+00  -0.21499E+00
   0.47075E+02   0.29958E+02   0.26368E+02   0.43617E+00  -0.20771E+00
   0.47425E+02   0.29958E+02   0.26835E+02   0.43618E+00  -0.18921E+00
   0.47775E+02   0.29957E+02   0.27274E+02   0.43463E+00  -0.16144E+00
   0.48125E+02   0.29956E+02   0.27020E+02   0.42723E+00  -0.15353E+00
   0.48475E+02   0.29954E+02   0.26464E+02   0.41525E+00  -0.16477E+00
   0.48825E+02   0.29950E+02   0.26492E+02   0.40619E+00  -0.14469E+00
   0.49175E+02   0.29944E+02   0.26527E+02   0.39884E+00  -0.12341E+00
   0.49525E+02   0.29939E+02   0.26445E+02   0.38617E+00  -0.12486E+00
   0.49875E+02   0.29933E+02   0.26377E+02   0.37284E+00  -0.12522E+00
   0.50225E+02   0.29925E+02   0.26287E+02   0.36274E+00  -0.12307E+00
   0.50575E+02   0.29918E+02   0.26303E+02   0.35985E+00  -0.11669E+00
   0.50925E+02   0.29914E+02   0.26326E+02   0.35689E+00  -0.11546E+00
   0.51275E+02   0.29911E+02   0.26293E+02   0.35303E+00  -0.12173E+00
   0.51625E+02   0.29909E+02   0.26259E+02   0.34883E+00  -0.12299E+00
   0.51975E+02   0.29904E+02   0.26132E+02   0.33991E+00  -0.12416E+00
   0.52325E+02   0.29894E+02   0.26081E+02   0.33073E+00  -0.12675E+00
   0.52675E+02   0.29887E+02   0.26197E+02   0.33446E+00  -0.12403E+00
   0.53025E+02   0.29890E+02   0.26070E+02   0.34012E+00  -0.13121E+00
   0.53375E+02   0.29889E+02   0.25850E+02   0.33189E+00  -0.14965E+00
   0.53725E+02   0.29884E+02   0.25715E+02   0.32395E+00  -0.15886E+00
   0.54075E+02   0.29879E+02   0.25455E+02   0.32674E+00  -0.16338E+00
   0.54425E+02   0.29880E+02   0.25414E+02   0.33654E+00  -0.16942E+00
   0.54775E+02   0.29883E+02   0.25455E+02   0.33792E+00  -0.18219E+00
   0.55125E+02   0.29883E+02   0.25381E+02   0.33726E+00  -0.19686E+00
   0.55475E+02   0.29886E+02   0.25395E+02   0.34788E+00  -0.20126E+00
   0.55825E+02   0.29894E+02   0.25538E+02   0.35961E+00  -0.20249E+00
   0.56175E+02   0.29902E+02   0.25472E+02   0.36392E+00  -0.21041E+00
   0.56525E+02   0.29908E+02   0.25030E+02   0.36533E+00  -0.22698E+00
   0.56875E+02   0.29912E+02   0.24961E+02   0.37075E+00  -0.23470E+00
   0.57225E+02   0.29917E+02   0.24965E+02   0.37622E+00  -0.23493E+00
   0.57575E+02   0.29922E+02   0.24800E+02   0.38159E+00  -0.24528E+00
   0.57925E+02   0.29926E+02   0.24950E+02   0.39235E+00  -0.25436E+00
   0.58275E+02   0.29932E+02   0.25387E+02   0.40355E+00  -0.24830E+00
   0.58625E+02   0.29938E+02   0.25928E+02   0.41042E+00  -0.23767E+00
   0.58975E+02   0.29942E+02   0.26312E+02   0.42072E+00  -0.23509E+00
   0.59325E+02   0.29947E+02   0.26221E+02   0.43439E+00  -0.23484E+00
   0.59675E+02   0.29952E+02   0.25938E+02   0.43840E+00  -0.23195E+00
   0.60025E+02   0.29954E+02   0.25754E+02   0.43351E+00  -0.23211E+00
   0.60375E+02   0.29954E+02   0.25426E+02   0.42692E+00  -0.23143E+00
   0.60725E+02   0.29953E+02   0.25480E+02   0.42416E+00  -0.21484E+00
   0.61075E+02   0.29953E+02   0.25761E+02   0.42420E+00  -0.19966E+00
   0.61425E+02   0.29953E+02   0.25580E+02   0.42126E+00  -0.20672E+00
   0.61775E+02   0.29951E+02   0.25449E+02   0.41830E+00  -0.20753E+00
   0.62125E+02   0.29950E+02   0.25676E+02   0.42289E+00  -0.19450E+00
   0.62475E+02   0.29952E+02   0.26062E+02   0.42686E+00  -0.17725E+00
   0.62825E+02   0.29953E+02   0.26305E+02   0.42049E+00  -0.16355E+00
   0.63175E+02   0.29950E+02   0.26071E+02   0.40850E+00  -0.16607E+00
   0.63525E+02   0.29945E+02   0.26016E+02   0.40124E+00  -0.15707E+00
   0.63875E+02   0.29943E+02   0.26301E+02   0.40132E+00  -0.13674E+00
   0.64225E+02   0.29941E+02   0.26347E+02   0.39419E+00  -0.13368E+00
   0.64575E+02   0.29938E+02   0.26200E+02   0.38211E+00  -0.13802E+00
   0.64925E+02   0.29934E+02   0.26155E+02   0.37037E+00  -0.13324E+00
   0.65275E+02   0.29927E+02   0.26253E+02   0.35895E+00  -0.12160E+00
   0.65625E+02   0.29917E+02   0.26423E+02   0.35127E+00  -0.11202E+00
   0.65975E+02   0.29910E+02   0.26543E+02   0.35426E+00  -0.11536E+00
   0.66325E+02   0.29911E+02   0.26509E+02   0.35631E+00  -0.11981E+00
   0.66675E+02   0.29907E+02   0.26273E+02   0.34272E+00  -0.12670E+00
   0.67025E+02   0.29898E+02   0.26030E+02   0.33213E+00  -0.13558E+00
   0.67375E+02   0.29892E+02   0.25929E+02   0.33216E+00  -0.13133E+00
   0.67725E+02   0.29889E+02   0.25892E+02   0.33379E+00  -0.13259E+00
   0.68075E+02   0.29887E+02   0.25993E+02   0.32848E+00  -0.13934E+00
   0.68425E+02   0.29879E+02   0.26109E+02   0.32202E+00  -0.14004E+00
   0.68775E+02   0.29875E+02   0.26316E+02   0.33147E+00  -0.13556E+00
   0.69125E+02   0.29882E+02   0.26052E+02   0.34173E+00  -0.14777E+00
   0.69475E+02   0.29886E+02   0.25516E+02   0.33656E+00  -0.17381E+00
   0.69825E+02   0.29884E+02   0.25404E+02   0.33071E+00  -0.17835E+00
   0.70175E+02   0.29883E+02   0.25453E+02   0.33107E+00  -0.17039E+00
   0.70525E+02   0.29885E+02   0.25421E+02   0.33514E+00  -0.17598E+00
   0.70875E+02   0.29886E+02   0.25350E+02   0.33970E+00  -0.19409E+00
   0.71225E+02   0.29888E+02   0.25299E+02   0.34509E+00  -0.20512E+00
   0.71575E+02   0.29894E+02   0.25240E+02   0.35234E+00  -0.20433E+00
   0.71925E+02   0.29901E+02   0.25039E+02   0.36121E+00  -0.21889E+00
   0.72275E+02   0.29908E+02   0.24809E+02   0.36900E+00  -0.23769E+00
   0.72625E+02   0.29913E+02   0.24963E+02   0.37463E+00  -0.23817E+00
   0.72975E+02   0.29919E+02   0.25126E+02   0.38130E+00  -0.23827E+00
   0.73325E+02   0.29924E+02   0.25038E+02   0.38521E+00  -0.24814E+00
   0.73675E+02   0.29928E+02   0.25172E+02   0.39611E+00  -0.25038E+00
   0.74025E+02   0.29935E+02   0.25405E+02   0.41255E+00  -0.24454E+00
   0.74375E+02   0.29941E+02   0.25788E+02   0.42092E+00  -0.23953E+00
   0.74725E+02   0.29947E+02   0.26240E+02   0.42192E+00  -0.23230E+00
   0.75075E+02   0.29950E+02   0.26560E+02   0.42459E+00  -0.22202E+00
   0.75425E+02   0.29952E+02   0.26724E+02   0.43329E+00  -0.20571E+00
   0.75775E+02   0.29953E+02   0.26318E+02   0.43185E+00  -0.20641E+00
   0.76125E+02   0.29953E+02   0.26242E+02   0.42460E+00  -0.20730E+00
   0.76475E+02   0.29952E+02   0.26563E+02   0.42259E+00  -0.18730E+00
   0.76825E+02   0.29952E+02   0.26524E+02   0.42052E+00  -0.17435E+00
   0.77175E+02   0.29950E+02   0.26506E+02   0.41047E+00  -0.16738E+00
   0.77525E+02   0.29946E+02   0.26595E+02   0.40033E+00  -0.15975E+00
   0.77875E+02   0.29943E+02   0.26709E+02   0.39922E+00  -0.14760E+00
   0.78225E+02   0.29940E+02   0.26935E+02   0.39865E+00  -0.12859E+00
   0.78575E+02   0.29936E+02   0.26974E+02   0.39228E+00  -0.12387E+00
   0.78925E+02   0.29933E+02   0.26894E+02   0.38280E+00  -0.12143E+00
   0.79275E+02   0.29928E+02   0.26756E+02   0.37149E+00  -0.11504E+00
   0.79625E+02   0.29921E+02   0.26549E+02   0.35882E+00  -0.11635E+00
   0.79975E+02   0.29915E+02   0.26494E+02   0.35011E+00  -0.11382E+00
   0.80325E+02   0.29908E+02   0.26528E+02   0.34500E+00  -0.11012E+00
   0.80675E+02   0.29901E+02   0.26559E+02   0.34158E+00  -0.11310E+00
   0.81025E+02   0.29895E+02   0.26378E+02   0.33462E+00  -0.12126E+00
   0.81375E+02   0.29889E+02   0.26098E+02   0.32710E+00  -0.13004E+00
   0.81725E+02   0.29887E+02   0.26082E+02   0.32914E+00  -0.13304E+00
   0.82075E+02   0.29886E+02   0.25961E+02   0.33255E+00  -0.13592E+00
   0.82425E+02   0.29881E+02   0.25905E+02   0.32708E+00  -0.14177E+00
   0.82775E+02   0.29877E+02   0.26151E+02   0.32567E+00  -0.14214E+00
   0.83125E+02   0.29877E+02   0.26025E+02   0.32951E+00  -0.14462E+00
   0.83475E+02   0.29879E+02   0.25743E+02   0.33137E+00  -0.15685E+00
   0.83825E+02   0.29879E+02   0.25624E+02   0.33133E+00  -0.16936E+00
   0.84175E+02   0.29881E+02   0.25498E+02   0.33466E+00  -0.17616E+00
   0.84525E+02   0.29883E+02   0.25604E+02   0.33592E+00  -0.17589E+00
   0.84875E+02   0.29882E+02   0.25520E+02   0.33778E+00  -0.18568E+00
   0.85225E+02   0.29883E+02   0.25177E+02   0.34367E+00  -0.20472E+00
   0.85575E+02   0.29889E+02   0.25133E+02   0.35054E+00  -0.21145E+00
   0.85925E+02   0.29897E+02   0.25238E+02   0.35926E+00  -0.22007E+00
   0.86275E+02   0.29905E+02   0.25222E+02   0.36773E+00  -0.23029E+00
   0.86625E+02   0.29913E+02   0.25259E+02   0.37435E+00  -0.23009E+00
   0.86975E+02   0.29919E+02   0.25418E+02   0.37915E+00  -0.22946E+00
   0.87325E+02   0.29923E+02   0.25508E+02   0.38627E+00  -0.22883E+00
   0.87675E+02   0.29928E+02   0.25625E+02   0.39368E+00  -0.22802E+00
   0.88025E+02   0.29933E+02   0.25611E+02   0.40402E+00  -0.22985E+00
   0.88375E+02   0.29938E+02   0.25815E+02   0.40945E+00  -0.22594E+00
   0.88725E+02   0.29941E+02   0.26119E+02   0.41053E+00  -0.21534E+00
   0.89075E+02   0.29943E+02   0.26190E+02   0.40861E+00  -0.20633E+00
   0.89425E+02   0.29944E+02   0.26038E+02   0.41138E+00  -0.20738E+00
   0.89775E+02   0.29945E+02   0.25962E+02   0.41560E+00  -0.20749E+00
   0.90125E+02   0.29946E+02   0.26214E+02   0.41623E+00  -0.19677E+00
   0.90475E+02   0.29947E+02   0.26220E+02   0.41160E+00  -0.18973E+00
   0.90825E+02   0.29946E+02   0.26213E+02   0.40734E+00  -0.18447E+00
   0.91175E+02   0.29944E+02   0.26312E+02   0.40567E+00  -0.17172E+00
   0.91525E+02   0.29943E+02   0.26209E+02   0.40055E+00  -0.16618E+00
   0.91875E+02   0.29942E+02   0.25904E+02   0.39629E+00  -0.17318E+00
   0.92225E+02   0.29940E+02   0.25704E+02   0.39322E+00  -0.17910E+00
   0.92575E+02   0.29938E+02   0.25914E+02   0.39279E+00  -0.16759E+00
   0.92925E+02   0.29936E+02   0.25862E+02   0.38325E+00  -0.15939E+00
   0.93275E+02   0.29932E+02   0.25481E+02   0.37328E+00  -0.17309E+00
   0.93625E+02   0.29927E+02   0.25326E+02   0.37314E+00  -0.17537E+00
   0.93975E+02   0.29925E+02   0.25468E+02   0.37827E+00  -0.16668E+00
   0.94325E+02   0.29926E+02   0.25628E+02   0.38058E+00  -0.17021E+00
   0.94675E+02   0.29927E+02   0.25731E+02   0.37984E+00  -0.17612E+00
   0.95025E+02   0.29927E+02   0.25908E+02   0.37671E+00  -0.16728E+00
   0.95375E+02   0.29924E+02   0.26085E+02   0.37354E+00  -0.15188E+00
   0.95725E+02   0.29923E+02   0.26185E+02   0.37258E+00  -0.14763E+00
   0.96075E+02   0.29923E+02   0.26130E+02   0.36897E+00  -0.15130E+00
   0.96425E+02   0.29922E+02   0.26113E+02   0.36784E+00  -0.15188E+00
   0.96775E+02   0.29919E+02   0.26085E+02   0.36372E+00  -0.14914E+00
   0.97125E+02   0.29913E+02   0.26282E+02   0.35365E+00  -0.14200E+00
   0.97475E+02   0.29907E+02   0.26431E+02   0.34817E+00  -0.13881E+00
   0.97825E+02   0.29903E+02   0.26249E+02   0.34943E+00  -0.14741E+00
   0.98175E+02   0.29902E+02   0.26259E+02   0.35031E+00  -0.14766E+00
   0.98525E+02   0.29900E+02   0.26256E+02   0.34484E+00  -0.14644E+00
   0.98875E+02   0.29899E+02   0.26133E+02   0.34475E+00  -0.15289E+00
   0.99225E+02   0.29899E+02   0.26107E+02   0.35088E+00  -0.15498E+00
   0.99575E+02   0.29899E+02   0.26017E+02   0.34724E+00  -0.15838E+00
   0.99925E+02   0.29894E+02   0.25817E+02   0.33957E+00  -0.16614E+00
   0.10027E+03   0.29889E+02   0.25704E+02   0.34326E+00  -0.17243E+00
   0.10062E+03   0.29893E+02   0.25789E+02   0.35335E+00  -0.17235E+00
   0.10097E+03   0.29900E+02   0.25717E+02   0.35420E+00  -0.17706E+00
   0.10132E+03   0.29902E+02   0.25798E+02   0.34973E+00  -0.18128E+00
   0.10167E+03   0.29903E+02   0.26186E+02   0.35358E+00  -0.17040E+00
   0.10202E+03   0.29905E+02   0.26311E+02   0.36150E+00  -0.16106E+00
   0.10237E+03   0.29907E+02   0.26236E+02   0.36623E+00  -0.17191E+00
   0.10272E+03   0.29911E+02   0.26233E+02   0.36659E+00  -0.18264E+00
   0.10307E+03   0.29914E+02   0.26047E+02   0.36432E+00  -0.17861E+00
   0.10342E+03   0.29915E+02   0.25607E+02   0.35717E+00  -0.18199E+00
   0.10377E+03   0.29913E+02   0.25476E+02   0.35469E+00  -0.18867E+00
   0.10412E+03   0.29910E+02   0.25510E+02   0.35753E+00  -0.18646E+00
   0.10447E+03   0.29908E+02   0.25284E+02   0.35984E+00  -0.19874E+00
   0.10482E+03   0.29911E+02   0.25170E+02   0.36676E+00  -0.21684E+00
   0.10517E+03   0.29915E+02   0.25256E+02   0.37487E+00  -0.21982E+00
   0.10552E+03   0.29919E+02   0.25477E+02   0.38157E+00  -0.21608E+00
   0.10587E+03   0.29924E+02   0.25837E+02   0.38817E+00  -0.20758E+00
   0.10622E+03   0.29928E+02   0.25868E+02   0.39407E+00  -0.20708E+00
   0.10657E+03   0.29931E+02   0.25724E+02   0.39714E+00  -0.21113E+00
   0.10692E+03   0.29934E+02   0.25819E+02   0.40182E+00  -0.20675E+00
   0.10727E+03   0.29938E+02   0.25988E+02   0.40434E+00  -0.20031E+00
   0.10762E+03   0.29940E+02   0.25953E+02   0.40234E+00  -0.19506E+00
   0.10797E+03   0.29939E+02   0.25822E+02   0.39323E+00  -0.19261E+00
   0.10832E+03   0.29936E+02   0.25990E+02   0.39046E+00  -0.18403E+00
   0.10867E+03   0.29935E+02   0.26038E+02   0.39242E+00  -0.17609E+00
   0.10902E+03   0.29934E+02   0.26015E+02   0.39151E+00  -0.18015E+00
   0.10937E+03   0.29934E+02   0.26118E+02   0.39562E+00  -0.17936E+00
   0.10972E+03   0.29936E+02   0.26234E+02   0.39517E+00  -0.16948E+00
   0.11007E+03   0.29935E+02   0.26400E+02   0.38575E+00  -0.16091E+00
   0.11042E+03   0.29932E+02   0.26326E+02   0.37890E+00  -0.15725E+00
   0.11077E+03   0.29929E+02   0.26313E+02   0.38002E+00  -0.14990E+00
   0.11112E+03   0.29928E+02   0.26523E+02   0.37926E+00  -0.13652E+00
   0.11147E+03   0.29925E+02   0.26597E+02   0.37080E+00  -0.13386E+00
   0.11182E+03   0.29921E+02   0.26447E+02   0.36300E+00  -0.13706E+00
   0.11217E+03   0.29917E+02   0.26266E+02   0.35884E+00  -0.13488E+00
   0.11252E+03   0.29912E+02   0.26209E+02   0.35056E+00  -0.13019E+00
   0.11287E+03   0.29906E+02   0.26282E+02   0.34292E+00  -0.12749E+00
   0.11322E+03   0.29901E+02   0.26334E+02   0.34061E+00  -0.12668E+00
   0.11357E+03   0.29896E+02   0.26263E+02   0.34185E+00  -0.13187E+00
   0.11392E+03   0.29891E+02   0.26073E+02   0.34222E+00  -0.14371E+00
   0.11427E+03   0.29890E+02   0.25855E+02   0.34144E+00  -0.15298E+00
   0.11462E+03   0.29889E+02   0.25711E+02   0.33932E+00  -0.16129E+00
   0.11497E+03   0.29890E+02   0.25678E+02   0.34073E+00  -0.16466E+00
   0.11532E+03   0.29890E+02   0.25588E+02   0.34315E+00  -0.17139E+00
   0.11567E+03   0.29890E+02   0.25521E+02   0.34282E+00  -0.18038E+00
   0.11602E+03   0.29891E+02   0.25692E+02   0.34667E+00  -0.17989E+00
   0.11637E+03   0.29897E+02   0.25625E+02   0.35734E+00  -0.18851E+00
   0.11672E+03   0.29905E+02   0.25314E+02   0.36167E+00  -0.20277E+00
   0.11707E+03   0.29908E+02   0.25033E+02   0.35720E+00  -0.21484E+00
   0.11742E+03   0.29909E+02   0.24607E+02   0.35942E+00  -0.23044E+00
   0.11777E+03   0.29911E+02   0.24492E+02   0.36612E+00  -0.23573E+00
   0.11812E+03   0.29915E+02   0.24612E+02   0.37430E+00  -0.24312E+00
   0.11847E+03   0.29922E+02   0.24450E+02   0.38242E+00  -0.26345E+00
   0.11882E+03   0.29928E+02   0.24409E+02   0.39162E+00  -0.27482E+00
   0.11917E+03   0.29933E+02   0.24741E+02   0.40562E+00  -0.27233E+00
   0.11952E+03   0.29939E+02   0.25036E+02   0.42029E+00  -0.26872E+00
   0.11987E+03   0.29947E+02   0.25333E+02   0.43208E+00  -0.26754E+00
   0.12022E+03   0.29952E+02   0.25580E+02   0.44074E+00  -0.26665E+00
   0.12057E+03   0.29956E+02   0.26037E+02   0.44658E+00  -0.25099E+00
   0.12092E+03   0.29959E+02   0.26742E+02   0.44973E+00  -0.22417E+00
   0.12127E+03   0.29961E+02   0.26961E+02   0.45500E+00  -0.20991E+00
   0.12162E+03   0.29963E+02   0.26960E+02   0.45547E+00  -0.20079E+00
   0.12197E+03   0.29963E+02   0.27049E+02   0.44457E+00  -0.18355E+00
   0.12232E+03   0.29961E+02   0.27377E+02   0.43291E+00  -0.15793E+00
   0.12267E+03   0.29959E+02   0.27424E+02   0.42351E+00  -0.13790E+00
   0.12302E+03   0.29954E+02   0.27314E+02   0.41345E+00  -0.12444E+00
   0.12337E+03   0.29948E+02   0.27417E+02   0.40232E+00  -0.11019E+00
   0.12372E+03   0.29941E+02   0.27306E+02   0.38719E+00  -0.10304E+00
   0.12407E+03   0.29935E+02   0.27011E+02   0.37211E+00  -0.10178E+00
   0.12442E+03   0.29928E+02   0.26967E+02   0.36263E+00  -0.94169E-01
   0.12477E+03   0.29921E+02   0.26925E+02   0.35553E+00  -0.90574E-01
   0.12512E+03   0.29910E+02   0.26728E+02   0.34101E+00  -0.93206E-01
   0.12547E+03   0.29897E+02   0.26552E+02   0.32994E+00  -0.10274E+00
   0.12582E+03   0.29893E+02   0.26391E+02   0.33001E+00  -0.10989E+00
   0.12617E+03   0.29891E+02   0.26269E+02   0.32873E+00  -0.11014E+00
   0.12652E+03   0.29885E+02   0.26031E+02   0.32366E+00  -0.12444E+00
   0.12687E+03   0.29879E+02   0.25780E+02   0.31913E+00  -0.13781E+00
   0.12722E+03   0.29876E+02   0.25694E+02   0.32014E+00  -0.13719E+00
   0.12757E+03   0.29873E+02   0.25650E+02   0.32337E+00  -0.14728E+00
   0.12792E+03   0.29874E+02   0.25432E+02   0.32583E+00  -0.16562E+00
   0.12827E+03   0.29875E+02   0.25301E+02   0.32825E+00  -0.17469E+00
   0.12862E+03   0.29879E+02   0.25242E+02   0.33246E+00  -0.18486E+00
   0.12897E+03   0.29882E+02   0.25114E+02   0.33602E+00  -0.19576E+00
   0.12932E+03   0.29883E+02   0.25133E+02   0.34215E+00  -0.20369E+00
   0.12967E+03   0.29888E+02   0.24921E+02   0.35078E+00  -0.22292E+00
   0.13002E+03   0.29894E+02   0.24641E+02   0.35967E+00  -0.24501E+00
   0.13037E+03   0.29902E+02   0.24581E+02   0.36869E+00  -0.25590E+00
   0.13072E+03   0.29910E+02   0.24363E+02   0.37321E+00  -0.27224E+00
   0.13107E+03   0.29917E+02   0.24331E+02   0.38563E+00  -0.28421E+00
   0.13142E+03   0.29926E+02   0.24643E+02   0.40407E+00  -0.28527E+00
   0.13177E+03   0.29935E+02   0.24884E+02   0.41325E+00  -0.29037E+00
   0.13212E+03   0.29942E+02   0.24854E+02   0.42551E+00  -0.29807E+00
   0.13247E+03   0.29949E+02   0.25049E+02   0.44415E+00  -0.29863E+00
   0.13282E+03   0.29956E+02   0.25486E+02   0.45905E+00  -0.28850E+00
   0.13317E+03   0.29961E+02   0.25914E+02   0.46683E+00  -0.27470E+00
   0.13352E+03   0.29966E+02   0.25944E+02   0.47280E+00  -0.27344E+00
   0.13387E+03   0.29969E+02   0.25829E+02   0.47417E+00  -0.26770E+00
   0.13422E+03   0.29970E+02   0.26228E+02   0.47442E+00  -0.24080E+00
   0.13457E+03   0.29971E+02   0.26438E+02   0.47540E+00  -0.22282E+00
   0.13492E+03   0.29971E+02   0.26726E+02   0.47027E+00  -0.20326E+00
   0.13527E+03   0.29970E+02   0.27271E+02   0.46826E+00  -0.17354E+00
   0.13562E+03   0.29969E+02   0.27404E+02   0.45876E+00  -0.15678E+00
   0.13597E+03   0.29967E+02   0.27566E+02   0.44497E+00  -0.13289E+00
   0.13632E+03   0.29963E+02   0.27556E+02   0.43291E+00  -0.11306E+00
   0.13667E+03   0.29959E+02   0.27224E+02   0.41757E+00  -0.10844E+00
   0.13702E+03   0.29951E+02   0.27176E+02   0.39945E+00  -0.89895E-01
   0.13737E+03   0.29941E+02   0.27181E+02   0.37975E+00  -0.79209E-01
   0.13772E+03   0.29930E+02   0.27076E+02   0.36115E+00  -0.79926E-01
   0.13807E+03   0.29917E+02   0.26992E+02   0.35076E+00  -0.75566E-01
   0.13842E+03   0.29909E+02   0.26811E+02   0.34389E+00  -0.82792E-01
   0.13877E+03   0.29898E+02   0.26595E+02   0.33091E+00  -0.92514E-01
   0.13912E+03   0.29887E+02   0.26428E+02   0.32453E+00  -0.96430E-01
   0.13947E+03   0.29883E+02   0.26241E+02   0.32525E+00  -0.10716E+00
   0.13982E+03   0.29878E+02   0.26229E+02   0.32297E+00  -0.11086E+00
   0.14017E+03   0.29872E+02   0.26270E+02   0.31815E+00  -0.11156E+00
   0.14052E+03   0.29870E+02   0.26016E+02   0.31914E+00  -0.12901E+00
   0.14087E+03   0.29871E+02   0.25841E+02   0.32271E+00  -0.13988E+00
   0.14122E+03   0.29869E+02   0.25828E+02   0.32278E+00  -0.14411E+00
   0.14157E+03   0.29868E+02   0.25575E+02   0.32276E+00  -0.16003E+00
   0.14192E+03   0.29869E+02   0.25367E+02   0.32275E+00  -0.17084E+00
   0.14227E+03   0.29870E+02   0.25299E+02   0.32249E+00  -0.18072E+00
   0.14262E+03   0.29870E+02   0.25264E+02   0.32603E+00  -0.19109E+00
   0.14297E+03   0.29873E+02   0.25262E+02   0.33341E+00  -0.19502E+00
   0.14332E+03   0.29881E+02   0.25088E+02   0.34128E+00  -0.21142E+00
   0.14367E+03   0.29890E+02   0.24881E+02   0.34916E+00  -0.22778E+00
   0.14402E+03   0.29897E+02   0.24575E+02   0.35535E+00  -0.24082E+00
   0.14437E+03   0.29902E+02   0.24581E+02   0.36190E+00  -0.25303E+00
   0.14472E+03   0.29909E+02   0.24982E+02   0.37595E+00  -0.24965E+00
   0.14507E+03   0.29919E+02   0.24808E+02   0.38859E+00  -0.26420E+00
   0.14542E+03   0.29927E+02   0.24753E+02   0.39991E+00  -0.28296E+00
   0.14577E+03   0.29934E+02   0.25285E+02   0.41238E+00  -0.27427E+00
   0.14612E+03   0.29942E+02   0.25494E+02   0.42404E+00  -0.27001E+00
   0.14647E+03   0.29948E+02   0.25455E+02   0.43956E+00  -0.27171E+00
   0.14682E+03   0.29954E+02   0.25338E+02   0.44648E+00  -0.27515E+00
   0.14717E+03   0.29958E+02   0.25462E+02   0.44567E+00  -0.26938E+00
   0.14752E+03   0.29960E+02   0.25876E+02   0.45126E+00  -0.25005E+00
   0.14787E+03   0.29962E+02   0.26195E+02   0.45999E+00  -0.23836E+00
   0.14822E+03   0.29964E+02   0.26562E+02   0.46253E+00  -0.22434E+00
   0.14857E+03   0.29965E+02   0.26735E+02   0.46195E+00  -0.20948E+00
   0.14892E+03   0.29966E+02   0.26763E+02   0.45572E+00  -0.19964E+00
   0.14927E+03   0.29965E+02   0.26855E+02   0.44767E+00  -0.17865E+00
   0.14962E+03   0.29964E+02   0.26744E+02   0.44256E+00  -0.16223E+00
   0.14997E+03   0.29961E+02   0.26711E+02   0.43145E+00  -0.15130E+00
   0.15032E+03   0.29958E+02   0.26784E+02   0.41627E+00  -0.13087E+00
   0.15067E+03   0.29953E+02   0.26682E+02   0.39788E+00  -0.12324E+00
   0.15102E+03   0.29945E+02   0.26663E+02   0.38729E+00  -0.11711E+00
   0.15137E+03   0.29940E+02   0.26707E+02   0.38624E+00  -0.10125E+00
   0.15172E+03   0.29935E+02   0.26724E+02   0.37237E+00  -0.98688E-01
   0.15207E+03   0.29927E+02   0.26783E+02   0.35545E+00  -0.97670E-01
   0.15242E+03   0.29917E+02   0.26919E+02   0.34985E+00  -0.84018E-01
   0.15277E+03   0.29908E+02   0.27009E+02   0.34687E+00  -0.77032E-01
   0.15312E+03   0.29902E+02   0.26901E+02   0.33781E+00  -0.86289E-01
   0.15347E+03   0.29893E+02   0.26819E+02   0.33007E+00  -0.96075E-01
   0.15382E+03   0.29885E+02   0.26702E+02   0.32461E+00  -0.96680E-01
   0.15417E+03   0.29879E+02   0.26398E+02   0.31585E+00  -0.10353E+00
   0.15452E+03   0.29869E+02   0.26060E+02   0.30938E+00  -0.12160E+00
   0.15487E+03   0.29860E+02   0.25906E+02   0.30591E+00  -0.13282E+00
   0.15522E+03   0.29855E+02   0.25834E+02   0.30758E+00  -0.13436E+00
   0.15557E+03   0.29856E+02   0.25560E+02   0.30963E+00  -0.15120E+00
   0.15592E+03   0.29860E+02   0.25313E+02   0.31192E+00  -0.17438E+00
   0.15627E+03   0.29864E+02   0.25187E+02   0.32024E+00  -0.18029E+00
   0.15662E+03   0.29869E+02   0.25015E+02   0.32566E+00  -0.18974E+00
   0.15697E+03   0.29874E+02   0.24810E+02   0.33021E+00  -0.21057E+00
   0.15732E+03   0.29880E+02   0.24615E+02   0.33908E+00  -0.22744E+00
   0.15767E+03   0.29886E+02   0.24399E+02   0.34666E+00  -0.24080E+00
   0.15802E+03   0.29894E+02   0.24178E+02   0.35684E+00  -0.26093E+00
   0.15837E+03   0.29903E+02   0.24245E+02   0.36897E+00  -0.27337E+00
   0.15872E+03   0.29912E+02   0.24511E+02   0.38157E+00  -0.28014E+00
   0.15907E+03   0.29922E+02   0.24638E+02   0.40040E+00  -0.29153E+00
   0.15942E+03   0.29933E+02   0.24731E+02   0.41752E+00  -0.30007E+00
   0.15977E+03   0.29942E+02   0.24688E+02   0.42603E+00  -0.31142E+00
   0.16012E+03   0.29949E+02   0.24977E+02   0.44019E+00  -0.30905E+00
   0.16047E+03   0.29956E+02   0.25658E+02   0.46054E+00  -0.29161E+00
   0.16082E+03   0.29962E+02   0.26317E+02   0.47105E+00  -0.27775E+00
   0.16117E+03   0.29966E+02   0.26499E+02   0.47497E+00  -0.26967E+00
   0.16152E+03   0.29969E+02   0.26601E+02   0.48034E+00  -0.25968E+00
   0.16187E+03   0.29971E+02   0.27251E+02   0.48464E+00  -0.23000E+00
   0.16222E+03   0.29972E+02   0.27848E+02   0.48340E+00  -0.18851E+00
   0.16257E+03   0.29972E+02   0.27886E+02   0.47611E+00  -0.17033E+00
   0.16292E+03   0.29971E+02   0.27511E+02   0.46431E+00  -0.15857E+00
   0.16327E+03   0.29967E+02   0.27266E+02   0.44590E+00  -0.13792E+00
   0.16362E+03   0.29961E+02   0.27063E+02   0.42812E+00  -0.12465E+00
   0.16397E+03   0.29954E+02   0.27044E+02   0.41588E+00  -0.10891E+00
   0.16432E+03   0.29950E+02   0.27049E+02   0.40340E+00  -0.99647E-01
   0.16467E+03   0.29943E+02   0.26905E+02   0.38082E+00  -0.98511E-01
   0.16502E+03   0.29931E+02   0.26919E+02   0.36032E+00  -0.86866E-01
   0.16537E+03   0.29918E+02   0.26966E+02   0.35655E+00  -0.78438E-01
   0.16572E+03   0.29913E+02   0.26910E+02   0.35903E+00  -0.81026E-01
   0.16607E+03   0.29910E+02   0.26748E+02   0.35172E+00  -0.92092E-01
   0.16642E+03   0.29903E+02   0.26583E+02   0.33683E+00  -0.10320E+00
   0.16677E+03   0.29892E+02   0.26552E+02   0.32480E+00  -0.93301E-01
   0.16712E+03   0.29886E+02   0.26541E+02   0.32003E+00  -0.88635E-01
   0.16747E+03   0.29880E+02   0.26447E+02   0.32023E+00  -0.10343E+00
   0.16782E+03   0.29869E+02   0.26252E+02   0.31796E+00  -0.11577E+00
   0.16817E+03   0.29864E+02   0.26001E+02   0.31225E+00  -0.12693E+00
   0.16852E+03   0.29862E+02   0.25818E+02   0.31180E+00  -0.14113E+00
   0.16887E+03   0.29860E+02   0.25820E+02   0.31782E+00  -0.14605E+00
   0.16922E+03   0.29859E+02   0.25764E+02   0.31666E+00  -0.15275E+00
   0.16957E+03   0.29860E+02   0.25547E+02   0.31569E+00  -0.16791E+00
   0.16992E+03   0.29862E+02   0.25380E+02   0.32008E+00  -0.18189E+00
   0.17027E+03   0.29868E+02   0.25305E+02   0.32728E+00  -0.19145E+00
   0.17062E+03   0.29876E+02   0.25298E+02   0.33653E+00  -0.19328E+00
   0.17097E+03   0.29882E+02   0.25256E+02   0.34234E+00  -0.20434E+00
   0.17132E+03   0.29888E+02   0.24983E+02   0.34566E+00  -0.22328E+00
   0.17167E+03   0.29893E+02   0.24749E+02   0.34756E+00  -0.23369E+00
   0.17202E+03   0.29897E+02   0.24643E+02   0.36014E+00  -0.24800E+00
   0.17237E+03   0.29906E+02   0.24715E+02   0.37902E+00  -0.26093E+00
   0.17272E+03   0.29916E+02   0.25121E+02   0.39101E+00  -0.26057E+00
   0.17307E+03   0.29926E+02   0.25274E+02   0.40114E+00  -0.27074E+00
   0.17342E+03   0.29935E+02   0.25122E+02   0.41120E+00  -0.28055E+00
   0.17377E+03   0.29942E+02   0.25044E+02   0.42187E+00  -0.27672E+00
   0.17412E+03   0.29948E+02   0.24955E+02   0.43340E+00  -0.28090E+00
   0.17447E+03   0.29953E+02   0.25093E+02   0.44494E+00  -0.28061E+00
   0.17482E+03   0.29958E+02   0.25479E+02   0.45197E+00  -0.26990E+00
   0.17517E+03   0.29961E+02   0.25785E+02   0.45264E+00  -0.26098E+00
   0.17552E+03   0.29963E+02   0.26059E+02   0.45610E+00  -0.24726E+00
   0.17587E+03   0.29965E+02   0.26043E+02   0.46313E+00  -0.23711E+00
   0.17622E+03   0.29967E+02   0.26173E+02   0.46523E+00  -0.22506E+00
   0.17657E+03   0.29967E+02   0.26496E+02   0.46307E+00  -0.20805E+00
   0.17692E+03   0.29967E+02   0.26597E+02   0.46004E+00  -0.19536E+00
   0.17727E+03   0.29966E+02   0.26707E+02   0.45088E+00  -0.17557E+00
   0.17762E+03   0.29964E+02   0.27103E+02   0.43811E+00  -0.14841E+00
   0.17797E+03   0.29961E+02   0.27291E+02   0.42611E+00  -0.12584E+00
   0.17832E+03   0.29957E+02   0.26868E+02   0.41639E+00  -0.12223E+00
   0.17867E+03   0.29951E+02   0.26555E+02   0.40338E+00  -0.12164E+00
   0.17902E+03   0.29943E+02   0.26569E+02   0.38968E+00  -0.10863E+00
   0.17937E+03   0.29935E+02   0.26590E+02   0.37831E+00  -0.10180E+00
   0.17972E+03   0.29927E+02   0.26473E+02   0.36245E+00  -0.10299E+00
   0.18007E+03   0.29918E+02   0.26272E+02   0.34870E+00  -0.11158E+00
   0.18042E+03   0.29908E+02   0.26222E+02   0.34333E+00  -0.11134E+00
   0.18077E+03   0.29900E+02   0.26322E+02   0.34315E+00  -0.10296E+00
   0.18112E+03   0.29897E+02   0.26426E+02   0.34374E+00  -0.10655E+00
   0.18147E+03   0.29898E+02   0.26536E+02   0.34281E+00  -0.10909E+00
   0.18182E+03   0.29898E+02   0.26338E+02   0.33589E+00  -0.11681E+00
   0.18217E+03   0.29889E+02   0.26019E+02   0.32596E+00  -0.12737E+00
   0.18252E+03   0.29881E+02   0.25807E+02   0.32136E+00  -0.13205E+00
   0.18287E+03   0.29879E+02   0.25723E+02   0.32331E+00  -0.14080E+00
   0.18322E+03   0.29877E+02   0.25744E+02   0.32383E+00  -0.14537E+00
   0.18357E+03   0.29873E+02   0.25709E+02   0.31749E+00  -0.15193E+00
   0.18392E+03   0.29868E+02   0.25582E+02   0.31567E+00  -0.16374E+00
   0.18427E+03   0.29868E+02   0.25399E+02   0.32738E+00  -0.17292E+00
   0.18462E+03   0.29874E+02   0.25275E+02   0.33645E+00  -0.18633E+00
   0.18497E+03   0.29880E+02   0.25243E+02   0.33986E+00  -0.19764E+00
   0.18532E+03   0.29884E+02   0.25248E+02   0.34294E+00  -0.20568E+00
   0.18567E+03   0.29887E+02   0.25335E+02   0.34776E+00  -0.20668E+00
   0.18602E+03   0.29894E+02   0.25429E+02   0.35693E+00  -0.20491E+00
   0.18637E+03   0.29901E+02   0.25371E+02   0.36358E+00  -0.21514E+00
   0.18672E+03   0.29907E+02   0.25150E+02   0.37200E+00  -0.23278E+00
   0.18707E+03   0.29916E+02   0.25090E+02   0.38210E+00  -0.23940E+00
   0.18742E+03   0.29922E+02   0.25206E+02   0.38494E+00  -0.23918E+00
   0.18777E+03   0.29926E+02   0.25345E+02   0.38943E+00  -0.23968E+00
   0.18812E+03   0.29930E+02   0.25751E+02   0.39775E+00  -0.22897E+00
   0.18847E+03   0.29934E+02   0.25966E+02   0.40489E+00  -0.22352E+00
   0.18882E+03   0.29939E+02   0.26166E+02   0.41539E+00  -0.22439E+00
   0.18917E+03   0.29944E+02   0.26461E+02   0.42324E+00  -0.21719E+00
   0.18952E+03   0.29948E+02   0.26507E+02   0.42616E+00  -0.20839E+00
   0.18987E+03   0.29950E+02   0.26679E+02   0.42472E+00  -0.19305E+00
   0.19022E+03   0.29949E+02   0.26861E+02   0.41653E+00  -0.17643E+00
   0.19057E+03   0.29947E+02   0.26604E+02   0.40840E+00  -0.17197E+00
   0.19092E+03   0.29945E+02   0.26330E+02   0.40495E+00  -0.16833E+00
   0.19127E+03   0.29943E+02   0.26493E+02   0.40253E+00  -0.16013E+00
   0.19162E+03   0.29941E+02   0.26826E+02   0.39831E+00  -0.14481E+00
   0.19197E+03   0.29939E+02   0.26898E+02   0.38920E+00  -0.13392E+00
   0.19232E+03   0.29936E+02   0.26717E+02   0.37914E+00  -0.13528E+00
   0.19267E+03   0.29932E+02   0.26611E+02   0.37106E+00  -0.12881E+00
   0.19302E+03   0.29925E+02   0.26504E+02   0.36343E+00  -0.12040E+00
   0.19337E+03   0.29920E+02   0.26394E+02   0.35865E+00  -0.12068E+00
   0.19372E+03   0.29917E+02   0.26342E+02   0.35255E+00  -0.11966E+00
   0.19407E+03   0.29908E+02   0.26294E+02   0.34548E+00  -0.12082E+00
   0.19442E+03   0.29896E+02   0.26302E+02   0.33758E+00  -0.12145E+00
   0.19477E+03   0.29889E+02   0.26298E+02   0.33636E+00  -0.12256E+00
   0.19512E+03   0.29890E+02   0.26257E+02   0.33986E+00  -0.12963E+00
   0.19547E+03   0.29889E+02   0.26168E+02   0.33915E+00  -0.13718E+00
   0.19582E+03   0.29887E+02   0.26002E+02   0.33593E+00  -0.14323E+00
   0.19617E+03   0.29887E+02   0.25632E+02   0.32943E+00  -0.15118E+00
   0.19652E+03   0.29884E+02   0.25315E+02   0.32708E+00  -0.16493E+00
   0.19687E+03   0.29879E+02   0.25388E+02   0.33116E+00  -0.16727E+00
   0.19722E+03   0.29878E+02   0.25529E+02   0.33617E+00  -0.16528E+00
   0.19757E+03   0.29881E+02   0.25559E+02   0.33733E+00  -0.17775E+00
   0.19792E+03   0.29884E+02   0.25394E+02   0.34169E+00  -0.19176E+00
   0.19827E+03   0.29889E+02   0.25130E+02   0.35064E+00  -0.20130E+00
   0.19862E+03   0.29895E+02   0.25109E+02   0.35650E+00  -0.20684E+00
   0.19897E+03   0.29901E+02   0.25317E+02   0.36133E+00  -0.21268E+00
   0.19932E+03   0.29906E+02   0.25490E+02   0.37023E+00  -0.21988E+00
   0.19967E+03   0.29914E+02   0.25420E+02   0.37733E+00  -0.22305E+00
   0.20002E+03   0.29920E+02   0.25169E+02   0.37512E+00  -0.23342E+00
   0.20037E+03   0.29923E+02   0.25070E+02   0.37993E+00  -0.24032E+00
   0.20072E+03   0.29927E+02   0.25118E+02   0.39321E+00  -0.23484E+00
   0.20107E+03   0.29933E+02   0.25129E+02   0.39990E+00  -0.23809E+00
   0.20142E+03   0.29936E+02   0.25390E+02   0.40247E+00  -0.24228E+00
   0.20177E+03   0.29938E+02   0.25706E+02   0.40764E+00  -0.23442E+00
   0.20212E+03   0.29941E+02   0.25711E+02   0.41552E+00  -0.22821E+00
   0.20247E+03   0.29946E+02   0.25775E+02   0.42411E+00  -0.22734E+00
   0.20282E+03   0.29949E+02   0.25823E+02   0.42907E+00  -0.22895E+00
   0.20317E+03   0.29952E+02   0.25870E+02   0.42766E+00  -0.21926E+00
   0.20352E+03   0.29953E+02   0.26068E+02   0.42470E+00  -0.20143E+00
   0.20387E+03   0.29952E+02   0.26097E+02   0.42311E+00  -0.19639E+00
   0.20422E+03   0.29952E+02   0.26090E+02   0.41958E+00  -0.18804E+00
   0.20457E+03   0.29950E+02   0.26223E+02   0.41663E+00  -0.17646E+00
   0.20492E+03   0.29949E+02   0.26281E+02   0.41499E+00  -0.17354E+00
   0.20527E+03   0.29947E+02   0.26337E+02   0.41227E+00  -0.16581E+00
   0.20562E+03   0.29947E+02   0.26165E+02   0.40576E+00  -0.16349E+00
   0.20597E+03   0.29944E+02   0.26011E+02   0.39359E+00  -0.16366E+00
   0.20632E+03   0.29940E+02   0.26338E+02   0.38674E+00  -0.14353E+00
   0.20667E+03   0.29935E+02   0.26503E+02   0.38152E+00  -0.12840E+00
   0.20702E+03   0.29931E+02   0.26223E+02   0.37733E+00  -0.13838E+00
   0.20737E+03   0.29928E+02   0.25970E+02   0.37500E+00  -0.14945E+00
   0.20772E+03   0.29923E+02   0.25878E+02   0.36610E+00  -0.14787E+00
   0.20807E+03   0.29916E+02   0.25911E+02   0.35891E+00  -0.13983E+00
   0.20842E+03   0.29911E+02   0.25946E+02   0.35740E+00  -0.14027E+00
   0.20877E+03   0.29909E+02   0.25818E+02   0.35669E+00  -0.15039E+00
   0.20912E+03   0.29908E+02   0.25733E+02   0.35113E+00  -0.15554E+00
   0.20947E+03   0.29906E+02   0.25946E+02   0.34813E+00  -0.15044E+00
   0.20982E+03   0.29904E+02   0.26350E+02   0.35479E+00  -0.13856E+00
   0.21017E+03   0.29907E+02   0.26497E+02   0.36063E+00  -0.13247E+00
   0.21052E+03   0.29907E+02   0.26266E+02   0.35402E+00  -0.14627E+00
   0.21087E+03   0.29904E+02   0.25972E+02   0.34294E+00  -0.15853E+00
   0.21122E+03   0.29900E+02   0.25926E+02   0.33742E+00  -0.14865E+00
   0.21157E+03   0.29898E+02   0.25979E+02   0.33914E+00  -0.14311E+00
   0.21192E+03   0.29896E+02   0.25825E+02   0.33980E+00  -0.15635E+00
   0.21227E+03   0.29892E+02   0.25570E+02   0.33410E+00  -0.16979E+00
   0.21262E+03   0.29886E+02   0.25377E+02   0.32916E+00  -0.17705E+00
   0.21297E+03   0.29884E+02   0.25312E+02   0.33595E+00  -0.18164E+00
   0.21332E+03   0.29890E+02   0.25559E+02   0.34953E+00  -0.17941E+00
   0.21367E+03   0.29898E+02   0.25768E+02   0.35564E+00  -0.18179E+00
   0.21402E+03   0.29902E+02   0.25766E+02   0.35490E+00  -0.18824E+00
   0.21437E+03   0.29904E+02   0.25517E+02   0.35738E+00  -0.19801E+00
   0.21472E+03   0.29907E+02   0.25215E+02   0.36546E+00  -0.20836E+00
   0.21507E+03   0.29911E+02   0.25241E+02   0.37480E+00  -0.21082E+00
   0.21542E+03   0.29917E+02   0.25346E+02   0.37867E+00  -0.21608E+00
   0.21577E+03   0.29922E+02   0.25141E+02   0.37434E+00  -0.22640E+00
   0.21612E+03   0.29924E+02   0.25153E+02   0.37131E+00  -0.22744E+00
   0.21647E+03   0.29926E+02   0.25239E+02   0.38064E+00  -0.22456E+00
   0.21682E+03   0.29931E+02   0.25250E+02   0.39622E+00  -0.22799E+00
   0.21717E+03   0.29936E+02   0.25647E+02   0.40272E+00  -0.22747E+00
   0.21752E+03   0.29938E+02   0.26190E+02   0.40794E+00  -0.21939E+00
   0.21787E+03   0.29941E+02   0.26597E+02   0.41508E+00  -0.20562E+00
   0.21822E+03   0.29944E+02   0.26823E+02   0.41590E+00  -0.19116E+00
   0.21857E+03   0.29945E+02   0.26837E+02   0.41454E+00  -0.18559E+00
   0.21892E+03   0.29947E+02   0.26499E+02   0.41274E+00  -0.18214E+00
   0.21927E+03   0.29945E+02   0.26293E+02   0.40570E+00  -0.17553E+00
   0.21962E+03   0.29943E+02   0.26480E+02   0.39855E+00  -0.16468E+00
   0.21997E+03   0.29941E+02   0.26891E+02   0.39004E+00  -0.14479E+00
   0.22032E+03   0.29937E+02   0.27131E+02   0.38438E+00  -0.13197E+00
   0.22067E+03   0.29932E+02   0.26969E+02   0.37962E+00  -0.13315E+00
   0.22102E+03   0.29928E+02   0.26720E+02   0.37221E+00  -0.13635E+00
   0.22137E+03   0.29927E+02   0.26567E+02   0.36891E+00  -0.13341E+00
   0.22172E+03   0.29925E+02   0.26411E+02   0.36435E+00  -0.12969E+00
   0.22207E+03   0.29916E+02   0.26425E+02   0.35330E+00  -0.12283E+00
   0.22242E+03   0.29906E+02   0.26422E+02   0.34290E+00  -0.11764E+00
   0.22277E+03   0.29898E+02   0.26404E+02   0.33906E+00  -0.12042E+00
   0.22312E+03   0.29894E+02   0.26362E+02   0.34112E+00  -0.12712E+00
   0.22347E+03   0.29895E+02   0.26382E+02   0.34372E+00  -0.13126E+00
   0.22382E+03   0.29893E+02   0.26338E+02   0.34280E+00  -0.13406E+00
   0.22417E+03   0.29894E+02   0.26112E+02   0.33931E+00  -0.13922E+00
   0.22452E+03   0.29890E+02   0.26135E+02   0.32960E+00  -0.13958E+00
   0.22487E+03   0.29881E+02   0.26274E+02   0.32940E+00  -0.13679E+00
   0.22522E+03   0.29880E+02   0.26221E+02   0.33517E+00  -0.14182E+00
   0.22557E+03   0.29881E+02   0.26030E+02   0.33890E+00  -0.15424E+00
   0.22592E+03   0.29883E+02   0.26017E+02   0.33698E+00  -0.16216E+00
   0.22627E+03   0.29883E+02   0.25980E+02   0.33395E+00  -0.16435E+00
   0.22662E+03   0.29882E+02   0.25714E+02   0.33605E+00  -0.16848E+00
   0.22697E+03   0.29882E+02   0.25454E+02   0.33629E+00  -0.18102E+00
   0.22732E+03   0.29883E+02   0.25258E+02   0.34067E+00  -0.19890E+00
   0.22767E+03   0.29888E+02   0.25118E+02   0.34732E+00  -0.20928E+00
   0.22802E+03   0.29894E+02   0.25009E+02   0.35332E+00  -0.22031E+00
   0.22837E+03   0.29901E+02   0.24982E+02   0.36147E+00  -0.23456E+00
   0.22872E+03   0.29908E+02   0.25387E+02   0.37204E+00  -0.22821E+00
   0.22907E+03   0.29914E+02   0.25871E+02   0.38143E+00  -0.22010E+00
   0.22942E+03   0.29921E+02   0.25873E+02   0.39143E+00  -0.22530E+00
   0.22977E+03   0.29929E+02   0.25595E+02   0.39997E+00  -0.23286E+00
   0.23012E+03   0.29935E+02   0.25721E+02   0.40550E+00  -0.23213E+00
   0.23047E+03   0.29939E+02   0.26062E+02   0.40782E+00  -0.21480E+00
   0.23082E+03   0.29941E+02   0.26163E+02   0.40748E+00  -0.20464E+00
   0.23117E+03   0.29942E+02   0.26216E+02   0.40690E+00  -0.20638E+00
   0.23152E+03   0.29943E+02   0.26305E+02   0.40840E+00  -0.20103E+00
   0.23187E+03   0.29944E+02   0.26260E+02   0.40744E+00  -0.19671E+00
   0.23222E+03   0.29944E+02   0.26074E+02   0.40525E+00  -0.19376E+00
   0.23257E+03   0.29942E+02   0.26134E+02   0.40787E+00  -0.18666E+00
   0.23292E+03   0.29942E+02   0.26322E+02   0.40745E+00  -0.17767E+00
   0.23327E+03   0.29943E+02   0.26385E+02   0.39731E+00  -0.16850E+00
   0.23362E+03   0.29939E+02   0.26370E+02   0.39003E+00  -0.16645E+00
   0.23397E+03   0.29936E+02   0.26281E+02   0.39368E+00  -0.16247E+00
   0.23432E+03   0.29937E+02   0.26217E+02   0.39402E+00  -0.15364E+00
   0.23467E+03   0.29935E+02   0.26220E+02   0.38613E+00  -0.15274E+00
   0.23502E+03   0.29932E+02   0.26413E+02   0.37611E+00  -0.14653E+00
   0.23537E+03   0.29928E+02   0.26786E+02   0.37096E+00  -0.12390E+00
   0.23572E+03   0.29926E+02   0.26876E+02   0.36977E+00  -0.11569E+00
   0.23607E+03   0.29922E+02   0.26735E+02   0.36261E+00  -0.12575E+00
   0.23642E+03   0.29916E+02   0.26516E+02   0.35614E+00  -0.12822E+00
   0.23677E+03   0.29910E+02   0.26295E+02   0.35143E+00  -0.12674E+00
   0.23712E+03   0.29905E+02   0.25987E+02   0.34587E+00  -0.13929E+00
   0.23747E+03   0.29898E+02   0.25867E+02   0.33655E+00  -0.14582E+00
   0.23782E+03   0.29886E+02   0.26036E+02   0.33181E+00  -0.14007E+00
   0.23817E+03   0.29883E+02   0.26054E+02   0.33692E+00  -0.14549E+00
   0.23852E+03   0.29887E+02   0.25732E+02   0.33932E+00  -0.16097E+00
   0.23887E+03   0.29890E+02   0.25261E+02   0.34084E+00  -0.18214E+00
   0.23922E+03   0.29891E+02   0.25235E+02   0.34552E+00  -0.18567E+00
   0.23957E+03   0.29895E+02   0.25261E+02   0.34945E+00  -0.18047E+00
   0.23992E+03   0.29898E+02   0.25175E+02   0.34689E+00  -0.19353E+00
   0.24027E+03   0.29898E+02   0.25302E+02   0.34904E+00  -0.20163E+00
   0.24062E+03   0.29902E+02   0.25244E+02   0.35779E+00  -0.20355E+00
   0.24097E+03   0.29907E+02   0.25259E+02   0.36516E+00  -0.20745E+00
   0.24132E+03   0.29913E+02   0.25214E+02   0.37070E+00  -0.21806E+00
   0.24167E+03   0.29917E+02   0.25089E+02   0.37674E+00  -0.22658E+00
   0.24202E+03   0.29920E+02   0.25416E+02   0.38293E+00  -0.21603E+00
   0.24237E+03   0.29924E+02   0.25534E+02   0.38422E+00  -0.21707E+00
   0.24272E+03   0.29928E+02   0.25301E+02   0.38439E+00  -0.22966E+00
   0.24307E+03   0.29932E+02   0.25335E+02   0.39253E+00  -0.22859E+00
   0.24342E+03   0.29935E+02   0.25781E+02   0.40315E+00  -0.21774E+00
   0.24377E+03   0.29938E+02   0.25824E+02   0.40619E+00  -0.21315E+00
   0.24412E+03   0.29941E+02   0.25616E+02   0.40322E+00  -0.21996E+00
   0.24447E+03   0.29942E+02   0.25827E+02   0.40602E+00  -0.21622E+00
   0.24482E+03   0.29943E+02   0.26170E+02   0.41021E+00  -0.19461E+00
   0.24517E+03   0.29943E+02   0.26642E+02   0.40945E+00  -0.17683E+00
   0.24552E+03   0.29944E+02   0.26766E+02   0.40880E+00  -0.17567E+00
   0.24587E+03   0.29945E+02   0.26528E+02   0.41018E+00  -0.17491E+00
   0.24622E+03   0.29944E+02   0.26462E+02   0.40351E+00  -0.16274E+00
   0.24657E+03   0.29939E+02   0.26455E+02   0.39112E+00  -0.15409E+00
   0.24692E+03   0.29935E+02   0.26329E+02   0.38827E+00  -0.15207E+00
   0.24727E+03   0.29935E+02   0.26002E+02   0.38306E+00  -0.15539E+00
   0.24762E+03   0.29932E+02   0.25860E+02   0.37127E+00  -0.15886E+00
   0.24797E+03   0.29924E+02   0.25861E+02   0.36203E+00  -0.15661E+00
   0.24832E+03   0.29917E+02   0.25796E+02   0.36324E+00  -0.15524E+00
   0.24867E+03   0.29916E+02   0.25811E+02   0.37238E+00  -0.15584E+00
   0.24902E+03   0.29918E+02   0.25869E+02   0.37332E+00  -0.16175E+00
   0.24937E+03   0.29917E+02   0.25802E+02   0.36139E+00  -0.16673E+00
   0.24972E+03   0.29913E+02   0.25649E+02   0.36006E+00  -0.16370E+00
   0.25007E+03   0.29913E+02   0.25600E+02   0.36822E+00  -0.16366E+00
   0.25042E+03   0.29914E+02   0.25572E+02   0.36776E+00  -0.16822E+00
   0.25077E+03   0.29913E+02   0.25477E+02   0.35884E+00  -0.17200E+00
   0.25112E+03   0.29909E+02   0.25352E+02   0.35342E+00  -0.17748E+00
   0.25147E+03   0.29908E+02   0.25356E+02   0.35870E+00  -0.17594E+00
   0.25182E+03   0.29911E+02   0.25293E+02   0.36267E+00  -0.17993E+00
   0.25217E+03   0.29913E+02   0.25331E+02   0.36153E+00  -0.19426E+00
   0.25252E+03   0.29913E+02   0.25440E+02   0.36413E+00  -0.19524E+00
   0.25287E+03   0.29913E+02   0.25212E+02   0.37002E+00  -0.20006E+00
   0.25322E+03   0.29917E+02   0.24884E+02   0.37346E+00  -0.21790E+00
   0.25357E+03   0.29920E+02   0.24559E+02   0.37518E+00  -0.23395E+00
   0.25392E+03   0.29923E+02   0.24579E+02   0.37794E+00  -0.23733E+00
   0.25427E+03   0.29925E+02   0.25062E+02   0.38425E+00  -0.22588E+00
   0.25462E+03   0.29928E+02   0.25066E+02   0.39332E+00  -0.22968E+00
   0.25497E+03   0.29932E+02   0.24937E+02   0.40039E+00  -0.24409E+00
   0.25532E+03   0.29936E+02   0.25327E+02   0.40841E+00  -0.24031E+00
   0.25567E+03   0.29941E+02   0.25649E+02   0.41885E+00  -0.22805E+00
   0.25602E+03   0.29946E+02   0.25855E+02   0.42007E+00  -0.22027E+00
   0.25637E+03   0.29948E+02   0.26267E+02   0.42316E+00  -0.20951E+00
   0.25672E+03   0.29950E+02   0.26599E+02   0.42416E+00  -0.19272E+00
   0.25707E+03   0.29951E+02   0.26854E+02   0.41757E+00  -0.17380E+00
   0.25742E+03   0.29949E+02   0.27080E+02   0.41284E+00  -0.16092E+00
   0.25777E+03   0.29947E+02   0.27053E+02   0.41225E+00  -0.15134E+00
   0.25812E+03   0.29947E+02   0.26926E+02   0.40513E+00  -0.14052E+00
   0.25847E+03   0.29944E+02   0.26720E+02   0.38656E+00  -0.13849E+00
   0.25882E+03   0.29936E+02   0.26546E+02   0.36936E+00  -0.13407E+00
   0.25917E+03   0.29929E+02   0.26574E+02   0.36210E+00  -0.11769E+00
   0.25952E+03   0.29921E+02   0.26694E+02   0.36233E+00  -0.11015E+00
   0.25987E+03   0.29916E+02   0.26655E+02   0.35775E+00  -0.11937E+00
   0.26022E+03   0.29910E+02   0.26535E+02   0.34795E+00  -0.12552E+00
   0.26057E+03   0.29905E+02   0.26381E+02   0.34748E+00  -0.12436E+00
   0.26092E+03   0.29903E+02   0.26202E+02   0.34830E+00  -0.12772E+00
   0.26127E+03   0.29901E+02   0.25997E+02   0.34054E+00  -0.13565E+00
   0.26162E+03   0.29895E+02   0.25955E+02   0.33343E+00  -0.13878E+00
   0.26197E+03   0.29890E+02   0.25957E+02   0.33290E+00  -0.13966E+00
   0.26232E+03   0.29888E+02   0.25843E+02   0.33602E+00  -0.14240E+00
   0.26267E+03   0.29889E+02   0.25716E+02   0.33611E+00  -0.15539E+00
   0.26302E+03   0.29889E+02   0.25611E+02   0.33853E+00  -0.17010E+00
   0.26337E+03   0.29889E+02   0.25806E+02   0.34249E+00  -0.16534E+00
   0.26372E+03   0.29891E+02   0.25883E+02   0.34231E+00  -0.16410E+00
   0.26407E+03   0.29890E+02   0.25650E+02   0.34066E+00  -0.18000E+00
   0.26442E+03   0.29891E+02   0.25568E+02   0.34802E+00  -0.18553E+00
   0.26477E+03   0.29897E+02   0.25640E+02   0.35190E+00  -0.18500E+00
   0.26512E+03   0.29900E+02   0.25553E+02   0.35192E+00  -0.19504E+00
   0.26547E+03   0.29901E+02   0.25396E+02   0.35536E+00  -0.20385E+00
   0.26582E+03   0.29906E+02   0.25318E+02   0.36028E+00  -0.20714E+00
   0.26617E+03   0.29908E+02   0.25404E+02   0.36307E+00  -0.20614E+00
   0.26652E+03   0.29910E+02   0.25568E+02   0.36642E+00  -0.21017E+00
   0.26687E+03   0.29914E+02   0.25710E+02   0.37647E+00  -0.21411E+00
   0.26722E+03   0.29920E+02   0.25726E+02   0.38728E+00  -0.21397E+00
   0.26757E+03   0.29926E+02   0.25711E+02   0.39348E+00  -0.22011E+00
   0.26792E+03   0.29930E+02   0.25980E+02   0.39460E+00  -0.21578E+00
   0.26827E+03   0.29933E+02   0.26188E+02   0.39691E+00  -0.20258E+00
   0.26862E+03   0.29936E+02   0.26238E+02   0.40417E+00  -0.20253E+00
   0.26897E+03   0.29938E+02   0.26516E+02   0.40736E+00  -0.19443E+00
   0.26932E+03   0.29940E+02   0.26716E+02   0.40237E+00  -0.17920E+00
   0.26967E+03   0.29942E+02   0.26370E+02   0.39987E+00  -0.18399E+00
   0.27002E+03   0.29941E+02   0.26294E+02   0.39799E+00  -0.17778E+00
   0.27037E+03   0.29939E+02   0.26309E+02   0.39557E+00  -0.16777E+00
   0.27072E+03   0.29935E+02   0.25994E+02   0.38877E+00  -0.17412E+00
   0.27107E+03   0.29932E+02   0.25697E+02   0.38316E+00  -0.18290E+00
   0.27142E+03   0.29930E+02   0.25489E+02   0.38230E+00  -0.18877E+00
   0.27177E+03   0.29928E+02   0.25711E+02   0.38048E+00  -0.17886E+00
   0.27212E+03   0.29928E+02   0.25838E+02   0.38078E+00  -0.17281E+00
   0.27247E+03   0.29928E+02   0.25727E+02   0.38186E+00  -0.17981E+00
   0.27282E+03   0.29928E+02   0.25510E+02   0.38627E+00  -0.18607E+00
   0.27317E+03   0.29928E+02   0.25154E+02   0.38507E+00  -0.19685E+00
   0.27352E+03   0.29927E+02   0.25150E+02   0.38396E+00  -0.19826E+00
   0.27387E+03   0.29928E+02   0.25352E+02   0.38757E+00  -0.19107E+00
   0.27422E+03   0.29930E+02   0.25473E+02   0.38417E+00  -0.19000E+00
   0.27457E+03   0.29929E+02   0.25835E+02   0.38191E+00  -0.18065E+00
   0.27492E+03   0.29929E+02   0.26009E+02   0.38258E+00  -0.17594E+00
   0.27527E+03   0.29930E+02   0.26162E+02   0.38635E+00  -0.17023E+00
   0.27562E+03   0.29932E+02   0.26377E+02   0.39288E+00  -0.16156E+00
   0.27597E+03   0.29934E+02   0.26243E+02   0.39017E+00  -0.16823E+00
   0.27632E+03   0.29930E+02   0.26144E+02   0.37627E+00  -0.16559E+00
   0.27667E+03   0.29923E+02   0.26089E+02   0.36690E+00  -0.15671E+00
   0.27702E+03   0.29921E+02   0.26093E+02   0.36632E+00  -0.15557E+00
   0.27737E+03   0.29919E+02   0.26368E+02   0.36455E+00  -0.14636E+00
   0.27772E+03   0.29914E+02   0.26476E+02   0.36081E+00  -0.14477E+00
   0.27807E+03   0.29913E+02   0.26296E+02   0.36059E+00  -0.15056E+00
   0.27842E+03   0.29914E+02   0.26021E+02   0.35832E+00  -0.15247E+00
   0.27877E+03   0.29910E+02   0.25724E+02   0.35209E+00  -0.16059E+00
   0.27912E+03   0.29906E+02   0.25709E+02   0.34956E+00  -0.15980E+00
   0.27947E+03   0.29905E+02   0.25733E+02   0.34861E+00  -0.15281E+00
   0.27982E+03   0.29904E+02   0.25722E+02   0.34620E+00  -0.15931E+00
   0.28017E+03   0.29900E+02   0.25941E+02   0.34640E+00  -0.15970E+00
   0.28052E+03   0.29899E+02   0.26078E+02   0.35542E+00  -0.15202E+00
   0.28087E+03   0.29904E+02   0.26112E+02   0.36193E+00  -0.15789E+00
   0.28122E+03   0.29908E+02   0.26046E+02   0.36011E+00  -0.16775E+00
   0.28157E+03   0.29908E+02   0.25615E+02   0.35625E+00  -0.17899E+00
   0.28192E+03   0.29906E+02   0.25471E+02   0.35293E+00  -0.17898E+00
   0.28227E+03   0.29905E+02   0.25547E+02   0.35107E+00  -0.17433E+00
   0.28262E+03   0.29902E+02   0.25509E+02   0.35352E+00  -0.18491E+00
   0.28297E+03   0.29901E+02   0.25573E+02   0.35920E+00  -0.19082E+00
   0.28332E+03   0.29904E+02   0.25603E+02   0.36400E+00  -0.19193E+00
   0.28367E+03   0.29909E+02   0.25437E+02   0.36721E+00  -0.20269E+00
   0.28402E+03   0.29914E+02   0.25209E+02   0.37080E+00  -0.21413E+00
   0.28437E+03   0.29918E+02   0.25028E+02   0.37501E+00  -0.22129E+00
   0.28472E+03   0.29920E+02   0.25096E+02   0.37797E+00  -0.21822E+00
   0.28507E+03   0.29923E+02   0.25342E+02   0.38122E+00  -0.21748E+00
   0.28542E+03   0.29927E+02   0.25402E+02   0.38627E+00  -0.22237E+00
   0.28577E+03   0.29930E+02   0.25704E+02   0.39211E+00  -0.21337E+00
   0.28612E+03   0.29933E+02   0.26263E+02   0.40004E+00  -0.19774E+00
   0.28647E+03   0.29937E+02   0.26334E+02   0.40362E+00  -0.18766E+00
   0.28682E+03   0.29938E+02   0.26142E+02   0.40296E+00  -0.19017E+00
   0.28717E+03   0.29938E+02   0.25837E+02   0.40396E+00  -0.20011E+00
   0.28752E+03   0.29938E+02   0.25561E+02   0.40092E+00  -0.19846E+00
   0.28787E+03   0.29938E+02   0.25327E+02   0.39313E+00  -0.19989E+00
   0.28822E+03   0.29936E+02   0.25127E+02   0.38669E+00  -0.20872E+00
   0.28857E+03   0.29934E+02   0.25314E+02   0.38853E+00  -0.19931E+00
   0.28892E+03   0.29933E+02   0.25617E+02   0.39171E+00  -0.18786E+00
   0.28927E+03   0.29934E+02   0.25850E+02   0.39411E+00  -0.18863E+00
   0.28962E+03   0.29936E+02   0.25836E+02   0.40046E+00  -0.18993E+00
   0.28997E+03   0.29939E+02   0.25866E+02   0.40429E+00  -0.18457E+00
   0.29032E+03   0.29938E+02   0.26101E+02   0.40165E+00  -0.17046E+00
   0.29067E+03   0.29937E+02   0.26160E+02   0.39537E+00  -0.16145E+00
   0.29102E+03   0.29935E+02   0.26354E+02   0.38880E+00  -0.15496E+00
   0.29137E+03   0.29932E+02   0.26645E+02   0.38616E+00  -0.14124E+00
   0.29172E+03   0.29930E+02   0.26663E+02   0.38006E+00  -0.13429E+00
   0.29207E+03   0.29929E+02   0.26519E+02   0.36987E+00  -0.13392E+00
   0.29242E+03   0.29924E+02   0.26476E+02   0.36150E+00  -0.13141E+00
   0.29277E+03   0.29917E+02   0.26596E+02   0.36006E+00  -0.12505E+00
   0.29312E+03   0.29910E+02   0.26586E+02   0.35255E+00  -0.12053E+00
   0.29347E+03   0.29902E+02   0.26507E+02   0.34258E+00  -0.12714E+00
   0.29382E+03   0.29895E+02   0.26329E+02   0.34135E+00  -0.13462E+00
   0.29417E+03   0.29894E+02   0.26094E+02   0.34008E+00  -0.13497E+00
   0.29452E+03   0.29893E+02   0.25998E+02   0.33598E+00  -0.13761E+00
   0.29487E+03   0.29888E+02   0.26052E+02   0.33368E+00  -0.14268E+00
   0.29522E+03   0.29887E+02   0.26009E+02   0.33713E+00  -0.14564E+00
   0.29557E+03   0.29886E+02   0.25808E+02   0.33938E+00  -0.15641E+00
   0.29592E+03   0.29886E+02   0.25534E+02   0.33899E+00  -0.17561E+00
   0.29627E+03   0.29886E+02   0.25284E+02   0.33824E+00  -0.18625E+00
   0.29662E+03   0.29890E+02   0.25223E+02   0.34800E+00  -0.19042E+00
   0.29697E+03   0.29897E+02   0.25069E+02   0.35173E+00  -0.20208E+00
   0.29732E+03   0.29902E+02   0.24821E+02   0.34868E+00  -0.21914E+00
   0.29767E+03   0.29902E+02   0.24884E+02   0.35391E+00  -0.22163E+00
   0.29802E+03   0.29905E+02   0.25162E+02   0.36765E+00  -0.21752E+00
   0.29837E+03   0.29913E+02   0.25596E+02   0.38202E+00  -0.21798E+00
   0.29872E+03   0.29922E+02   0.25587E+02   0.38813E+00  -0.22901E+00
   0.29907E+03   0.29928E+02   0.25038E+02   0.39147E+00  -0.25181E+00
   0.29942E+03   0.29931E+02   0.25122E+02   0.39666E+00  -0.24869E+00
   0.29977E+03   0.29934E+02   0.25663E+02   0.40406E+00  -0.22875E+00
   0.30012E+03   0.29938E+02   0.25799E+02   0.41073E+00  -0.23156E+00
   0.30047E+03   0.29942E+02   0.25783E+02   0.41525E+00  -0.23579E+00
   0.30082E+03   0.29944E+02   0.25632E+02   0.41708E+00  -0.23700E+00
   0.30118E+03   0.29946E+02   0.25541E+02   0.41993E+00  -0.23743E+00
   0.30153E+03   0.29949E+02   0.25984E+02   0.42406E+00  -0.21940E+00
   0.30188E+03   0.29951E+02   0.26111E+02   0.43005E+00  -0.21263E+00
   0.30223E+03   0.29953E+02   0.26031E+02   0.42810E+00  -0.20754E+00
   0.30258E+03   0.29952E+02   0.26130E+02   0.41713E+00  -0.19354E+00
   0.30293E+03   0.29951E+02   0.25887E+02   0.41349E+00  -0.19388E+00
   0.30328E+03   0.29951E+02   0.25688E+02   0.41881E+00  -0.18754E+00
   0.30363E+03   0.29952E+02   0.25957E+02   0.41896E+00  -0.17259E+00
   0.30398E+03   0.29951E+02   0.26124E+02   0.40736E+00  -0.16535E+00
   0.30433E+03   0.29946E+02   0.26109E+02   0.39281E+00  -0.15640E+00
   0.30468E+03   0.29940E+02   0.26238E+02   0.39142E+00  -0.14636E+00
   0.30503E+03   0.29938E+02   0.26163E+02   0.39560E+00  -0.14491E+00
   0.30538E+03   0.29938E+02   0.25920E+02   0.38926E+00  -0.15362E+00
   0.30573E+03   0.29936E+02   0.25819E+02   0.37753E+00  -0.15790E+00
   0.30608E+03   0.29930E+02   0.25660E+02   0.36635E+00  -0.15032E+00
   0.30643E+03   0.29922E+02   0.25514E+02   0.36192E+00  -0.14671E+00
   0.30678E+03   0.29916E+02   0.25343E+02   0.35988E+00  -0.15942E+00
   0.30713E+03   0.29911E+02   0.25345E+02   0.35686E+00  -0.16772E+00
   0.30748E+03   0.29910E+02   0.25304E+02   0.36115E+00  -0.17181E+00
   0.30783E+03   0.29911E+02   0.25004E+02   0.36454E+00  -0.18638E+00
   0.30818E+03   0.29912E+02   0.25219E+02   0.36440E+00  -0.18381E+00
   0.30853E+03   0.29916E+02   0.25558E+02   0.36363E+00  -0.17337E+00
   0.30888E+03   0.29916E+02   0.25601E+02   0.36409E+00  -0.17434E+00
   0.30923E+03   0.29916E+02   0.25765E+02   0.36786E+00  -0.17207E+00
   0.30958E+03   0.29917E+02   0.25802E+02   0.37010E+00  -0.17353E+00
   0.30993E+03   0.29918E+02   0.25604E+02   0.37417E+00  -0.18404E+00
   0.31028E+03   0.29918E+02   0.25478E+02   0.37238E+00  -0.19105E+00
   0.31063E+03   0.29917E+02   0.25627E+02   0.36707E+00  -0.18882E+00
   0.31098E+03   0.29915E+02   0.25640E+02   0.36496E+00  -0.18708E+00
   0.31133E+03   0.29914E+02   0.25297E+02   0.36633E+00  -0.20132E+00
   0.31168E+03   0.29915E+02   0.25345E+02   0.37249E+00  -0.20888E+00
   0.31203E+03   0.29918E+02   0.25528E+02   0.37870E+00  -0.20358E+00
   0.31238E+03   0.29922E+02   0.25513E+02   0.38382E+00  -0.20852E+00
   0.31273E+03   0.29927E+02   0.25277E+02   0.38774E+00  -0.21766E+00
   0.31308E+03   0.29929E+02   0.25097E+02   0.38793E+00  -0.22128E+00
   0.31343E+03   0.29930E+02   0.25007E+02   0.38557E+00  -0.22134E+00
   0.31378E+03   0.29931E+02   0.25039E+02   0.39128E+00  -0.22020E+00
   0.31413E+03   0.29934E+02   0.25205E+02   0.40158E+00  -0.22041E+00
   0.31448E+03   0.29938E+02   0.25136E+02   0.40337E+00  -0.22654E+00
   0.31483E+03   0.29941E+02   0.25097E+02   0.40577E+00  -0.23135E+00
   0.31518E+03   0.29943E+02   0.25002E+02   0.40917E+00  -0.23407E+00
   0.31553E+03   0.29945E+02   0.25240E+02   0.41025E+00  -0.22649E+00
   0.31588E+03   0.29946E+02   0.25584E+02   0.41967E+00  -0.21581E+00
   0.31623E+03   0.29949E+02   0.25595E+02   0.42571E+00  -0.22207E+00
   0.31658E+03   0.29951E+02   0.25561E+02   0.41896E+00  -0.22032E+00
   0.31693E+03   0.29950E+02   0.25790E+02   0.41712E+00  -0.20511E+00
   0.31728E+03   0.29950E+02   0.26099E+02   0.42344E+00  -0.18956E+00
   0.31763E+03   0.29951E+02   0.25976E+02   0.42122E+00  -0.18150E+00
   0.31798E+03   0.29949E+02   0.25852E+02   0.41210E+00  -0.18462E+00
   0.31833E+03   0.29947E+02   0.25994E+02   0.40470E+00  -0.17627E+00
   0.31868E+03   0.29944E+02   0.26342E+02   0.40332E+00  -0.15310E+00
   0.31903E+03   0.29942E+02   0.26332E+02   0.40030E+00  -0.14860E+00
   0.31938E+03   0.29938E+02   0.26178E+02   0.39277E+00  -0.15885E+00
   0.31973E+03   0.29936E+02   0.25966E+02   0.38823E+00  -0.15773E+00
   0.32008E+03   0.29933E+02   0.25507E+02   0.37596E+00  -0.15964E+00
   0.32043E+03   0.29929E+02   0.25324E+02   0.36689E+00  -0.16743E+00
   0.32078E+03   0.29926E+02   0.25358E+02   0.36909E+00  -0.16137E+00
   0.32113E+03   0.29925E+02   0.25165E+02   0.36595E+00  -0.16546E+00
   0.32148E+03   0.29920E+02   0.24966E+02   0.35751E+00  -0.18097E+00
   0.32183E+03   0.29914E+02   0.25131E+02   0.35979E+00  -0.17857E+00
   0.32218E+03   0.29915E+02   0.25230E+02   0.37264E+00  -0.17661E+00
   0.32253E+03   0.29920E+02   0.25181E+02   0.37917E+00  -0.18704E+00
   0.32288E+03   0.29923E+02   0.25195E+02   0.37697E+00  -0.19472E+00
   0.32323E+03   0.29922E+02   0.25360E+02   0.37176E+00  -0.18895E+00
   0.32358E+03   0.29921E+02   0.25551E+02   0.37488E+00  -0.17567E+00
   0.32393E+03   0.29922E+02   0.25553E+02   0.38051E+00  -0.18076E+00
   0.32428E+03   0.29924E+02   0.25342E+02   0.38037E+00  -0.19648E+00
   0.32463E+03   0.29924E+02   0.25279E+02   0.37555E+00  -0.19700E+00
   0.32498E+03   0.29921E+02   0.25461E+02   0.37346E+00  -0.19192E+00
   0.32533E+03   0.29920E+02   0.25681E+02   0.37810E+00  -0.18561E+00
   0.32568E+03   0.29923E+02   0.25843E+02   0.37830E+00  -0.18160E+00
   0.32603E+03   0.29926E+02   0.25860E+02   0.37613E+00  -0.18635E+00
   0.32638E+03   0.29926E+02   0.25880E+02   0.37616E+00  -0.18415E+00
   0.32673E+03   0.29926E+02   0.25949E+02   0.37733E+00  -0.17256E+00
   0.32708E+03   0.29927E+02   0.25904E+02   0.37954E+00  -0.17302E+00
   0.32743E+03   0.29928E+02   0.25828E+02   0.37999E+00  -0.17603E+00
   0.32778E+03   0.29926E+02   0.25730E+02   0.37115E+00  -0.17225E+00
   0.32813E+03   0.29923E+02   0.25761E+02   0.36226E+00  -0.16831E+00
   0.32848E+03   0.29920E+02   0.25957E+02   0.36674E+00  -0.16244E+00
   0.32883E+03   0.29921E+02   0.26172E+02   0.37669E+00  -0.15870E+00
   0.32918E+03   0.29923E+02   0.26234E+02   0.37600E+00  -0.15977E+00
   0.32953E+03   0.29921E+02   0.26357E+02   0.36780E+00  -0.15698E+00
   0.32988E+03   0.29918E+02   0.26550E+02   0.36816E+00  -0.14598E+00
   0.33023E+03   0.29919E+02   0.26672E+02   0.37225E+00  -0.13498E+00
   0.33058E+03   0.29920E+02   0.26581E+02   0.36516E+00  -0.13939E+00
   0.33093E+03   0.29917E+02   0.26375E+02   0.35585E+00  -0.14659E+00
   0.33128E+03   0.29910E+02   0.26513E+02   0.34886E+00  -0.13084E+00
   0.33163E+03   0.29903E+02   0.26724E+02   0.34393E+00  -0.11351E+00
   0.33198E+03   0.29900E+02   0.26630E+02   0.34371E+00  -0.12251E+00
   0.33233E+03   0.29896E+02   0.26365E+02   0.33887E+00  -0.13754E+00
   0.33268E+03   0.29891E+02   0.26172E+02   0.33180E+00  -0.14136E+00
   0.33303E+03   0.29888E+02   0.26150E+02   0.32850E+00  -0.13692E+00
   0.33338E+03   0.29885E+02   0.26413E+02   0.33099E+00  -0.12935E+00
   0.33373E+03   0.29885E+02   0.26357E+02   0.33314E+00  -0.13586E+00
   0.33408E+03   0.29883E+02   0.26070E+02   0.33040E+00  -0.14797E+00
   0.33443E+03   0.29880E+02   0.25906E+02   0.32949E+00  -0.15825E+00
   0.33478E+03   0.29880E+02   0.25646E+02   0.33321E+00  -0.16755E+00
   0.33513E+03   0.29883E+02   0.25561E+02   0.34001E+00  -0.17208E+00
   0.33548E+03   0.29888E+02   0.25549E+02   0.34377E+00  -0.18226E+00
   0.33583E+03   0.29891E+02   0.25427E+02   0.33966E+00  -0.19261E+00
   0.33618E+03   0.29889E+02   0.25443E+02   0.33818E+00  -0.19250E+00
   0.33653E+03   0.29889E+02   0.25463E+02   0.35044E+00  -0.19612E+00
   0.33688E+03   0.29898E+02   0.25296E+02   0.36919E+00  -0.20751E+00
   0.33723E+03   0.29908E+02   0.25160E+02   0.37304E+00  -0.21999E+00
   0.33758E+03   0.29913E+02   0.25079E+02   0.36820E+00  -0.23371E+00
   0.33793E+03   0.29916E+02   0.24970E+02   0.37420E+00  -0.23658E+00
   0.33828E+03   0.29922E+02   0.24920E+02   0.38372E+00  -0.23666E+00
   0.33863E+03   0.29927E+02   0.24954E+02   0.38940E+00  -0.24842E+00
   0.33898E+03   0.29931E+02   0.25118E+02   0.39837E+00  -0.25328E+00
   0.33933E+03   0.29936E+02   0.25549E+02   0.40913E+00  -0.24479E+00
   0.33968E+03   0.29941E+02   0.25832E+02   0.42012E+00  -0.24140E+00
   0.34003E+03   0.29947E+02   0.25994E+02   0.42742E+00  -0.24009E+00
   0.34038E+03   0.29952E+02   0.26499E+02   0.42990E+00  -0.22364E+00
   0.34073E+03   0.29953E+02   0.26690E+02   0.42983E+00  -0.20433E+00
   0.34108E+03   0.29953E+02   0.26904E+02   0.42882E+00  -0.18603E+00
   0.34143E+03   0.29954E+02   0.26974E+02   0.42844E+00  -0.17425E+00
   0.34178E+03   0.29953E+02   0.26731E+02   0.42339E+00  -0.16903E+00
   0.34213E+03   0.29952E+02   0.26782E+02   0.41365E+00  -0.15517E+00
   0.34248E+03   0.29950E+02   0.26793E+02   0.39751E+00  -0.14080E+00
   0.34283E+03   0.29943E+02   0.26724E+02   0.38775E+00  -0.13021E+00
   0.34318E+03   0.29936E+02   0.26764E+02   0.38355E+00  -0.12205E+00
   0.34353E+03   0.29932E+02   0.26752E+02   0.37613E+00  -0.12105E+00
   0.34388E+03   0.29927E+02   0.26644E+02   0.36706E+00  -0.12209E+00
   0.34423E+03   0.29921E+02   0.26524E+02   0.36006E+00  -0.12372E+00
   0.34458E+03   0.29915E+02   0.26400E+02   0.35686E+00  -0.11815E+00
   0.34493E+03   0.29912E+02   0.26324E+02   0.35014E+00  -0.11566E+00
   0.34528E+03   0.29906E+02   0.26063E+02   0.33804E+00  -0.13200E+00
   0.34563E+03   0.29899E+02   0.25830E+02   0.33307E+00  -0.13752E+00
   0.34598E+03   0.29895E+02   0.25799E+02   0.33608E+00  -0.13387E+00
   0.34633E+03   0.29892E+02   0.25775E+02   0.33718E+00  -0.14435E+00
   0.34668E+03   0.29890E+02   0.25599E+02   0.33689E+00  -0.15974E+00
   0.34703E+03   0.29890E+02   0.25633E+02   0.33447E+00  -0.16160E+00
   0.34738E+03   0.29891E+02   0.25714E+02   0.33683E+00  -0.15967E+00
   0.34773E+03   0.29891E+02   0.25602E+02   0.33997E+00  -0.16548E+00
   0.34808E+03   0.29891E+02   0.25434E+02   0.34322E+00  -0.17706E+00
   0.34843E+03   0.29894E+02   0.25338E+02   0.34623E+00  -0.18686E+00
   0.34878E+03   0.29896E+02   0.25040E+02   0.34750E+00  -0.19796E+00
   0.34913E+03   0.29900E+02   0.24558E+02   0.34448E+00  -0.21943E+00
   0.34948E+03   0.29900E+02   0.24428E+02   0.34717E+00  -0.23155E+00
   0.34983E+03   0.29904E+02   0.24480E+02   0.35906E+00  -0.23457E+00
   0.35018E+03   0.29909E+02   0.24459E+02   0.36567E+00  -0.25057E+00
   0.35053E+03   0.29915E+02   0.24213E+02   0.37593E+00  -0.27002E+00
   0.35088E+03   0.29922E+02   0.24320E+02   0.38970E+00  -0.27753E+00
   0.35123E+03   0.29931E+02   0.24457E+02   0.40610E+00  -0.28115E+00
   0.35158E+03   0.29939E+02   0.24488E+02   0.42127E+00  -0.28797E+00
   0.35193E+03   0.29945E+02   0.24639E+02   0.42861E+00  -0.29625E+00
   0.35228E+03   0.29951E+02   0.24560E+02   0.43955E+00  -0.29990E+00
   0.35263E+03   0.29957E+02   0.24803E+02   0.45268E+00  -0.29373E+00
   0.35298E+03   0.29961E+02   0.25595E+02   0.45881E+00  -0.27830E+00
   0.35333E+03   0.29964E+02   0.26337E+02   0.46538E+00  -0.25593E+00
   0.35368E+03   0.29966E+02   0.26561E+02   0.47816E+00  -0.23804E+00
   0.35403E+03   0.29969E+02   0.26591E+02   0.48045E+00  -0.23372E+00
   0.35438E+03   0.29970E+02   0.26712E+02   0.47164E+00  -0.22191E+00
   0.35473E+03   0.29970E+02   0.26787E+02   0.46731E+00  -0.19995E+00
   0.35508E+03   0.29969E+02   0.26757E+02   0.46094E+00  -0.18030E+00
   0.35543E+03   0.29966E+02   0.26837E+02   0.44824E+00  -0.15950E+00
   0.35578E+03   0.29961E+02   0.27086E+02   0.43006E+00  -0.14146E+00
   0.35613E+03   0.29956E+02   0.27137E+02   0.41912E+00  -0.12758E+00
   0.35648E+03   0.29952E+02   0.27008E+02   0.41558E+00  -0.11554E+00
   0.35683E+03   0.29949E+02   0.26939E+02   0.40511E+00  -0.11183E+00
   0.35718E+03   0.29944E+02   0.27031E+02   0.38872E+00  -0.10185E+00
   0.35753E+03   0.29935E+02   0.27208E+02   0.37356E+00  -0.81363E-01
   0.35788E+03   0.29923E+02   0.27350E+02   0.36199E+00  -0.71576E-01
   0.35823E+03   0.29916E+02   0.27228E+02   0.35354E+00  -0.75694E-01
   0.35858E+03   0.29910E+02   0.26950E+02   0.34402E+00  -0.86031E-01
   0.35893E+03   0.29900E+02   0.26795E+02   0.33252E+00  -0.89909E-01
   0.35928E+03   0.29888E+02   0.26803E+02   0.32484E+00  -0.83179E-01
   0.35963E+03   0.29881E+02   0.26856E+02   0.31947E+00  -0.82862E-01
   0.35998E+03   0.29876E+02   0.26679E+02   0.31201E+00  -0.97604E-01
   0.36033E+03   0.29864E+02   0.26399E+02   0.30433E+00  -0.11154E+00
   0.36068E+03   0.29854E+02   0.26312E+02   0.30516E+00  -0.11222E+00
   0.36103E+03   0.29853E+02   0.26321E+02   0.31088E+00  -0.11589E+00
   0.36138E+03   0.29855E+02   0.26242E+02   0.31445E+00  -0.13017E+00
   0.36173E+03   0.29852E+02   0.26149E+02   0.31203E+00  -0.14045E+00
   0.36208E+03   0.29850E+02   0.26000E+02   0.31018E+00  -0.14591E+00
   0.36243E+03   0.29853E+02   0.25855E+02   0.31022E+00  -0.15324E+00
   0.36278E+03   0.29854E+02   0.25368E+02   0.31494E+00  -0.17825E+00
   0.36313E+03   0.29858E+02   0.25116E+02   0.32370E+00  -0.19501E+00
   0.36348E+03   0.29865E+02   0.25141E+02   0.32671E+00  -0.19887E+00
   0.36383E+03   0.29872E+02   0.24889E+02   0.32653E+00  -0.21713E+00
   0.36418E+03   0.29876E+02   0.24775E+02   0.33482E+00  -0.23245E+00
   0.36453E+03   0.29885E+02   0.24622E+02   0.35226E+00  -0.24446E+00
   0.36488E+03   0.29897E+02   0.24271E+02   0.36574E+00  -0.26739E+00
   0.36523E+03   0.29908E+02   0.24194E+02   0.37732E+00  -0.29068E+00
   0.36558E+03   0.29919E+02   0.24414E+02   0.39154E+00  -0.29999E+00
   0.36593E+03   0.29929E+02   0.24542E+02   0.40945E+00  -0.29992E+00
   0.36628E+03   0.29938E+02   0.24712E+02   0.42563E+00  -0.30642E+00
   0.36663E+03   0.29947E+02   0.24950E+02   0.43778E+00  -0.31407E+00
   0.36698E+03   0.29954E+02   0.25216E+02   0.45366E+00  -0.30990E+00
   0.36733E+03   0.29961E+02   0.25674E+02   0.47189E+00  -0.30021E+00
   0.36768E+03   0.29966E+02   0.25999E+02   0.48314E+00  -0.29012E+00
   0.36803E+03   0.29970E+02   0.26285E+02   0.48668E+00  -0.27424E+00
   0.36838E+03   0.29972E+02   0.26531E+02   0.48626E+00  -0.25580E+00
   0.36873E+03   0.29973E+02   0.26721E+02   0.48657E+00  -0.23715E+00
   0.36908E+03   0.29974E+02   0.27204E+02   0.48625E+00  -0.20810E+00
   0.36943E+03   0.29974E+02   0.27338E+02   0.48081E+00  -0.18985E+00
   0.36978E+03   0.29973E+02   0.27152E+02   0.47186E+00  -0.17897E+00
   0.37013E+03   0.29971E+02   0.27233E+02   0.45734E+00  -0.15224E+00
   0.37048E+03   0.29966E+02   0.27513E+02   0.43964E+00  -0.12314E+00
   0.37083E+03   0.29961E+02   0.27658E+02   0.42845E+00  -0.99190E-01
   0.37118E+03   0.29956E+02   0.27458E+02   0.41649E+00  -0.95411E-01
   0.37153E+03   0.29950E+02   0.27356E+02   0.39728E+00  -0.91378E-01
   0.37188E+03   0.29941E+02   0.27520E+02   0.37876E+00  -0.66038E-01
   0.37223E+03   0.29932E+02   0.27489E+02   0.36382E+00  -0.55612E-01
   0.37258E+03   0.29920E+02   0.27321E+02   0.35137E+00  -0.61676E-01
   0.37293E+03   0.29907E+02   0.27374E+02   0.33910E+00  -0.57091E-01
   0.37328E+03   0.29894E+02   0.27415E+02   0.32545E+00  -0.55451E-01
   0.37363E+03   0.29885E+02   0.27234E+02   0.31805E+00  -0.67117E-01
   0.37398E+03   0.29878E+02   0.26936E+02   0.31390E+00  -0.82406E-01
   0.37433E+03   0.29869E+02   0.26686E+02   0.30833E+00  -0.92995E-01
   0.37468E+03   0.29861E+02   0.26685E+02   0.30251E+00  -0.89189E-01
   0.37503E+03   0.29851E+02   0.26639E+02   0.29576E+00  -0.95686E-01
   0.37538E+03   0.29840E+02   0.26376E+02   0.29771E+00  -0.11509E+00
   0.37573E+03   0.29841E+02   0.26082E+02   0.30686E+00  -0.13056E+00
   0.37608E+03   0.29846E+02   0.25737E+02   0.30800E+00  -0.15255E+00
   0.37643E+03   0.29847E+02   0.25425E+02   0.30139E+00  -0.16980E+00
   0.37678E+03   0.29846E+02   0.25473E+02   0.30568E+00  -0.17211E+00
   0.37713E+03   0.29850E+02   0.25468E+02   0.31710E+00  -0.17715E+00
   0.37748E+03   0.29856E+02   0.25283E+02   0.32254E+00  -0.19415E+00
   0.37783E+03   0.29863E+02   0.25172E+02   0.32621E+00  -0.21643E+00
   0.37818E+03   0.29873E+02   0.24918E+02   0.33906E+00  -0.23238E+00
   0.37853E+03   0.29885E+02   0.24875E+02   0.35621E+00  -0.23868E+00
   0.37888E+03   0.29897E+02   0.24770E+02   0.36297E+00  -0.25212E+00
   0.37923E+03   0.29904E+02   0.24783E+02   0.36437E+00  -0.26554E+00
   0.37958E+03   0.29910E+02   0.25213E+02   0.37758E+00  -0.26097E+00
   0.37993E+03   0.29920E+02   0.25190E+02   0.39821E+00  -0.26514E+00
   0.38028E+03   0.29931E+02   0.24985E+02   0.41129E+00  -0.28379E+00
   0.38063E+03   0.29940E+02   0.25293E+02   0.42573E+00  -0.29017E+00
   0.38098E+03   0.29948E+02   0.25905E+02   0.44046E+00  -0.27820E+00
   0.38133E+03   0.29954E+02   0.26379E+02   0.44563E+00  -0.25977E+00
   0.38168E+03   0.29958E+02   0.26321E+02   0.45040E+00  -0.25935E+00
   0.38203E+03   0.29961E+02   0.26261E+02   0.45764E+00  -0.25670E+00
   0.38238E+03   0.29963E+02   0.26678E+02   0.46539E+00  -0.23352E+00
   0.38273E+03   0.29966E+02   0.26951E+02   0.46614E+00  -0.21960E+00
   0.38308E+03   0.29966E+02   0.27047E+02   0.46178E+00  -0.20936E+00
   0.38343E+03   0.29966E+02   0.27067E+02   0.45638E+00  -0.18740E+00
   0.38378E+03   0.29965E+02   0.27088E+02   0.44335E+00  -0.16656E+00
   0.38413E+03   0.29961E+02   0.27138E+02   0.43255E+00  -0.15093E+00
   0.38448E+03   0.29957E+02   0.27148E+02   0.42653E+00  -0.13642E+00
   0.38483E+03   0.29954E+02   0.27165E+02   0.42114E+00  -0.12468E+00
   0.38518E+03   0.29950E+02   0.27074E+02   0.40863E+00  -0.11673E+00
   0.38553E+03   0.29943E+02   0.26951E+02   0.38749E+00  -0.10934E+00
   0.38588E+03   0.29935E+02   0.26775E+02   0.36970E+00  -0.10230E+00
   0.38623E+03   0.29926E+02   0.26583E+02   0.36368E+00  -0.10161E+00
   0.38658E+03   0.29919E+02   0.26427E+02   0.35846E+00  -0.10666E+00
   0.38693E+03   0.29911E+02   0.26315E+02   0.34573E+00  -0.11240E+00
   0.38728E+03   0.29903E+02   0.26388E+02   0.33753E+00  -0.10786E+00
   0.38763E+03   0.29898E+02   0.26549E+02   0.33781E+00  -0.10125E+00
   0.38798E+03   0.29894E+02   0.26627E+02   0.33618E+00  -0.10059E+00
   0.38833E+03   0.29888E+02   0.26446E+02   0.33193E+00  -0.11161E+00
   0.38868E+03   0.29884E+02   0.26302E+02   0.32876E+00  -0.12539E+00
   0.38903E+03   0.29882E+02   0.26514E+02   0.33037E+00  -0.11625E+00
   0.38938E+03   0.29883E+02   0.26538E+02   0.32825E+00  -0.11500E+00
   0.38973E+03   0.29879E+02   0.26375E+02   0.31719E+00  -0.13026E+00
   0.39008E+03   0.29871E+02   0.26091E+02   0.31517E+00  -0.14005E+00
   0.39043E+03   0.29866E+02   0.25891E+02   0.31382E+00  -0.14616E+00
   0.39078E+03   0.29860E+02   0.26057E+02   0.31427E+00  -0.14652E+00
   0.39113E+03   0.29862E+02   0.25862E+02   0.32218E+00  -0.15841E+00
   0.39148E+03   0.29869E+02   0.25528E+02   0.32435E+00  -0.17936E+00
   0.39183E+03   0.29871E+02   0.25431E+02   0.32278E+00  -0.18766E+00
   0.39218E+03   0.29870E+02   0.25134E+02   0.32512E+00  -0.19950E+00
   0.39253E+03   0.29873E+02   0.24859E+02   0.33643E+00  -0.21489E+00
   0.39288E+03   0.29884E+02   0.24870E+02   0.35298E+00  -0.22755E+00
   0.39323E+03   0.29895E+02   0.25004E+02   0.36048E+00  -0.24021E+00
   0.39358E+03   0.29901E+02   0.25184E+02   0.36603E+00  -0.24622E+00
   0.39393E+03   0.29909E+02   0.25360E+02   0.38032E+00  -0.24512E+00
   0.39428E+03   0.29920E+02   0.25206E+02   0.39553E+00  -0.25289E+00
   0.39463E+03   0.29931E+02   0.25112E+02   0.40686E+00  -0.26962E+00
   0.39498E+03   0.29938E+02   0.25350E+02   0.41210E+00  -0.26797E+00
   0.39533E+03   0.29943E+02   0.25291E+02   0.41615E+00  -0.26386E+00
   0.39568E+03   0.29947E+02   0.25126E+02   0.42789E+00  -0.27095E+00
   0.39603E+03   0.29951E+02   0.25243E+02   0.43798E+00  -0.27287E+00
   0.39638E+03   0.29955E+02   0.25217E+02   0.43900E+00  -0.27429E+00
   0.39673E+03   0.29958E+02   0.25363E+02   0.44299E+00  -0.26823E+00
   0.39708E+03   0.29960E+02   0.25557E+02   0.45503E+00  -0.26066E+00
   0.39743E+03   0.29963E+02   0.25736E+02   0.46371E+00  -0.25376E+00
   0.39778E+03   0.29965E+02   0.26188E+02   0.46391E+00  -0.23614E+00
   0.39813E+03   0.29966E+02   0.26523E+02   0.46320E+00  -0.22200E+00
   0.39848E+03   0.29966E+02   0.26844E+02   0.46504E+00  -0.20032E+00
   0.39883E+03   0.29967E+02   0.27101E+02   0.46401E+00  -0.17673E+00
   0.39918E+03   0.29966E+02   0.27146E+02   0.45536E+00  -0.16685E+00
   0.39953E+03   0.29964E+02   0.27107E+02   0.44244E+00  -0.15121E+00
   0.39988E+03   0.29960E+02   0.27180E+02   0.42763E+00  -0.12870E+00
   0.40023E+03   0.29955E+02   0.27275E+02   0.41265E+00  -0.10865E+00
   0.40058E+03   0.29950E+02   0.27279E+02   0.39863E+00  -0.97748E-01
   0.40093E+03   0.29944E+02   0.27219E+02   0.38127E+00  -0.91619E-01
   0.40128E+03   0.29932E+02   0.27189E+02   0.36618E+00  -0.83176E-01
   0.40163E+03   0.29922E+02   0.27187E+02   0.35831E+00  -0.76660E-01
   0.40198E+03   0.29914E+02   0.27090E+02   0.34866E+00  -0.78213E-01
   0.40233E+03   0.29903E+02   0.26971E+02   0.33806E+00  -0.87274E-01
   0.40268E+03   0.29891E+02   0.26943E+02   0.32899E+00  -0.87023E-01
   0.40303E+03   0.29883E+02   0.26968E+02   0.32447E+00  -0.82819E-01
   0.40338E+03   0.29877E+02   0.26834E+02   0.32052E+00  -0.92060E-01
   0.40373E+03   0.29867E+02   0.26480E+02   0.31729E+00  -0.11076E+00
   0.40408E+03   0.29863E+02   0.26406E+02   0.31800E+00  -0.11505E+00
   0.40443E+03   0.29863E+02   0.26477E+02   0.31535E+00  -0.11241E+00
   0.40478E+03   0.29860E+02   0.26198E+02   0.30954E+00  -0.13007E+00
   0.40513E+03   0.29856E+02   0.26104E+02   0.31075E+00  -0.14036E+00
   0.40548E+03   0.29856E+02   0.25947E+02   0.31499E+00  -0.14450E+00
   0.40583E+03   0.29856E+02   0.25437E+02   0.31271E+00  -0.16855E+00
   0.40618E+03   0.29856E+02   0.25017E+02   0.31443E+00  -0.19416E+00
   0.40653E+03   0.29859E+02   0.24858E+02   0.32362E+00  -0.20623E+00
   0.40688E+03   0.29867E+02   0.25073E+02   0.33170E+00  -0.20760E+00
   0.40723E+03   0.29875E+02   0.25015E+02   0.33756E+00  -0.22093E+00
   0.40758E+03   0.29882E+02   0.24830E+02   0.34600E+00  -0.24414E+00
   0.40793E+03   0.29892E+02   0.24882E+02   0.36176E+00  -0.25028E+00
   0.40828E+03   0.29905E+02   0.24913E+02   0.38145E+00  -0.25498E+00
   0.40863E+03   0.29917E+02   0.24856E+02   0.39005E+00  -0.27064E+00
   0.40898E+03   0.29926E+02   0.24961E+02   0.39626E+00  -0.27665E+00
   0.40933E+03   0.29933E+02   0.25344E+02   0.40832E+00  -0.26929E+00
   0.40968E+03   0.29940E+02   0.25319E+02   0.41889E+00  -0.26920E+00
   0.41003E+03   0.29946E+02   0.25468E+02   0.42706E+00  -0.27404E+00
   0.41038E+03   0.29951E+02   0.25796E+02   0.43802E+00  -0.26969E+00
   0.41073E+03   0.29956E+02   0.25766E+02   0.45003E+00  -0.26285E+00
   0.41108E+03   0.29960E+02   0.26124E+02   0.45494E+00  -0.24873E+00
   0.41143E+03   0.29962E+02   0.26482E+02   0.45136E+00  -0.23678E+00
   0.41178E+03   0.29962E+02   0.26717E+02   0.45268E+00  -0.22132E+00
   0.41213E+03   0.29963E+02   0.27275E+02   0.46140E+00  -0.19050E+00
   0.41248E+03   0.29965E+02   0.27251E+02   0.45502E+00  -0.18024E+00
   0.41283E+03   0.29964E+02   0.26784E+02   0.44083E+00  -0.18130E+00
   0.41318E+03   0.29962E+02   0.26547E+02   0.43479E+00  -0.16670E+00
   0.41353E+03   0.29958E+02   0.26343E+02   0.42482E+00  -0.15129E+00
   0.41388E+03   0.29953E+02   0.26228E+02   0.40734E+00  -0.14281E+00
   0.41423E+03   0.29946E+02   0.26071E+02   0.39242E+00  -0.14364E+00
   0.41458E+03   0.29939E+02   0.25734E+02   0.38601E+00  -0.14940E+00
   0.41493E+03   0.29935E+02   0.25518E+02   0.38251E+00  -0.14852E+00
   0.41528E+03   0.29932E+02   0.25506E+02   0.37592E+00  -0.15273E+00
   0.41563E+03   0.29929E+02   0.25553E+02   0.37391E+00  -0.15312E+00
   0.41598E+03   0.29926E+02   0.25775E+02   0.37403E+00  -0.13867E+00
   0.41633E+03   0.29924E+02   0.25929E+02   0.36993E+00  -0.13431E+00
   0.41668E+03   0.29920E+02   0.25927E+02   0.36295E+00  -0.13700E+00
   0.41703E+03   0.29916E+02   0.25840E+02   0.36291E+00  -0.14096E+00
   0.41738E+03   0.29914E+02   0.25903E+02   0.36545E+00  -0.13862E+00
   0.41773E+03   0.29914E+02   0.26035E+02   0.36054E+00  -0.13381E+00
   0.41808E+03   0.29911E+02   0.25841E+02   0.34747E+00  -0.14738E+00
   0.41843E+03   0.29904E+02   0.25627E+02   0.33777E+00  -0.15691E+00
   0.41878E+03   0.29898E+02   0.25817E+02   0.33816E+00  -0.14432E+00
   0.41913E+03   0.29893E+02   0.26073E+02   0.34045E+00  -0.13873E+00
   0.41948E+03   0.29892E+02   0.25806E+02   0.34380E+00  -0.15842E+00
   0.41983E+03   0.29892E+02   0.25510E+02   0.34378E+00  -0.17657E+00
