          48
  0.175000000000000        1312500.00000000     
         445
  0.525000000000000        3937500.00000000     
         172
  0.875000000000000        6562500.00000000     
         461
   1.22500000000000        9187500.00000000     
         364
   1.57500000000000        11812500.0000000     
         360
   1.92500000000000        14437500.0000000     
          33
   2.27500000000000        17062500.0000000     
         122
   2.62500000000000        19687500.0000000     
         115
   2.97500000000000        22312500.0000000     
         199
   3.32500000000000        24937500.0000000     
          96
   3.67500000000000        27562500.0000000     
         387
   4.02500000000000        30187500.0000000     
         151
   4.37500000000000        32812500.0000000     
         493
   4.72500000000000        35437500.0000000     
           9
   5.07500000000000        38062500.0000000     
         522
   5.42500000000000        40687500.0000000     
         287
   5.77500000000000        43312500.0000000     
         124
   6.12500000000000        45937500.0000000     
         153
   6.47500000000000        48562500.0000000     
         443
   6.82500000000000        51187500.0000000     
         427
   7.17500000000000        53812500.0000000     
         271
   7.52500000000000        56437500.0000000     
          41
   7.87500000000000        59062500.0000000     
         136
   8.22500000000000        61687500.0000000     
         459
   8.57500000000000        64312500.0000000     
         103
   8.92500000000000        66937500.0000000     
         417
   9.27500000000000        69562500.0000000     
          65
   9.62499999999999        72187500.0000000     
         211
   9.97499999999999        74812500.0000000     
         399
   10.3250000000000        77437500.0000000     
         531
   10.6750000000000        80062500.0000000     
          59
   11.0250000000000        82687500.0000000     
          76
   11.3750000000000        85312499.9999999     
         191
   11.7250000000000        87937499.9999999     
         421
   12.0750000000000        90562499.9999999     
         286
   12.4250000000000        93187499.9999999     
         516
   12.7750000000000        95812499.9999999     
          16
   13.1250000000000        98437499.9999999     
         294
   13.4750000000000        101062500.000000     
         201
   13.8250000000000        103687500.000000     
         539
   14.1750000000000        106312500.000000     
         240
   14.5250000000000        108937500.000000     
          90
   14.8750000000000        111562500.000000     
         103
   15.2250000000000        114187500.000000     
         267
   15.5750000000000        116812500.000000     
         111
   15.9250000000000        119437500.000000     
         531
   16.2750000000000        122062500.000000     
         178
   16.6250000000000        124687500.000000     
         414
   16.9750000000000        127312500.000000     
         273
   17.3250000000000        129937500.000000     
         324
   17.6750000000000        132562500.000000     
         419
   18.0250000000000        135187500.000000     
         204
   18.3750000000000        137812500.000000     
         113
   18.7250000000000        140437500.000000     
         442
   19.0750000000000        143062500.000000     
         393
   19.4250000000000        145687500.000000     
         330
   19.7750000000000        148312500.000000     
          30
   20.1250000000000        150937500.000000     
         351
   20.4750000000000        153562500.000000     
         531
   20.8250000000000        156187500.000000     
         481
   21.1750000000000        158812500.000000     
         282
   21.5250000000000        161437500.000000     
          97
   21.8750000000000        164062500.000000     
         199
   22.2250000000000        166687500.000000     
         177
   22.5750000000000        169312500.000000     
          24
   22.9250000000000        171937500.000000     
          88
   23.2750000000000        174562500.000000     
         462
   23.6250000000000        177187500.000000     
         436
   23.9750000000000        179812500.000000     
         392
   24.3250000000000        182437500.000000     
         388
   24.6750000000000        185062500.000000     
         344
   25.0250000000000        187687500.000000     
         463
   25.3750000000000        190312500.000000     
          46
   25.7250000000000        192937500.000000     
         153
   26.0750000000000        195562500.000000     
         163
   26.4250000000000        198187500.000000     
         391
   26.7750000000000        200812500.000000     
         146
   27.1250000000000        203437500.000000     
          57
   27.4750000000000        206062500.000000     
         172
   27.8250000000000        208687500.000000     
         141
   28.1750000000000        211312500.000000     
         524
   28.5250000000000        213937500.000000     
         477
   28.8750000000000        216562500.000000     
         487
   29.2250000000000        219187500.000000     
         135
   29.5750000000000        221812500.000000     
         423
   29.9250000000000        224437500.000000     
          70
   30.2750000000000        227062500.000000     
         388
   30.6250000000000        229687500.000000     
           8
   30.9750000000001        232312500.000000     
         339
   31.3250000000001        234937500.000000     
         202
   31.6750000000001        237562500.000000     
         191
   32.0250000000001        240187500.000000     
          54
   32.3750000000001        242812500.000000     
         160
   32.7250000000001        245437500.000000     
         175
   33.0750000000001        248062500.000000     
          56
   33.4250000000001        250687500.000000     
         316
   33.7750000000001        253312500.000000     
         295
   34.1250000000001        255937500.000000     
         443
   34.4750000000001        258562500.000000     
          94
   34.8250000000001        261187500.000001     
         136
   35.1750000000001        263812500.000001     
          46
   35.5250000000001        266437500.000001     
          91
   35.8750000000001        269062500.000001     
         326
   36.2250000000001        271687500.000001     
          58
   36.5750000000001        274312500.000001     
         274
   36.9250000000001        276937500.000001     
         131
   37.2750000000001        279562500.000001     
         520
   37.6250000000001        282187500.000001     
          68
   37.9750000000001        284812500.000001     
         525
   38.3250000000001        287437500.000001     
          30
   38.6750000000001        290062500.000001     
         335
   39.0250000000001        292687500.000001     
         468
   39.3750000000001        295312500.000001     
         181
   39.7250000000001        297937500.000001     
          48
   40.0750000000001        300562500.000001     
          16
   40.4250000000001        303187500.000001     
         287
   40.7750000000001        305812500.000001     
         331
   41.1250000000001        308437500.000001     
          43
   41.4750000000001        311062500.000001     
          24
   41.8250000000001        313687500.000001     
          14
   42.1750000000001        316312500.000001     
          54
   42.5250000000001        318937500.000001     
         349
   42.8750000000001        321562500.000001     
         473
   43.2250000000001        324187500.000001     
         243
   43.5750000000001        326812500.000001     
         463
   43.9250000000001        329437500.000001     
         391
   44.2750000000001        332062500.000001     
         340
   44.6250000000001        334687500.000001     
         442
   44.9750000000001        337312500.000001     
         530
   45.3250000000001        339937500.000001     
         161
   45.6750000000001        342562500.000001     
         445
   46.0250000000001        345187500.000001     
         250
   46.3750000000001        347812500.000001     
           8
   46.7250000000001        350437500.000001     
         252
   47.0750000000001        353062500.000001     
         148
   47.4250000000001        355687500.000001     
         442
   47.7750000000001        358312500.000001     
         286
   48.1250000000001        360937500.000001     
         508
   48.4750000000001        363562500.000001     
         441
   48.8250000000001        366187500.000001     
         355
   49.1750000000001        368812500.000001     
         320
   49.5250000000001        371437500.000001     
         114
   49.8750000000001        374062500.000001     
          95
   50.2250000000001        376687500.000001     
         480
   50.5750000000001        379312500.000001     
         157
   50.9250000000001        381937500.000001     
         212
   51.2750000000001        384562500.000001     
         135
   51.6250000000001        387187500.000001     
         203
   51.9750000000001        389812500.000001     
         159
   52.3250000000001        392437500.000001     
         170
   52.6750000000001        395062500.000001     
         473
   53.0250000000001        397687500.000001     
         486
   53.3750000000001        400312500.000001     
         122
   53.7250000000001        402937500.000001     
         459
   54.0750000000001        405562500.000001     
         443
   54.4250000000001        408187500.000001     
         293
   54.7750000000001        410812500.000001     
          29
   55.1250000000001        413437500.000001     
         121
   55.4750000000002        416062500.000001     
         446
   55.8250000000002        418687500.000001     
         190
   56.1750000000002        421312500.000001     
          86
   56.5250000000002        423937500.000001     
         170
   56.8750000000002        426562500.000001     
         326
   57.2250000000002        429187500.000001     
         521
   57.5750000000002        431812500.000001     
         310
   57.9250000000002        434437500.000001     
         512
   58.2750000000002        437062500.000001     
          18
   58.6250000000002        439687500.000001     
         243
   58.9750000000002        442312500.000001     
         379
   59.3250000000002        444937500.000001     
         316
   59.6750000000002        447562500.000001     
         509
   60.0250000000002        450187500.000001     
         447
   60.3750000000002        452812500.000001     
         303
   60.7250000000002        455437500.000001     
          89
   61.0750000000002        458062500.000001     
          86
   61.4250000000002        460687500.000001     
         413
   61.7750000000002        463312500.000001     
         480
   62.1250000000002        465937500.000001     
          46
   62.4750000000002        468562500.000001     
          60
   62.8250000000002        471187500.000001     
         176
   63.1750000000002        473812500.000001     
         317
   63.5250000000002        476437500.000001     
          41
   63.8750000000002        479062500.000001     
         426
   64.2250000000002        481687500.000001     
          48
   64.5750000000002        484312500.000001     
          45
   64.9250000000002        486937500.000001     
          40
   65.2750000000002        489562500.000001     
         412
   65.6250000000002        492187500.000001     
         110
   65.9750000000002        494812500.000001     
          45
   66.3250000000001        497437500.000001     
         381
   66.6750000000001        500062500.000001     
         524
   67.0250000000001        502687500.000001     
         227
   67.3750000000001        505312500.000001     
         262
   67.7250000000001        507937500.000001     
         120
   68.0750000000001        510562500.000001     
         505
   68.4250000000001        513187500.000001     
          66
   68.7750000000001        515812500.000001     
         286
   69.1250000000001        518437500.000001     
         514
   69.4750000000001        521062500.000001     
         537
   69.8250000000001        523687500.000001     
          41
   70.1750000000001        526312500.000001     
         397
   70.5250000000001        528937500.000001     
          56
   70.8750000000001        531562500.000001     
          52
   71.2250000000001        534187500.000000     
         436
   71.5750000000001        536812500.000000     
          47
   71.9250000000001        539437500.000000     
         239
   72.2750000000000        542062500.000000     
          58
   72.6250000000000        544687500.000000     
         306
   72.9750000000000        547312500.000000     
         250
   73.3250000000000        549937500.000000     
         398
   73.6750000000000        552562500.000000     
         275
   74.0250000000000        555187500.000000     
         145
   74.3750000000000        557812500.000000     
         389
   74.7250000000000        560437500.000000     
         476
   75.0750000000000        563062500.000000     
         485
   75.4250000000000        565687500.000000     
         471
   75.7750000000000        568312500.000000     
         489
   76.1250000000000        570937500.000000     
         204
   76.4750000000000        573562500.000000     
          36
   76.8250000000000        576187500.000000     
         150
   77.1750000000000        578812500.000000     
         387
   77.5250000000000        581437500.000000     
         539
   77.8750000000000        584062500.000000     
         243
   78.2250000000000        586687500.000000     
         279
   78.5749999999999        589312500.000000     
         303
   78.9249999999999        591937500.000000     
         250
   79.2749999999999        594562500.000000     
         426
   79.6249999999999        597187500.000000     
         134
   79.9749999999999        599812499.999999     
         255
   80.3249999999999        602437499.999999     
         196
   80.6749999999999        605062499.999999     
         383
   81.0249999999999        607687499.999999     
         348
   81.3749999999999        610312499.999999     
          64
   81.7249999999999        612937499.999999     
         402
   82.0749999999999        615562499.999999     
          88
   82.4249999999999        618187499.999999     
         221
   82.7749999999999        620812499.999999     
         353
   83.1249999999999        623437499.999999     
         160
   83.4749999999999        626062499.999999     
         165
   83.8249999999999        628687499.999999     
         344
   84.1749999999999        631312499.999999     
         422
   84.5249999999998        633937499.999999     
          10
   84.8749999999998        636562499.999999     
         271
   85.2249999999998        639187499.999999     
         390
   85.5749999999998        641812499.999999     
         150
   85.9249999999998        644437499.999999     
         319
   86.2749999999998        647062499.999999     
         134
   86.6249999999998        649687499.999999     
         345
   86.9749999999998        652312499.999999     
         284
   87.3249999999998        654937499.999999     
         104
   87.6749999999998        657562499.999998     
          30
   88.0249999999998        660187499.999998     
          88
   88.3749999999998        662812499.999998     
          42
   88.7249999999998        665437499.999998     
         517
   89.0749999999998        668062499.999998     
         356
   89.4249999999998        670687499.999998     
         173
   89.7749999999998        673312499.999998     
         480
   90.1249999999998        675937499.999998     
         185
   90.4749999999998        678562499.999998     
         429
   90.8249999999997        681187499.999998     
         264
   91.1749999999997        683812499.999998     
         200
   91.5249999999997        686437499.999998     
          85
   91.8749999999997        689062499.999998     
         335
   92.2249999999997        691687499.999998     
         415
   92.5749999999997        694312499.999998     
          73
   92.9249999999997        696937499.999998     
         388
   93.2749999999997        699562499.999998     
         459
   93.6249999999997        702187499.999998     
         205
   93.9749999999997        704812499.999998     
         309
   94.3249999999997        707437499.999998     
         120
   94.6749999999997        710062499.999998     
         449
   95.0249999999997        712687499.999998     
         243
   95.3749999999997        715312499.999997     
         257
   95.7249999999997        717937499.999997     
         276
   96.0749999999997        720562499.999997     
         364
   96.4249999999997        723187499.999997     
          59
   96.7749999999997        725812499.999997     
         146
   97.1249999999996        728437499.999997     
         320
   97.4749999999996        731062499.999997     
           0
   97.8249999999996        733687499.999997     
         407
   98.1749999999996        736312499.999997     
         195
   98.5249999999996        738937499.999997     
         338
   98.8749999999996        741562499.999997     
          39
   99.2249999999996        744187499.999997     
         497
   99.5749999999996        746812499.999997     
         510
   99.9249999999996        749437499.999997     
         172
   100.275000000000        752062499.999997     
         367
   100.625000000000        754687499.999997     
         423
   100.975000000000        757312499.999997     
         217
   101.325000000000        759937499.999997     
         216
   101.675000000000        762562499.999997     
         192
   102.025000000000        765187499.999997     
         324
   102.375000000000        767812499.999997     
         495
   102.725000000000        770437499.999997     
         304
   103.075000000000        773062499.999997     
         520
   103.425000000000        775687499.999997     
         180
   103.775000000000        778312499.999997     
         465
   104.125000000000        780937499.999996     
         308
   104.475000000000        783562499.999996     
           2
   104.825000000000        786187499.999996     
         142
   105.175000000000        788812499.999996     
         174
   105.525000000000        791437499.999996     
         417
   105.875000000000        794062499.999996     
          77
   106.224999999999        796687499.999996     
         413
   106.574999999999        799312499.999996     
         121
   106.924999999999        801937499.999996     
         346
   107.274999999999        804562499.999996     
          30
   107.624999999999        807187499.999996     
         275
   107.974999999999        809812499.999996     
         218
   108.324999999999        812437499.999996     
         298
   108.674999999999        815062499.999996     
         174
   109.024999999999        817687499.999996     
         371
   109.374999999999        820312499.999996     
          97
   109.724999999999        822937499.999996     
         154
   110.074999999999        825562499.999996     
          11
   110.424999999999        828187499.999996     
         368
   110.774999999999        830812499.999996     
         454
   111.124999999999        833437499.999996     
         449
   111.474999999999        836062499.999996     
         434
   111.824999999999        838687499.999996     
         435
   112.174999999999        841312499.999995     
         538
   112.524999999999        843937499.999995     
         231
   112.874999999999        846562499.999995     
         522
   113.224999999999        849187499.999995     
         278
   113.574999999999        851812499.999995     
         164
   113.924999999999        854437499.999995     
         149
   114.274999999999        857062499.999995     
         126
   114.624999999999        859687499.999995     
          39
   114.974999999999        862312499.999995     
          76
   115.324999999999        864937499.999995     
         457
   115.674999999999        867562499.999995     
         205
   116.024999999999        870187499.999995     
           7
   116.374999999999        872812499.999995     
         342
   116.724999999999        875437499.999995     
          47
   117.074999999999        878062499.999995     
         201
   117.424999999999        880687499.999995     
         503
   117.774999999999        883312499.999995     
         256
   118.124999999999        885937499.999995     
         425
   118.474999999999        888562499.999995     
         521
   118.824999999999        891187499.999995     
         130
   119.174999999999        893812499.999995     
         484
   119.524999999999        896437499.999995     
          99
   119.874999999999        899062499.999995     
         169
   120.224999999999        901687499.999995     
          31
   120.574999999999        904312499.999995     
         206
   120.924999999999        906937499.999994     
          91
   121.274999999999        909562499.999994     
         199
   121.624999999999        912187499.999994     
         522
   121.974999999999        914812499.999994     
         391
   122.324999999999        917437499.999994     
          12
   122.674999999999        920062499.999994     
         131
   123.024999999999        922687499.999994     
         466
   123.374999999999        925312499.999994     
         273
   123.724999999999        927937499.999994     
          84
   124.074999999999        930562499.999994     
         145
   124.424999999999        933187499.999994     
         283
   124.774999999999        935812499.999994     
         279
   125.124999999999        938437499.999994     
          53
   125.474999999999        941062499.999994     
         389
   125.824999999999        943687499.999994     
         102
   126.174999999999        946312499.999994     
         488
   126.524999999999        948937499.999994     
         287
   126.874999999999        951562499.999994     
         514
   127.224999999999        954187499.999994     
         195
   127.574999999999        956812499.999994     
         405
   127.924999999999        959437499.999994     
         263
   128.274999999999        962062499.999993     
         493
   128.624999999999        964687499.999993     
          75
   128.974999999999        967312499.999993     
         505
   129.324999999999        969937499.999993     
         267
   129.674999999999        972562499.999993     
         280
   130.024999999999        975187499.999993     
         314
   130.374999999999        977812499.999993     
         312
   130.724999999999        980437499.999993     
         158
   131.074999999999        983062499.999993     
         325
   131.424999999999        985687499.999993     
          34
   131.774999999999        988312499.999993     
         411
   132.124999999999        990937499.999993     
         517
   132.474999999999        993562499.999993     
         502
   132.824999999999        996187499.999993     
         192
   133.174999999999        998812499.999993     
         144
   133.524999999999        1001437499.99999     
         474
   133.874999999999        1004062499.99999     
         449
   134.224999999999        1006687499.99999     
         425
   134.574999999999        1009312499.99999     
          46
   134.924999999999        1011937499.99999     
         231
   135.274999999999        1014562499.99999     
         436
   135.624999999999        1017187499.99999     
         428
   135.974999999999        1019812499.99999     
         290
   136.324999999999        1022437499.99999     
          96
   136.674999999999        1025062499.99999     
         506
   137.024999999999        1027687499.99999     
         500
   137.374999999999        1030312499.99999     
         273
   137.724999999999        1032937499.99999     
         288
   138.074999999999        1035562499.99999     
         190
   138.424999999999        1038187499.99999     
         482
   138.774999999999        1040812499.99999     
         340
   139.124999999999        1043437499.99999     
         129
   139.474999999999        1046062499.99999     
         131
   139.824999999999        1048687499.99999     
         126
   140.174999999999        1051312499.99999     
         200
   140.524999999999        1053937499.99999     
         307
   140.874999999999        1056562499.99999     
         517
   141.224999999999        1059187499.99999     
         374
   141.574999999999        1061812499.99999     
         234
   141.924999999999        1064437499.99999     
         135
   142.274999999999        1067062499.99999     
         365
   142.624999999999        1069687499.99999     
         349
   142.974999999999        1072312499.99999     
         113
   143.324999999999        1074937499.99999     
           8
   143.674999999999        1077562499.99999     
          93
   144.024999999999        1080187499.99999     
         477
   144.374999999999        1082812499.99999     
         139
   144.724999999999        1085437499.99999     
         269
   145.074999999999        1088062499.99999     
         445
   145.424999999999        1090687499.99999     
         408
   145.774999999999        1093312499.99999     
          95
   146.124999999999        1095937499.99999     
         340
   146.474999999999        1098562499.99999     
         419
   146.824999999999        1101187499.99999     
         387
   147.174999999999        1103812499.99999     
         165
   147.524999999999        1106437499.99999     
         522
   147.874999999999        1109062499.99999     
         109
   148.224999999999        1111687499.99999     
         485
   148.574999999999        1114312499.99999     
         128
   148.924999999999        1116937499.99999     
         256
   149.274999999999        1119562499.99999     
         177
   149.624999999999        1122187499.99999     
         303
   149.974999999999        1124812499.99999     
         124
   150.324999999999        1127437499.99999     
         342
   150.674999999999        1130062499.99999     
         189
   151.024999999999        1132687499.99999     
         342
   151.374999999999        1135312499.99999     
         367
   151.724999999999        1137937499.99999     
         389
   152.074999999999        1140562499.99999     
         131
   152.424999999999        1143187499.99999     
         436
   152.774999999999        1145812499.99999     
           0
   153.124999999999        1148437499.99999     
         495
   153.474999999999        1151062499.99999     
         198
   153.824999999999        1153687499.99999     
         356
   154.174999999999        1156312499.99999     
          83
   154.524999999999        1158937499.99999     
         116
   154.874999999999        1161562499.99999     
          72
   155.224999999999        1164187499.99999     
         197
   155.574999999999        1166812499.99999     
         492
   155.924999999999        1169437499.99999     
         434
   156.274999999999        1172062499.99999     
         182
   156.624999999999        1174687499.99999     
         256
   156.974999999999        1177312499.99999     
         405
   157.324999999999        1179937499.99999     
         509
   157.674999999999        1182562499.99999     
         250
   158.024999999999        1185187499.99999     
         346
   158.374999999999        1187812499.99999     
         310
   158.724999999999        1190437499.99999     
         455
   159.074999999999        1193062499.99999     
         530
   159.424999999999        1195687499.99999     
         473
   159.774999999999        1198312499.99999     
         243
   160.124999999999        1200937499.99999     
         429
   160.474999999999        1203562499.99999     
         252
   160.824999999999        1206187499.99999     
         194
   161.174999999999        1208812499.99999     
         218
   161.524999999999        1211437499.99999     
         131
   161.874999999999        1214062499.99999     
         219
   162.224999999999        1216687499.99999     
         394
   162.574999999999        1219312499.99999     
         291
   162.924999999999        1221937499.99999     
         164
   163.274999999999        1224562499.99999     
         465
   163.624999999999        1227187499.99999     
         277
   163.974999999999        1229812499.99999     
         313
   164.324999999999        1232437499.99999     
         507
   164.674999999999        1235062499.99999     
         150
   165.024999999999        1237687499.99999     
          70
   165.374999999999        1240312499.99999     
         451
   165.724999999999        1242937499.99999     
         316
   166.074999999999        1245562499.99999     
         212
   166.424999999999        1248187499.99999     
         418
   166.774999999998        1250812499.99999     
         168
   167.124999999998        1253437499.99999     
          38
   167.474999999998        1256062499.99999     
         164
   167.824999999998        1258687499.99999     
         203
   168.174999999998        1261312499.99999     
         430
   168.524999999998        1263937499.99999     
         501
   168.874999999998        1266562499.99999     
         239
   169.224999999998        1269187499.99999     
          89
   169.574999999998        1271812499.99999     
         128
   169.924999999998        1274437499.99999     
         142
   170.274999999998        1277062499.99999     
         508
   170.624999999998        1279687499.99999     
         278
   170.974999999998        1282312499.99999     
          84
   171.324999999998        1284937499.99999     
          95
   171.674999999998        1287562499.99999     
         482
   172.024999999998        1290187499.99999     
         337
   172.374999999998        1292812499.99999     
         163
   172.724999999998        1295437499.99999     
         114
   173.074999999998        1298062499.99999     
         433
   173.424999999998        1300687499.99999     
          30
   173.774999999998        1303312499.99999     
         181
   174.124999999998        1305937499.99999     
         315
   174.474999999998        1308562499.99999     
           1
   174.824999999998        1311187499.99999     
         494
   175.174999999998        1313812499.99999     
         225
   175.524999999998        1316437499.99999     
          86
   175.874999999998        1319062499.99999     
         180
   176.224999999998        1321687499.99999     
         328
   176.574999999998        1324312499.99999     
          13
   176.924999999998        1326937499.99999     
         373
   177.274999999998        1329562499.99999     
         529
   177.624999999998        1332187499.99999     
         321
   177.974999999998        1334812499.99999     
         326
   178.324999999998        1337437499.99999     
          65
   178.674999999998        1340062499.99999     
         106
   179.024999999998        1342687499.99999     
         288
   179.374999999998        1345312499.99999     
         249
   179.724999999998        1347937499.99999     
         419
   180.074999999998        1350562499.99999     
         506
   180.424999999998        1353187499.99999     
         165
   180.774999999998        1355812499.99999     
          31
   181.124999999998        1358437499.99999     
          64
   181.474999999998        1361062499.99999     
          68
   181.824999999998        1363687499.99999     
         288
   182.174999999998        1366312499.99999     
         186
   182.524999999998        1368937499.99999     
          41
   182.874999999998        1371562499.99999     
         499
   183.224999999998        1374187499.99999     
         232
   183.574999999998        1376812499.99999     
         302
   183.924999999998        1379437499.99999     
         123
   184.274999999998        1382062499.99999     
         537
   184.624999999998        1384687499.99999     
         189
   184.974999999998        1387312499.99999     
         244
   185.324999999998        1389937499.99999     
         421
   185.674999999998        1392562499.99999     
         448
   186.024999999998        1395187499.99999     
         158
   186.374999999998        1397812499.99999     
         291
   186.724999999998        1400437499.99999     
         452
   187.074999999998        1403062499.99999     
         535
   187.424999999998        1405687499.99999     
         244
   187.774999999998        1408312499.99999     
          46
   188.124999999998        1410937499.99999     
         271
   188.474999999998        1413562499.99999     
         213
   188.824999999998        1416187499.99999     
          29
   189.174999999998        1418812499.99999     
         449
   189.524999999998        1421437499.99999     
         398
   189.874999999998        1424062499.99999     
         106
   190.224999999998        1426687499.99999     
         471
   190.574999999998        1429312499.99999     
         315
   190.924999999998        1431937499.99999     
         252
   191.274999999998        1434562499.99999     
         108
   191.624999999998        1437187499.99999     
         284
   191.974999999998        1439812499.99999     
          45
   192.324999999998        1442437499.99999     
         494
   192.674999999998        1445062499.99999     
         513
   193.024999999998        1447687499.99999     
         306
   193.374999999998        1450312499.99999     
         309
   193.724999999998        1452937499.99999     
          38
   194.074999999998        1455562499.99999     
          71
   194.424999999998        1458187499.99999     
         171
   194.774999999998        1460812499.99999     
         486
   195.124999999998        1463437499.99999     
         413
   195.474999999998        1466062499.99999     
         530
   195.824999999998        1468687499.99999     
         286
   196.174999999998        1471312499.99999     
         178
   196.524999999998        1473937499.99999     
          57
   196.874999999998        1476562499.99998     
         406
   197.224999999998        1479187499.99998     
         406
   197.574999999998        1481812499.99998     
         100
   197.924999999998        1484437499.99998     
          77
   198.274999999998        1487062499.99998     
          19
   198.624999999998        1489687499.99998     
         446
   198.974999999998        1492312499.99998     
         337
   199.324999999998        1494937499.99998     
         197
   199.674999999998        1497562499.99998     
         209
   200.024999999998        1500187499.99998     
         500
   200.374999999998        1502812499.99998     
         440
   200.724999999998        1505437499.99998     
         440
   201.074999999998        1508062499.99998     
         422
   201.424999999998        1510687499.99998     
          78
   201.774999999998        1513312499.99998     
         405
   202.124999999998        1515937499.99998     
         503
   202.474999999998        1518562499.99998     
          34
   202.824999999998        1521187499.99998     
         329
   203.174999999998        1523812499.99998     
         245
   203.524999999998        1526437499.99998     
         119
   203.874999999998        1529062499.99998     
          59
   204.224999999998        1531687499.99998     
         499
   204.574999999998        1534312499.99998     
         468
   204.924999999998        1536937499.99998     
         322
   205.274999999998        1539562499.99998     
         294
   205.624999999998        1542187499.99998     
         303
   205.974999999998        1544812499.99998     
         108
   206.324999999998        1547437499.99998     
         534
   206.674999999998        1550062499.99998     
         327
   207.024999999998        1552687499.99998     
         265
   207.374999999998        1555312499.99998     
          82
   207.724999999998        1557937499.99998     
         441
   208.074999999998        1560562499.99998     
          78
   208.424999999998        1563187499.99998     
         137
   208.774999999998        1565812499.99998     
         128
   209.124999999998        1568437499.99998     
         221
   209.474999999998        1571062499.99998     
         146
   209.824999999998        1573687499.99998     
         522
   210.174999999998        1576312499.99998     
         233
   210.524999999998        1578937499.99998     
         333
   210.874999999998        1581562499.99998     
         212
   211.224999999998        1584187499.99998     
         257
   211.574999999998        1586812499.99998     
         405
   211.924999999998        1589437499.99998     
         340
   212.274999999998        1592062499.99998     
          72
   212.624999999998        1594687499.99998     
         538
   212.974999999998        1597312499.99998     
         217
   213.324999999998        1599937499.99998     
         111
   213.674999999998        1602562499.99998     
         130
   214.024999999998        1605187499.99998     
          85
   214.374999999998        1607812499.99998     
         336
   214.724999999998        1610437499.99998     
         410
   215.074999999998        1613062499.99998     
         514
   215.424999999998        1615687499.99998     
         144
   215.774999999998        1618312499.99998     
         120
   216.124999999998        1620937499.99998     
         283
   216.474999999998        1623562499.99998     
          97
   216.824999999998        1626187499.99998     
         516
   217.174999999998        1628812499.99998     
         215
   217.524999999998        1631437499.99998     
         367
   217.874999999998        1634062499.99998     
         151
   218.224999999998        1636687499.99998     
         265
   218.574999999998        1639312499.99998     
         181
   218.924999999998        1641937499.99998     
          91
   219.274999999998        1644562499.99998     
         120
   219.624999999998        1647187499.99998     
         153
   219.974999999998        1649812499.99998     
         193
   220.324999999998        1652437499.99998     
         185
   220.674999999998        1655062499.99998     
         396
   221.024999999998        1657687499.99998     
         136
   221.374999999998        1660312499.99998     
         409
   221.724999999998        1662937499.99998     
         112
   222.074999999998        1665562499.99998     
          17
   222.424999999998        1668187499.99998     
          50
   222.774999999998        1670812499.99998     
         329
   223.124999999998        1673437499.99998     
         240
   223.474999999998        1676062499.99998     
          94
   223.824999999998        1678687499.99998     
         168
   224.174999999998        1681312499.99998     
         462
   224.524999999998        1683937499.99998     
         228
   224.874999999998        1686562499.99998     
         165
   225.224999999998        1689187499.99998     
         245
   225.574999999998        1691812499.99998     
         242
   225.924999999998        1694437499.99998     
         157
   226.274999999998        1697062499.99998     
          43
   226.624999999998        1699687499.99998     
          82
   226.974999999998        1702312499.99998     
         264
   227.324999999998        1704937499.99998     
         488
   227.674999999998        1707562499.99998     
         233
   228.024999999998        1710187499.99998     
          40
   228.374999999997        1712812499.99998     
           4
   228.724999999997        1715437499.99998     
         174
   229.074999999997        1718062499.99998     
          35
   229.424999999997        1720687499.99998     
         403
   229.774999999997        1723312499.99998     
         213
   230.124999999997        1725937499.99998     
          69
   230.474999999997        1728562499.99998     
         107
   230.824999999997        1731187499.99998     
         142
   231.174999999997        1733812499.99998     
         531
   231.524999999997        1736437499.99998     
         203
   231.874999999997        1739062499.99998     
         288
   232.224999999997        1741687499.99998     
         229
   232.574999999997        1744312499.99998     
         162
   232.924999999997        1746937499.99998     
         323
   233.274999999997        1749562499.99998     
         192
   233.624999999997        1752187499.99998     
         474
   233.974999999997        1754812499.99998     
         451
   234.324999999997        1757437499.99998     
         320
   234.674999999997        1760062499.99998     
         153
   235.024999999997        1762687499.99998     
         512
   235.374999999997        1765312499.99998     
         260
   235.724999999997        1767937499.99998     
         204
   236.074999999997        1770562499.99998     
         359
   236.424999999997        1773187499.99998     
         100
   236.774999999997        1775812499.99998     
         520
   237.124999999997        1778437499.99998     
         243
   237.474999999997        1781062499.99998     
         277
   237.824999999997        1783687499.99998     
         121
   238.174999999997        1786312499.99998     
         361
   238.524999999997        1788937499.99998     
          24
   238.874999999997        1791562499.99998     
         105
   239.224999999997        1794187499.99998     
         419
   239.574999999997        1796812499.99998     
         231
   239.924999999997        1799437499.99998     
         231
   240.274999999997        1802062499.99998     
         247
   240.624999999997        1804687499.99998     
         417
   240.974999999997        1807312499.99998     
          62
   241.324999999997        1809937499.99998     
         244
   241.674999999997        1812562499.99998     
         131
   242.024999999997        1815187499.99998     
         397
   242.374999999997        1817812499.99998     
         342
   242.724999999997        1820437499.99998     
         111
   243.074999999997        1823062499.99998     
         376
   243.424999999997        1825687499.99998     
          93
   243.774999999997        1828312499.99998     
         390
   244.124999999997        1830937499.99998     
          41
   244.474999999997        1833562499.99998     
         505
   244.824999999997        1836187499.99998     
         241
   245.174999999997        1838812499.99998     
          59
   245.524999999997        1841437499.99998     
          16
   245.874999999997        1844062499.99998     
         155
   246.224999999997        1846687499.99998     
         431
   246.574999999997        1849312499.99998     
         393
   246.924999999997        1851937499.99998     
         144
   247.274999999997        1854562499.99998     
         116
   247.624999999997        1857187499.99998     
         296
   247.974999999997        1859812499.99998     
         511
   248.324999999997        1862437499.99998     
         239
   248.674999999997        1865062499.99998     
         496
   249.024999999997        1867687499.99998     
         404
   249.374999999997        1870312499.99998     
         100
   249.724999999997        1872937499.99998     
          35
   250.074999999997        1875562499.99998     
          23
   250.424999999997        1878187499.99998     
         314
   250.774999999997        1880812499.99998     
         275
   251.124999999997        1883437499.99998     
          16
   251.474999999997        1886062499.99998     
         290
   251.824999999997        1888687499.99998     
         476
   252.174999999997        1891312499.99998     
         210
   252.524999999997        1893937499.99998     
         379
   252.874999999997        1896562499.99998     
          53
   253.224999999997        1899187499.99998     
          93
   253.574999999997        1901812499.99998     
         235
   253.924999999997        1904437499.99998     
         205
   254.274999999997        1907062499.99998     
         447
   254.624999999997        1909687499.99998     
         130
   254.974999999997        1912312499.99998     
         462
   255.324999999997        1914937499.99998     
         260
   255.674999999997        1917562499.99998     
         150
   256.024999999997        1920187499.99998     
          31
   256.374999999997        1922812499.99998     
         255
   256.724999999997        1925437499.99998     
         120
   257.074999999997        1928062499.99998     
         317
   257.424999999997        1930687499.99998     
           6
   257.774999999997        1933312499.99998     
         494
   258.124999999997        1935937499.99998     
          48
   258.474999999997        1938562499.99998     
         395
   258.824999999997        1941187499.99998     
         525
   259.174999999997        1943812499.99998     
         505
   259.524999999997        1946437499.99998     
         257
   259.874999999997        1949062499.99998     
         533
   260.224999999997        1951687499.99998     
           7
   260.574999999997        1954312499.99998     
         497
   260.924999999997        1956937499.99998     
         424
   261.274999999997        1959562499.99998     
          46
   261.624999999997        1962187499.99998     
         282
   261.974999999997        1964812499.99998     
         178
   262.324999999997        1967437499.99998     
          79
   262.674999999998        1970062499.99998     
         337
   263.024999999998        1972687499.99998     
          31
   263.374999999998        1975312499.99998     
         191
   263.724999999998        1977937499.99998     
         330
   264.074999999998        1980562499.99998     
         332
   264.424999999998        1983187499.99998     
         111
   264.774999999998        1985812499.99998     
          35
   265.124999999998        1988437499.99998     
         400
   265.474999999998        1991062499.99998     
         409
   265.824999999998        1993687499.99998     
           3
   266.174999999998        1996312499.99998     
          63
   266.524999999998        1998937499.99998     
         139
   266.874999999998        2001562499.99998     
         211
   267.224999999998        2004187499.99998     
           3
   267.574999999998        2006812499.99998     
         166
   267.924999999998        2009437499.99998     
          59
   268.274999999998        2012062499.99998     
         363
   268.624999999998        2014687499.99998     
          46
   268.974999999998        2017312499.99998     
         142
   269.324999999998        2019937499.99998     
          27
   269.674999999998        2022562499.99998     
         242
   270.024999999998        2025187499.99998     
         385
   270.374999999998        2027812499.99998     
         289
   270.724999999998        2030437499.99999     
         341
   271.074999999998        2033062499.99999     
         135
   271.424999999998        2035687499.99999     
          32
   271.774999999998        2038312499.99999     
         124
   272.124999999998        2040937499.99999     
         456
   272.474999999998        2043562499.99999     
         295
   272.824999999998        2046187499.99999     
         432
   273.174999999998        2048812499.99999     
         229
   273.524999999998        2051437499.99999     
         493
   273.874999999998        2054062499.99999     
         449
   274.224999999998        2056687499.99999     
         221
   274.574999999998        2059312499.99999     
         523
   274.924999999998        2061937499.99999     
          49
   275.274999999998        2064562499.99999     
         436
   275.624999999998        2067187499.99999     
         450
   275.974999999998        2069812499.99999     
         413
   276.324999999998        2072437499.99999     
         195
   276.674999999998        2075062499.99999     
         390
   277.024999999998        2077687499.99999     
         217
   277.374999999998        2080312499.99999     
          38
   277.724999999998        2082937499.99999     
         299
   278.074999999999        2085562499.99999     
         392
   278.424999999999        2088187499.99999     
          72
   278.774999999999        2090812499.99999     
         121
   279.124999999999        2093437499.99999     
         423
   279.474999999999        2096062499.99999     
         367
   279.824999999999        2098687499.99999     
         219
   280.174999999999        2101312499.99999     
         456
   280.524999999999        2103937499.99999     
         108
   280.874999999999        2106562499.99999     
         329
   281.224999999999        2109187499.99999     
         194
   281.574999999999        2111812499.99999     
         196
   281.924999999999        2114437499.99999     
         397
   282.274999999999        2117062499.99999     
          57
   282.624999999999        2119687499.99999     
         536
   282.974999999999        2122312499.99999     
         331
   283.324999999999        2124937499.99999     
         388
   283.674999999999        2127562499.99999     
         256
   284.024999999999        2130187499.99999     
         321
   284.374999999999        2132812499.99999     
          63
   284.724999999999        2135437499.99999     
         490
   285.074999999999        2138062499.99999     
         202
   285.424999999999        2140687499.99999     
          88
   285.774999999999        2143312499.99999     
         213
   286.124999999999        2145937499.99999     
          22
   286.474999999999        2148562499.99999     
         253
   286.824999999999        2151187499.99999     
         101
   287.174999999999        2153812499.99999     
         210
   287.524999999999        2156437499.99999     
         269
   287.874999999999        2159062499.99999     
           0
   288.224999999999        2161687499.99999     
         503
   288.574999999999        2164312499.99999     
         218
   288.924999999999        2166937499.99999     
          19
   289.274999999999        2169562499.99999     
          48
   289.624999999999        2172187499.99999     
         112
   289.974999999999        2174812499.99999     
          57
   290.324999999999        2177437499.99999     
         182
   290.674999999999        2180062499.99999     
           4
   291.024999999999        2182687500.00000     
         375
   291.374999999999        2185312500.00000     
         346
   291.724999999999        2187937500.00000     
         236
   292.074999999999        2190562500.00000     
         115
   292.424999999999        2193187500.00000     
          90
   292.774999999999        2195812500.00000     
         165
   293.124999999999        2198437500.00000     
         406
   293.475000000000        2201062500.00000     
          65
   293.825000000000        2203687500.00000     
          48
   294.175000000000        2206312500.00000     
         503
   294.525000000000        2208937500.00000     
         115
   294.875000000000        2211562500.00000     
         187
   295.225000000000        2214187500.00000     
          78
   295.575000000000        2216812500.00000     
         534
   295.925000000000        2219437500.00000     
          82
   296.275000000000        2222062500.00000     
         450
   296.625000000000        2224687500.00000     
          74
   296.975000000000        2227312500.00000     
          48
   297.325000000000        2229937500.00000     
           3
   297.675000000000        2232562500.00000     
         363
   298.025000000000        2235187500.00000     
          98
   298.375000000000        2237812500.00000     
         473
   298.725000000000        2240437500.00000     
         528
   299.075000000000        2243062500.00000     
         151
   299.425000000000        2245687500.00000     
         206
   299.775000000000        2248312500.00000     
         535
   300.125000000000        2250937500.00000     
         503
   300.475000000000        2253562500.00000     
         268
   300.825000000000        2256187500.00000     
         396
   301.175000000000        2258812500.00000     
          46
   301.525000000000        2261437500.00000     
         177
   301.875000000000        2264062500.00000     
         199
   302.225000000000        2266687500.00000     
         373
   302.575000000000        2269312500.00000     
          93
   302.925000000000        2271937500.00000     
         434
   303.275000000000        2274562500.00000     
         261
   303.625000000000        2277187500.00000     
          48
   303.975000000000        2279812500.00000     
          69
   304.325000000000        2282437500.00000     
         531
   304.675000000000        2285062500.00000     
          80
   305.025000000000        2287687500.00000     
         397
   305.375000000000        2290312500.00000     
         306
   305.725000000000        2292937500.00000     
         472
   306.075000000000        2295562500.00000     
         404
   306.425000000000        2298187500.00000     
          86
   306.775000000000        2300812500.00000     
         462
   307.125000000000        2303437500.00000     
          28
   307.475000000000        2306062500.00000     
         510
   307.825000000000        2308687500.00000     
         241
   308.175000000000        2311312500.00000     
         389
   308.525000000000        2313937500.00000     
         331
   308.875000000001        2316562500.00000     
         512
   309.225000000001        2319187500.00000     
         169
   309.575000000001        2321812500.00000     
         464
   309.925000000001        2324437500.00000     
         149
   310.275000000001        2327062500.00000     
         254
   310.625000000001        2329687500.00000     
         385
   310.975000000001        2332312500.00000     
          43
   311.325000000001        2334937500.00001     
         347
   311.675000000001        2337562500.00001     
         157
   312.025000000001        2340187500.00001     
         364
   312.375000000001        2342812500.00001     
         267
   312.725000000001        2345437500.00001     
         538
   313.075000000001        2348062500.00001     
          28
   313.425000000001        2350687500.00001     
         150
   313.775000000001        2353312500.00001     
         340
   314.125000000001        2355937500.00001     
         534
   314.475000000001        2358562500.00001     
           8
   314.825000000001        2361187500.00001     
          80
   315.175000000001        2363812500.00001     
         476
   315.525000000001        2366437500.00001     
         169
   315.875000000001        2369062500.00001     
          45
   316.225000000001        2371687500.00001     
          62
   316.575000000001        2374312500.00001     
         131
   316.925000000001        2376937500.00001     
         348
   317.275000000001        2379562500.00001     
         341
   317.625000000001        2382187500.00001     
         245
   317.975000000001        2384812500.00001     
          39
   318.325000000001        2387437500.00001     
         254
   318.675000000001        2390062500.00001     
         471
   319.025000000001        2392687500.00001     
          32
   319.375000000001        2395312500.00001     
         286
   319.725000000001        2397937500.00001     
         295
   320.075000000001        2400562500.00001     
         124
   320.425000000001        2403187500.00001     
         409
   320.775000000001        2405812500.00001     
         305
   321.125000000001        2408437500.00001     
         246
   321.475000000001        2411062500.00001     
         517
   321.825000000001        2413687500.00001     
         265
   322.175000000001        2416312500.00001     
          16
   322.525000000001        2418937500.00001     
         133
   322.875000000001        2421562500.00001     
         154
   323.225000000001        2424187500.00001     
         245
   323.575000000001        2426812500.00001     
         149
   323.925000000001        2429437500.00001     
         247
   324.275000000002        2432062500.00001     
         293
   324.625000000002        2434687500.00001     
          71
   324.975000000002        2437312500.00001     
         375
   325.325000000002        2439937500.00001     
         389
   325.675000000002        2442562500.00001     
         493
   326.025000000002        2445187500.00001     
         396
   326.375000000002        2447812500.00001     
         481
   326.725000000002        2450437500.00001     
         319
   327.075000000002        2453062500.00001     
         265
   327.425000000002        2455687500.00001     
         247
   327.775000000002        2458312500.00001     
         332
   328.125000000002        2460937500.00001     
         531
   328.475000000002        2463562500.00001     
          44
   328.825000000002        2466187500.00001     
         320
   329.175000000002        2468812500.00001     
         145
   329.525000000002        2471437500.00001     
           3
   329.875000000002        2474062500.00001     
         152
   330.225000000002        2476687500.00001     
         423
   330.575000000002        2479312500.00001     
          41
   330.925000000002        2481937500.00001     
         414
   331.275000000002        2484562500.00001     
          51
   331.625000000002        2487187500.00001     
         395
   331.975000000002        2489812500.00002     
         245
   332.325000000002        2492437500.00002     
         524
   332.675000000002        2495062500.00002     
         408
   333.025000000002        2497687500.00002     
          66
   333.375000000002        2500312500.00002     
         186
   333.725000000002        2502937500.00002     
         533
   334.075000000002        2505562500.00002     
         521
   334.425000000002        2508187500.00002     
         227
   334.775000000002        2510812500.00002     
         368
   335.125000000002        2513437500.00002     
         436
   335.475000000002        2516062500.00002     
         530
   335.825000000002        2518687500.00002     
         457
   336.175000000002        2521312500.00002     
         413
   336.525000000002        2523937500.00002     
         366
   336.875000000002        2526562500.00002     
         315
   337.225000000002        2529187500.00002     
         141
   337.575000000002        2531812500.00002     
         290
   337.925000000002        2534437500.00002     
          48
   338.275000000002        2537062500.00002     
         386
   338.625000000002        2539687500.00002     
         276
   338.975000000002        2542312500.00002     
          32
   339.325000000002        2544937500.00002     
         258
   339.675000000003        2547562500.00002     
         460
   340.025000000003        2550187500.00002     
         120
   340.375000000003        2552812500.00002     
          22
   340.725000000003        2555437500.00002     
         217
   341.075000000003        2558062500.00002     
         509
   341.425000000003        2560687500.00002     
         536
   341.775000000003        2563312500.00002     
         352
   342.125000000003        2565937500.00002     
         260
   342.475000000003        2568562500.00002     
          82
   342.825000000003        2571187500.00002     
          18
   343.175000000003        2573812500.00002     
         270
   343.525000000003        2576437500.00002     
         139
   343.875000000003        2579062500.00002     
         187
   344.225000000003        2581687500.00002     
         521
   344.575000000003        2584312500.00002     
         124
   344.925000000003        2586937500.00002     
         411
   345.275000000003        2589562500.00002     
         137
   345.625000000003        2592187500.00002     
         493
   345.975000000003        2594812500.00002     
         245
   346.325000000003        2597437500.00002     
          11
   346.675000000003        2600062500.00002     
         216
   347.025000000003        2602687500.00002     
         202
   347.375000000003        2605312500.00002     
         278
   347.725000000003        2607937500.00002     
         209
   348.075000000003        2610562500.00002     
         154
   348.425000000003        2613187500.00002     
         286
   348.775000000003        2615812500.00002     
         183
   349.125000000003        2618437500.00002     
         500
   349.475000000003        2621062500.00002     
         258
   349.825000000003        2623687500.00002     
         435
   350.175000000003        2626312500.00002     
         326
   350.525000000003        2628937500.00002     
         512
   350.875000000003        2631562500.00002     
         176
   351.225000000003        2634187500.00002     
         325
   351.575000000003        2636812500.00002     
         291
   351.925000000003        2639437500.00002     
         473
   352.275000000003        2642062500.00002     
         480
   352.625000000003        2644687500.00003     
         240
   352.975000000003        2647312500.00003     
          57
   353.325000000003        2649937500.00003     
         169
   353.675000000003        2652562500.00003     
         450
   354.025000000003        2655187500.00003     
         264
   354.375000000003        2657812500.00003     
         184
   354.725000000003        2660437500.00003     
         482
   355.075000000004        2663062500.00003     
         189
   355.425000000004        2665687500.00003     
         174
   355.775000000004        2668312500.00003     
          76
   356.125000000004        2670937500.00003     
         284
   356.475000000004        2673562500.00003     
         387
   356.825000000004        2676187500.00003     
         461
   357.175000000004        2678812500.00003     
          58
   357.525000000004        2681437500.00003     
         219
   357.875000000004        2684062500.00003     
         520
   358.225000000004        2686687500.00003     
         262
   358.575000000004        2689312500.00003     
         125
   358.925000000004        2691937500.00003     
         254
   359.275000000004        2694562500.00003     
         452
   359.625000000004        2697187500.00003     
         494
   359.975000000004        2699812500.00003     
         169
   360.325000000004        2702437500.00003     
          51
   360.675000000004        2705062500.00003     
         160
   361.025000000004        2707687500.00003     
          56
   361.375000000004        2710312500.00003     
          57
   361.725000000004        2712937500.00003     
         436
   362.075000000004        2715562500.00003     
         522
   362.425000000004        2718187500.00003     
         401
   362.775000000004        2720812500.00003     
          88
   363.125000000004        2723437500.00003     
          48
   363.475000000004        2726062500.00003     
         349
   363.825000000004        2728687500.00003     
         155
   364.175000000004        2731312500.00003     
          62
   364.525000000004        2733937500.00003     
         504
   364.875000000004        2736562500.00003     
         118
   365.225000000004        2739187500.00003     
         508
   365.575000000004        2741812500.00003     
         482
   365.925000000004        2744437500.00003     
         499
   366.275000000004        2747062500.00003     
         335
   366.625000000004        2749687500.00003     
         114
   366.975000000004        2752312500.00003     
         162
   367.325000000004        2754937500.00003     
         177
   367.675000000004        2757562500.00003     
         171
   368.025000000004        2760187500.00003     
         419
   368.375000000004        2762812500.00003     
         126
   368.725000000004        2765437500.00003     
         111
   369.075000000004        2768062500.00003     
         463
   369.425000000004        2770687500.00003     
         440
   369.775000000004        2773312500.00003     
         346
   370.125000000004        2775937500.00003     
         252
   370.475000000005        2778562500.00003     
         155
   370.825000000005        2781187500.00003     
         282
   371.175000000005        2783812500.00003     
         467
   371.525000000005        2786437500.00003     
         417
   371.875000000005        2789062500.00003     
         247
   372.225000000005        2791687500.00003     
         208
   372.575000000005        2794312500.00003     
         217
   372.925000000005        2796937500.00003     
         246
   373.275000000005        2799562500.00004     
         323
   373.625000000005        2802187500.00004     
         249
   373.975000000005        2804812500.00004     
          40
   374.325000000005        2807437500.00004     
         148
   374.675000000005        2810062500.00004     
         171
   375.025000000005        2812687500.00004     
         141
   375.375000000005        2815312500.00004     
         195
   375.725000000005        2817937500.00004     
         184
   376.075000000005        2820562500.00004     
         481
   376.425000000005        2823187500.00004     
         153
   376.775000000005        2825812500.00004     
         250
   377.125000000005        2828437500.00004     
         531
   377.475000000005        2831062500.00004     
         345
   377.825000000005        2833687500.00004     
         308
   378.175000000005        2836312500.00004     
         231
   378.525000000005        2838937500.00004     
         353
   378.875000000005        2841562500.00004     
         242
   379.225000000005        2844187500.00004     
         505
   379.575000000005        2846812500.00004     
         102
   379.925000000005        2849437500.00004     
         468
   380.275000000005        2852062500.00004     
         469
   380.625000000005        2854687500.00004     
         527
   380.975000000005        2857312500.00004     
         204
   381.325000000005        2859937500.00004     
         181
   381.675000000005        2862562500.00004     
         431
   382.025000000005        2865187500.00004     
         116
   382.375000000005        2867812500.00004     
         511
   382.725000000005        2870437500.00004     
         155
   383.075000000005        2873062500.00004     
         359
   383.425000000005        2875687500.00004     
         255
   383.775000000005        2878312500.00004     
         158
   384.125000000005        2880937500.00004     
         106
   384.475000000005        2883562500.00004     
         199
   384.825000000005        2886187500.00004     
         264
   385.175000000005        2888812500.00004     
         266
   385.525000000005        2891437500.00004     
         528
   385.875000000006        2894062500.00004     
         388
   386.225000000006        2896687500.00004     
          24
   386.575000000006        2899312500.00004     
         226
   386.925000000006        2901937500.00004     
         454
   387.275000000006        2904562500.00004     
          97
   387.625000000006        2907187500.00004     
         506
   387.975000000006        2909812500.00004     
         381
   388.325000000006        2912437500.00004     
         259
   388.675000000006        2915062500.00004     
         292
   389.025000000006        2917687500.00004     
         323
   389.375000000006        2920312500.00004     
         193
   389.725000000006        2922937500.00004     
         301
   390.075000000006        2925562500.00004     
          51
   390.425000000006        2928187500.00004     
          88
   390.775000000006        2930812500.00004     
         473
   391.125000000006        2933437500.00004     
         180
   391.475000000006        2936062500.00004     
           5
   391.825000000006        2938687500.00004     
          25
   392.175000000006        2941312500.00004     
         328
   392.525000000006        2943937500.00004     
         332
   392.875000000006        2946562500.00004     
         112
   393.225000000006        2949187500.00004     
         173
   393.575000000006        2951812500.00005     
         263
   393.925000000006        2954437500.00005     
          85
   394.275000000006        2957062500.00005     
         460
   394.625000000006        2959687500.00005     
         226
   394.975000000006        2962312500.00005     
         438
   395.325000000006        2964937500.00005     
          96
   395.675000000006        2967562500.00005     
         264
   396.025000000006        2970187500.00005     
         361
   396.375000000006        2972812500.00005     
         111
   396.725000000006        2975437500.00005     
         385
   397.075000000006        2978062500.00005     
         107
   397.425000000006        2980687500.00005     
         245
   397.775000000006        2983312500.00005     
         310
   398.125000000006        2985937500.00005     
         322
   398.475000000006        2988562500.00005     
         310
   398.825000000006        2991187500.00005     
         521
   399.175000000006        2993812500.00005     
          70
   399.525000000006        2996437500.00005     
         139
   399.875000000006        2999062500.00005     
         222
   400.225000000006        3001687500.00005     
         352
   400.575000000006        3004312500.00005     
         320
   400.925000000006        3006937500.00005     
         533
   401.275000000007        3009562500.00005     
         297
   401.625000000007        3012187500.00005     
         488
   401.975000000007        3014812500.00005     
         363
   402.325000000007        3017437500.00005     
         337
   402.675000000007        3020062500.00005     
         527
   403.025000000007        3022687500.00005     
         355
   403.375000000007        3025312500.00005     
         362
   403.725000000007        3027937500.00005     
          49
   404.075000000007        3030562500.00005     
         160
   404.425000000007        3033187500.00005     
         393
   404.775000000007        3035812500.00005     
         292
   405.125000000007        3038437500.00005     
         194
   405.475000000007        3041062500.00005     
         534
   405.825000000007        3043687500.00005     
         291
   406.175000000007        3046312500.00005     
         220
   406.525000000007        3048937500.00005     
         360
   406.875000000007        3051562500.00005     
         177
   407.225000000007        3054187500.00005     
          87
   407.575000000007        3056812500.00005     
          38
   407.925000000007        3059437500.00005     
         396
   408.275000000007        3062062500.00005     
           8
   408.625000000007        3064687500.00005     
          90
   408.975000000007        3067312500.00005     
          63
   409.325000000007        3069937500.00005     
         326
   409.675000000007        3072562500.00005     
         213
   410.025000000007        3075187500.00005     
          17
   410.375000000007        3077812500.00005     
         187
   410.725000000007        3080437500.00005     
         417
   411.075000000007        3083062500.00005     
         502
   411.425000000007        3085687500.00005     
          57
   411.775000000007        3088312500.00005     
         108
   412.125000000007        3090937500.00005     
         301
   412.475000000007        3093562500.00005     
         187
   412.825000000007        3096187500.00005     
         419
   413.175000000007        3098812500.00005     
          10
   413.525000000007        3101437500.00005     
         420
   413.875000000007        3104062500.00005     
         298
   414.225000000007        3106687500.00006     
         401
   414.575000000007        3109312500.00006     
           7
   414.925000000007        3111937500.00006     
         395
   415.275000000007        3114562500.00006     
           5
   415.625000000007        3117187500.00006     
         501
   415.975000000007        3119812500.00006     
         524
   416.325000000007        3122437500.00006     
         511
   416.675000000008        3125062500.00006     
          83
   417.025000000008        3127687500.00006     
         477
   417.375000000008        3130312500.00006     
         135
   417.725000000008        3132937500.00006     
         463
   418.075000000008        3135562500.00006     
         395
   418.425000000008        3138187500.00006     
         240
   418.775000000008        3140812500.00006     
         337
   419.125000000008        3143437500.00006     
         504
   419.475000000008        3146062500.00006     
         365
   419.825000000008        3148687500.00006     
