         298
  0.175000000000000        1312500.00000000     
         456
  0.525000000000000        3937500.00000000     
         441
  0.875000000000000        6562500.00000000     
         308
   1.22500000000000        9187500.00000000     
         237
   1.57500000000000        11812500.0000000     
         314
   1.92500000000000        14437500.0000000     
         108
   2.27500000000000        17062500.0000000     
         256
   2.62500000000000        19687500.0000000     
         217
   2.97500000000000        22312500.0000000     
          49
   3.32500000000000        24937500.0000000     
         117
   3.67500000000000        27562500.0000000     
         154
   4.02500000000000        30187500.0000000     
         315
   4.37500000000000        32812500.0000000     
          48
   4.72500000000000        35437500.0000000     
          97
   5.07500000000000        38062500.0000000     
          17
   5.42500000000000        40687500.0000000     
         530
   5.77500000000000        43312500.0000000     
         256
   6.12500000000000        45937500.0000000     
         104
   6.47500000000000        48562500.0000000     
         477
   6.82500000000000        51187500.0000000     
          10
   7.17500000000000        53812500.0000000     
         300
   7.52500000000000        56437500.0000000     
         240
   7.87500000000000        59062500.0000000     
         511
   8.22500000000000        61687500.0000000     
         540
   8.57500000000000        64312500.0000000     
          23
   8.92500000000000        66937500.0000000     
         181
   9.27500000000000        69562500.0000000     
         185
   9.62499999999999        72187500.0000000     
         471
   9.97499999999999        74812500.0000000     
         507
   10.3250000000000        77437500.0000000     
         245
   10.6750000000000        80062500.0000000     
         282
   11.0250000000000        82687500.0000000     
         329
   11.3750000000000        85312499.9999999     
         262
   11.7250000000000        87937499.9999999     
         163
   12.0750000000000        90562499.9999999     
         273
   12.4250000000000        93187499.9999999     
         423
   12.7750000000000        95812499.9999999     
          40
   13.1250000000000        98437499.9999999     
         476
   13.4750000000000        101062500.000000     
         363
   13.8250000000000        103687500.000000     
         292
   14.1750000000000        106312500.000000     
         367
   14.5250000000000        108937500.000000     
          69
   14.8750000000000        111562500.000000     
         364
   15.2250000000000        114187500.000000     
         359
   15.5750000000000        116812500.000000     
         385
   15.9250000000000        119437500.000000     
           9
   16.2750000000000        122062500.000000     
         191
   16.6250000000000        124687500.000000     
         344
   16.9750000000000        127312500.000000     
         282
   17.3250000000000        129937500.000000     
         172
   17.6750000000000        132562500.000000     
         173
   18.0250000000000        135187500.000000     
         182
   18.3750000000000        137812500.000000     
           0
   18.7250000000000        140437500.000000     
         379
   19.0750000000000        143062500.000000     
         415
   19.4250000000000        145687500.000000     
         395
   19.7750000000000        148312500.000000     
          69
   20.1250000000000        150937500.000000     
         360
   20.4750000000000        153562500.000000     
         222
   20.8250000000000        156187500.000000     
         288
   21.1750000000000        158812500.000000     
         289
   21.5250000000000        161437500.000000     
         353
   21.8750000000000        164062500.000000     
         287
   22.2250000000000        166687500.000000     
         344
   22.5750000000000        169312500.000000     
         332
   22.9250000000000        171937500.000000     
         199
   23.2750000000000        174562500.000000     
         504
   23.6250000000000        177187500.000000     
         408
   23.9750000000000        179812500.000000     
         436
   24.3250000000000        182437500.000000     
         264
   24.6750000000000        185062500.000000     
          19
   25.0250000000000        187687500.000000     
         483
   25.3750000000000        190312500.000000     
         462
   25.7250000000000        192937500.000000     
         368
   26.0750000000000        195562500.000000     
         207
   26.4250000000000        198187500.000000     
         118
   26.7750000000000        200812500.000000     
         100
   27.1250000000000        203437500.000000     
          66
   27.4750000000000        206062500.000000     
         396
   27.8250000000000        208687500.000000     
         504
   28.1750000000000        211312500.000000     
         218
   28.5250000000000        213937500.000000     
          86
   28.8750000000000        216562500.000000     
         240
   29.2250000000000        219187500.000000     
         145
   29.5750000000000        221812500.000000     
         182
   29.9250000000000        224437500.000000     
         294
   30.2750000000000        227062500.000000     
          89
   30.6250000000000        229687500.000000     
          30
   30.9750000000001        232312500.000000     
          57
   31.3250000000001        234937500.000000     
         440
   31.6750000000001        237562500.000000     
         219
   32.0250000000001        240187500.000000     
          11
   32.3750000000001        242812500.000000     
         456
   32.7250000000001        245437500.000000     
          10
   33.0750000000001        248062500.000000     
          93
   33.4250000000001        250687500.000000     
         332
   33.7750000000001        253312500.000000     
          11
   34.1250000000001        255937500.000000     
         479
   34.4750000000001        258562500.000000     
         294
   34.8250000000001        261187500.000001     
         391
   35.1750000000001        263812500.000001     
         133
   35.5250000000001        266437500.000001     
         537
   35.8750000000001        269062500.000001     
         479
   36.2250000000001        271687500.000001     
         191
   36.5750000000001        274312500.000001     
         248
   36.9250000000001        276937500.000001     
         215
   37.2750000000001        279562500.000001     
         189
   37.6250000000001        282187500.000001     
         537
   37.9750000000001        284812500.000001     
          70
   38.3250000000001        287437500.000001     
         523
   38.6750000000001        290062500.000001     
         534
   39.0250000000001        292687500.000001     
         172
   39.3750000000001        295312500.000001     
         248
   39.7250000000001        297937500.000001     
         305
   40.0750000000001        300562500.000001     
         345
   40.4250000000001        303187500.000001     
         212
   40.7750000000001        305812500.000001     
          35
   41.1250000000001        308437500.000001     
         120
   41.4750000000001        311062500.000001     
         279
   41.8250000000001        313687500.000001     
         346
   42.1750000000001        316312500.000001     
         153
   42.5250000000001        318937500.000001     
         465
   42.8750000000001        321562500.000001     
         103
   43.2250000000001        324187500.000001     
         502
   43.5750000000001        326812500.000001     
         377
   43.9250000000001        329437500.000001     
         509
   44.2750000000001        332062500.000001     
         190
   44.6250000000001        334687500.000001     
          82
   44.9750000000001        337312500.000001     
          16
   45.3250000000001        339937500.000001     
         191
   45.6750000000001        342562500.000001     
          56
   46.0250000000001        345187500.000001     
         209
   46.3750000000001        347812500.000001     
         439
   46.7250000000001        350437500.000001     
         203
   47.0750000000001        353062500.000001     
         472
   47.4250000000001        355687500.000001     
         135
   47.7750000000001        358312500.000001     
         310
   48.1250000000001        360937500.000001     
         335
   48.4750000000001        363562500.000001     
         348
   48.8250000000001        366187500.000001     
         383
   49.1750000000001        368812500.000001     
         337
   49.5250000000001        371437500.000001     
         101
   49.8750000000001        374062500.000001     
         196
   50.2250000000001        376687500.000001     
         246
   50.5750000000001        379312500.000001     
         306
   50.9250000000001        381937500.000001     
          33
   51.2750000000001        384562500.000001     
         359
   51.6250000000001        387187500.000001     
         483
   51.9750000000001        389812500.000001     
         380
   52.3250000000001        392437500.000001     
         151
   52.6750000000001        395062500.000001     
          92
   53.0250000000001        397687500.000001     
         416
   53.3750000000001        400312500.000001     
         301
   53.7250000000001        402937500.000001     
         155
   54.0750000000001        405562500.000001     
         487
   54.4250000000001        408187500.000001     
         297
   54.7750000000001        410812500.000001     
         343
   55.1250000000001        413437500.000001     
         254
   55.4750000000002        416062500.000001     
         334
   55.8250000000002        418687500.000001     
          98
   56.1750000000002        421312500.000001     
         169
   56.5250000000002        423937500.000001     
         451
   56.8750000000002        426562500.000001     
         158
   57.2250000000002        429187500.000001     
         510
   57.5750000000002        431812500.000001     
         517
   57.9250000000002        434437500.000001     
         304
   58.2750000000002        437062500.000001     
          78
   58.6250000000002        439687500.000001     
         284
   58.9750000000002        442312500.000001     
         376
   59.3250000000002        444937500.000001     
          50
   59.6750000000002        447562500.000001     
         236
   60.0250000000002        450187500.000001     
          28
   60.3750000000002        452812500.000001     
         469
   60.7250000000002        455437500.000001     
         192
   61.0750000000002        458062500.000001     
         166
   61.4250000000002        460687500.000001     
         407
   61.7750000000002        463312500.000001     
          71
   62.1250000000002        465937500.000001     
         481
   62.4750000000002        468562500.000001     
          48
   62.8250000000002        471187500.000001     
         107
   63.1750000000002        473812500.000001     
         537
   63.5250000000002        476437500.000001     
         407
   63.8750000000002        479062500.000001     
         154
   64.2250000000002        481687500.000001     
         136
   64.5750000000002        484312500.000001     
          95
   64.9250000000002        486937500.000001     
         374
   65.2750000000002        489562500.000001     
         475
   65.6250000000002        492187500.000001     
         431
   65.9750000000002        494812500.000001     
         112
   66.3250000000001        497437500.000001     
         449
   66.6750000000001        500062500.000001     
         291
   67.0250000000001        502687500.000001     
          97
   67.3750000000001        505312500.000001     
         242
   67.7250000000001        507937500.000001     
         159
   68.0750000000001        510562500.000001     
           5
   68.4250000000001        513187500.000001     
         296
   68.7750000000001        515812500.000001     
         147
   69.1250000000001        518437500.000001     
         462
   69.4750000000001        521062500.000001     
         426
   69.8250000000001        523687500.000001     
          33
   70.1750000000001        526312500.000001     
         444
   70.5250000000001        528937500.000001     
         510
   70.8750000000001        531562500.000001     
         212
   71.2250000000001        534187500.000000     
         200
   71.5750000000001        536812500.000000     
         217
   71.9250000000001        539437500.000000     
         439
   72.2750000000000        542062500.000000     
         345
   72.6250000000000        544687500.000000     
          67
   72.9750000000000        547312500.000000     
         323
   73.3250000000000        549937500.000000     
         531
   73.6750000000000        552562500.000000     
         216
   74.0250000000000        555187500.000000     
         478
   74.3750000000000        557812500.000000     
         476
   74.7250000000000        560437500.000000     
         105
   75.0750000000000        563062500.000000     
         307
   75.4250000000000        565687500.000000     
         205
   75.7750000000000        568312500.000000     
         186
   76.1250000000000        570937500.000000     
         427
   76.4750000000000        573562500.000000     
          71
   76.8250000000000        576187500.000000     
         179
   77.1750000000000        578812500.000000     
          64
   77.5250000000000        581437500.000000     
          21
   77.8750000000000        584062500.000000     
          66
   78.2250000000000        586687500.000000     
         168
   78.5749999999999        589312500.000000     
         364
   78.9249999999999        591937500.000000     
         354
   79.2749999999999        594562500.000000     
         450
   79.6249999999999        597187500.000000     
         305
   79.9749999999999        599812499.999999     
         291
   80.3249999999999        602437499.999999     
         196
   80.6749999999999        605062499.999999     
         210
   81.0249999999999        607687499.999999     
          10
   81.3749999999999        610312499.999999     
         136
   81.7249999999999        612937499.999999     
          61
   82.0749999999999        615562499.999999     
         468
   82.4249999999999        618187499.999999     
         349
   82.7749999999999        620812499.999999     
         443
   83.1249999999999        623437499.999999     
         219
   83.4749999999999        626062499.999999     
          30
   83.8249999999999        628687499.999999     
         214
   84.1749999999999        631312499.999999     
         368
   84.5249999999998        633937499.999999     
         374
   84.8749999999998        636562499.999999     
         463
   85.2249999999998        639187499.999999     
         234
   85.5749999999998        641812499.999999     
          26
   85.9249999999998        644437499.999999     
         381
   86.2749999999998        647062499.999999     
          19
   86.6249999999998        649687499.999999     
         487
   86.9749999999998        652312499.999999     
         181
   87.3249999999998        654937499.999999     
         172
   87.6749999999998        657562499.999998     
         534
   88.0249999999998        660187499.999998     
         278
   88.3749999999998        662812499.999998     
         465
   88.7249999999998        665437499.999998     
           2
   89.0749999999998        668062499.999998     
         334
   89.4249999999998        670687499.999998     
         528
   89.7749999999998        673312499.999998     
         457
   90.1249999999998        675937499.999998     
         521
   90.4749999999998        678562499.999998     
         483
   90.8249999999997        681187499.999998     
         133
   91.1749999999997        683812499.999998     
         201
   91.5249999999997        686437499.999998     
          83
   91.8749999999997        689062499.999998     
         109
   92.2249999999997        691687499.999998     
         119
   92.5749999999997        694312499.999998     
         299
   92.9249999999997        696937499.999998     
         227
   93.2749999999997        699562499.999998     
         439
   93.6249999999997        702187499.999998     
         192
   93.9749999999997        704812499.999998     
         241
   94.3249999999997        707437499.999998     
          46
   94.6749999999997        710062499.999998     
         383
   95.0249999999997        712687499.999998     
         482
   95.3749999999997        715312499.999997     
         117
   95.7249999999997        717937499.999997     
         149
   96.0749999999997        720562499.999997     
         347
   96.4249999999997        723187499.999997     
         281
   96.7749999999997        725812499.999997     
         254
   97.1249999999996        728437499.999997     
          70
   97.4749999999996        731062499.999997     
         347
   97.8249999999996        733687499.999997     
          52
   98.1749999999996        736312499.999997     
         180
   98.5249999999996        738937499.999997     
         324
   98.8749999999996        741562499.999997     
          85
   99.2249999999996        744187499.999997     
         488
   99.5749999999996        746812499.999997     
         128
   99.9249999999996        749437499.999997     
         334
   100.275000000000        752062499.999997     
         348
   100.625000000000        754687499.999997     
         200
   100.975000000000        757312499.999997     
         144
   101.325000000000        759937499.999997     
         105
   101.675000000000        762562499.999997     
          59
   102.025000000000        765187499.999997     
         318
   102.375000000000        767812499.999997     
         366
   102.725000000000        770437499.999997     
         471
   103.075000000000        773062499.999997     
          43
   103.425000000000        775687499.999997     
         392
   103.775000000000        778312499.999997     
         410
   104.125000000000        780937499.999996     
         312
   104.475000000000        783562499.999996     
         539
   104.825000000000        786187499.999996     
          30
   105.175000000000        788812499.999996     
          85
   105.525000000000        791437499.999996     
         217
   105.875000000000        794062499.999996     
          23
   106.224999999999        796687499.999996     
         485
   106.574999999999        799312499.999996     
          29
   106.924999999999        801937499.999996     
         102
   107.274999999999        804562499.999996     
         292
   107.624999999999        807187499.999996     
         358
   107.974999999999        809812499.999996     
         533
   108.324999999999        812437499.999996     
         453
   108.674999999999        815062499.999996     
          92
   109.024999999999        817687499.999996     
          98
   109.374999999999        820312499.999996     
         483
   109.724999999999        822937499.999996     
         329
   110.074999999999        825562499.999996     
          73
   110.424999999999        828187499.999996     
          68
   110.774999999999        830812499.999996     
         361
   111.124999999999        833437499.999996     
         260
   111.474999999999        836062499.999996     
         136
   111.824999999999        838687499.999996     
         433
   112.174999999999        841312499.999995     
         363
   112.524999999999        843937499.999995     
         187
   112.874999999999        846562499.999995     
         159
   113.224999999999        849187499.999995     
         136
   113.574999999999        851812499.999995     
         417
   113.924999999999        854437499.999995     
         413
   114.274999999999        857062499.999995     
         469
   114.624999999999        859687499.999995     
         464
   114.974999999999        862312499.999995     
         251
   115.324999999999        864937499.999995     
         318
   115.674999999999        867562499.999995     
         373
   116.024999999999        870187499.999995     
         306
   116.374999999999        872812499.999995     
          51
   116.724999999999        875437499.999995     
          82
   117.074999999999        878062499.999995     
         468
   117.424999999999        880687499.999995     
         432
   117.774999999999        883312499.999995     
          50
   118.124999999999        885937499.999995     
         229
   118.474999999999        888562499.999995     
          14
   118.824999999999        891187499.999995     
          84
   119.174999999999        893812499.999995     
         332
   119.524999999999        896437499.999995     
         279
   119.874999999999        899062499.999995     
         255
   120.224999999999        901687499.999995     
         169
   120.574999999999        904312499.999995     
         280
   120.924999999999        906937499.999994     
         318
   121.274999999999        909562499.999994     
         219
   121.624999999999        912187499.999994     
          79
   121.974999999999        914812499.999994     
         487
   122.324999999999        917437499.999994     
          17
   122.674999999999        920062499.999994     
          56
   123.024999999999        922687499.999994     
         334
   123.374999999999        925312499.999994     
         141
   123.724999999999        927937499.999994     
         330
   124.074999999999        930562499.999994     
         168
   124.424999999999        933187499.999994     
         293
   124.774999999999        935812499.999994     
         375
   125.124999999999        938437499.999994     
          93
   125.474999999999        941062499.999994     
         348
   125.824999999999        943687499.999994     
          58
   126.174999999999        946312499.999994     
          88
   126.524999999999        948937499.999994     
          43
   126.874999999999        951562499.999994     
         373
   127.224999999999        954187499.999994     
         430
   127.574999999999        956812499.999994     
         355
   127.924999999999        959437499.999994     
         245
   128.274999999999        962062499.999993     
          70
   128.624999999999        964687499.999993     
         443
   128.974999999999        967312499.999993     
         113
   129.324999999999        969937499.999993     
         123
   129.674999999999        972562499.999993     
         108
   130.024999999999        975187499.999993     
         208
   130.374999999999        977812499.999993     
         457
   130.724999999999        980437499.999993     
         341
   131.074999999999        983062499.999993     
         395
   131.424999999999        985687499.999993     
         399
   131.774999999999        988312499.999993     
         259
   132.124999999999        990937499.999993     
         151
   132.474999999999        993562499.999993     
         340
   132.824999999999        996187499.999993     
         516
   133.174999999999        998812499.999993     
         164
   133.524999999999        1001437499.99999     
         514
   133.874999999999        1004062499.99999     
         356
   134.224999999999        1006687499.99999     
         416
   134.574999999999        1009312499.99999     
         180
   134.924999999999        1011937499.99999     
         272
   135.274999999999        1014562499.99999     
          48
   135.624999999999        1017187499.99999     
         318
   135.974999999999        1019812499.99999     
         405
   136.324999999999        1022437499.99999     
         340
   136.674999999999        1025062499.99999     
         442
   137.024999999999        1027687499.99999     
         210
   137.374999999999        1030312499.99999     
         402
   137.724999999999        1032937499.99999     
         144
   138.074999999999        1035562499.99999     
          52
   138.424999999999        1038187499.99999     
         217
   138.774999999999        1040812499.99999     
         434
   139.124999999999        1043437499.99999     
         398
   139.474999999999        1046062499.99999     
         322
   139.824999999999        1048687499.99999     
         214
   140.174999999999        1051312499.99999     
         205
   140.524999999999        1053937499.99999     
         367
   140.874999999999        1056562499.99999     
         379
   141.224999999999        1059187499.99999     
         372
   141.574999999999        1061812499.99999     
         493
   141.924999999999        1064437499.99999     
         133
   142.274999999999        1067062499.99999     
          14
   142.624999999999        1069687499.99999     
         322
   142.974999999999        1072312499.99999     
         342
   143.324999999999        1074937499.99999     
          34
   143.674999999999        1077562499.99999     
         288
   144.024999999999        1080187499.99999     
         530
   144.374999999999        1082812499.99999     
         313
   144.724999999999        1085437499.99999     
         465
   145.074999999999        1088062499.99999     
         407
   145.424999999999        1090687499.99999     
          33
   145.774999999999        1093312499.99999     
         358
   146.124999999999        1095937499.99999     
          12
   146.474999999999        1098562499.99999     
         468
   146.824999999999        1101187499.99999     
         523
   147.174999999999        1103812499.99999     
          50
   147.524999999999        1106437499.99999     
         469
   147.874999999999        1109062499.99999     
         365
   148.224999999999        1111687499.99999     
         174
   148.574999999999        1114312499.99999     
         386
   148.924999999999        1116937499.99999     
         189
   149.274999999999        1119562499.99999     
         494
   149.624999999999        1122187499.99999     
         278
   149.974999999999        1124812499.99999     
         160
   150.324999999999        1127437499.99999     
         105
   150.674999999999        1130062499.99999     
          76
   151.024999999999        1132687499.99999     
         214
   151.374999999999        1135312499.99999     
           3
   151.724999999999        1137937499.99999     
         369
   152.074999999999        1140562499.99999     
         175
   152.424999999999        1143187499.99999     
          46
   152.774999999999        1145812499.99999     
         271
   153.124999999999        1148437499.99999     
          43
   153.474999999999        1151062499.99999     
          96
   153.824999999999        1153687499.99999     
          67
   154.174999999999        1156312499.99999     
         323
   154.524999999999        1158937499.99999     
         191
   154.874999999999        1161562499.99999     
         485
   155.224999999999        1164187499.99999     
         281
   155.574999999999        1166812499.99999     
         192
   155.924999999999        1169437499.99999     
         255
   156.274999999999        1172062499.99999     
         399
   156.624999999999        1174687499.99999     
         214
   156.974999999999        1177312499.99999     
         221
   157.324999999999        1179937499.99999     
         507
   157.674999999999        1182562499.99999     
         403
   158.024999999999        1185187499.99999     
          88
   158.374999999999        1187812499.99999     
         360
   158.724999999999        1190437499.99999     
          93
   159.074999999999        1193062499.99999     
         341
   159.424999999999        1195687499.99999     
         175
   159.774999999999        1198312499.99999     
         185
   160.124999999999        1200937499.99999     
         150
   160.474999999999        1203562499.99999     
         101
   160.824999999999        1206187499.99999     
         537
   161.174999999999        1208812499.99999     
          89
   161.524999999999        1211437499.99999     
         230
   161.874999999999        1214062499.99999     
          65
   162.224999999999        1216687499.99999     
         250
   162.574999999999        1219312499.99999     
           6
   162.924999999999        1221937499.99999     
          76
   163.274999999999        1224562499.99999     
         363
   163.624999999999        1227187499.99999     
         180
   163.974999999999        1229812499.99999     
          88
   164.324999999999        1232437499.99999     
         417
   164.674999999999        1235062499.99999     
         206
   165.024999999999        1237687499.99999     
          48
   165.374999999999        1240312499.99999     
         171
   165.724999999999        1242937499.99999     
         403
   166.074999999999        1245562499.99999     
         363
   166.424999999999        1248187499.99999     
         367
   166.774999999998        1250812499.99999     
         395
   167.124999999998        1253437499.99999     
         222
   167.474999999998        1256062499.99999     
         445
   167.824999999998        1258687499.99999     
         174
   168.174999999998        1261312499.99999     
         519
   168.524999999998        1263937499.99999     
         282
   168.874999999998        1266562499.99999     
         113
   169.224999999998        1269187499.99999     
         193
   169.574999999998        1271812499.99999     
         260
   169.924999999998        1274437499.99999     
         320
   170.274999999998        1277062499.99999     
          29
   170.624999999998        1279687499.99999     
         196
   170.974999999998        1282312499.99999     
         287
   171.324999999998        1284937499.99999     
         512
   171.674999999998        1287562499.99999     
         537
   172.024999999998        1290187499.99999     
         381
   172.374999999998        1292812499.99999     
         136
   172.724999999998        1295437499.99999     
          32
   173.074999999998        1298062499.99999     
         434
   173.424999999998        1300687499.99999     
         489
   173.774999999998        1303312499.99999     
         510
   174.124999999998        1305937499.99999     
          53
   174.474999999998        1308562499.99999     
         456
   174.824999999998        1311187499.99999     
         469
   175.174999999998        1313812499.99999     
          76
   175.524999999998        1316437499.99999     
         260
   175.874999999998        1319062499.99999     
         454
   176.224999999998        1321687499.99999     
         210
   176.574999999998        1324312499.99999     
         324
   176.924999999998        1326937499.99999     
         300
   177.274999999998        1329562499.99999     
         443
   177.624999999998        1332187499.99999     
         226
   177.974999999998        1334812499.99999     
         261
   178.324999999998        1337437499.99999     
          78
   178.674999999998        1340062499.99999     
           3
   179.024999999998        1342687499.99999     
         224
   179.374999999998        1345312499.99999     
         404
   179.724999999998        1347937499.99999     
          66
   180.074999999998        1350562499.99999     
         478
   180.424999999998        1353187499.99999     
          95
   180.774999999998        1355812499.99999     
         476
   181.124999999998        1358437499.99999     
         388
   181.474999999998        1361062499.99999     
          86
   181.824999999998        1363687499.99999     
         236
   182.174999999998        1366312499.99999     
         465
   182.524999999998        1368937499.99999     
           6
   182.874999999998        1371562499.99999     
         112
   183.224999999998        1374187499.99999     
         283
   183.574999999998        1376812499.99999     
         216
   183.924999999998        1379437499.99999     
         186
   184.274999999998        1382062499.99999     
         283
   184.624999999998        1384687499.99999     
         381
   184.974999999998        1387312499.99999     
         493
   185.324999999998        1389937499.99999     
         470
   185.674999999998        1392562499.99999     
         409
   186.024999999998        1395187499.99999     
         166
   186.374999999998        1397812499.99999     
          52
   186.724999999998        1400437499.99999     
          10
   187.074999999998        1403062499.99999     
         101
   187.424999999998        1405687499.99999     
         506
   187.774999999998        1408312499.99999     
         503
   188.124999999998        1410937499.99999     
         261
   188.474999999998        1413562499.99999     
          89
   188.824999999998        1416187499.99999     
         237
   189.174999999998        1418812499.99999     
         132
   189.524999999998        1421437499.99999     
         266
   189.874999999998        1424062499.99999     
         289
   190.224999999998        1426687499.99999     
          41
   190.574999999998        1429312499.99999     
         373
   190.924999999998        1431937499.99999     
          54
   191.274999999998        1434562499.99999     
         248
   191.624999999998        1437187499.99999     
          96
   191.974999999998        1439812499.99999     
         531
   192.324999999998        1442437499.99999     
         420
   192.674999999998        1445062499.99999     
          40
   193.024999999998        1447687499.99999     
         489
   193.374999999998        1450312499.99999     
         465
   193.724999999998        1452937499.99999     
         333
   194.074999999998        1455562499.99999     
         357
   194.424999999998        1458187499.99999     
         436
   194.774999999998        1460812499.99999     
         213
   195.124999999998        1463437499.99999     
         408
   195.474999999998        1466062499.99999     
         456
   195.824999999998        1468687499.99999     
         167
   196.174999999998        1471312499.99999     
         464
   196.524999999998        1473937499.99999     
         104
   196.874999999998        1476562499.99998     
         169
   197.224999999998        1479187499.99998     
         196
   197.574999999998        1481812499.99998     
         411
   197.924999999998        1484437499.99998     
         487
   198.274999999998        1487062499.99998     
          82
   198.624999999998        1489687499.99998     
         539
   198.974999999998        1492312499.99998     
         208
   199.324999999998        1494937499.99998     
         145
   199.674999999998        1497562499.99998     
          77
   200.024999999998        1500187499.99998     
         402
   200.374999999998        1502812499.99998     
         352
   200.724999999998        1505437499.99998     
         206
   201.074999999998        1508062499.99998     
         259
   201.424999999998        1510687499.99998     
         281
   201.774999999998        1513312499.99998     
         296
   202.124999999998        1515937499.99998     
         419
   202.474999999998        1518562499.99998     
         174
   202.824999999998        1521187499.99998     
         494
   203.174999999998        1523812499.99998     
         109
   203.524999999998        1526437499.99998     
         540
   203.874999999998        1529062499.99998     
         457
   204.224999999998        1531687499.99998     
         503
   204.574999999998        1534312499.99998     
         113
   204.924999999998        1536937499.99998     
         260
   205.274999999998        1539562499.99998     
         453
   205.624999999998        1542187499.99998     
         151
   205.974999999998        1544812499.99998     
         227
   206.324999999998        1547437499.99998     
         447
   206.674999999998        1550062499.99998     
         326
   207.024999999998        1552687499.99998     
           2
   207.374999999998        1555312499.99998     
         118
   207.724999999998        1557937499.99998     
         367
   208.074999999998        1560562499.99998     
         154
   208.424999999998        1563187499.99998     
          43
   208.774999999998        1565812499.99998     
          95
   209.124999999998        1568437499.99998     
         423
   209.474999999998        1571062499.99998     
         261
   209.824999999998        1573687499.99998     
         192
   210.174999999998        1576312499.99998     
          97
   210.524999999998        1578937499.99998     
         194
   210.874999999998        1581562499.99998     
         498
   211.224999999998        1584187499.99998     
         455
   211.574999999998        1586812499.99998     
         528
   211.924999999998        1589437499.99998     
         321
   212.274999999998        1592062499.99998     
         346
   212.624999999998        1594687499.99998     
         411
   212.974999999998        1597312499.99998     
          43
   213.324999999998        1599937499.99998     
         101
   213.674999999998        1602562499.99998     
          38
   214.024999999998        1605187499.99998     
         329
   214.374999999998        1607812499.99998     
         158
   214.724999999998        1610437499.99998     
         152
   215.074999999998        1613062499.99998     
         391
   215.424999999998        1615687499.99998     
         249
   215.774999999998        1618312499.99998     
          88
   216.124999999998        1620937499.99998     
         497
   216.474999999998        1623562499.99998     
         532
   216.824999999998        1626187499.99998     
         191
   217.174999999998        1628812499.99998     
         247
   217.524999999998        1631437499.99998     
         296
   217.874999999998        1634062499.99998     
         211
   218.224999999998        1636687499.99998     
         431
   218.574999999998        1639312499.99998     
         392
   218.924999999998        1641937499.99998     
         455
   219.274999999998        1644562499.99998     
         210
   219.624999999998        1647187499.99998     
         258
   219.974999999998        1649812499.99998     
         452
   220.324999999998        1652437499.99998     
         482
   220.674999999998        1655062499.99998     
         459
   221.024999999998        1657687499.99998     
         390
   221.374999999998        1660312499.99998     
         524
   221.724999999998        1662937499.99998     
         367
   222.074999999998        1665562499.99998     
          41
   222.424999999998        1668187499.99998     
         391
   222.774999999998        1670812499.99998     
         280
   223.124999999998        1673437499.99998     
         219
   223.474999999998        1676062499.99998     
         340
   223.824999999998        1678687499.99998     
         359
   224.174999999998        1681312499.99998     
         309
   224.524999999998        1683937499.99998     
         289
   224.874999999998        1686562499.99998     
         359
   225.224999999998        1689187499.99998     
         308
   225.574999999998        1691812499.99998     
          34
   225.924999999998        1694437499.99998     
         173
   226.274999999998        1697062499.99998     
         404
   226.624999999998        1699687499.99998     
         125
   226.974999999998        1702312499.99998     
          85
   227.324999999998        1704937499.99998     
         239
   227.674999999998        1707562499.99998     
           8
   228.024999999998        1710187499.99998     
          23
   228.374999999997        1712812499.99998     
         321
   228.724999999997        1715437499.99998     
         398
   229.074999999997        1718062499.99998     
         320
   229.424999999997        1720687499.99998     
         477
   229.774999999997        1723312499.99998     
         364
   230.124999999997        1725937499.99998     
         120
   230.474999999997        1728562499.99998     
         345
   230.824999999997        1731187499.99998     
         429
   231.174999999997        1733812499.99998     
         350
   231.524999999997        1736437499.99998     
         104
   231.874999999997        1739062499.99998     
           7
   232.224999999997        1741687499.99998     
           1
   232.574999999997        1744312499.99998     
         350
   232.924999999997        1746937499.99998     
         424
   233.274999999997        1749562499.99998     
         289
   233.624999999997        1752187499.99998     
         431
   233.974999999997        1754812499.99998     
         283
   234.324999999997        1757437499.99998     
          60
   234.674999999997        1760062499.99998     
         308
   235.024999999997        1762687499.99998     
          54
   235.374999999997        1765312499.99998     
         459
   235.724999999997        1767937499.99998     
         200
   236.074999999997        1770562499.99998     
         360
   236.424999999997        1773187499.99998     
         320
   236.774999999997        1775812499.99998     
         256
   237.124999999997        1778437499.99998     
         278
   237.474999999997        1781062499.99998     
         126
   237.824999999997        1783687499.99998     
         251
   238.174999999997        1786312499.99998     
          80
   238.524999999997        1788937499.99998     
         420
   238.874999999997        1791562499.99998     
         190
   239.224999999997        1794187499.99998     
         418
   239.574999999997        1796812499.99998     
         507
   239.924999999997        1799437499.99998     
           3
   240.274999999997        1802062499.99998     
         418
   240.624999999997        1804687499.99998     
         442
   240.974999999997        1807312499.99998     
         350
   241.324999999997        1809937499.99998     
          93
   241.674999999997        1812562499.99998     
         394
   242.024999999997        1815187499.99998     
         344
   242.374999999997        1817812499.99998     
         141
   242.724999999997        1820437499.99998     
          67
   243.074999999997        1823062499.99998     
         101
   243.424999999997        1825687499.99998     
          66
   243.774999999997        1828312499.99998     
          10
   244.124999999997        1830937499.99998     
         398
   244.474999999997        1833562499.99998     
         107
   244.824999999997        1836187499.99998     
          84
   245.174999999997        1838812499.99998     
          69
   245.524999999997        1841437499.99998     
         327
   245.874999999997        1844062499.99998     
         284
   246.224999999997        1846687499.99998     
         272
   246.574999999997        1849312499.99998     
         319
   246.924999999997        1851937499.99998     
         351
   247.274999999997        1854562499.99998     
         328
   247.624999999997        1857187499.99998     
         386
   247.974999999997        1859812499.99998     
         263
   248.324999999997        1862437499.99998     
          24
   248.674999999997        1865062499.99998     
         215
   249.024999999997        1867687499.99998     
          12
   249.374999999997        1870312499.99998     
         473
   249.724999999997        1872937499.99998     
         134
   250.074999999997        1875562499.99998     
         184
   250.424999999997        1878187499.99998     
         253
   250.774999999997        1880812499.99998     
         189
   251.124999999997        1883437499.99998     
           9
   251.474999999997        1886062499.99998     
         447
   251.824999999997        1888687499.99998     
         423
   252.174999999997        1891312499.99998     
         144
   252.524999999997        1893937499.99998     
           3
   252.874999999997        1896562499.99998     
         422
   253.224999999997        1899187499.99998     
         264
   253.574999999997        1901812499.99998     
         501
   253.924999999997        1904437499.99998     
         491
   254.274999999997        1907062499.99998     
          88
   254.624999999997        1909687499.99998     
         121
   254.974999999997        1912312499.99998     
         197
   255.324999999997        1914937499.99998     
         122
   255.674999999997        1917562499.99998     
         137
   256.024999999997        1920187499.99998     
         346
   256.374999999997        1922812499.99998     
         202
   256.724999999997        1925437499.99998     
         127
   257.074999999997        1928062499.99998     
         188
   257.424999999997        1930687499.99998     
          77
   257.774999999997        1933312499.99998     
         181
   258.124999999997        1935937499.99998     
         520
   258.474999999997        1938562499.99998     
          55
   258.824999999997        1941187499.99998     
         468
   259.174999999997        1943812499.99998     
         348
   259.524999999997        1946437499.99998     
         369
   259.874999999997        1949062499.99998     
          13
   260.224999999997        1951687499.99998     
         493
   260.574999999997        1954312499.99998     
         469
   260.924999999997        1956937499.99998     
         290
   261.274999999997        1959562499.99998     
         321
   261.624999999997        1962187499.99998     
         263
   261.974999999997        1964812499.99998     
         500
   262.324999999997        1967437499.99998     
         433
   262.674999999998        1970062499.99998     
         467
   263.024999999998        1972687499.99998     
         142
   263.374999999998        1975312499.99998     
         111
   263.724999999998        1977937499.99998     
         215
   264.074999999998        1980562499.99998     
         236
   264.424999999998        1983187499.99998     
          78
   264.774999999998        1985812499.99998     
         383
   265.124999999998        1988437499.99998     
         287
   265.474999999998        1991062499.99998     
         194
   265.824999999998        1993687499.99998     
         127
   266.174999999998        1996312499.99998     
         265
   266.524999999998        1998937499.99998     
         296
   266.874999999998        2001562499.99998     
         426
   267.224999999998        2004187499.99998     
         160
   267.574999999998        2006812499.99998     
          17
   267.924999999998        2009437499.99998     
         196
   268.274999999998        2012062499.99998     
         161
   268.624999999998        2014687499.99998     
         353
   268.974999999998        2017312499.99998     
         111
   269.324999999998        2019937499.99998     
         168
   269.674999999998        2022562499.99998     
          42
   270.024999999998        2025187499.99998     
           8
   270.374999999998        2027812499.99998     
           1
   270.724999999998        2030437499.99999     
         540
   271.074999999998        2033062499.99999     
         333
   271.424999999998        2035687499.99999     
          84
   271.774999999998        2038312499.99999     
         338
   272.124999999998        2040937499.99999     
          29
   272.474999999998        2043562499.99999     
         109
   272.824999999998        2046187499.99999     
          23
   273.174999999998        2048812499.99999     
         395
   273.524999999998        2051437499.99999     
          90
   273.874999999998        2054062499.99999     
         293
   274.224999999998        2056687499.99999     
         434
   274.574999999998        2059312499.99999     
         163
   274.924999999998        2061937499.99999     
         511
   275.274999999998        2064562499.99999     
         489
   275.624999999998        2067187499.99999     
         405
   275.974999999998        2069812499.99999     
         239
   276.324999999998        2072437499.99999     
         338
   276.674999999998        2075062499.99999     
         337
   277.024999999998        2077687499.99999     
         455
   277.374999999998        2080312499.99999     
         300
   277.724999999998        2082937499.99999     
          95
   278.074999999999        2085562499.99999     
         528
   278.424999999999        2088187499.99999     
         521
   278.774999999999        2090812499.99999     
         284
   279.124999999999        2093437499.99999     
          65
   279.474999999999        2096062499.99999     
         212
   279.824999999999        2098687499.99999     
         209
   280.174999999999        2101312499.99999     
          22
   280.524999999999        2103937499.99999     
           0
   280.874999999999        2106562499.99999     
         509
   281.224999999999        2109187499.99999     
         304
   281.574999999999        2111812499.99999     
         347
   281.924999999999        2114437499.99999     
         411
   282.274999999999        2117062499.99999     
         100
   282.624999999999        2119687499.99999     
         104
   282.974999999999        2122312499.99999     
          18
   283.324999999999        2124937499.99999     
         109
   283.674999999999        2127562499.99999     
         207
   284.024999999999        2130187499.99999     
         489
   284.374999999999        2132812499.99999     
         498
   284.724999999999        2135437499.99999     
         116
   285.074999999999        2138062499.99999     
          44
   285.424999999999        2140687499.99999     
         222
   285.774999999999        2143312499.99999     
         139
   286.124999999999        2145937499.99999     
           6
   286.474999999999        2148562499.99999     
          96
   286.824999999999        2151187499.99999     
         152
   287.174999999999        2153812499.99999     
         278
   287.524999999999        2156437499.99999     
         328
   287.874999999999        2159062499.99999     
         109
   288.224999999999        2161687499.99999     
          63
   288.574999999999        2164312499.99999     
         274
   288.924999999999        2166937499.99999     
         451
   289.274999999999        2169562499.99999     
         400
   289.624999999999        2172187499.99999     
         440
   289.974999999999        2174812499.99999     
         513
   290.324999999999        2177437499.99999     
         534
   290.674999999999        2180062499.99999     
          30
   291.024999999999        2182687500.00000     
         193
   291.374999999999        2185312500.00000     
          90
   291.724999999999        2187937500.00000     
         135
   292.074999999999        2190562500.00000     
         169
   292.424999999999        2193187500.00000     
         478
   292.774999999999        2195812500.00000     
         336
   293.124999999999        2198437500.00000     
         237
   293.475000000000        2201062500.00000     
         226
   293.825000000000        2203687500.00000     
          29
   294.175000000000        2206312500.00000     
         387
   294.525000000000        2208937500.00000     
         528
   294.875000000000        2211562500.00000     
         405
   295.225000000000        2214187500.00000     
         155
   295.575000000000        2216812500.00000     
          17
   295.925000000000        2219437500.00000     
         100
   296.275000000000        2222062500.00000     
         470
   296.625000000000        2224687500.00000     
         273
   296.975000000000        2227312500.00000     
         529
   297.325000000000        2229937500.00000     
          48
   297.675000000000        2232562500.00000     
         158
   298.025000000000        2235187500.00000     
         220
   298.375000000000        2237812500.00000     
          56
   298.725000000000        2240437500.00000     
         306
   299.075000000000        2243062500.00000     
         504
   299.425000000000        2245687500.00000     
          54
   299.775000000000        2248312500.00000     
         362
   300.125000000000        2250937500.00000     
           4
   300.475000000000        2253562500.00000     
         188
   300.825000000000        2256187500.00000     
         458
   301.175000000000        2258812500.00000     
         391
   301.525000000000        2261437500.00000     
         535
   301.875000000000        2264062500.00000     
         171
   302.225000000000        2266687500.00000     
         347
   302.575000000000        2269312500.00000     
         409
   302.925000000000        2271937500.00000     
         187
   303.275000000000        2274562500.00000     
         230
   303.625000000000        2277187500.00000     
           9
   303.975000000000        2279812500.00000     
         461
   304.325000000000        2282437500.00000     
         464
   304.675000000000        2285062500.00000     
         311
   305.025000000000        2287687500.00000     
         395
   305.375000000000        2290312500.00000     
         340
   305.725000000000        2292937500.00000     
         244
   306.075000000000        2295562500.00000     
          30
   306.425000000000        2298187500.00000     
         521
   306.775000000000        2300812500.00000     
         442
   307.125000000000        2303437500.00000     
         520
   307.475000000000        2306062500.00000     
         101
   307.825000000000        2308687500.00000     
         138
   308.175000000000        2311312500.00000     
         180
   308.525000000000        2313937500.00000     
         515
   308.875000000001        2316562500.00000     
          45
   309.225000000001        2319187500.00000     
         414
   309.575000000001        2321812500.00000     
         123
   309.925000000001        2324437500.00000     
         263
   310.275000000001        2327062500.00000     
         188
   310.625000000001        2329687500.00000     
         451
   310.975000000001        2332312500.00000     
         313
   311.325000000001        2334937500.00001     
          47
   311.675000000001        2337562500.00001     
          78
   312.025000000001        2340187500.00001     
         229
   312.375000000001        2342812500.00001     
          63
   312.725000000001        2345437500.00001     
         199
   313.075000000001        2348062500.00001     
         189
   313.425000000001        2350687500.00001     
         105
   313.775000000001        2353312500.00001     
         162
   314.125000000001        2355937500.00001     
         119
   314.475000000001        2358562500.00001     
           8
   314.825000000001        2361187500.00001     
         331
   315.175000000001        2363812500.00001     
           8
   315.525000000001        2366437500.00001     
         105
   315.875000000001        2369062500.00001     
          67
   316.225000000001        2371687500.00001     
         129
   316.575000000001        2374312500.00001     
         449
   316.925000000001        2376937500.00001     
         464
   317.275000000001        2379562500.00001     
         446
   317.625000000001        2382187500.00001     
         423
   317.975000000001        2384812500.00001     
         350
   318.325000000001        2387437500.00001     
         362
   318.675000000001        2390062500.00001     
         107
   319.025000000001        2392687500.00001     
         229
   319.375000000001        2395312500.00001     
         336
   319.725000000001        2397937500.00001     
          85
   320.075000000001        2400562500.00001     
         301
   320.425000000001        2403187500.00001     
         494
   320.775000000001        2405812500.00001     
         251
   321.125000000001        2408437500.00001     
         299
   321.475000000001        2411062500.00001     
         539
   321.825000000001        2413687500.00001     
         203
   322.175000000001        2416312500.00001     
         449
   322.525000000001        2418937500.00001     
         174
   322.875000000001        2421562500.00001     
          61
   323.225000000001        2424187500.00001     
          36
   323.575000000001        2426812500.00001     
         241
   323.925000000001        2429437500.00001     
         409
   324.275000000002        2432062500.00001     
         465
   324.625000000002        2434687500.00001     
         133
   324.975000000002        2437312500.00001     
         178
   325.325000000002        2439937500.00001     
         255
   325.675000000002        2442562500.00001     
          57
   326.025000000002        2445187500.00001     
         226
   326.375000000002        2447812500.00001     
         137
   326.725000000002        2450437500.00001     
         299
   327.075000000002        2453062500.00001     
         391
   327.425000000002        2455687500.00001     
          25
   327.775000000002        2458312500.00001     
         537
   328.125000000002        2460937500.00001     
          22
   328.475000000002        2463562500.00001     
         516
   328.825000000002        2466187500.00001     
         447
   329.175000000002        2468812500.00001     
          74
   329.525000000002        2471437500.00001     
         520
   329.875000000002        2474062500.00001     
         533
   330.225000000002        2476687500.00001     
         458
   330.575000000002        2479312500.00001     
         404
   330.925000000002        2481937500.00001     
         215
   331.275000000002        2484562500.00001     
         319
   331.625000000002        2487187500.00001     
         106
   331.975000000002        2489812500.00002     
         509
   332.325000000002        2492437500.00002     
         218
   332.675000000002        2495062500.00002     
         491
   333.025000000002        2497687500.00002     
         304
   333.375000000002        2500312500.00002     
         169
   333.725000000002        2502937500.00002     
          10
   334.075000000002        2505562500.00002     
         374
   334.425000000002        2508187500.00002     
         466
   334.775000000002        2510812500.00002     
         229
   335.125000000002        2513437500.00002     
         536
   335.475000000002        2516062500.00002     
         193
   335.825000000002        2518687500.00002     
         250
   336.175000000002        2521312500.00002     
         105
   336.525000000002        2523937500.00002     
           6
   336.875000000002        2526562500.00002     
         391
   337.225000000002        2529187500.00002     
         363
   337.575000000002        2531812500.00002     
         534
   337.925000000002        2534437500.00002     
         335
   338.275000000002        2537062500.00002     
         435
   338.625000000002        2539687500.00002     
         327
   338.975000000002        2542312500.00002     
         468
   339.325000000002        2544937500.00002     
         132
   339.675000000003        2547562500.00002     
         537
   340.025000000003        2550187500.00002     
         375
   340.375000000003        2552812500.00002     
         125
   340.725000000003        2555437500.00002     
         362
   341.075000000003        2558062500.00002     
           6
   341.425000000003        2560687500.00002     
         482
   341.775000000003        2563312500.00002     
         378
   342.125000000003        2565937500.00002     
         262
   342.475000000003        2568562500.00002     
         185
   342.825000000003        2571187500.00002     
          15
   343.175000000003        2573812500.00002     
         401
   343.525000000003        2576437500.00002     
         150
   343.875000000003        2579062500.00002     
         404
   344.225000000003        2581687500.00002     
         162
   344.575000000003        2584312500.00002     
         446
   344.925000000003        2586937500.00002     
         230
   345.275000000003        2589562500.00002     
         457
   345.625000000003        2592187500.00002     
         520
   345.975000000003        2594812500.00002     
         394
   346.325000000003        2597437500.00002     
         445
   346.675000000003        2600062500.00002     
          43
   347.025000000003        2602687500.00002     
         148
   347.375000000003        2605312500.00002     
         153
   347.725000000003        2607937500.00002     
         315
   348.075000000003        2610562500.00002     
         119
   348.425000000003        2613187500.00002     
         486
   348.775000000003        2615812500.00002     
         466
   349.125000000003        2618437500.00002     
         464
   349.475000000003        2621062500.00002     
         329
   349.825000000003        2623687500.00002     
         487
   350.175000000003        2626312500.00002     
         246
   350.525000000003        2628937500.00002     
         145
   350.875000000003        2631562500.00002     
         221
   351.225000000003        2634187500.00002     
         198
   351.575000000003        2636812500.00002     
         362
   351.925000000003        2639437500.00002     
         366
   352.275000000003        2642062500.00002     
          37
   352.625000000003        2644687500.00003     
         148
   352.975000000003        2647312500.00003     
         288
   353.325000000003        2649937500.00003     
         421
   353.675000000003        2652562500.00003     
         166
   354.025000000003        2655187500.00003     
          67
   354.375000000003        2657812500.00003     
         286
   354.725000000003        2660437500.00003     
         109
   355.075000000004        2663062500.00003     
         464
   355.425000000004        2665687500.00003     
         209
   355.775000000004        2668312500.00003     
         385
   356.125000000004        2670937500.00003     
         524
   356.475000000004        2673562500.00003     
           3
   356.825000000004        2676187500.00003     
         418
   357.175000000004        2678812500.00003     
         261
   357.525000000004        2681437500.00003     
         497
   357.875000000004        2684062500.00003     
         466
   358.225000000004        2686687500.00003     
         460
   358.575000000004        2689312500.00003     
         403
   358.925000000004        2691937500.00003     
         316
   359.275000000004        2694562500.00003     
         264
   359.625000000004        2697187500.00003     
         417
   359.975000000004        2699812500.00003     
         220
   360.325000000004        2702437500.00003     
         527
   360.675000000004        2705062500.00003     
         102
   361.025000000004        2707687500.00003     
          31
   361.375000000004        2710312500.00003     
         227
   361.725000000004        2712937500.00003     
         113
   362.075000000004        2715562500.00003     
         425
   362.425000000004        2718187500.00003     
         204
   362.775000000004        2720812500.00003     
         181
   363.125000000004        2723437500.00003     
         498
   363.475000000004        2726062500.00003     
         170
   363.825000000004        2728687500.00003     
         449
   364.175000000004        2731312500.00003     
         392
   364.525000000004        2733937500.00003     
          10
   364.875000000004        2736562500.00003     
         354
   365.225000000004        2739187500.00003     
         219
   365.575000000004        2741812500.00003     
         440
   365.925000000004        2744437500.00003     
         230
   366.275000000004        2747062500.00003     
           2
   366.625000000004        2749687500.00003     
         491
   366.975000000004        2752312500.00003     
         411
   367.325000000004        2754937500.00003     
         301
   367.675000000004        2757562500.00003     
          95
   368.025000000004        2760187500.00003     
         290
   368.375000000004        2762812500.00003     
           0
   368.725000000004        2765437500.00003     
         359
   369.075000000004        2768062500.00003     
         500
   369.425000000004        2770687500.00003     
         176
   369.775000000004        2773312500.00003     
         182
   370.125000000004        2775937500.00003     
         376
   370.475000000005        2778562500.00003     
         525
   370.825000000005        2781187500.00003     
         396
   371.175000000005        2783812500.00003     
         365
   371.525000000005        2786437500.00003     
         227
   371.875000000005        2789062500.00003     
         255
   372.225000000005        2791687500.00003     
          53
   372.575000000005        2794312500.00003     
         372
   372.925000000005        2796937500.00003     
          35
   373.275000000005        2799562500.00004     
         287
   373.625000000005        2802187500.00004     
          28
   373.975000000005        2804812500.00004     
         338
   374.325000000005        2807437500.00004     
         352
   374.675000000005        2810062500.00004     
         389
   375.025000000005        2812687500.00004     
         485
   375.375000000005        2815312500.00004     
         191
   375.725000000005        2817937500.00004     
         362
   376.075000000005        2820562500.00004     
          35
   376.425000000005        2823187500.00004     
         188
   376.775000000005        2825812500.00004     
         497
   377.125000000005        2828437500.00004     
         251
   377.475000000005        2831062500.00004     
         109
   377.825000000005        2833687500.00004     
         243
   378.175000000005        2836312500.00004     
         122
   378.525000000005        2838937500.00004     
         462
   378.875000000005        2841562500.00004     
          22
   379.225000000005        2844187500.00004     
         104
   379.575000000005        2846812500.00004     
         397
   379.925000000005        2849437500.00004     
         211
   380.275000000005        2852062500.00004     
         103
   380.625000000005        2854687500.00004     
          15
   380.975000000005        2857312500.00004     
         380
   381.325000000005        2859937500.00004     
         536
   381.675000000005        2862562500.00004     
          13
   382.025000000005        2865187500.00004     
         177
   382.375000000005        2867812500.00004     
         374
   382.725000000005        2870437500.00004     
         462
   383.075000000005        2873062500.00004     
          83
   383.425000000005        2875687500.00004     
          92
   383.775000000005        2878312500.00004     
          16
   384.125000000005        2880937500.00004     
         351
   384.475000000005        2883562500.00004     
         157
   384.825000000005        2886187500.00004     
         384
   385.175000000005        2888812500.00004     
         333
   385.525000000005        2891437500.00004     
          48
   385.875000000006        2894062500.00004     
         429
   386.225000000006        2896687500.00004     
          54
   386.575000000006        2899312500.00004     
         108
   386.925000000006        2901937500.00004     
         533
   387.275000000006        2904562500.00004     
         492
   387.625000000006        2907187500.00004     
         415
   387.975000000006        2909812500.00004     
         163
   388.325000000006        2912437500.00004     
         133
   388.675000000006        2915062500.00004     
         404
   389.025000000006        2917687500.00004     
         236
   389.375000000006        2920312500.00004     
         280
   389.725000000006        2922937500.00004     
         264
   390.075000000006        2925562500.00004     
         343
   390.425000000006        2928187500.00004     
         242
   390.775000000006        2930812500.00004     
           4
   391.125000000006        2933437500.00004     
         449
   391.475000000006        2936062500.00004     
         166
   391.825000000006        2938687500.00004     
         309
   392.175000000006        2941312500.00004     
         537
   392.525000000006        2943937500.00004     
         157
   392.875000000006        2946562500.00004     
         434
   393.225000000006        2949187500.00004     
         112
   393.575000000006        2951812500.00005     
         123
   393.925000000006        2954437500.00005     
         326
   394.275000000006        2957062500.00005     
         414
   394.625000000006        2959687500.00005     
         334
   394.975000000006        2962312500.00005     
         470
   395.325000000006        2964937500.00005     
         212
   395.675000000006        2967562500.00005     
         477
   396.025000000006        2970187500.00005     
         483
   396.375000000006        2972812500.00005     
         229
   396.725000000006        2975437500.00005     
         469
   397.075000000006        2978062500.00005     
          60
   397.425000000006        2980687500.00005     
         264
   397.775000000006        2983312500.00005     
         273
   398.125000000006        2985937500.00005     
          74
   398.475000000006        2988562500.00005     
         141
   398.825000000006        2991187500.00005     
          44
   399.175000000006        2993812500.00005     
         288
   399.525000000006        2996437500.00005     
         508
   399.875000000006        2999062500.00005     
          45
   400.225000000006        3001687500.00005     
          34
   400.575000000006        3004312500.00005     
         341
   400.925000000006        3006937500.00005     
         181
   401.275000000007        3009562500.00005     
         357
   401.625000000007        3012187500.00005     
         108
   401.975000000007        3014812500.00005     
         402
   402.325000000007        3017437500.00005     
         339
   402.675000000007        3020062500.00005     
         121
   403.025000000007        3022687500.00005     
         426
   403.375000000007        3025312500.00005     
         179
   403.725000000007        3027937500.00005     
         365
   404.075000000007        3030562500.00005     
         225
   404.425000000007        3033187500.00005     
         506
   404.775000000007        3035812500.00005     
         533
   405.125000000007        3038437500.00005     
         168
   405.475000000007        3041062500.00005     
         500
   405.825000000007        3043687500.00005     
         230
   406.175000000007        3046312500.00005     
         156
   406.525000000007        3048937500.00005     
         363
   406.875000000007        3051562500.00005     
         110
   407.225000000007        3054187500.00005     
         419
   407.575000000007        3056812500.00005     
         403
   407.925000000007        3059437500.00005     
         351
   408.275000000007        3062062500.00005     
         447
   408.625000000007        3064687500.00005     
          33
   408.975000000007        3067312500.00005     
         379
   409.325000000007        3069937500.00005     
         467
   409.675000000007        3072562500.00005     
         456
   410.025000000007        3075187500.00005     
         124
   410.375000000007        3077812500.00005     
         474
   410.725000000007        3080437500.00005     
         123
   411.075000000007        3083062500.00005     
         454
   411.425000000007        3085687500.00005     
         220
   411.775000000007        3088312500.00005     
          60
   412.125000000007        3090937500.00005     
          69
   412.475000000007        3093562500.00005     
         136
   412.825000000007        3096187500.00005     
         269
   413.175000000007        3098812500.00005     
           0
   413.525000000007        3101437500.00005     
         531
   413.875000000007        3104062500.00005     
         441
   414.225000000007        3106687500.00006     
         348
   414.575000000007        3109312500.00006     
         170
   414.925000000007        3111937500.00006     
          92
   415.275000000007        3114562500.00006     
         453
   415.625000000007        3117187500.00006     
         472
   415.975000000007        3119812500.00006     
         503
   416.325000000007        3122437500.00006     
          21
   416.675000000008        3125062500.00006     
         206
   417.025000000008        3127687500.00006     
         361
   417.375000000008        3130312500.00006     
         428
   417.725000000008        3132937500.00006     
         289
   418.075000000008        3135562500.00006     
         102
   418.425000000008        3138187500.00006     
          10
   418.775000000008        3140812500.00006     
         144
   419.125000000008        3143437500.00006     
         296
   419.475000000008        3146062500.00006     
         486
   419.825000000008        3148687500.00006     
