       time        TW        TE         hW        hE
   0.17500E+00   0.29427E+02   0.29182E+02   0.32303E-02  -0.30929E-01
   0.52500E+00   0.28604E+02   0.27717E+02   0.28238E-01  -0.97959E-01
   0.87500E+00   0.28393E+02   0.26437E+02   0.70476E-01  -0.17198E+00
   0.12250E+01   0.28591E+02   0.24957E+02   0.11905E+00  -0.26221E+00
   0.15750E+01   0.28923E+02   0.23575E+02   0.17505E+00  -0.35767E+00
   0.19250E+01   0.29248E+02   0.22767E+02   0.23513E+00  -0.43322E+00
   0.22750E+01   0.29509E+02   0.22721E+02   0.30315E+00  -0.49334E+00
   0.26250E+01   0.29694E+02   0.22912E+02   0.37588E+00  -0.55356E+00
   0.29750E+01   0.29820E+02   0.23337E+02   0.45161E+00  -0.60421E+00
   0.33250E+01   0.29900E+02   0.24390E+02   0.52659E+00  -0.62080E+00
   0.36750E+01   0.29945E+02   0.25453E+02   0.59603E+00  -0.61656E+00
   0.40250E+01   0.29970E+02   0.26304E+02   0.65485E+00  -0.59478E+00
   0.43750E+01   0.29983E+02   0.26993E+02   0.70314E+00  -0.54713E+00
   0.47250E+01   0.29989E+02   0.27562E+02   0.73883E+00  -0.48640E+00
   0.50750E+01   0.29993E+02   0.28015E+02   0.75458E+00  -0.40789E+00
   0.54250E+01   0.29996E+02   0.28392E+02   0.74585E+00  -0.33084E+00
   0.57750E+01   0.29998E+02   0.28719E+02   0.71719E+00  -0.26515E+00
   0.61250E+01   0.29998E+02   0.28988E+02   0.67624E+00  -0.19560E+00
   0.64750E+01   0.29997E+02   0.29208E+02   0.62610E+00  -0.13535E+00
   0.68250E+01   0.29994E+02   0.29381E+02   0.57244E+00  -0.83667E-01
   0.71750E+01   0.29989E+02   0.29240E+02   0.52257E+00  -0.43479E-01
   0.75250E+01   0.29982E+02   0.28802E+02   0.48074E+00  -0.27638E-01
   0.78750E+01   0.29973E+02   0.28660E+02   0.44016E+00  -0.62228E-02
   0.82250E+01   0.29961E+02   0.28696E+02   0.40213E+00   0.21446E-01
   0.85750E+01   0.29947E+02   0.28610E+02   0.37790E+00   0.27062E-01
   0.89250E+01   0.29933E+02   0.28512E+02   0.36172E+00   0.22015E-01
   0.92750E+01   0.29918E+02   0.28319E+02   0.34253E+00   0.80770E-02
   0.96250E+01   0.29903E+02   0.28081E+02   0.32528E+00  -0.58560E-02
   0.99750E+01   0.29888E+02   0.27830E+02   0.31918E+00  -0.16182E-01
   0.10325E+02   0.29878E+02   0.27603E+02   0.31671E+00  -0.29029E-01
   0.10675E+02   0.29868E+02   0.27482E+02   0.30619E+00  -0.36154E-01
   0.11025E+02   0.29857E+02   0.27297E+02   0.29849E+00  -0.50371E-01
   0.11375E+02   0.29849E+02   0.27053E+02   0.29473E+00  -0.67039E-01
   0.11725E+02   0.29842E+02   0.26893E+02   0.29280E+00  -0.75491E-01
   0.12075E+02   0.29833E+02   0.26812E+02   0.29285E+00  -0.87250E-01
   0.12425E+02   0.29824E+02   0.26674E+02   0.28827E+00  -0.98809E-01
   0.12775E+02   0.29816E+02   0.26369E+02   0.27727E+00  -0.11458E+00
   0.13125E+02   0.29807E+02   0.26104E+02   0.27148E+00  -0.13161E+00
   0.13475E+02   0.29802E+02   0.26089E+02   0.27739E+00  -0.13781E+00
   0.13825E+02   0.29800E+02   0.26107E+02   0.28276E+00  -0.14609E+00
   0.14175E+02   0.29803E+02   0.26156E+02   0.28832E+00  -0.16005E+00
   0.14525E+02   0.29812E+02   0.26121E+02   0.29597E+00  -0.17568E+00
   0.14875E+02   0.29822E+02   0.25868E+02   0.30261E+00  -0.18684E+00
   0.15225E+02   0.29833E+02   0.25690E+02   0.31053E+00  -0.19469E+00
   0.15575E+02   0.29847E+02   0.25409E+02   0.32001E+00  -0.21413E+00
   0.15925E+02   0.29860E+02   0.24941E+02   0.33203E+00  -0.23754E+00
   0.16275E+02   0.29873E+02   0.24505E+02   0.34363E+00  -0.26045E+00
   0.16625E+02   0.29886E+02   0.24319E+02   0.35383E+00  -0.28388E+00
   0.16975E+02   0.29899E+02   0.24409E+02   0.37137E+00  -0.29735E+00
   0.17325E+02   0.29914E+02   0.24435E+02   0.39408E+00  -0.31141E+00
   0.17675E+02   0.29928E+02   0.24568E+02   0.41540E+00  -0.32534E+00
   0.18025E+02   0.29940E+02   0.25041E+02   0.43710E+00  -0.32741E+00
   0.18375E+02   0.29951E+02   0.25378E+02   0.46282E+00  -0.32978E+00
   0.18725E+02   0.29960E+02   0.25624E+02   0.48227E+00  -0.33017E+00
   0.19075E+02   0.29967E+02   0.25779E+02   0.49418E+00  -0.32424E+00
   0.19425E+02   0.29972E+02   0.26192E+02   0.50343E+00  -0.30556E+00
   0.19775E+02   0.29975E+02   0.26860E+02   0.50599E+00  -0.27348E+00
   0.20125E+02   0.29977E+02   0.27250E+02   0.50785E+00  -0.25060E+00
   0.20475E+02   0.29978E+02   0.27694E+02   0.51126E+00  -0.22530E+00
   0.20825E+02   0.29978E+02   0.28111E+02   0.50654E+00  -0.19027E+00
   0.21175E+02   0.29977E+02   0.28085E+02   0.49220E+00  -0.17031E+00
   0.21525E+02   0.29975E+02   0.27815E+02   0.47672E+00  -0.15553E+00
   0.21875E+02   0.29971E+02   0.27508E+02   0.45821E+00  -0.13362E+00
   0.22225E+02   0.29967E+02   0.27194E+02   0.43321E+00  -0.11399E+00
   0.22575E+02   0.29960E+02   0.27103E+02   0.40857E+00  -0.98375E-01
   0.22925E+02   0.29952E+02   0.27201E+02   0.39061E+00  -0.79798E-01
   0.23275E+02   0.29942E+02   0.27304E+02   0.37981E+00  -0.65115E-01
   0.23625E+02   0.29933E+02   0.27150E+02   0.36954E+00  -0.72605E-01
   0.23975E+02   0.29925E+02   0.27018E+02   0.35717E+00  -0.78230E-01
   0.24325E+02   0.29916E+02   0.27067E+02   0.34598E+00  -0.67066E-01
   0.24675E+02   0.29905E+02   0.27038E+02   0.33704E+00  -0.64961E-01
   0.25025E+02   0.29893E+02   0.26996E+02   0.33104E+00  -0.72642E-01
   0.25375E+02   0.29882E+02   0.26993E+02   0.32393E+00  -0.76448E-01
   0.25725E+02   0.29872E+02   0.27004E+02   0.31866E+00  -0.79908E-01
   0.26075E+02   0.29867E+02   0.26965E+02   0.31915E+00  -0.85547E-01
   0.26425E+02   0.29865E+02   0.26748E+02   0.31548E+00  -0.96865E-01
   0.26775E+02   0.29861E+02   0.26531E+02   0.30645E+00  -0.10893E+00
   0.27125E+02   0.29851E+02   0.26336E+02   0.30020E+00  -0.11736E+00
   0.27475E+02   0.29841E+02   0.26352E+02   0.29843E+00  -0.11899E+00
   0.27825E+02   0.29838E+02   0.26416E+02   0.29875E+00  -0.12140E+00
   0.28175E+02   0.29838E+02   0.25958E+02   0.30029E+00  -0.14746E+00
   0.28525E+02   0.29839E+02   0.25594E+02   0.30331E+00  -0.16850E+00
   0.28875E+02   0.29841E+02   0.25299E+02   0.30459E+00  -0.17813E+00
   0.29225E+02   0.29844E+02   0.25156E+02   0.30735E+00  -0.19213E+00
   0.29575E+02   0.29850E+02   0.25471E+02   0.31828E+00  -0.19498E+00
   0.29925E+02   0.29861E+02   0.25407E+02   0.33157E+00  -0.20694E+00
   0.30275E+02   0.29874E+02   0.24836E+02   0.33660E+00  -0.23441E+00
   0.30625E+02   0.29883E+02   0.24397E+02   0.34309E+00  -0.26021E+00
   0.30975E+02   0.29893E+02   0.24202E+02   0.36276E+00  -0.27627E+00
   0.31325E+02   0.29905E+02   0.24313E+02   0.37953E+00  -0.27776E+00
   0.31675E+02   0.29917E+02   0.24438E+02   0.39042E+00  -0.29164E+00
   0.32025E+02   0.29926E+02   0.24724E+02   0.40138E+00  -0.30558E+00
   0.32375E+02   0.29935E+02   0.25068E+02   0.41835E+00  -0.30289E+00
   0.32725E+02   0.29945E+02   0.25144E+02   0.43947E+00  -0.30482E+00
   0.33075E+02   0.29953E+02   0.25185E+02   0.46147E+00  -0.31163E+00
   0.33425E+02   0.29961E+02   0.24971E+02   0.47663E+00  -0.31957E+00
   0.33775E+02   0.29966E+02   0.25179E+02   0.47555E+00  -0.31416E+00
   0.34125E+02   0.29969E+02   0.25705E+02   0.47785E+00  -0.29189E+00
   0.34475E+02   0.29971E+02   0.26189E+02   0.48538E+00  -0.26868E+00
   0.34825E+02   0.29974E+02   0.26397E+02   0.49099E+00  -0.25184E+00
   0.35175E+02   0.29975E+02   0.26682E+02   0.49308E+00  -0.23534E+00
   0.35525E+02   0.29976E+02   0.27249E+02   0.49296E+00  -0.20923E+00
   0.35875E+02   0.29975E+02   0.27492E+02   0.48658E+00  -0.17811E+00
   0.36225E+02   0.29974E+02   0.27596E+02   0.47600E+00  -0.15538E+00
   0.36575E+02   0.29972E+02   0.27583E+02   0.46023E+00  -0.13600E+00
   0.36925E+02   0.29966E+02   0.27554E+02   0.43731E+00  -0.11158E+00
   0.37275E+02   0.29959E+02   0.27767E+02   0.41835E+00  -0.83484E-01
   0.37625E+02   0.29952E+02   0.27885E+02   0.40776E+00  -0.69086E-01
   0.37975E+02   0.29945E+02   0.27716E+02   0.39563E+00  -0.69396E-01
   0.38325E+02   0.29935E+02   0.27528E+02   0.37106E+00  -0.68191E-01
   0.38675E+02   0.29923E+02   0.27349E+02   0.34842E+00  -0.64114E-01
   0.39025E+02   0.29910E+02   0.27193E+02   0.33556E+00  -0.61038E-01
   0.39375E+02   0.29895E+02   0.27110E+02   0.32878E+00  -0.64128E-01
   0.39725E+02   0.29882E+02   0.27040E+02   0.32371E+00  -0.73497E-01
   0.40075E+02   0.29877E+02   0.26643E+02   0.31593E+00  -0.92132E-01
   0.40425E+02   0.29871E+02   0.26253E+02   0.30708E+00  -0.10901E+00
   0.40775E+02   0.29864E+02   0.26209E+02   0.30788E+00  -0.10977E+00
   0.41125E+02   0.29860E+02   0.26177E+02   0.31133E+00  -0.10713E+00
   0.41475E+02   0.29858E+02   0.26177E+02   0.30912E+00  -0.11677E+00
   0.41825E+02   0.29853E+02   0.26114E+02   0.30673E+00  -0.13230E+00
   0.42175E+02   0.29849E+02   0.25955E+02   0.31108E+00  -0.14095E+00
   0.42525E+02   0.29855E+02   0.26019E+02   0.31724E+00  -0.14078E+00
   0.42875E+02   0.29859E+02   0.25883E+02   0.31910E+00  -0.15551E+00
   0.43225E+02   0.29859E+02   0.25393E+02   0.31869E+00  -0.18155E+00
   0.43575E+02   0.29859E+02   0.25100E+02   0.31643E+00  -0.19231E+00
   0.43925E+02   0.29860E+02   0.24802E+02   0.31875E+00  -0.20596E+00
   0.44275E+02   0.29865E+02   0.24383E+02   0.32561E+00  -0.23035E+00
   0.44625E+02   0.29873E+02   0.24088E+02   0.33628E+00  -0.25311E+00
   0.44975E+02   0.29883E+02   0.23964E+02   0.34905E+00  -0.27153E+00
   0.45325E+02   0.29894E+02   0.23995E+02   0.36367E+00  -0.28697E+00
   0.45675E+02   0.29907E+02   0.24079E+02   0.37937E+00  -0.30407E+00
   0.46025E+02   0.29920E+02   0.24401E+02   0.40234E+00  -0.31253E+00
   0.46375E+02   0.29933E+02   0.24646E+02   0.42635E+00  -0.31677E+00
   0.46725E+02   0.29945E+02   0.24528E+02   0.43989E+00  -0.32656E+00
   0.47075E+02   0.29953E+02   0.24531E+02   0.45138E+00  -0.33164E+00
   0.47425E+02   0.29960E+02   0.24509E+02   0.46824E+00  -0.33336E+00
   0.47775E+02   0.29966E+02   0.24697E+02   0.48544E+00  -0.32743E+00
   0.48125E+02   0.29970E+02   0.25375E+02   0.49280E+00  -0.31230E+00
   0.48475E+02   0.29973E+02   0.25967E+02   0.49912E+00  -0.29910E+00
   0.48825E+02   0.29976E+02   0.26448E+02   0.50953E+00  -0.27933E+00
   0.49175E+02   0.29978E+02   0.26707E+02   0.51402E+00  -0.25711E+00
   0.49525E+02   0.29979E+02   0.27050E+02   0.51249E+00  -0.23523E+00
   0.49875E+02   0.29979E+02   0.27272E+02   0.50835E+00  -0.20549E+00
   0.50225E+02   0.29978E+02   0.27385E+02   0.49934E+00  -0.17708E+00
   0.50575E+02   0.29977E+02   0.27671E+02   0.48381E+00  -0.15234E+00
   0.50925E+02   0.29974E+02   0.27673E+02   0.46353E+00  -0.12763E+00
   0.51275E+02   0.29969E+02   0.27674E+02   0.44074E+00  -0.10193E+00
   0.51625E+02   0.29963E+02   0.27615E+02   0.42561E+00  -0.80661E-01
   0.51975E+02   0.29955E+02   0.27567E+02   0.40782E+00  -0.66223E-01
   0.52325E+02   0.29947E+02   0.27515E+02   0.38608E+00  -0.60247E-01
   0.52675E+02   0.29935E+02   0.27471E+02   0.36726E+00  -0.56894E-01
   0.53025E+02   0.29922E+02   0.27426E+02   0.35362E+00  -0.52470E-01
   0.53375E+02   0.29911E+02   0.27304E+02   0.33998E+00  -0.53610E-01
   0.53725E+02   0.29899E+02   0.27129E+02   0.32604E+00  -0.62343E-01
   0.54075E+02   0.29887E+02   0.26937E+02   0.31904E+00  -0.70585E-01
   0.54425E+02   0.29876E+02   0.26843E+02   0.31330E+00  -0.72877E-01
   0.54775E+02   0.29869E+02   0.26745E+02   0.31068E+00  -0.80169E-01
   0.55125E+02   0.29864E+02   0.26716E+02   0.30808E+00  -0.91246E-01
   0.55475E+02   0.29858E+02   0.26771E+02   0.30587E+00  -0.91269E-01
   0.55825E+02   0.29851E+02   0.26643E+02   0.30493E+00  -0.97919E-01
   0.56175E+02   0.29847E+02   0.26530E+02   0.30599E+00  -0.11291E+00
   0.56525E+02   0.29845E+02   0.26380E+02   0.30435E+00  -0.12371E+00
   0.56875E+02   0.29843E+02   0.26026E+02   0.30455E+00  -0.13927E+00
   0.57225E+02   0.29840E+02   0.25759E+02   0.30293E+00  -0.15284E+00
   0.57575E+02   0.29835E+02   0.25456E+02   0.30121E+00  -0.16829E+00
   0.57925E+02   0.29834E+02   0.25258E+02   0.30632E+00  -0.18386E+00
   0.58275E+02   0.29845E+02   0.25031E+02   0.31376E+00  -0.19977E+00
   0.58625E+02   0.29854E+02   0.24725E+02   0.31963E+00  -0.22363E+00
   0.58975E+02   0.29861E+02   0.24607E+02   0.33186E+00  -0.23794E+00
   0.59325E+02   0.29874E+02   0.24853E+02   0.34754E+00  -0.24087E+00
   0.59675E+02   0.29888E+02   0.25225E+02   0.36381E+00  -0.24769E+00
   0.60025E+02   0.29904E+02   0.25150E+02   0.38008E+00  -0.26403E+00
   0.60375E+02   0.29917E+02   0.24683E+02   0.38693E+00  -0.28655E+00
   0.60725E+02   0.29926E+02   0.24763E+02   0.40034E+00  -0.28897E+00
   0.61075E+02   0.29934E+02   0.25258E+02   0.41811E+00  -0.27985E+00
   0.61425E+02   0.29943E+02   0.25661E+02   0.43349E+00  -0.27994E+00
   0.61775E+02   0.29950E+02   0.26257E+02   0.44241E+00  -0.27633E+00
   0.62125E+02   0.29955E+02   0.26744E+02   0.45054E+00  -0.26614E+00
   0.62475E+02   0.29960E+02   0.26980E+02   0.46027E+00  -0.24663E+00
   0.62825E+02   0.29964E+02   0.27001E+02   0.46398E+00  -0.22851E+00
   0.63175E+02   0.29966E+02   0.27069E+02   0.46600E+00  -0.22121E+00
   0.63525E+02   0.29967E+02   0.27328E+02   0.46430E+00  -0.19787E+00
   0.63875E+02   0.29966E+02   0.27695E+02   0.45059E+00  -0.16504E+00
   0.64225E+02   0.29963E+02   0.27905E+02   0.43736E+00  -0.14640E+00
   0.64575E+02   0.29961E+02   0.27741E+02   0.43131E+00  -0.13283E+00
   0.64925E+02   0.29958E+02   0.27467E+02   0.41863E+00  -0.12074E+00
   0.65275E+02   0.29951E+02   0.27156E+02   0.40267E+00  -0.11450E+00
   0.65625E+02   0.29943E+02   0.27015E+02   0.38704E+00  -0.10666E+00
   0.65975E+02   0.29933E+02   0.27044E+02   0.37557E+00  -0.94854E-01
   0.66325E+02   0.29923E+02   0.27043E+02   0.36650E+00  -0.89298E-01
   0.66675E+02   0.29915E+02   0.27016E+02   0.35285E+00  -0.90818E-01
   0.67025E+02   0.29906E+02   0.26834E+02   0.34201E+00  -0.94593E-01
   0.67375E+02   0.29901E+02   0.26760E+02   0.34120E+00  -0.92197E-01
   0.67725E+02   0.29898E+02   0.26888E+02   0.33990E+00  -0.88120E-01
   0.68075E+02   0.29890E+02   0.26930E+02   0.33254E+00  -0.87596E-01
   0.68425E+02   0.29882E+02   0.26812E+02   0.32247E+00  -0.92556E-01
   0.68775E+02   0.29874E+02   0.26538E+02   0.31432E+00  -0.10579E+00
   0.69125E+02   0.29867E+02   0.26419E+02   0.31281E+00  -0.10901E+00
   0.69475E+02   0.29860E+02   0.26505E+02   0.31079E+00  -0.10971E+00
   0.69825E+02   0.29855E+02   0.26355E+02   0.31117E+00  -0.12281E+00
   0.70175E+02   0.29853E+02   0.26123E+02   0.30983E+00  -0.13571E+00
   0.70525E+02   0.29850E+02   0.26057E+02   0.30885E+00  -0.14707E+00
   0.70875E+02   0.29848E+02   0.25874E+02   0.31079E+00  -0.15565E+00
   0.71225E+02   0.29851E+02   0.25658E+02   0.31653E+00  -0.16601E+00
   0.71575E+02   0.29860E+02   0.25383E+02   0.32421E+00  -0.18656E+00
   0.71925E+02   0.29867E+02   0.25374E+02   0.32576E+00  -0.19443E+00
   0.72275E+02   0.29870E+02   0.25314E+02   0.32809E+00  -0.20038E+00
   0.72625E+02   0.29876E+02   0.25024E+02   0.33445E+00  -0.21621E+00
   0.72975E+02   0.29885E+02   0.24936E+02   0.34840E+00  -0.22707E+00
   0.73325E+02   0.29896E+02   0.24812E+02   0.35799E+00  -0.24170E+00
   0.73675E+02   0.29904E+02   0.24865E+02   0.36374E+00  -0.25366E+00
   0.74025E+02   0.29912E+02   0.25265E+02   0.37729E+00  -0.25174E+00
   0.74375E+02   0.29921E+02   0.25648E+02   0.39334E+00  -0.25009E+00
   0.74725E+02   0.29930E+02   0.25978E+02   0.40670E+00  -0.24845E+00
   0.75075E+02   0.29937E+02   0.26402E+02   0.41623E+00  -0.24406E+00
   0.75425E+02   0.29943E+02   0.26707E+02   0.42466E+00  -0.23682E+00
   0.75775E+02   0.29948E+02   0.27070E+02   0.43314E+00  -0.21986E+00
   0.76125E+02   0.29953E+02   0.27051E+02   0.43789E+00  -0.21206E+00
   0.76475E+02   0.29955E+02   0.26736E+02   0.43066E+00  -0.21001E+00
   0.76825E+02   0.29952E+02   0.26838E+02   0.42058E+00  -0.19225E+00
   0.77175E+02   0.29950E+02   0.27081E+02   0.42155E+00  -0.17339E+00
   0.77525E+02   0.29951E+02   0.27259E+02   0.41955E+00  -0.16134E+00
   0.77875E+02   0.29950E+02   0.27206E+02   0.40999E+00  -0.15463E+00
   0.78225E+02   0.29947E+02   0.27315E+02   0.40157E+00  -0.14342E+00
   0.78575E+02   0.29945E+02   0.27519E+02   0.39472E+00  -0.11650E+00
   0.78925E+02   0.29942E+02   0.27369E+02   0.38444E+00  -0.10510E+00
   0.79275E+02   0.29934E+02   0.27122E+02   0.37472E+00  -0.11122E+00
   0.79625E+02   0.29927E+02   0.26925E+02   0.36525E+00  -0.10737E+00
   0.79975E+02   0.29921E+02   0.26586E+02   0.35118E+00  -0.10711E+00
   0.80325E+02   0.29910E+02   0.26154E+02   0.33707E+00  -0.12251E+00
   0.80675E+02   0.29897E+02   0.26101E+02   0.33293E+00  -0.12627E+00
   0.81025E+02   0.29890E+02   0.26148E+02   0.33575E+00  -0.11947E+00
   0.81375E+02   0.29885E+02   0.25907E+02   0.33323E+00  -0.13630E+00
   0.81725E+02   0.29886E+02   0.25530E+02   0.33269E+00  -0.16439E+00
   0.82075E+02   0.29891E+02   0.25154E+02   0.33515E+00  -0.17480E+00
   0.82425E+02   0.29891E+02   0.24967E+02   0.34087E+00  -0.17812E+00
   0.82775E+02   0.29892E+02   0.24944E+02   0.34494E+00  -0.19027E+00
   0.83125E+02   0.29895E+02   0.25045E+02   0.34496E+00  -0.19661E+00
   0.83475E+02   0.29895E+02   0.25388E+02   0.35045E+00  -0.19444E+00
   0.83825E+02   0.29900E+02   0.25368E+02   0.36074E+00  -0.20424E+00
   0.84175E+02   0.29906E+02   0.25323E+02   0.36525E+00  -0.21003E+00
   0.84525E+02   0.29910E+02   0.25554E+02   0.37100E+00  -0.20791E+00
   0.84875E+02   0.29916E+02   0.25381E+02   0.37835E+00  -0.21812E+00
   0.85225E+02   0.29921E+02   0.25057E+02   0.37824E+00  -0.22787E+00
   0.85575E+02   0.29922E+02   0.25033E+02   0.37562E+00  -0.23446E+00
   0.85925E+02   0.29923E+02   0.25061E+02   0.37945E+00  -0.24019E+00
   0.86275E+02   0.29926E+02   0.24959E+02   0.39167E+00  -0.24202E+00
   0.86625E+02   0.29931E+02   0.25052E+02   0.40073E+00  -0.25023E+00
   0.86975E+02   0.29936E+02   0.25199E+02   0.40615E+00  -0.25784E+00
   0.87325E+02   0.29941E+02   0.25112E+02   0.41528E+00  -0.25975E+00
   0.87675E+02   0.29945E+02   0.25224E+02   0.42768E+00  -0.25894E+00
   0.88025E+02   0.29950E+02   0.25431E+02   0.43503E+00  -0.25533E+00
   0.88375E+02   0.29953E+02   0.25618E+02   0.43796E+00  -0.24684E+00
   0.88725E+02   0.29956E+02   0.25788E+02   0.44482E+00  -0.24005E+00
   0.89075E+02   0.29959E+02   0.26013E+02   0.45016E+00  -0.23077E+00
   0.89425E+02   0.29961E+02   0.26258E+02   0.44892E+00  -0.21623E+00
   0.89775E+02   0.29961E+02   0.26132E+02   0.44839E+00  -0.21221E+00
   0.90125E+02   0.29961E+02   0.26185E+02   0.44559E+00  -0.20282E+00
   0.90475E+02   0.29960E+02   0.26461E+02   0.43794E+00  -0.17857E+00
   0.90825E+02   0.29958E+02   0.26678E+02   0.42864E+00  -0.16106E+00
   0.91175E+02   0.29955E+02   0.26861E+02   0.42583E+00  -0.14970E+00
   0.91525E+02   0.29954E+02   0.26604E+02   0.41711E+00  -0.14464E+00
   0.91875E+02   0.29949E+02   0.26210E+02   0.40166E+00  -0.14682E+00
   0.92225E+02   0.29942E+02   0.26238E+02   0.39360E+00  -0.13665E+00
   0.92575E+02   0.29937E+02   0.26319E+02   0.38511E+00  -0.12239E+00
   0.92925E+02   0.29934E+02   0.26301E+02   0.37268E+00  -0.11978E+00
   0.93275E+02   0.29927E+02   0.26224E+02   0.36109E+00  -0.12581E+00
   0.93625E+02   0.29919E+02   0.26023E+02   0.35515E+00  -0.12767E+00
   0.93975E+02   0.29911E+02   0.25982E+02   0.35168E+00  -0.12187E+00
   0.94325E+02   0.29907E+02   0.26240E+02   0.35441E+00  -0.11828E+00
   0.94675E+02   0.29907E+02   0.26484E+02   0.35348E+00  -0.11778E+00
   0.95025E+02   0.29904E+02   0.26346E+02   0.34426E+00  -0.12025E+00
   0.95375E+02   0.29896E+02   0.26042E+02   0.33385E+00  -0.12813E+00
   0.95725E+02   0.29889E+02   0.25990E+02   0.33442E+00  -0.13244E+00
   0.96075E+02   0.29888E+02   0.25995E+02   0.33912E+00  -0.13309E+00
   0.96425E+02   0.29886E+02   0.25983E+02   0.33605E+00  -0.14392E+00
   0.96775E+02   0.29883E+02   0.26056E+02   0.33277E+00  -0.15257E+00
   0.97125E+02   0.29880E+02   0.26190E+02   0.33018E+00  -0.14514E+00
   0.97475E+02   0.29879E+02   0.26168E+02   0.33203E+00  -0.14689E+00
   0.97825E+02   0.29880E+02   0.26083E+02   0.33911E+00  -0.15934E+00
   0.98175E+02   0.29884E+02   0.26002E+02   0.34395E+00  -0.16522E+00
   0.98525E+02   0.29888E+02   0.25874E+02   0.34132E+00  -0.17111E+00
   0.98875E+02   0.29889E+02   0.25947E+02   0.33694E+00  -0.16981E+00
   0.99225E+02   0.29888E+02   0.25778E+02   0.33655E+00  -0.17162E+00
   0.99575E+02   0.29889E+02   0.25435E+02   0.34089E+00  -0.18689E+00
   0.99925E+02   0.29892E+02   0.25344E+02   0.34492E+00  -0.19801E+00
   0.10027E+03   0.29894E+02   0.25208E+02   0.34915E+00  -0.21133E+00
   0.10062E+03   0.29899E+02   0.25062E+02   0.35833E+00  -0.22122E+00
   0.10097E+03   0.29906E+02   0.24931E+02   0.36669E+00  -0.23032E+00
   0.10132E+03   0.29914E+02   0.24574E+02   0.37117E+00  -0.25092E+00
   0.10167E+03   0.29919E+02   0.24629E+02   0.37756E+00  -0.25780E+00
   0.10202E+03   0.29923E+02   0.24961E+02   0.39112E+00  -0.25572E+00
   0.10237E+03   0.29931E+02   0.24835E+02   0.40920E+00  -0.26658E+00
   0.10272E+03   0.29939E+02   0.24633E+02   0.42323E+00  -0.28301E+00
   0.10307E+03   0.29945E+02   0.24436E+02   0.42824E+00  -0.29899E+00
   0.10342E+03   0.29949E+02   0.24356E+02   0.43154E+00  -0.30131E+00
   0.10377E+03   0.29954E+02   0.24433E+02   0.44441E+00  -0.29575E+00
   0.10412E+03   0.29958E+02   0.24636E+02   0.45586E+00  -0.29912E+00
   0.10447E+03   0.29962E+02   0.24917E+02   0.46472E+00  -0.29542E+00
   0.10482E+03   0.29966E+02   0.25351E+02   0.47197E+00  -0.28360E+00
   0.10517E+03   0.29968E+02   0.25749E+02   0.47869E+00  -0.27001E+00
   0.10552E+03   0.29971E+02   0.25725E+02   0.48578E+00  -0.25633E+00
   0.10587E+03   0.29973E+02   0.26138E+02   0.48755E+00  -0.23411E+00
   0.10622E+03   0.29973E+02   0.26686E+02   0.48314E+00  -0.20513E+00
   0.10657E+03   0.29972E+02   0.26733E+02   0.47279E+00  -0.18469E+00
   0.10692E+03   0.29970E+02   0.26802E+02   0.46455E+00  -0.16705E+00
   0.10727E+03   0.29969E+02   0.26768E+02   0.45633E+00  -0.15255E+00
   0.10762E+03   0.29966E+02   0.26936E+02   0.43928E+00  -0.12997E+00
   0.10797E+03   0.29961E+02   0.27094E+02   0.41976E+00  -0.10878E+00
   0.10832E+03   0.29953E+02   0.26981E+02   0.40465E+00  -0.10078E+00
   0.10867E+03   0.29945E+02   0.27125E+02   0.39237E+00  -0.84837E-01
   0.10902E+03   0.29937E+02   0.27084E+02   0.37844E+00  -0.81758E-01
   0.10937E+03   0.29928E+02   0.27082E+02   0.36372E+00  -0.81398E-01
   0.10972E+03   0.29918E+02   0.27274E+02   0.35411E+00  -0.64296E-01
   0.11007E+03   0.29910E+02   0.27224E+02   0.34684E+00  -0.65431E-01
   0.11042E+03   0.29903E+02   0.26863E+02   0.33343E+00  -0.80845E-01
   0.11077E+03   0.29892E+02   0.26422E+02   0.31605E+00  -0.96873E-01
   0.11112E+03   0.29880E+02   0.26120E+02   0.31024E+00  -0.10448E+00
   0.11147E+03   0.29872E+02   0.26032E+02   0.30964E+00  -0.10312E+00
   0.11182E+03   0.29870E+02   0.25972E+02   0.30603E+00  -0.11703E+00
   0.11217E+03   0.29865E+02   0.25711E+02   0.30282E+00  -0.13734E+00
   0.11252E+03   0.29857E+02   0.25575E+02   0.30684E+00  -0.14625E+00
   0.11287E+03   0.29856E+02   0.25497E+02   0.31660E+00  -0.15342E+00
   0.11322E+03   0.29861E+02   0.25357E+02   0.32588E+00  -0.17088E+00
   0.11357E+03   0.29870E+02   0.25185E+02   0.33170E+00  -0.18918E+00
   0.11392E+03   0.29878E+02   0.25145E+02   0.32932E+00  -0.19691E+00
   0.11427E+03   0.29877E+02   0.25232E+02   0.33067E+00  -0.19487E+00
   0.11462E+03   0.29878E+02   0.25369E+02   0.33811E+00  -0.19490E+00
   0.11497E+03   0.29885E+02   0.25412E+02   0.35009E+00  -0.20677E+00
   0.11532E+03   0.29896E+02   0.24926E+02   0.36239E+00  -0.23476E+00
   0.11567E+03   0.29903E+02   0.24295E+02   0.36307E+00  -0.26846E+00
   0.11602E+03   0.29907E+02   0.24114E+02   0.36672E+00  -0.28054E+00
   0.11637E+03   0.29915E+02   0.24279E+02   0.38009E+00  -0.28009E+00
   0.11672E+03   0.29924E+02   0.24651E+02   0.39217E+00  -0.28468E+00
   0.11707E+03   0.29931E+02   0.24933E+02   0.40553E+00  -0.29105E+00
   0.11742E+03   0.29938E+02   0.25062E+02   0.42357E+00  -0.29506E+00
   0.11777E+03   0.29947E+02   0.25051E+02   0.44664E+00  -0.30490E+00
   0.11812E+03   0.29956E+02   0.25290E+02   0.46909E+00  -0.30740E+00
   0.11847E+03   0.29963E+02   0.25970E+02   0.47832E+00  -0.29102E+00
   0.11882E+03   0.29967E+02   0.26490E+02   0.47767E+00  -0.27044E+00
   0.11917E+03   0.29969E+02   0.26617E+02   0.47802E+00  -0.25280E+00
   0.11952E+03   0.29971E+02   0.26808E+02   0.47737E+00  -0.23718E+00
   0.11987E+03   0.29972E+02   0.27289E+02   0.48255E+00  -0.21174E+00
   0.12022E+03   0.29972E+02   0.27606E+02   0.48602E+00  -0.18464E+00
   0.12057E+03   0.29972E+02   0.27594E+02   0.47428E+00  -0.17078E+00
   0.12092E+03   0.29969E+02   0.27509E+02   0.45622E+00  -0.15526E+00
   0.12127E+03   0.29964E+02   0.27317E+02   0.43921E+00  -0.13746E+00
   0.12162E+03   0.29958E+02   0.27290E+02   0.42286E+00  -0.11908E+00
   0.12197E+03   0.29954E+02   0.27399E+02   0.41220E+00  -0.10066E+00
   0.12232E+03   0.29950E+02   0.27174E+02   0.39810E+00  -0.10013E+00
   0.12267E+03   0.29942E+02   0.26971E+02   0.38067E+00  -0.97739E-01
   0.12302E+03   0.29932E+02   0.26994E+02   0.36781E+00  -0.81699E-01
   0.12337E+03   0.29921E+02   0.27014E+02   0.35563E+00  -0.77261E-01
   0.12372E+03   0.29911E+02   0.26890E+02   0.34882E+00  -0.81155E-01
   0.12407E+03   0.29902E+02   0.26751E+02   0.34288E+00  -0.90251E-01
   0.12442E+03   0.29897E+02   0.26594E+02   0.33263E+00  -0.10009E+00
   0.12477E+03   0.29890E+02   0.26524E+02   0.32209E+00  -0.98221E-01
   0.12512E+03   0.29880E+02   0.26514E+02   0.32468E+00  -0.99748E-01
   0.12547E+03   0.29877E+02   0.26288E+02   0.32440E+00  -0.11083E+00
   0.12582E+03   0.29873E+02   0.25985E+02   0.31459E+00  -0.12432E+00
   0.12617E+03   0.29865E+02   0.25913E+02   0.31127E+00  -0.13377E+00
   0.12652E+03   0.29859E+02   0.26054E+02   0.31542E+00  -0.13126E+00
   0.12687E+03   0.29859E+02   0.26017E+02   0.32110E+00  -0.13382E+00
   0.12722E+03   0.29863E+02   0.25647E+02   0.32054E+00  -0.16003E+00
   0.12757E+03   0.29863E+02   0.25401E+02   0.31654E+00  -0.17863E+00
   0.12792E+03   0.29861E+02   0.25281E+02   0.31867E+00  -0.17786E+00
   0.12827E+03   0.29864E+02   0.25143E+02   0.32838E+00  -0.19013E+00
   0.12862E+03   0.29872E+02   0.24992E+02   0.33911E+00  -0.21178E+00
   0.12897E+03   0.29881E+02   0.25014E+02   0.34442E+00  -0.22112E+00
   0.12932E+03   0.29889E+02   0.25018E+02   0.34628E+00  -0.23083E+00
   0.12967E+03   0.29895E+02   0.24867E+02   0.35651E+00  -0.24323E+00
   0.13002E+03   0.29905E+02   0.25102E+02   0.37418E+00  -0.24508E+00
   0.13037E+03   0.29915E+02   0.25368E+02   0.38821E+00  -0.24657E+00
   0.13072E+03   0.29924E+02   0.25431E+02   0.39730E+00  -0.25531E+00
   0.13107E+03   0.29931E+02   0.25303E+02   0.40372E+00  -0.26299E+00
   0.13142E+03   0.29937E+02   0.25120E+02   0.41127E+00  -0.26839E+00
   0.13177E+03   0.29943E+02   0.25164E+02   0.42246E+00  -0.26626E+00
   0.13212E+03   0.29948E+02   0.25551E+02   0.43108E+00  -0.25803E+00
   0.13247E+03   0.29952E+02   0.26242E+02   0.43437E+00  -0.24501E+00
   0.13282E+03   0.29955E+02   0.26499E+02   0.44090E+00  -0.23238E+00
   0.13317E+03   0.29958E+02   0.26663E+02   0.44985E+00  -0.22655E+00
   0.13352E+03   0.29960E+02   0.26873E+02   0.45318E+00  -0.21241E+00
   0.13387E+03   0.29961E+02   0.26937E+02   0.44970E+00  -0.19473E+00
   0.13422E+03   0.29962E+02   0.26804E+02   0.44262E+00  -0.18378E+00
   0.13457E+03   0.29960E+02   0.26677E+02   0.43262E+00  -0.16812E+00
   0.13492E+03   0.29957E+02   0.26905E+02   0.41805E+00  -0.14454E+00
   0.13527E+03   0.29953E+02   0.26879E+02   0.40580E+00  -0.13159E+00
   0.13562E+03   0.29949E+02   0.26646E+02   0.39949E+00  -0.12971E+00
   0.13597E+03   0.29943E+02   0.26395E+02   0.39120E+00  -0.13124E+00
   0.13632E+03   0.29936E+02   0.26179E+02   0.37985E+00  -0.13192E+00
   0.13667E+03   0.29930E+02   0.26119E+02   0.36865E+00  -0.12629E+00
   0.13702E+03   0.29922E+02   0.26250E+02   0.36182E+00  -0.12111E+00
   0.13737E+03   0.29915E+02   0.26364E+02   0.36031E+00  -0.11785E+00
   0.13772E+03   0.29912E+02   0.26131E+02   0.35520E+00  -0.12698E+00
   0.13807E+03   0.29912E+02   0.25692E+02   0.35183E+00  -0.14719E+00
   0.13842E+03   0.29909E+02   0.25468E+02   0.34751E+00  -0.15113E+00
   0.13877E+03   0.29903E+02   0.25747E+02   0.34557E+00  -0.13472E+00
   0.13912E+03   0.29901E+02   0.25947E+02   0.34549E+00  -0.12971E+00
   0.13947E+03   0.29898E+02   0.25916E+02   0.33906E+00  -0.14142E+00
   0.13982E+03   0.29891E+02   0.25887E+02   0.33620E+00  -0.15138E+00
   0.14017E+03   0.29889E+02   0.25948E+02   0.34265E+00  -0.15011E+00
   0.14052E+03   0.29892E+02   0.26115E+02   0.35033E+00  -0.14766E+00
   0.14087E+03   0.29896E+02   0.26118E+02   0.34779E+00  -0.15607E+00
   0.14122E+03   0.29895E+02   0.25800E+02   0.34095E+00  -0.16781E+00
   0.14157E+03   0.29891E+02   0.25541E+02   0.33578E+00  -0.17328E+00
   0.14192E+03   0.29889E+02   0.25541E+02   0.33413E+00  -0.17423E+00
   0.14227E+03   0.29890E+02   0.25550E+02   0.34105E+00  -0.17997E+00
   0.14262E+03   0.29893E+02   0.25510E+02   0.35159E+00  -0.19264E+00
   0.14297E+03   0.29897E+02   0.25458E+02   0.35565E+00  -0.20175E+00
   0.14332E+03   0.29901E+02   0.25345E+02   0.35316E+00  -0.20894E+00
   0.14367E+03   0.29904E+02   0.25179E+02   0.35629E+00  -0.21794E+00
   0.14402E+03   0.29908E+02   0.25098E+02   0.37200E+00  -0.22271E+00
   0.14437E+03   0.29916E+02   0.25120E+02   0.38240E+00  -0.22560E+00
   0.14472E+03   0.29923E+02   0.25148E+02   0.38107E+00  -0.23303E+00
   0.14507E+03   0.29926E+02   0.25053E+02   0.38460E+00  -0.24465E+00
   0.14542E+03   0.29929E+02   0.25340E+02   0.39886E+00  -0.23642E+00
   0.14577E+03   0.29935E+02   0.25804E+02   0.40961E+00  -0.22323E+00
   0.14612E+03   0.29940E+02   0.25671E+02   0.41450E+00  -0.23453E+00
   0.14647E+03   0.29945E+02   0.25275E+02   0.41631E+00  -0.24946E+00
   0.14682E+03   0.29947E+02   0.25238E+02   0.41816E+00  -0.24588E+00
   0.14717E+03   0.29949E+02   0.25404E+02   0.42543E+00  -0.23444E+00
   0.14752E+03   0.29951E+02   0.25696E+02   0.42723E+00  -0.22780E+00
   0.14787E+03   0.29952E+02   0.26223E+02   0.42919E+00  -0.21766E+00
   0.14822E+03   0.29953E+02   0.26648E+02   0.43064E+00  -0.20061E+00
   0.14857E+03   0.29953E+02   0.26936E+02   0.43155E+00  -0.18641E+00
   0.14892E+03   0.29953E+02   0.27047E+02   0.43318E+00  -0.17385E+00
   0.14927E+03   0.29954E+02   0.27016E+02   0.43051E+00  -0.16163E+00
   0.14962E+03   0.29954E+02   0.26964E+02   0.42077E+00  -0.15063E+00
   0.14997E+03   0.29949E+02   0.26913E+02   0.40127E+00  -0.13511E+00
   0.15032E+03   0.29942E+02   0.26950E+02   0.38613E+00  -0.12074E+00
   0.15067E+03   0.29935E+02   0.27087E+02   0.37851E+00  -0.10669E+00
   0.15102E+03   0.29929E+02   0.27041E+02   0.37616E+00  -0.10596E+00
   0.15137E+03   0.29923E+02   0.26931E+02   0.36729E+00  -0.11408E+00
   0.15172E+03   0.29914E+02   0.26955E+02   0.35316E+00  -0.10632E+00
   0.15207E+03   0.29908E+02   0.26818E+02   0.34932E+00  -0.10318E+00
   0.15242E+03   0.29904E+02   0.26571E+02   0.34382E+00  -0.11075E+00
   0.15277E+03   0.29895E+02   0.26529E+02   0.33284E+00  -0.10953E+00
   0.15312E+03   0.29884E+02   0.26508E+02   0.32627E+00  -0.10960E+00
   0.15347E+03   0.29878E+02   0.26258E+02   0.32966E+00  -0.11901E+00
   0.15382E+03   0.29879E+02   0.25940E+02   0.33065E+00  -0.13655E+00
   0.15417E+03   0.29879E+02   0.25658E+02   0.32397E+00  -0.15241E+00
   0.15452E+03   0.29879E+02   0.25511E+02   0.32080E+00  -0.15763E+00
   0.15487E+03   0.29877E+02   0.25458E+02   0.32134E+00  -0.16031E+00
   0.15522E+03   0.29874E+02   0.25333E+02   0.32576E+00  -0.17145E+00
   0.15557E+03   0.29875E+02   0.25308E+02   0.33387E+00  -0.18595E+00
   0.15592E+03   0.29880E+02   0.25353E+02   0.34396E+00  -0.19510E+00
   0.15627E+03   0.29887E+02   0.25301E+02   0.35144E+00  -0.20503E+00
   0.15662E+03   0.29895E+02   0.25133E+02   0.35549E+00  -0.21795E+00
   0.15697E+03   0.29900E+02   0.25179E+02   0.36207E+00  -0.22328E+00
   0.15732E+03   0.29906E+02   0.25665E+02   0.36783E+00  -0.21319E+00
   0.15767E+03   0.29912E+02   0.25830E+02   0.37083E+00  -0.21137E+00
   0.15802E+03   0.29918E+02   0.25529E+02   0.37713E+00  -0.22368E+00
   0.15837E+03   0.29922E+02   0.25607E+02   0.38495E+00  -0.22486E+00
   0.15872E+03   0.29926E+02   0.26103E+02   0.39213E+00  -0.20861E+00
   0.15907E+03   0.29931E+02   0.25981E+02   0.39369E+00  -0.20706E+00
   0.15942E+03   0.29933E+02   0.25322E+02   0.39242E+00  -0.23056E+00
   0.15977E+03   0.29934E+02   0.24992E+02   0.39551E+00  -0.23991E+00
   0.16012E+03   0.29936E+02   0.24976E+02   0.39783E+00  -0.23259E+00
   0.16047E+03   0.29937E+02   0.25150E+02   0.40124E+00  -0.23202E+00
   0.16082E+03   0.29939E+02   0.25089E+02   0.41057E+00  -0.24192E+00
   0.16117E+03   0.29943E+02   0.24983E+02   0.41973E+00  -0.24828E+00
   0.16152E+03   0.29947E+02   0.25180E+02   0.42178E+00  -0.24140E+00
   0.16187E+03   0.29949E+02   0.25507E+02   0.42543E+00  -0.23387E+00
   0.16222E+03   0.29951E+02   0.25759E+02   0.43571E+00  -0.22517E+00
   0.16257E+03   0.29955E+02   0.25738E+02   0.44282E+00  -0.21735E+00
   0.16292E+03   0.29957E+02   0.25795E+02   0.43942E+00  -0.21421E+00
   0.16327E+03   0.29957E+02   0.25906E+02   0.42793E+00  -0.20501E+00
   0.16362E+03   0.29954E+02   0.26137E+02   0.42458E+00  -0.18680E+00
   0.16397E+03   0.29954E+02   0.26504E+02   0.43057E+00  -0.16611E+00
   0.16432E+03   0.29954E+02   0.26857E+02   0.42390E+00  -0.15296E+00
   0.16467E+03   0.29950E+02   0.27159E+02   0.40627E+00  -0.13591E+00
   0.16502E+03   0.29945E+02   0.27324E+02   0.39538E+00  -0.11517E+00
   0.16537E+03   0.29941E+02   0.27247E+02   0.39498E+00  -0.10441E+00
   0.16572E+03   0.29938E+02   0.27055E+02   0.38313E+00  -0.10169E+00
   0.16607E+03   0.29930E+02   0.26831E+02   0.36114E+00  -0.10607E+00
   0.16642E+03   0.29918E+02   0.26749E+02   0.34474E+00  -0.97140E-01
   0.16677E+03   0.29905E+02   0.26881E+02   0.33664E+00  -0.81847E-01
   0.16712E+03   0.29897E+02   0.26859E+02   0.33090E+00  -0.85026E-01
   0.16747E+03   0.29888E+02   0.26705E+02   0.32325E+00  -0.10006E+00
   0.16782E+03   0.29879E+02   0.26672E+02   0.32470E+00  -0.10594E+00
   0.16817E+03   0.29874E+02   0.26731E+02   0.32694E+00  -0.10223E+00
   0.16852E+03   0.29873E+02   0.26649E+02   0.32627E+00  -0.11009E+00
   0.16887E+03   0.29874E+02   0.26329E+02   0.32248E+00  -0.12743E+00
   0.16922E+03   0.29872E+02   0.26001E+02   0.31738E+00  -0.13634E+00
   0.16957E+03   0.29867E+02   0.25976E+02   0.31189E+00  -0.13322E+00
   0.16992E+03   0.29865E+02   0.26008E+02   0.31332E+00  -0.13605E+00
   0.17027E+03   0.29866E+02   0.25857E+02   0.31977E+00  -0.15077E+00
   0.17062E+03   0.29865E+02   0.25709E+02   0.32219E+00  -0.16395E+00
   0.17097E+03   0.29865E+02   0.25693E+02   0.32330E+00  -0.17098E+00
   0.17132E+03   0.29869E+02   0.25516E+02   0.32345E+00  -0.18089E+00
   0.17167E+03   0.29874E+02   0.25415E+02   0.32921E+00  -0.19325E+00
   0.17202E+03   0.29880E+02   0.25488E+02   0.34067E+00  -0.19859E+00
   0.17237E+03   0.29886E+02   0.25264E+02   0.34655E+00  -0.20796E+00
   0.17272E+03   0.29893E+02   0.24968E+02   0.34753E+00  -0.22788E+00
   0.17307E+03   0.29898E+02   0.25059E+02   0.35507E+00  -0.23760E+00
   0.17342E+03   0.29904E+02   0.25196E+02   0.37271E+00  -0.23740E+00
   0.17377E+03   0.29914E+02   0.25381E+02   0.38290E+00  -0.23818E+00
   0.17412E+03   0.29920E+02   0.25462E+02   0.38508E+00  -0.24838E+00
   0.17447E+03   0.29926E+02   0.25165E+02   0.39680E+00  -0.26178E+00
   0.17482E+03   0.29933E+02   0.25149E+02   0.41041E+00  -0.26185E+00
   0.17517E+03   0.29940E+02   0.25574E+02   0.42386E+00  -0.25781E+00
   0.17552E+03   0.29946E+02   0.25828E+02   0.42990E+00  -0.25942E+00
   0.17587E+03   0.29951E+02   0.25923E+02   0.43477E+00  -0.25525E+00
   0.17622E+03   0.29955E+02   0.26381E+02   0.43849E+00  -0.23712E+00
   0.17657E+03   0.29956E+02   0.26700E+02   0.43990E+00  -0.21934E+00
   0.17692E+03   0.29958E+02   0.26942E+02   0.44547E+00  -0.20230E+00
   0.17727E+03   0.29960E+02   0.26971E+02   0.44846E+00  -0.19112E+00
   0.17762E+03   0.29961E+02   0.26913E+02   0.44428E+00  -0.18555E+00
   0.17797E+03   0.29959E+02   0.27070E+02   0.43031E+00  -0.16630E+00
   0.17832E+03   0.29957E+02   0.27243E+02   0.41789E+00  -0.14316E+00
   0.17867E+03   0.29952E+02   0.27311E+02   0.40979E+00  -0.12911E+00
   0.17902E+03   0.29946E+02   0.27228E+02   0.40354E+00  -0.11705E+00
   0.17937E+03   0.29941E+02   0.27153E+02   0.39063E+00  -0.11270E+00
   0.17972E+03   0.29935E+02   0.26918E+02   0.37547E+00  -0.11439E+00
   0.18007E+03   0.29927E+02   0.26966E+02   0.37015E+00  -0.10444E+00
   0.18042E+03   0.29921E+02   0.27182E+02   0.36253E+00  -0.87218E-01
   0.18077E+03   0.29912E+02   0.27059E+02   0.34705E+00  -0.88306E-01
   0.18112E+03   0.29902E+02   0.26959E+02   0.33710E+00  -0.96385E-01
   0.18147E+03   0.29895E+02   0.26826E+02   0.33351E+00  -0.99455E-01
   0.18182E+03   0.29889E+02   0.26412E+02   0.33247E+00  -0.11175E+00
   0.18217E+03   0.29888E+02   0.26009E+02   0.32736E+00  -0.13015E+00
   0.18252E+03   0.29880E+02   0.25732E+02   0.31625E+00  -0.14174E+00
   0.18287E+03   0.29870E+02   0.25647E+02   0.31324E+00  -0.13876E+00
   0.18322E+03   0.29864E+02   0.25698E+02   0.31591E+00  -0.14372E+00
   0.18357E+03   0.29866E+02   0.25429E+02   0.32329E+00  -0.16727E+00
   0.18392E+03   0.29874E+02   0.25273E+02   0.33125E+00  -0.18257E+00
   0.18427E+03   0.29881E+02   0.25193E+02   0.33817E+00  -0.19168E+00
   0.18462E+03   0.29888E+02   0.24747E+02   0.34002E+00  -0.20937E+00
   0.18497E+03   0.29890E+02   0.24403E+02   0.33968E+00  -0.22662E+00
   0.18532E+03   0.29893E+02   0.24332E+02   0.34961E+00  -0.24091E+00
   0.18567E+03   0.29900E+02   0.24548E+02   0.35822E+00  -0.24791E+00
   0.18602E+03   0.29907E+02   0.24686E+02   0.36714E+00  -0.25680E+00
   0.18637E+03   0.29915E+02   0.24837E+02   0.38099E+00  -0.26969E+00
   0.18672E+03   0.29924E+02   0.25082E+02   0.39878E+00  -0.26916E+00
   0.18707E+03   0.29932E+02   0.25015E+02   0.41305E+00  -0.27366E+00
   0.18742E+03   0.29939E+02   0.24669E+02   0.42158E+00  -0.29494E+00
   0.18777E+03   0.29945E+02   0.24745E+02   0.42998E+00  -0.29792E+00
   0.18812E+03   0.29951E+02   0.25242E+02   0.44285E+00  -0.28480E+00
   0.18847E+03   0.29957E+02   0.25838E+02   0.45318E+00  -0.27309E+00
   0.18882E+03   0.29961E+02   0.26272E+02   0.45298E+00  -0.26079E+00
   0.18917E+03   0.29963E+02   0.26345E+02   0.45932E+00  -0.24901E+00
   0.18952E+03   0.29966E+02   0.26687E+02   0.47000E+00  -0.22701E+00
   0.18987E+03   0.29968E+02   0.26991E+02   0.47073E+00  -0.20694E+00
   0.19022E+03   0.29968E+02   0.26959E+02   0.46403E+00  -0.19504E+00
   0.19057E+03   0.29967E+02   0.27071E+02   0.45751E+00  -0.17835E+00
   0.19092E+03   0.29966E+02   0.27186E+02   0.44405E+00  -0.15637E+00
   0.19127E+03   0.29962E+02   0.27192E+02   0.42650E+00  -0.13499E+00
   0.19162E+03   0.29956E+02   0.27216E+02   0.41537E+00  -0.12267E+00
   0.19197E+03   0.29952E+02   0.27102E+02   0.41022E+00  -0.11374E+00
   0.19232E+03   0.29947E+02   0.27015E+02   0.39944E+00  -0.10622E+00
   0.19267E+03   0.29941E+02   0.26899E+02   0.38050E+00  -0.10632E+00
   0.19302E+03   0.29932E+02   0.26794E+02   0.36433E+00  -0.98962E-01
   0.19337E+03   0.29923E+02   0.26953E+02   0.35656E+00  -0.81724E-01
   0.19372E+03   0.29913E+02   0.26976E+02   0.35104E+00  -0.80502E-01
   0.19407E+03   0.29906E+02   0.26748E+02   0.33957E+00  -0.95551E-01
   0.19442E+03   0.29899E+02   0.26596E+02   0.33136E+00  -0.10173E+00
   0.19477E+03   0.29893E+02   0.26538E+02   0.33085E+00  -0.99975E-01
   0.19512E+03   0.29887E+02   0.26626E+02   0.32712E+00  -0.96332E-01
   0.19547E+03   0.29880E+02   0.26744E+02   0.31730E+00  -0.94688E-01
   0.19582E+03   0.29869E+02   0.26628E+02   0.31158E+00  -0.10516E+00
   0.19617E+03   0.29862E+02   0.26421E+02   0.31367E+00  -0.11480E+00
   0.19652E+03   0.29862E+02   0.26191E+02   0.31480E+00  -0.12742E+00
   0.19687E+03   0.29859E+02   0.25956E+02   0.31376E+00  -0.14644E+00
   0.19722E+03   0.29856E+02   0.25719E+02   0.31501E+00  -0.15686E+00
   0.19757E+03   0.29856E+02   0.25631E+02   0.31396E+00  -0.16018E+00
   0.19792E+03   0.29857E+02   0.25469E+02   0.31258E+00  -0.17238E+00
   0.19827E+03   0.29859E+02   0.25098E+02   0.31679E+00  -0.19745E+00
   0.19862E+03   0.29865E+02   0.24875E+02   0.33148E+00  -0.21315E+00
   0.19897E+03   0.29875E+02   0.24911E+02   0.34624E+00  -0.22059E+00
   0.19932E+03   0.29886E+02   0.24953E+02   0.35194E+00  -0.23478E+00
   0.19967E+03   0.29894E+02   0.25174E+02   0.35864E+00  -0.24176E+00
   0.20002E+03   0.29903E+02   0.25315E+02   0.37253E+00  -0.24495E+00
   0.20037E+03   0.29913E+02   0.24926E+02   0.38724E+00  -0.26313E+00
   0.20072E+03   0.29924E+02   0.24761E+02   0.39569E+00  -0.28114E+00
   0.20107E+03   0.29932E+02   0.25110E+02   0.40554E+00  -0.27952E+00
   0.20142E+03   0.29939E+02   0.25740E+02   0.42111E+00  -0.26247E+00
   0.20177E+03   0.29946E+02   0.26323E+02   0.42877E+00  -0.24829E+00
   0.20212E+03   0.29950E+02   0.26339E+02   0.43386E+00  -0.25105E+00
   0.20247E+03   0.29954E+02   0.25977E+02   0.44147E+00  -0.25571E+00
   0.20282E+03   0.29957E+02   0.26137E+02   0.44784E+00  -0.24247E+00
   0.20317E+03   0.29960E+02   0.26484E+02   0.45463E+00  -0.22376E+00
   0.20352E+03   0.29962E+02   0.26663E+02   0.44904E+00  -0.21030E+00
   0.20387E+03   0.29961E+02   0.26843E+02   0.44201E+00  -0.19618E+00
   0.20422E+03   0.29959E+02   0.26994E+02   0.43609E+00  -0.17825E+00
   0.20457E+03   0.29957E+02   0.27127E+02   0.43035E+00  -0.16253E+00
   0.20492E+03   0.29956E+02   0.27046E+02   0.42973E+00  -0.15375E+00
   0.20527E+03   0.29956E+02   0.26965E+02   0.42327E+00  -0.14183E+00
   0.20562E+03   0.29952E+02   0.27095E+02   0.40791E+00  -0.12239E+00
   0.20597E+03   0.29944E+02   0.27325E+02   0.38841E+00  -0.10089E+00
   0.20632E+03   0.29935E+02   0.27316E+02   0.37675E+00  -0.89562E-01
   0.20667E+03   0.29928E+02   0.26895E+02   0.37242E+00  -0.10290E+00
   0.20702E+03   0.29923E+02   0.26363E+02   0.36341E+00  -0.11960E+00
   0.20737E+03   0.29915E+02   0.26175E+02   0.34546E+00  -0.11820E+00
   0.20772E+03   0.29904E+02   0.26308E+02   0.33678E+00  -0.10659E+00
   0.20807E+03   0.29897E+02   0.26428E+02   0.33611E+00  -0.10356E+00
   0.20842E+03   0.29890E+02   0.26424E+02   0.33160E+00  -0.11397E+00
   0.20877E+03   0.29884E+02   0.26228E+02   0.32978E+00  -0.12369E+00
   0.20912E+03   0.29880E+02   0.25957E+02   0.33185E+00  -0.13378E+00
   0.20947E+03   0.29883E+02   0.25729E+02   0.33573E+00  -0.14450E+00
   0.20982E+03   0.29887E+02   0.25746E+02   0.33547E+00  -0.14499E+00
   0.21017E+03   0.29883E+02   0.25846E+02   0.32553E+00  -0.14540E+00
   0.21052E+03   0.29876E+02   0.25895E+02   0.32037E+00  -0.14664E+00
   0.21087E+03   0.29874E+02   0.25709E+02   0.32357E+00  -0.15752E+00
   0.21122E+03   0.29875E+02   0.25319E+02   0.33416E+00  -0.18438E+00
   0.21157E+03   0.29880E+02   0.25095E+02   0.34288E+00  -0.19903E+00
   0.21192E+03   0.29886E+02   0.24788E+02   0.34200E+00  -0.21100E+00
   0.21227E+03   0.29889E+02   0.24449E+02   0.34031E+00  -0.23065E+00
   0.21262E+03   0.29891E+02   0.24430E+02   0.34416E+00  -0.23973E+00
   0.21297E+03   0.29896E+02   0.24442E+02   0.35701E+00  -0.24701E+00
   0.21332E+03   0.29905E+02   0.24263E+02   0.37206E+00  -0.26547E+00
   0.21367E+03   0.29915E+02   0.23969E+02   0.38852E+00  -0.29343E+00
   0.21402E+03   0.29925E+02   0.23886E+02   0.40569E+00  -0.30976E+00
   0.21437E+03   0.29935E+02   0.24153E+02   0.42003E+00  -0.31023E+00
   0.21472E+03   0.29943E+02   0.24395E+02   0.42892E+00  -0.31648E+00
   0.21507E+03   0.29950E+02   0.24983E+02   0.44353E+00  -0.31208E+00
   0.21542E+03   0.29957E+02   0.25944E+02   0.46160E+00  -0.29091E+00
   0.21577E+03   0.29963E+02   0.26325E+02   0.47658E+00  -0.28005E+00
   0.21612E+03   0.29968E+02   0.26630E+02   0.48756E+00  -0.26927E+00
   0.21647E+03   0.29971E+02   0.27108E+02   0.49340E+00  -0.24345E+00
   0.21682E+03   0.29974E+02   0.27090E+02   0.49080E+00  -0.22197E+00
   0.21717E+03   0.29974E+02   0.27042E+02   0.47871E+00  -0.20562E+00
   0.21752E+03   0.29972E+02   0.26987E+02   0.46375E+00  -0.18716E+00
   0.21787E+03   0.29969E+02   0.26828E+02   0.45043E+00  -0.16783E+00
   0.21822E+03   0.29965E+02   0.26750E+02   0.44297E+00  -0.15005E+00
   0.21857E+03   0.29960E+02   0.26735E+02   0.43135E+00  -0.14169E+00
   0.21892E+03   0.29956E+02   0.26583E+02   0.41773E+00  -0.13514E+00
   0.21927E+03   0.29951E+02   0.26403E+02   0.40454E+00  -0.12900E+00
   0.21962E+03   0.29944E+02   0.26391E+02   0.39533E+00  -0.12090E+00
   0.21997E+03   0.29940E+02   0.26432E+02   0.38532E+00  -0.10810E+00
   0.22032E+03   0.29936E+02   0.26505E+02   0.37193E+00  -0.10229E+00
   0.22067E+03   0.29928E+02   0.26506E+02   0.36553E+00  -0.10099E+00
   0.22102E+03   0.29920E+02   0.26383E+02   0.36189E+00  -0.10147E+00
   0.22137E+03   0.29915E+02   0.26366E+02   0.35213E+00  -0.10096E+00
   0.22172E+03   0.29910E+02   0.26379E+02   0.34279E+00  -0.10454E+00
   0.22207E+03   0.29903E+02   0.26386E+02   0.33805E+00  -0.10511E+00
   0.22242E+03   0.29896E+02   0.26503E+02   0.32972E+00  -0.95710E-01
   0.22277E+03   0.29888E+02   0.26671E+02   0.32245E+00  -0.92902E-01
   0.22312E+03   0.29877E+02   0.26685E+02   0.32291E+00  -0.10194E+00
   0.22347E+03   0.29870E+02   0.26659E+02   0.32644E+00  -0.10818E+00
   0.22382E+03   0.29870E+02   0.26519E+02   0.32231E+00  -0.11583E+00
   0.22417E+03   0.29868E+02   0.26098E+02   0.31412E+00  -0.13434E+00
   0.22452E+03   0.29863E+02   0.25802E+02   0.30755E+00  -0.14520E+00
   0.22487E+03   0.29854E+02   0.25674E+02   0.30419E+00  -0.14455E+00
   0.22522E+03   0.29849E+02   0.25455E+02   0.30775E+00  -0.15926E+00
   0.22557E+03   0.29853E+02   0.25090E+02   0.31378E+00  -0.18734E+00
   0.22592E+03   0.29858E+02   0.24776E+02   0.32008E+00  -0.20772E+00
   0.22627E+03   0.29863E+02   0.24759E+02   0.33060E+00  -0.21694E+00
   0.22662E+03   0.29873E+02   0.24722E+02   0.34571E+00  -0.22834E+00
   0.22697E+03   0.29886E+02   0.24499E+02   0.35699E+00  -0.25229E+00
   0.22732E+03   0.29898E+02   0.24227E+02   0.36590E+00  -0.27564E+00
   0.22767E+03   0.29909E+02   0.24095E+02   0.37979E+00  -0.29362E+00
   0.22802E+03   0.29920E+02   0.24227E+02   0.39653E+00  -0.30052E+00
   0.22837E+03   0.29930E+02   0.24415E+02   0.41102E+00  -0.30648E+00
   0.22872E+03   0.29940E+02   0.24496E+02   0.42748E+00  -0.31878E+00
   0.22907E+03   0.29948E+02   0.24828E+02   0.44279E+00  -0.31787E+00
   0.22942E+03   0.29955E+02   0.25382E+02   0.45403E+00  -0.30772E+00
   0.22977E+03   0.29961E+02   0.26021E+02   0.47055E+00  -0.29641E+00
   0.23012E+03   0.29966E+02   0.26691E+02   0.48971E+00  -0.28045E+00
   0.23047E+03   0.29971E+02   0.27241E+02   0.49757E+00  -0.25712E+00
   0.23082E+03   0.29974E+02   0.27721E+02   0.49032E+00  -0.22949E+00
   0.23117E+03   0.29974E+02   0.28038E+02   0.48364E+00  -0.19815E+00
   0.23152E+03   0.29974E+02   0.28043E+02   0.48224E+00  -0.16857E+00
   0.23187E+03   0.29972E+02   0.27903E+02   0.47280E+00  -0.14772E+00
   0.23222E+03   0.29970E+02   0.27699E+02   0.44985E+00  -0.13638E+00
   0.23257E+03   0.29964E+02   0.27456E+02   0.42785E+00  -0.12029E+00
   0.23292E+03   0.29957E+02   0.27322E+02   0.41137E+00  -0.99917E-01
   0.23327E+03   0.29950E+02   0.27058E+02   0.39413E+00  -0.96431E-01
   0.23362E+03   0.29940E+02   0.26851E+02   0.37713E+00  -0.96719E-01
   0.23397E+03   0.29928E+02   0.26790E+02   0.36719E+00  -0.92820E-01
   0.23432E+03   0.29921E+02   0.26633E+02   0.36089E+00  -0.94486E-01
   0.23467E+03   0.29918E+02   0.26456E+02   0.35324E+00  -0.10058E+00
   0.23502E+03   0.29912E+02   0.26329E+02   0.34707E+00  -0.10692E+00
   0.23537E+03   0.29905E+02   0.26263E+02   0.33974E+00  -0.10618E+00
   0.23572E+03   0.29898E+02   0.26226E+02   0.33334E+00  -0.10347E+00
   0.23607E+03   0.29892E+02   0.26006E+02   0.33365E+00  -0.12021E+00
   0.23642E+03   0.29889E+02   0.25974E+02   0.33298E+00  -0.13042E+00
   0.23677E+03   0.29885E+02   0.26057E+02   0.33035E+00  -0.12528E+00
   0.23712E+03   0.29883E+02   0.25876E+02   0.32823E+00  -0.13836E+00
   0.23747E+03   0.29878E+02   0.25681E+02   0.32410E+00  -0.15210E+00
   0.23782E+03   0.29873E+02   0.25606E+02   0.32505E+00  -0.15422E+00
   0.23817E+03   0.29874E+02   0.25268E+02   0.32719E+00  -0.17274E+00
   0.23852E+03   0.29876E+02   0.24722E+02   0.32850E+00  -0.20334E+00
   0.23887E+03   0.29879E+02   0.24396E+02   0.32996E+00  -0.22261E+00
   0.23922E+03   0.29882E+02   0.24231E+02   0.33503E+00  -0.23437E+00
   0.23957E+03   0.29886E+02   0.24203E+02   0.34441E+00  -0.24403E+00
   0.23992E+03   0.29894E+02   0.24258E+02   0.35500E+00  -0.25718E+00
   0.24027E+03   0.29902E+02   0.24388E+02   0.36888E+00  -0.27119E+00
   0.24062E+03   0.29913E+02   0.24549E+02   0.39037E+00  -0.27899E+00
   0.24097E+03   0.29926E+02   0.24892E+02   0.41025E+00  -0.28422E+00
   0.24132E+03   0.29937E+02   0.25131E+02   0.42325E+00  -0.28860E+00
   0.24167E+03   0.29945E+02   0.24865E+02   0.43401E+00  -0.29882E+00
   0.24202E+03   0.29952E+02   0.24782E+02   0.44195E+00  -0.30352E+00
   0.24237E+03   0.29957E+02   0.25154E+02   0.44792E+00  -0.28923E+00
   0.24272E+03   0.29960E+02   0.25564E+02   0.45534E+00  -0.27469E+00
   0.24307E+03   0.29964E+02   0.25804E+02   0.46926E+00  -0.27180E+00
   0.24342E+03   0.29967E+02   0.25762E+02   0.47652E+00  -0.27084E+00
   0.24377E+03   0.29969E+02   0.26090E+02   0.47667E+00  -0.25403E+00
   0.24412E+03   0.29970E+02   0.26466E+02   0.47620E+00  -0.22919E+00
   0.24447E+03   0.29970E+02   0.26608E+02   0.47967E+00  -0.21118E+00
   0.24482E+03   0.29971E+02   0.26975E+02   0.47615E+00  -0.18956E+00
   0.24517E+03   0.29971E+02   0.26913E+02   0.46134E+00  -0.17267E+00
   0.24552E+03   0.29968E+02   0.26761E+02   0.44644E+00  -0.15735E+00
   0.24587E+03   0.29964E+02   0.26700E+02   0.43801E+00  -0.13827E+00
   0.24622E+03   0.29960E+02   0.26590E+02   0.42699E+00  -0.12739E+00
   0.24657E+03   0.29955E+02   0.26508E+02   0.40825E+00  -0.12132E+00
   0.24692E+03   0.29948E+02   0.26423E+02   0.38999E+00  -0.11669E+00
   0.24727E+03   0.29939E+02   0.26483E+02   0.37473E+00  -0.10455E+00
   0.24762E+03   0.29931E+02   0.26558E+02   0.37008E+00  -0.93335E-01
   0.24797E+03   0.29925E+02   0.26535E+02   0.36914E+00  -0.10080E+00
   0.24832E+03   0.29920E+02   0.26489E+02   0.36071E+00  -0.10720E+00
   0.24867E+03   0.29912E+02   0.26394E+02   0.34707E+00  -0.10577E+00
   0.24902E+03   0.29903E+02   0.26499E+02   0.34423E+00  -0.99433E-01
   0.24937E+03   0.29900E+02   0.26574E+02   0.34286E+00  -0.94760E-01
   0.24972E+03   0.29896E+02   0.26258E+02   0.33036E+00  -0.11122E+00
   0.25007E+03   0.29890E+02   0.26023E+02   0.32278E+00  -0.12849E+00
   0.25042E+03   0.29883E+02   0.25941E+02   0.32158E+00  -0.12707E+00
   0.25077E+03   0.29875E+02   0.25909E+02   0.31941E+00  -0.12671E+00
   0.25112E+03   0.29869E+02   0.25870E+02   0.32227E+00  -0.14096E+00
   0.25147E+03   0.29869E+02   0.25531E+02   0.32374E+00  -0.16478E+00
   0.25182E+03   0.29868E+02   0.24985E+02   0.32034E+00  -0.18450E+00
   0.25217E+03   0.29869E+02   0.24630E+02   0.32197E+00  -0.19977E+00
   0.25252E+03   0.29876E+02   0.24330E+02   0.33032E+00  -0.21825E+00
   0.25287E+03   0.29883E+02   0.24253E+02   0.34017E+00  -0.22913E+00
   0.25322E+03   0.29888E+02   0.24594E+02   0.34817E+00  -0.23319E+00
   0.25357E+03   0.29893E+02   0.24744E+02   0.35534E+00  -0.24451E+00
   0.25392E+03   0.29902E+02   0.24850E+02   0.37277E+00  -0.25185E+00
   0.25427E+03   0.29915E+02   0.24868E+02   0.39435E+00  -0.26314E+00
   0.25462E+03   0.29927E+02   0.25023E+02   0.40310E+00  -0.27301E+00
   0.25497E+03   0.29935E+02   0.25474E+02   0.41013E+00  -0.25916E+00
   0.25532E+03   0.29941E+02   0.25451E+02   0.41479E+00  -0.25596E+00
   0.25567E+03   0.29946E+02   0.25302E+02   0.41885E+00  -0.26045E+00
   0.25602E+03   0.29950E+02   0.25336E+02   0.42817E+00  -0.25687E+00
   0.25637E+03   0.29953E+02   0.25515E+02   0.43402E+00  -0.25575E+00
   0.25672E+03   0.29956E+02   0.25771E+02   0.43743E+00  -0.24456E+00
   0.25707E+03   0.29958E+02   0.25839E+02   0.43988E+00  -0.23485E+00
   0.25742E+03   0.29958E+02   0.25805E+02   0.44186E+00  -0.22938E+00
   0.25777E+03   0.29959E+02   0.25843E+02   0.43878E+00  -0.21397E+00
   0.25812E+03   0.29959E+02   0.25761E+02   0.43907E+00  -0.21151E+00
   0.25847E+03   0.29960E+02   0.25481E+02   0.44369E+00  -0.22041E+00
   0.25882E+03   0.29960E+02   0.25572E+02   0.44201E+00  -0.21041E+00
   0.25917E+03   0.29958E+02   0.25874E+02   0.43697E+00  -0.19516E+00
   0.25952E+03   0.29957E+02   0.25974E+02   0.42895E+00  -0.18624E+00
   0.25987E+03   0.29956E+02   0.26044E+02   0.42306E+00  -0.17499E+00
   0.26022E+03   0.29954E+02   0.26129E+02   0.41989E+00  -0.16442E+00
   0.26057E+03   0.29953E+02   0.26257E+02   0.41728E+00  -0.15043E+00
   0.26092E+03   0.29950E+02   0.26510E+02   0.41112E+00  -0.13527E+00
   0.26127E+03   0.29947E+02   0.26550E+02   0.40288E+00  -0.13240E+00
   0.26162E+03   0.29943E+02   0.26313E+02   0.39064E+00  -0.13240E+00
   0.26197E+03   0.29936E+02   0.26279E+02   0.37521E+00  -0.12296E+00
   0.26232E+03   0.29927E+02   0.26325E+02   0.36392E+00  -0.11539E+00
   0.26267E+03   0.29921E+02   0.26231E+02   0.35723E+00  -0.11755E+00
   0.26302E+03   0.29915E+02   0.26263E+02   0.35401E+00  -0.12016E+00
   0.26337E+03   0.29909E+02   0.26355E+02   0.34848E+00  -0.11925E+00
   0.26372E+03   0.29904E+02   0.26354E+02   0.34069E+00  -0.11805E+00
   0.26407E+03   0.29897E+02   0.26541E+02   0.33894E+00  -0.11322E+00
   0.26442E+03   0.29896E+02   0.26549E+02   0.34301E+00  -0.11530E+00
   0.26477E+03   0.29893E+02   0.26285E+02   0.33601E+00  -0.12651E+00
   0.26512E+03   0.29886E+02   0.25992E+02   0.32892E+00  -0.13645E+00
   0.26547E+03   0.29884E+02   0.25668E+02   0.32519E+00  -0.14551E+00
   0.26582E+03   0.29880E+02   0.25390E+02   0.32134E+00  -0.15268E+00
   0.26617E+03   0.29874E+02   0.25159E+02   0.32112E+00  -0.16577E+00
   0.26652E+03   0.29872E+02   0.25015E+02   0.32146E+00  -0.18230E+00
   0.26687E+03   0.29872E+02   0.24866E+02   0.32574E+00  -0.19214E+00
   0.26722E+03   0.29877E+02   0.24670E+02   0.33813E+00  -0.21129E+00
   0.26757E+03   0.29887E+02   0.24622E+02   0.35162E+00  -0.22969E+00
   0.26792E+03   0.29897E+02   0.24616E+02   0.35972E+00  -0.23676E+00
   0.26827E+03   0.29905E+02   0.24702E+02   0.36945E+00  -0.24575E+00
   0.26862E+03   0.29914E+02   0.24722E+02   0.37843E+00  -0.25374E+00
   0.26897E+03   0.29921E+02   0.24481E+02   0.38585E+00  -0.26224E+00
   0.26932E+03   0.29928E+02   0.24534E+02   0.39692E+00  -0.27134E+00
   0.26967E+03   0.29936E+02   0.24842E+02   0.40717E+00  -0.27060E+00
   0.27002E+03   0.29942E+02   0.25090E+02   0.41413E+00  -0.26521E+00
   0.27037E+03   0.29946E+02   0.25214E+02   0.42405E+00  -0.26825E+00
   0.27072E+03   0.29950E+02   0.25377E+02   0.43100E+00  -0.26791E+00
   0.27107E+03   0.29954E+02   0.25705E+02   0.44090E+00  -0.25454E+00
   0.27142E+03   0.29958E+02   0.25878E+02   0.44983E+00  -0.25183E+00
   0.27177E+03   0.29961E+02   0.25772E+02   0.45001E+00  -0.25310E+00
   0.27212E+03   0.29963E+02   0.25956E+02   0.45186E+00  -0.23381E+00
   0.27247E+03   0.29963E+02   0.26404E+02   0.45281E+00  -0.21089E+00
   0.27282E+03   0.29962E+02   0.26739E+02   0.44925E+00  -0.19229E+00
   0.27317E+03   0.29962E+02   0.26894E+02   0.44854E+00  -0.17917E+00
   0.27352E+03   0.29962E+02   0.26835E+02   0.44471E+00  -0.17068E+00
   0.27387E+03   0.29960E+02   0.26917E+02   0.43206E+00  -0.15231E+00
   0.27422E+03   0.29957E+02   0.27091E+02   0.42113E+00  -0.12657E+00
   0.27457E+03   0.29953E+02   0.27018E+02   0.41004E+00  -0.11829E+00
   0.27492E+03   0.29946E+02   0.27012E+02   0.39616E+00  -0.11132E+00
   0.27527E+03   0.29938E+02   0.27082E+02   0.38438E+00  -0.97833E-01
   0.27562E+03   0.29931E+02   0.27112E+02   0.37139E+00  -0.93311E-01
   0.27597E+03   0.29924E+02   0.27085E+02   0.36088E+00  -0.88155E-01
   0.27632E+03   0.29915E+02   0.26903E+02   0.35388E+00  -0.90646E-01
   0.27667E+03   0.29907E+02   0.26817E+02   0.34324E+00  -0.94039E-01
   0.27702E+03   0.29896E+02   0.26846E+02   0.33119E+00  -0.86698E-01
   0.27737E+03   0.29884E+02   0.26745E+02   0.32605E+00  -0.93390E-01
   0.27772E+03   0.29878E+02   0.26396E+02   0.32620E+00  -0.11317E+00
   0.27807E+03   0.29873E+02   0.26090E+02   0.32236E+00  -0.12192E+00
   0.27842E+03   0.29869E+02   0.25793E+02   0.31528E+00  -0.13509E+00
   0.27877E+03   0.29865E+02   0.25542E+02   0.31119E+00  -0.14823E+00
   0.27912E+03   0.29862E+02   0.25456E+02   0.31684E+00  -0.15249E+00
   0.27947E+03   0.29863E+02   0.25288E+02   0.32166E+00  -0.16673E+00
   0.27982E+03   0.29866E+02   0.25161E+02   0.32384E+00  -0.18325E+00
   0.28017E+03   0.29873E+02   0.25024E+02   0.32954E+00  -0.19549E+00
   0.28052E+03   0.29878E+02   0.24727E+02   0.33719E+00  -0.21249E+00
   0.28087E+03   0.29884E+02   0.24600E+02   0.34692E+00  -0.22244E+00
   0.28122E+03   0.29892E+02   0.24477E+02   0.35232E+00  -0.23388E+00
   0.28157E+03   0.29901E+02   0.24205E+02   0.35568E+00  -0.25533E+00
   0.28192E+03   0.29907E+02   0.24363E+02   0.36262E+00  -0.26313E+00
   0.28227E+03   0.29913E+02   0.24530E+02   0.38135E+00  -0.26665E+00
   0.28262E+03   0.29923E+02   0.24413E+02   0.39696E+00  -0.28103E+00
   0.28297E+03   0.29931E+02   0.24520E+02   0.40713E+00  -0.29611E+00
   0.28332E+03   0.29939E+02   0.24950E+02   0.42322E+00  -0.29678E+00
   0.28367E+03   0.29946E+02   0.25508E+02   0.43672E+00  -0.28243E+00
   0.28402E+03   0.29953E+02   0.25748E+02   0.44955E+00  -0.27664E+00
   0.28437E+03   0.29959E+02   0.26095E+02   0.45914E+00  -0.27565E+00
   0.28472E+03   0.29963E+02   0.26606E+02   0.46568E+00  -0.25417E+00
   0.28507E+03   0.29966E+02   0.26938E+02   0.46967E+00  -0.22972E+00
   0.28542E+03   0.29968E+02   0.27406E+02   0.46876E+00  -0.20890E+00
   0.28577E+03   0.29968E+02   0.27729E+02   0.46511E+00  -0.18574E+00
   0.28612E+03   0.29968E+02   0.27807E+02   0.45804E+00  -0.16461E+00
   0.28647E+03   0.29966E+02   0.27799E+02   0.44373E+00  -0.14286E+00
   0.28682E+03   0.29962E+02   0.27550E+02   0.42677E+00  -0.13062E+00
   0.28717E+03   0.29958E+02   0.27505E+02   0.41541E+00  -0.11487E+00
   0.28752E+03   0.29951E+02   0.27578E+02   0.40337E+00  -0.96565E-01
   0.28787E+03   0.29942E+02   0.27381E+02   0.38580E+00  -0.92840E-01
   0.28822E+03   0.29931E+02   0.27235E+02   0.36923E+00  -0.92290E-01
   0.28857E+03   0.29921E+02   0.27195E+02   0.36224E+00  -0.87665E-01
   0.28892E+03   0.29915E+02   0.27109E+02   0.35542E+00  -0.85376E-01
   0.28927E+03   0.29908E+02   0.26969E+02   0.34411E+00  -0.88311E-01
   0.28962E+03   0.29900E+02   0.26810E+02   0.33343E+00  -0.92240E-01
   0.28997E+03   0.29891E+02   0.26663E+02   0.32528E+00  -0.90787E-01
   0.29032E+03   0.29882E+02   0.26507E+02   0.32220E+00  -0.95744E-01
   0.29067E+03   0.29875E+02   0.26287E+02   0.31761E+00  -0.10996E+00
   0.29102E+03   0.29870E+02   0.26013E+02   0.31247E+00  -0.12238E+00
   0.29137E+03   0.29866E+02   0.25923E+02   0.31316E+00  -0.12955E+00
   0.29172E+03   0.29863E+02   0.25992E+02   0.31364E+00  -0.13254E+00
   0.29207E+03   0.29861E+02   0.25895E+02   0.31258E+00  -0.14337E+00
   0.29242E+03   0.29861E+02   0.25635E+02   0.31820E+00  -0.15998E+00
   0.29277E+03   0.29864E+02   0.25475E+02   0.32492E+00  -0.17402E+00
   0.29312E+03   0.29867E+02   0.25381E+02   0.32798E+00  -0.18312E+00
   0.29347E+03   0.29872E+02   0.25187E+02   0.33228E+00  -0.19444E+00
   0.29382E+03   0.29879E+02   0.25008E+02   0.33646E+00  -0.21297E+00
   0.29417E+03   0.29883E+02   0.25017E+02   0.34226E+00  -0.21966E+00
   0.29452E+03   0.29889E+02   0.25134E+02   0.35052E+00  -0.22017E+00
   0.29487E+03   0.29897E+02   0.24935E+02   0.35753E+00  -0.24000E+00
   0.29522E+03   0.29905E+02   0.24650E+02   0.37154E+00  -0.26001E+00
   0.29557E+03   0.29915E+02   0.24689E+02   0.38546E+00  -0.26701E+00
   0.29592E+03   0.29923E+02   0.24767E+02   0.39240E+00  -0.27246E+00
   0.29627E+03   0.29930E+02   0.24802E+02   0.40152E+00  -0.27721E+00
   0.29662E+03   0.29937E+02   0.25092E+02   0.41588E+00  -0.28002E+00
   0.29697E+03   0.29944E+02   0.25471E+02   0.42897E+00  -0.27441E+00
   0.29732E+03   0.29951E+02   0.26064E+02   0.43976E+00  -0.25611E+00
   0.29767E+03   0.29957E+02   0.26393E+02   0.44733E+00  -0.24561E+00
   0.29802E+03   0.29960E+02   0.26299E+02   0.45496E+00  -0.23979E+00
   0.29837E+03   0.29963E+02   0.26538E+02   0.46111E+00  -0.22186E+00
   0.29872E+03   0.29964E+02   0.26929E+02   0.45517E+00  -0.20500E+00
   0.29907E+03   0.29964E+02   0.27111E+02   0.44602E+00  -0.18550E+00
   0.29942E+03   0.29963E+02   0.26864E+02   0.43614E+00  -0.17120E+00
   0.29977E+03   0.29960E+02   0.26679E+02   0.42882E+00  -0.16218E+00
   0.30012E+03   0.29956E+02   0.26689E+02   0.41769E+00  -0.14437E+00
   0.30047E+03   0.29950E+02   0.26847E+02   0.40691E+00  -0.13324E+00
   0.30082E+03   0.29946E+02   0.26892E+02   0.40354E+00  -0.12773E+00
   0.30118E+03   0.29942E+02   0.26717E+02   0.39473E+00  -0.12036E+00
   0.30153E+03   0.29936E+02   0.26844E+02   0.37936E+00  -0.11173E+00
   0.30188E+03   0.29928E+02   0.26942E+02   0.36569E+00  -0.99906E-01
   0.30223E+03   0.29921E+02   0.26853E+02   0.36223E+00  -0.95158E-01
   0.30258E+03   0.29915E+02   0.26887E+02   0.35947E+00  -0.94363E-01
   0.30293E+03   0.29911E+02   0.26860E+02   0.34937E+00  -0.95044E-01
   0.30328E+03   0.29903E+02   0.26639E+02   0.33455E+00  -0.10215E+00
   0.30363E+03   0.29891E+02   0.26567E+02   0.32737E+00  -0.10463E+00
   0.30398E+03   0.29883E+02   0.26431E+02   0.32777E+00  -0.10816E+00
   0.30433E+03   0.29878E+02   0.26302E+02   0.32247E+00  -0.11777E+00
   0.30468E+03   0.29873E+02   0.26200E+02   0.31852E+00  -0.13143E+00
   0.30503E+03   0.29869E+02   0.25905E+02   0.31892E+00  -0.14373E+00
   0.30538E+03   0.29869E+02   0.25690E+02   0.31985E+00  -0.14932E+00
   0.30573E+03   0.29870E+02   0.25486E+02   0.32237E+00  -0.16047E+00
   0.30608E+03   0.29869E+02   0.25356E+02   0.32235E+00  -0.17200E+00
   0.30643E+03   0.29869E+02   0.25232E+02   0.32454E+00  -0.17711E+00
   0.30678E+03   0.29873E+02   0.25042E+02   0.32944E+00  -0.19117E+00
   0.30713E+03   0.29877E+02   0.25159E+02   0.33735E+00  -0.20027E+00
   0.30748E+03   0.29885E+02   0.25075E+02   0.34705E+00  -0.21012E+00
   0.30783E+03   0.29892E+02   0.24513E+02   0.35367E+00  -0.24086E+00
   0.30818E+03   0.29898E+02   0.24388E+02   0.36312E+00  -0.25990E+00
   0.30853E+03   0.29907E+02   0.24710E+02   0.37219E+00  -0.25947E+00
   0.30888E+03   0.29916E+02   0.24729E+02   0.38182E+00  -0.26384E+00
   0.30923E+03   0.29924E+02   0.24619E+02   0.39492E+00  -0.28173E+00
   0.30958E+03   0.29932E+02   0.24966E+02   0.40732E+00  -0.28564E+00
   0.30993E+03   0.29939E+02   0.25316E+02   0.42145E+00  -0.27545E+00
   0.31028E+03   0.29947E+02   0.25444E+02   0.43470E+00  -0.27685E+00
   0.31063E+03   0.29953E+02   0.25486E+02   0.44662E+00  -0.28049E+00
   0.31098E+03   0.29958E+02   0.25602E+02   0.45318E+00  -0.27178E+00
   0.31133E+03   0.29961E+02   0.25860E+02   0.45301E+00  -0.25762E+00
   0.31168E+03   0.29964E+02   0.25910E+02   0.45438E+00  -0.24845E+00
   0.31203E+03   0.29964E+02   0.26023E+02   0.45917E+00  -0.23722E+00
   0.31238E+03   0.29965E+02   0.26408E+02   0.46442E+00  -0.22148E+00
   0.31273E+03   0.29966E+02   0.26831E+02   0.46394E+00  -0.20197E+00
   0.31308E+03   0.29966E+02   0.27052E+02   0.45565E+00  -0.18671E+00
   0.31343E+03   0.29964E+02   0.27173E+02   0.44665E+00  -0.17018E+00
   0.31378E+03   0.29962E+02   0.27440E+02   0.44324E+00  -0.14145E+00
   0.31413E+03   0.29961E+02   0.27622E+02   0.43375E+00  -0.11729E+00
   0.31448E+03   0.29957E+02   0.27420E+02   0.41419E+00  -0.11396E+00
   0.31483E+03   0.29951E+02   0.27136E+02   0.39693E+00  -0.10869E+00
   0.31518E+03   0.29943E+02   0.27073E+02   0.38518E+00  -0.91942E-01
   0.31553E+03   0.29934E+02   0.27035E+02   0.37036E+00  -0.83611E-01
   0.31588E+03   0.29922E+02   0.27040E+02   0.35125E+00  -0.82424E-01
   0.31623E+03   0.29911E+02   0.26984E+02   0.34270E+00  -0.87881E-01
   0.31658E+03   0.29905E+02   0.26764E+02   0.33995E+00  -0.92133E-01
   0.31693E+03   0.29896E+02   0.26631E+02   0.33025E+00  -0.96076E-01
   0.31728E+03   0.29887E+02   0.26502E+02   0.32508E+00  -0.10582E+00
   0.31763E+03   0.29880E+02   0.26458E+02   0.32862E+00  -0.10660E+00
   0.31798E+03   0.29879E+02   0.26373E+02   0.32748E+00  -0.11103E+00
   0.31833E+03   0.29874E+02   0.26029E+02   0.31680E+00  -0.13175E+00
   0.31868E+03   0.29866E+02   0.25697E+02   0.31482E+00  -0.14569E+00
   0.31903E+03   0.29864E+02   0.25604E+02   0.32273E+00  -0.14729E+00
   0.31938E+03   0.29865E+02   0.25655E+02   0.32514E+00  -0.15245E+00
   0.31973E+03   0.29865E+02   0.25514E+02   0.32503E+00  -0.17172E+00
   0.32008E+03   0.29869E+02   0.25084E+02   0.32730E+00  -0.19576E+00
   0.32043E+03   0.29875E+02   0.24615E+02   0.33114E+00  -0.21394E+00
   0.32078E+03   0.29881E+02   0.24394E+02   0.33855E+00  -0.23111E+00
   0.32113E+03   0.29888E+02   0.24129E+02   0.34576E+00  -0.25173E+00
   0.32148E+03   0.29896E+02   0.23985E+02   0.35439E+00  -0.26696E+00
   0.32183E+03   0.29905E+02   0.24293E+02   0.36685E+00  -0.27386E+00
   0.32218E+03   0.29913E+02   0.24417E+02   0.38090E+00  -0.28686E+00
   0.32253E+03   0.29923E+02   0.24505E+02   0.39702E+00  -0.29405E+00
   0.32288E+03   0.29933E+02   0.24940E+02   0.41857E+00  -0.29396E+00
   0.32323E+03   0.29943E+02   0.24986E+02   0.43986E+00  -0.30186E+00
   0.32358E+03   0.29952E+02   0.24818E+02   0.44559E+00  -0.30868E+00
   0.32393E+03   0.29958E+02   0.25416E+02   0.45054E+00  -0.29771E+00
   0.32428E+03   0.29962E+02   0.26043E+02   0.46222E+00  -0.27494E+00
   0.32463E+03   0.29965E+02   0.26118E+02   0.47268E+00  -0.25985E+00
   0.32498E+03   0.29968E+02   0.26286E+02   0.47695E+00  -0.25447E+00
   0.32533E+03   0.29970E+02   0.26594E+02   0.47612E+00  -0.24525E+00
   0.32568E+03   0.29971E+02   0.26954E+02   0.47827E+00  -0.21843E+00
   0.32603E+03   0.29970E+02   0.27317E+02   0.47640E+00  -0.19138E+00
   0.32638E+03   0.29970E+02   0.27442E+02   0.46723E+00  -0.17447E+00
   0.32673E+03   0.29968E+02   0.27342E+02   0.45159E+00  -0.15586E+00
   0.32708E+03   0.29966E+02   0.27246E+02   0.43683E+00  -0.13863E+00
   0.32743E+03   0.29962E+02   0.27454E+02   0.42487E+00  -0.11381E+00
   0.32778E+03   0.29956E+02   0.27516E+02   0.41230E+00  -0.90385E-01
   0.32813E+03   0.29949E+02   0.27301E+02   0.40071E+00  -0.88626E-01
   0.32848E+03   0.29939E+02   0.27109E+02   0.38033E+00  -0.90243E-01
   0.32883E+03   0.29928E+02   0.27069E+02   0.35859E+00  -0.79232E-01
   0.32918E+03   0.29916E+02   0.26985E+02   0.34866E+00  -0.75691E-01
   0.32953E+03   0.29909E+02   0.26671E+02   0.34488E+00  -0.87780E-01
   0.32988E+03   0.29904E+02   0.26368E+02   0.33369E+00  -0.10061E+00
   0.33023E+03   0.29890E+02   0.26222E+02   0.32112E+00  -0.10651E+00
   0.33058E+03   0.29877E+02   0.26250E+02   0.32096E+00  -0.10475E+00
   0.33093E+03   0.29873E+02   0.26130E+02   0.32657E+00  -0.11343E+00
   0.33128E+03   0.29874E+02   0.26111E+02   0.33071E+00  -0.12947E+00
   0.33163E+03   0.29875E+02   0.26097E+02   0.32788E+00  -0.13417E+00
   0.33198E+03   0.29873E+02   0.25925E+02   0.32212E+00  -0.13975E+00
   0.33233E+03   0.29871E+02   0.25714E+02   0.32436E+00  -0.14633E+00
   0.33268E+03   0.29873E+02   0.25599E+02   0.32676E+00  -0.15285E+00
   0.33303E+03   0.29876E+02   0.25520E+02   0.32533E+00  -0.16248E+00
   0.33338E+03   0.29878E+02   0.25228E+02   0.31860E+00  -0.17531E+00
   0.33373E+03   0.29873E+02   0.24960E+02   0.31492E+00  -0.19346E+00
   0.33408E+03   0.29869E+02   0.24782E+02   0.32969E+00  -0.20185E+00
   0.33443E+03   0.29876E+02   0.24519E+02   0.34224E+00  -0.22156E+00
   0.33478E+03   0.29884E+02   0.24377E+02   0.34549E+00  -0.25076E+00
   0.33513E+03   0.29891E+02   0.24520E+02   0.35497E+00  -0.26083E+00
   0.33548E+03   0.29900E+02   0.24736E+02   0.37439E+00  -0.26044E+00
   0.33583E+03   0.29913E+02   0.25043E+02   0.39176E+00  -0.26149E+00
   0.33618E+03   0.29925E+02   0.25104E+02   0.40419E+00  -0.27316E+00
   0.33653E+03   0.29935E+02   0.25236E+02   0.41628E+00  -0.28083E+00
   0.33688E+03   0.29943E+02   0.25633E+02   0.42879E+00  -0.26818E+00
   0.33723E+03   0.29950E+02   0.26156E+02   0.43868E+00  -0.25225E+00
   0.33758E+03   0.29954E+02   0.26673E+02   0.44231E+00  -0.24221E+00
   0.33793E+03   0.29957E+02   0.26711E+02   0.44654E+00  -0.23109E+00
   0.33828E+03   0.29960E+02   0.26616E+02   0.44652E+00  -0.22143E+00
   0.33863E+03   0.29960E+02   0.26578E+02   0.44409E+00  -0.21380E+00
   0.33898E+03   0.29960E+02   0.26379E+02   0.44253E+00  -0.20667E+00
   0.33933E+03   0.29960E+02   0.26292E+02   0.43976E+00  -0.19636E+00
   0.33968E+03   0.29958E+02   0.26544E+02   0.43193E+00  -0.18033E+00
   0.34003E+03   0.29955E+02   0.26764E+02   0.41921E+00  -0.16426E+00
   0.34038E+03   0.29951E+02   0.26878E+02   0.41339E+00  -0.15051E+00
   0.34073E+03   0.29949E+02   0.26888E+02   0.41502E+00  -0.13842E+00
   0.34108E+03   0.29947E+02   0.26704E+02   0.41222E+00  -0.13475E+00
   0.34143E+03   0.29945E+02   0.26570E+02   0.39852E+00  -0.13344E+00
   0.34178E+03   0.29938E+02   0.26483E+02   0.38289E+00  -0.12716E+00
   0.34213E+03   0.29931E+02   0.26215E+02   0.37381E+00  -0.12485E+00
   0.34248E+03   0.29926E+02   0.26096E+02   0.36212E+00  -0.12117E+00
   0.34283E+03   0.29918E+02   0.26124E+02   0.35083E+00  -0.12027E+00
   0.34318E+03   0.29908E+02   0.26142E+02   0.34804E+00  -0.12072E+00
   0.34353E+03   0.29903E+02   0.25942E+02   0.35109E+00  -0.12941E+00
   0.34388E+03   0.29902E+02   0.25683E+02   0.35162E+00  -0.14897E+00
   0.34423E+03   0.29900E+02   0.25566E+02   0.34791E+00  -0.15745E+00
   0.34458E+03   0.29898E+02   0.25473E+02   0.34382E+00  -0.15992E+00
   0.34493E+03   0.29896E+02   0.25633E+02   0.34294E+00  -0.15606E+00
   0.34528E+03   0.29895E+02   0.25831E+02   0.34937E+00  -0.15504E+00
   0.34563E+03   0.29896E+02   0.25870E+02   0.35298E+00  -0.16514E+00
   0.34598E+03   0.29899E+02   0.25588E+02   0.35390E+00  -0.17648E+00
   0.34633E+03   0.29902E+02   0.25230E+02   0.35315E+00  -0.19081E+00
   0.34668E+03   0.29902E+02   0.25346E+02   0.35275E+00  -0.18767E+00
   0.34703E+03   0.29901E+02   0.25437E+02   0.35342E+00  -0.18328E+00
   0.34738E+03   0.29902E+02   0.25432E+02   0.35364E+00  -0.19423E+00
   0.34773E+03   0.29905E+02   0.25740E+02   0.35551E+00  -0.19600E+00
   0.34808E+03   0.29908E+02   0.25864E+02   0.36278E+00  -0.19344E+00
   0.34843E+03   0.29912E+02   0.25644E+02   0.37299E+00  -0.19915E+00
   0.34878E+03   0.29918E+02   0.25567E+02   0.37736E+00  -0.20602E+00
   0.34913E+03   0.29921E+02   0.25735E+02   0.37811E+00  -0.20218E+00
   0.34948E+03   0.29922E+02   0.25786E+02   0.37786E+00  -0.19756E+00
   0.34983E+03   0.29923E+02   0.25721E+02   0.37869E+00  -0.20016E+00
   0.35018E+03   0.29925E+02   0.25628E+02   0.38199E+00  -0.20704E+00
   0.35053E+03   0.29928E+02   0.25635E+02   0.38780E+00  -0.20882E+00
   0.35088E+03   0.29930E+02   0.26019E+02   0.39316E+00  -0.19931E+00
   0.35123E+03   0.29933E+02   0.26574E+02   0.39557E+00  -0.18569E+00
   0.35158E+03   0.29935E+02   0.26610E+02   0.39692E+00  -0.18268E+00
   0.35193E+03   0.29936E+02   0.26253E+02   0.39721E+00  -0.18760E+00
   0.35228E+03   0.29935E+02   0.26001E+02   0.39610E+00  -0.18788E+00
   0.35263E+03   0.29935E+02   0.25869E+02   0.39193E+00  -0.18462E+00
   0.35298E+03   0.29935E+02   0.26036E+02   0.38883E+00  -0.17592E+00
   0.35333E+03   0.29934E+02   0.26150E+02   0.38704E+00  -0.16911E+00
   0.35368E+03   0.29930E+02   0.26146E+02   0.38070E+00  -0.16535E+00
   0.35403E+03   0.29927E+02   0.26358E+02   0.37657E+00  -0.15690E+00
   0.35438E+03   0.29927E+02   0.26365E+02   0.37950E+00  -0.15650E+00
   0.35473E+03   0.29929E+02   0.25861E+02   0.38296E+00  -0.16967E+00
   0.35508E+03   0.29927E+02   0.25564E+02   0.37687E+00  -0.17613E+00
   0.35543E+03   0.29922E+02   0.25653E+02   0.36856E+00  -0.16909E+00
   0.35578E+03   0.29920E+02   0.25602E+02   0.36405E+00  -0.16624E+00
   0.35613E+03   0.29917E+02   0.25353E+02   0.36208E+00  -0.18049E+00
   0.35648E+03   0.29916E+02   0.25164E+02   0.36581E+00  -0.19327E+00
   0.35683E+03   0.29917E+02   0.25276E+02   0.36963E+00  -0.18980E+00
   0.35718E+03   0.29918E+02   0.25382E+02   0.37389E+00  -0.18786E+00
   0.35753E+03   0.29921E+02   0.25548E+02   0.37719E+00  -0.19082E+00
   0.35788E+03   0.29924E+02   0.25711E+02   0.37891E+00  -0.18791E+00
   0.35823E+03   0.29925E+02   0.25775E+02   0.37992E+00  -0.18361E+00
   0.35858E+03   0.29926E+02   0.25928E+02   0.37937E+00  -0.18161E+00
   0.35893E+03   0.29928E+02   0.25888E+02   0.38024E+00  -0.18001E+00
   0.35928E+03   0.29928E+02   0.25688E+02   0.38194E+00  -0.18378E+00
   0.35963E+03   0.29926E+02   0.25631E+02   0.37857E+00  -0.18397E+00
   0.35998E+03   0.29924E+02   0.25840E+02   0.37119E+00  -0.17406E+00
   0.36033E+03   0.29921E+02   0.26087E+02   0.36828E+00  -0.16783E+00
   0.36068E+03   0.29921E+02   0.26240E+02   0.37316E+00  -0.16754E+00
   0.36103E+03   0.29924E+02   0.26145E+02   0.37558E+00  -0.16706E+00
   0.36138E+03   0.29924E+02   0.26124E+02   0.37027E+00  -0.16480E+00
   0.36173E+03   0.29921E+02   0.26151E+02   0.36763E+00  -0.16291E+00
   0.36208E+03   0.29920E+02   0.25976E+02   0.36957E+00  -0.15916E+00
   0.36243E+03   0.29921E+02   0.25785E+02   0.36621E+00  -0.16272E+00
   0.36278E+03   0.29917E+02   0.25652E+02   0.35661E+00  -0.17311E+00
   0.36313E+03   0.29912E+02   0.25551E+02   0.35563E+00  -0.17501E+00
   0.36348E+03   0.29910E+02   0.25446E+02   0.36127E+00  -0.17690E+00
   0.36383E+03   0.29911E+02   0.25567E+02   0.36548E+00  -0.18230E+00
   0.36418E+03   0.29914E+02   0.25687E+02   0.36805E+00  -0.18407E+00
   0.36453E+03   0.29916E+02   0.25480E+02   0.36823E+00  -0.18958E+00
   0.36488E+03   0.29916E+02   0.25154E+02   0.36886E+00  -0.19831E+00
   0.36523E+03   0.29917E+02   0.25040E+02   0.37451E+00  -0.20409E+00
   0.36558E+03   0.29920E+02   0.25326E+02   0.37953E+00  -0.19885E+00
   0.36593E+03   0.29923E+02   0.25525E+02   0.38049E+00  -0.19573E+00
   0.36628E+03   0.29924E+02   0.25567E+02   0.37940E+00  -0.20016E+00
   0.36663E+03   0.29925E+02   0.25794E+02   0.38298E+00  -0.19435E+00
   0.36698E+03   0.29928E+02   0.25742E+02   0.38856E+00  -0.19517E+00
   0.36733E+03   0.29931E+02   0.25446E+02   0.38800E+00  -0.20634E+00
   0.36768E+03   0.29932E+02   0.25123E+02   0.38792E+00  -0.21478E+00
   0.36803E+03   0.29932E+02   0.25009E+02   0.38633E+00  -0.21417E+00
   0.36838E+03   0.29931E+02   0.25039E+02   0.38453E+00  -0.21006E+00
   0.36873E+03   0.29931E+02   0.25059E+02   0.38461E+00  -0.21675E+00
   0.36908E+03   0.29932E+02   0.25057E+02   0.39097E+00  -0.22379E+00
   0.36943E+03   0.29935E+02   0.25050E+02   0.39898E+00  -0.22286E+00
   0.36978E+03   0.29938E+02   0.24908E+02   0.40404E+00  -0.23044E+00
   0.37013E+03   0.29941E+02   0.24788E+02   0.40905E+00  -0.23797E+00
   0.37048E+03   0.29943E+02   0.25223E+02   0.41280E+00  -0.22825E+00
   0.37083E+03   0.29946E+02   0.25732E+02   0.41756E+00  -0.21110E+00
   0.37118E+03   0.29948E+02   0.25911E+02   0.41694E+00  -0.20438E+00
   0.37153E+03   0.29948E+02   0.26111E+02   0.41598E+00  -0.19719E+00
   0.37188E+03   0.29948E+02   0.26186E+02   0.41974E+00  -0.18529E+00
   0.37223E+03   0.29949E+02   0.26206E+02   0.42073E+00  -0.17645E+00
   0.37258E+03   0.29950E+02   0.26156E+02   0.41308E+00  -0.17368E+00
   0.37293E+03   0.29947E+02   0.26076E+02   0.39981E+00  -0.17324E+00
   0.37328E+03   0.29942E+02   0.26176E+02   0.39113E+00  -0.15742E+00
   0.37363E+03   0.29938E+02   0.26109E+02   0.38545E+00  -0.14922E+00
   0.37398E+03   0.29934E+02   0.25803E+02   0.37623E+00  -0.15915E+00
   0.37433E+03   0.29930E+02   0.25707E+02   0.37365E+00  -0.15998E+00
   0.37468E+03   0.29929E+02   0.25881E+02   0.37572E+00  -0.15046E+00
   0.37503E+03   0.29929E+02   0.26015E+02   0.36982E+00  -0.14361E+00
   0.37538E+03   0.29924E+02   0.25996E+02   0.36285E+00  -0.14550E+00
   0.37573E+03   0.29918E+02   0.25898E+02   0.36253E+00  -0.14878E+00
   0.37608E+03   0.29915E+02   0.25835E+02   0.36323E+00  -0.14699E+00
   0.37643E+03   0.29912E+02   0.25732E+02   0.36037E+00  -0.15193E+00
   0.37678E+03   0.29910E+02   0.25554E+02   0.35720E+00  -0.16442E+00
   0.37713E+03   0.29910E+02   0.25462E+02   0.35596E+00  -0.16486E+00
   0.37748E+03   0.29908E+02   0.25291E+02   0.35327E+00  -0.16829E+00
   0.37783E+03   0.29904E+02   0.25149E+02   0.34864E+00  -0.18295E+00
   0.37818E+03   0.29900E+02   0.25364E+02   0.35357E+00  -0.18347E+00
   0.37853E+03   0.29904E+02   0.25417E+02   0.36608E+00  -0.18518E+00
   0.37888E+03   0.29910E+02   0.25428E+02   0.37035E+00  -0.19709E+00
   0.37923E+03   0.29911E+02   0.25389E+02   0.36798E+00  -0.20100E+00
   0.37958E+03   0.29912E+02   0.25301E+02   0.36810E+00  -0.19934E+00
   0.37993E+03   0.29916E+02   0.25346E+02   0.37357E+00  -0.19546E+00
   0.38028E+03   0.29919E+02   0.25279E+02   0.37662E+00  -0.19904E+00
   0.38063E+03   0.29920E+02   0.25110E+02   0.37533E+00  -0.21385E+00
   0.38098E+03   0.29920E+02   0.25144E+02   0.37794E+00  -0.21397E+00
   0.38133E+03   0.29923E+02   0.25198E+02   0.38417E+00  -0.21342E+00
   0.38168E+03   0.29926E+02   0.25216E+02   0.38671E+00  -0.21959E+00
   0.38203E+03   0.29928E+02   0.25368E+02   0.38927E+00  -0.21775E+00
   0.38238E+03   0.29931E+02   0.25302E+02   0.39475E+00  -0.21946E+00
   0.38273E+03   0.29935E+02   0.25114E+02   0.39970E+00  -0.22326E+00
   0.38308E+03   0.29937E+02   0.25295E+02   0.40398E+00  -0.22092E+00
   0.38343E+03   0.29939E+02   0.25489E+02   0.40819E+00  -0.21669E+00
   0.38378E+03   0.29942E+02   0.25356E+02   0.41163E+00  -0.21399E+00
   0.38413E+03   0.29944E+02   0.25319E+02   0.40871E+00  -0.21546E+00
   0.38448E+03   0.29944E+02   0.25449E+02   0.40550E+00  -0.21089E+00
   0.38483E+03   0.29944E+02   0.25632E+02   0.40901E+00  -0.19725E+00
   0.38518E+03   0.29945E+02   0.25795E+02   0.41511E+00  -0.19227E+00
   0.38553E+03   0.29947E+02   0.25856E+02   0.41316E+00  -0.19237E+00
   0.38588E+03   0.29947E+02   0.25822E+02   0.40524E+00  -0.18623E+00
   0.38623E+03   0.29945E+02   0.25935E+02   0.39953E+00  -0.17444E+00
   0.38658E+03   0.29943E+02   0.26158E+02   0.39960E+00  -0.15879E+00
   0.38693E+03   0.29942E+02   0.26466E+02   0.39668E+00  -0.14364E+00
   0.38728E+03   0.29939E+02   0.26663E+02   0.39088E+00  -0.14018E+00
   0.38763E+03   0.29936E+02   0.26661E+02   0.38637E+00  -0.13758E+00
   0.38798E+03   0.29933E+02   0.26783E+02   0.37677E+00  -0.12338E+00
   0.38833E+03   0.29926E+02   0.26945E+02   0.36915E+00  -0.11291E+00
   0.38868E+03   0.29920E+02   0.26960E+02   0.36530E+00  -0.10979E+00
   0.38903E+03   0.29914E+02   0.26781E+02   0.35407E+00  -0.10941E+00
   0.38938E+03   0.29909E+02   0.26481E+02   0.34108E+00  -0.11914E+00
   0.38973E+03   0.29898E+02   0.26309E+02   0.33282E+00  -0.12509E+00
   0.39008E+03   0.29886E+02   0.26261E+02   0.33392E+00  -0.12045E+00
   0.39043E+03   0.29885E+02   0.26306E+02   0.33499E+00  -0.12126E+00
   0.39078E+03   0.29883E+02   0.26414E+02   0.32810E+00  -0.12956E+00
   0.39113E+03   0.29878E+02   0.26569E+02   0.32716E+00  -0.12747E+00
   0.39148E+03   0.29877E+02   0.26626E+02   0.33166E+00  -0.11917E+00
   0.39183E+03   0.29881E+02   0.26543E+02   0.33540E+00  -0.12460E+00
   0.39218E+03   0.29884E+02   0.26356E+02   0.33414E+00  -0.13937E+00
   0.39253E+03   0.29882E+02   0.26112E+02   0.32898E+00  -0.14708E+00
   0.39288E+03   0.29876E+02   0.25975E+02   0.32108E+00  -0.14670E+00
   0.39323E+03   0.29871E+02   0.25779E+02   0.32007E+00  -0.15570E+00
   0.39358E+03   0.29869E+02   0.25661E+02   0.32345E+00  -0.16876E+00
   0.39393E+03   0.29869E+02   0.25559E+02   0.32661E+00  -0.17771E+00
   0.39428E+03   0.29874E+02   0.25139E+02   0.33111E+00  -0.19678E+00
   0.39463E+03   0.29879E+02   0.24968E+02   0.33810E+00  -0.21358E+00
   0.39498E+03   0.29885E+02   0.24995E+02   0.34820E+00  -0.21916E+00
   0.39533E+03   0.29895E+02   0.24989E+02   0.35846E+00  -0.22646E+00
   0.39568E+03   0.29904E+02   0.25157E+02   0.36492E+00  -0.23154E+00
   0.39603E+03   0.29910E+02   0.25393E+02   0.37218E+00  -0.23541E+00
   0.39638E+03   0.29917E+02   0.25725E+02   0.38773E+00  -0.23193E+00
   0.39673E+03   0.29925E+02   0.25975E+02   0.40194E+00  -0.22623E+00
   0.39708E+03   0.29933E+02   0.26223E+02   0.41032E+00  -0.23011E+00
   0.39743E+03   0.29939E+02   0.26372E+02   0.41184E+00  -0.22656E+00
   0.39778E+03   0.29942E+02   0.26346E+02   0.41004E+00  -0.21694E+00
   0.39813E+03   0.29943E+02   0.26350E+02   0.41271E+00  -0.21143E+00
   0.39848E+03   0.29945E+02   0.26226E+02   0.41356E+00  -0.20615E+00
   0.39883E+03   0.29946E+02   0.26096E+02   0.40754E+00  -0.20224E+00
   0.39918E+03   0.29945E+02   0.26348E+02   0.40908E+00  -0.19331E+00
   0.39953E+03   0.29945E+02   0.26509E+02   0.40912E+00  -0.18206E+00
   0.39988E+03   0.29944E+02   0.26431E+02   0.40517E+00  -0.17760E+00
   0.40023E+03   0.29945E+02   0.26437E+02   0.40398E+00  -0.17434E+00
   0.40058E+03   0.29944E+02   0.26393E+02   0.39979E+00  -0.16607E+00
   0.40093E+03   0.29940E+02   0.26196E+02   0.39362E+00  -0.15888E+00
   0.40128E+03   0.29937E+02   0.25907E+02   0.38898E+00  -0.16246E+00
   0.40163E+03   0.29936E+02   0.25829E+02   0.38651E+00  -0.16589E+00
   0.40198E+03   0.29934E+02   0.26127E+02   0.38208E+00  -0.15316E+00
   0.40233E+03   0.29930E+02   0.26155E+02   0.37534E+00  -0.14979E+00
   0.40268E+03   0.29927E+02   0.25956E+02   0.37121E+00  -0.15573E+00
   0.40303E+03   0.29925E+02   0.26036E+02   0.37174E+00  -0.14816E+00
   0.40338E+03   0.29923E+02   0.26030E+02   0.37022E+00  -0.14703E+00
   0.40373E+03   0.29920E+02   0.26023E+02   0.36599E+00  -0.14945E+00
   0.40408E+03   0.29915E+02   0.26131E+02   0.36402E+00  -0.14662E+00
   0.40443E+03   0.29913E+02   0.26105E+02   0.36256E+00  -0.14716E+00
   0.40478E+03   0.29910E+02   0.26093E+02   0.35598E+00  -0.14629E+00
   0.40513E+03   0.29905E+02   0.26152E+02   0.35163E+00  -0.14622E+00
   0.40548E+03   0.29906E+02   0.26121E+02   0.35094E+00  -0.14768E+00
   0.40583E+03   0.29907E+02   0.25998E+02   0.34859E+00  -0.15057E+00
   0.40618E+03   0.29902E+02   0.25987E+02   0.34866E+00  -0.15598E+00
   0.40653E+03   0.29898E+02   0.26111E+02   0.34634E+00  -0.15384E+00
   0.40688E+03   0.29895E+02   0.26183E+02   0.34428E+00  -0.15096E+00
   0.40723E+03   0.29896E+02   0.26219E+02   0.34903E+00  -0.15678E+00
   0.40758E+03   0.29899E+02   0.26004E+02   0.34892E+00  -0.16452E+00
   0.40793E+03   0.29900E+02   0.25644E+02   0.34362E+00  -0.17096E+00
   0.40828E+03   0.29899E+02   0.25508E+02   0.34237E+00  -0.17512E+00
   0.40863E+03   0.29897E+02   0.25274E+02   0.34690E+00  -0.18307E+00
   0.40898E+03   0.29897E+02   0.25144E+02   0.34932E+00  -0.18977E+00
   0.40933E+03   0.29897E+02   0.25023E+02   0.35069E+00  -0.20437E+00
   0.40968E+03   0.29901E+02   0.24957E+02   0.35782E+00  -0.22202E+00
   0.41003E+03   0.29906E+02   0.25134E+02   0.36917E+00  -0.22152E+00
   0.41038E+03   0.29914E+02   0.25017E+02   0.37924E+00  -0.23142E+00
   0.41073E+03   0.29922E+02   0.24775E+02   0.38487E+00  -0.24914E+00
   0.41108E+03   0.29927E+02   0.24718E+02   0.39155E+00  -0.25080E+00
   0.41143E+03   0.29931E+02   0.25004E+02   0.39821E+00  -0.24649E+00
   0.41178E+03   0.29936E+02   0.25440E+02   0.40596E+00  -0.23681E+00
   0.41213E+03   0.29941E+02   0.25630E+02   0.41677E+00  -0.23524E+00
   0.41248E+03   0.29945E+02   0.25680E+02   0.42151E+00  -0.24090E+00
   0.41283E+03   0.29949E+02   0.25779E+02   0.42277E+00  -0.23278E+00
   0.41318E+03   0.29952E+02   0.25566E+02   0.42330E+00  -0.23235E+00
   0.41353E+03   0.29952E+02   0.25437E+02   0.42538E+00  -0.23304E+00
   0.41388E+03   0.29953E+02   0.25779E+02   0.42688E+00  -0.21689E+00
   0.41423E+03   0.29953E+02   0.26102E+02   0.42445E+00  -0.20340E+00
   0.41458E+03   0.29952E+02   0.26197E+02   0.42222E+00  -0.19936E+00
   0.41493E+03   0.29952E+02   0.26392E+02   0.42077E+00  -0.18791E+00
   0.41528E+03   0.29952E+02   0.26469E+02   0.42362E+00  -0.17332E+00
   0.41563E+03   0.29952E+02   0.26503E+02   0.42153E+00  -0.16294E+00
   0.41598E+03   0.29950E+02   0.26379E+02   0.40992E+00  -0.15809E+00
   0.41633E+03   0.29945E+02   0.26159E+02   0.39849E+00  -0.15376E+00
   0.41668E+03   0.29941E+02   0.26227E+02   0.39187E+00  -0.14182E+00
   0.41703E+03   0.29936E+02   0.26364E+02   0.38296E+00  -0.13046E+00
   0.41738E+03   0.29931E+02   0.26315E+02   0.37473E+00  -0.12817E+00
   0.41773E+03   0.29927E+02   0.26268E+02   0.36795E+00  -0.12816E+00
   0.41808E+03   0.29921E+02   0.26338E+02   0.36464E+00  -0.12409E+00
   0.41843E+03   0.29918E+02   0.26129E+02   0.36104E+00  -0.12776E+00
   0.41878E+03   0.29912E+02   0.25843E+02   0.34996E+00  -0.13998E+00
   0.41913E+03   0.29908E+02   0.25515E+02   0.34787E+00  -0.15086E+00
   0.41948E+03   0.29905E+02   0.25277E+02   0.34368E+00  -0.15680E+00
   0.41983E+03   0.29899E+02   0.25343E+02   0.33760E+00  -0.15763E+00
