         269
  0.175000000000000        1312500.00000000     
         402
  0.525000000000000        3937500.00000000     
         342
  0.875000000000000        6562500.00000000     
         281
   1.22500000000000        9187500.00000000     
         111
   1.57500000000000        11812500.0000000     
         466
   1.92500000000000        14437500.0000000     
         125
   2.27500000000000        17062500.0000000     
         509
   2.62500000000000        19687500.0000000     
         300
   2.97500000000000        22312500.0000000     
         350
   3.32500000000000        24937500.0000000     
         225
   3.67500000000000        27562500.0000000     
         212
   4.02500000000000        30187500.0000000     
         319
   4.37500000000000        32812500.0000000     
         394
   4.72500000000000        35437500.0000000     
         455
   5.07500000000000        38062500.0000000     
         360
   5.42500000000000        40687500.0000000     
          48
   5.77500000000000        43312500.0000000     
          88
   6.12500000000000        45937500.0000000     
         485
   6.47500000000000        48562500.0000000     
         519
   6.82500000000000        51187500.0000000     
         276
   7.17500000000000        53812500.0000000     
         365
   7.52500000000000        56437500.0000000     
         344
   7.87500000000000        59062500.0000000     
         435
   8.22500000000000        61687500.0000000     
         505
   8.57500000000000        64312500.0000000     
         401
   8.92500000000000        66937500.0000000     
         332
   9.27500000000000        69562500.0000000     
         225
   9.62499999999999        72187500.0000000     
         469
   9.97499999999999        74812500.0000000     
          59
   10.3250000000000        77437500.0000000     
         494
   10.6750000000000        80062500.0000000     
         110
   11.0250000000000        82687500.0000000     
         131
   11.3750000000000        85312499.9999999     
         187
   11.7250000000000        87937499.9999999     
         477
   12.0750000000000        90562499.9999999     
         533
   12.4250000000000        93187499.9999999     
         383
   12.7750000000000        95812499.9999999     
         125
   13.1250000000000        98437499.9999999     
         142
   13.4750000000000        101062500.000000     
         398
   13.8250000000000        103687500.000000     
         232
   14.1750000000000        106312500.000000     
          61
   14.5250000000000        108937500.000000     
         260
   14.8750000000000        111562500.000000     
         515
   15.2250000000000        114187500.000000     
         450
   15.5750000000000        116812500.000000     
         226
   15.9250000000000        119437500.000000     
         464
   16.2750000000000        122062500.000000     
         196
   16.6250000000000        124687500.000000     
          97
   16.9750000000000        127312500.000000     
         334
   17.3250000000000        129937500.000000     
         403
   17.6750000000000        132562500.000000     
         496
   18.0250000000000        135187500.000000     
         383
   18.3750000000000        137812500.000000     
         531
   18.7250000000000        140437500.000000     
         126
   19.0750000000000        143062500.000000     
         446
   19.4250000000000        145687500.000000     
         339
   19.7750000000000        148312500.000000     
         478
   20.1250000000000        150937500.000000     
         292
   20.4750000000000        153562500.000000     
         249
   20.8250000000000        156187500.000000     
          69
   21.1750000000000        158812500.000000     
         529
   21.5250000000000        161437500.000000     
         147
   21.8750000000000        164062500.000000     
         221
   22.2250000000000        166687500.000000     
         200
   22.5750000000000        169312500.000000     
          89
   22.9250000000000        171937500.000000     
         358
   23.2750000000000        174562500.000000     
         305
   23.6250000000000        177187500.000000     
         444
   23.9750000000000        179812500.000000     
         369
   24.3250000000000        182437500.000000     
         379
   24.6750000000000        185062500.000000     
         168
   25.0250000000000        187687500.000000     
          67
   25.3750000000000        190312500.000000     
         361
   25.7250000000000        192937500.000000     
          44
   26.0750000000000        195562500.000000     
         109
   26.4250000000000        198187500.000000     
         167
   26.7750000000000        200812500.000000     
         160
   27.1250000000000        203437500.000000     
         513
   27.4750000000000        206062500.000000     
         275
   27.8250000000000        208687500.000000     
         438
   28.1750000000000        211312500.000000     
          99
   28.5250000000000        213937500.000000     
         435
   28.8750000000000        216562500.000000     
         466
   29.2250000000000        219187500.000000     
          54
   29.5750000000000        221812500.000000     
         334
   29.9250000000000        224437500.000000     
          35
   30.2750000000000        227062500.000000     
         525
   30.6250000000000        229687500.000000     
          10
   30.9750000000001        232312500.000000     
         454
   31.3250000000001        234937500.000000     
         328
   31.6750000000001        237562500.000000     
         354
   32.0250000000001        240187500.000000     
         231
   32.3750000000001        242812500.000000     
         245
   32.7250000000001        245437500.000000     
         411
   33.0750000000001        248062500.000000     
          66
   33.4250000000001        250687500.000000     
         254
   33.7750000000001        253312500.000000     
         402
   34.1250000000001        255937500.000000     
         116
   34.4750000000001        258562500.000000     
         462
   34.8250000000001        261187500.000001     
         310
   35.1750000000001        263812500.000001     
          73
   35.5250000000001        266437500.000001     
         188
   35.8750000000001        269062500.000001     
         132
   36.2250000000001        271687500.000001     
         509
   36.5750000000001        274312500.000001     
          56
   36.9250000000001        276937500.000001     
         136
   37.2750000000001        279562500.000001     
         477
   37.6250000000001        282187500.000001     
         370
   37.9750000000001        284812500.000001     
         252
   38.3250000000001        287437500.000001     
         490
   38.6750000000001        290062500.000001     
          48
   39.0250000000001        292687500.000001     
          40
   39.3750000000001        295312500.000001     
         498
   39.7250000000001        297937500.000001     
         420
   40.0750000000001        300562500.000001     
         538
   40.4250000000001        303187500.000001     
         117
   40.7750000000001        305812500.000001     
          22
   41.1250000000001        308437500.000001     
         427
   41.4750000000001        311062500.000001     
          92
   41.8250000000001        313687500.000001     
         293
   42.1750000000001        316312500.000001     
         439
   42.5250000000001        318937500.000001     
         109
   42.8750000000001        321562500.000001     
         148
   43.2250000000001        324187500.000001     
          57
   43.5750000000001        326812500.000001     
          93
   43.9250000000001        329437500.000001     
         103
   44.2750000000001        332062500.000001     
         336
   44.6250000000001        334687500.000001     
          66
   44.9750000000001        337312500.000001     
         355
   45.3250000000001        339937500.000001     
         512
   45.6750000000001        342562500.000001     
         256
   46.0250000000001        345187500.000001     
         159
   46.3750000000001        347812500.000001     
         197
   46.7250000000001        350437500.000001     
          10
   47.0750000000001        353062500.000001     
          67
   47.4250000000001        355687500.000001     
         252
   47.7750000000001        358312500.000001     
         197
   48.1250000000001        360937500.000001     
         465
   48.4750000000001        363562500.000001     
         141
   48.8250000000001        366187500.000001     
         519
   49.1750000000001        368812500.000001     
         440
   49.5250000000001        371437500.000001     
         184
   49.8750000000001        374062500.000001     
         263
   50.2250000000001        376687500.000001     
          73
   50.5750000000001        379312500.000001     
          69
   50.9250000000001        381937500.000001     
         162
   51.2750000000001        384562500.000001     
         141
   51.6250000000001        387187500.000001     
          93
   51.9750000000001        389812500.000001     
         427
   52.3250000000001        392437500.000001     
          63
   52.6750000000001        395062500.000001     
          49
   53.0250000000001        397687500.000001     
         102
   53.3750000000001        400312500.000001     
         108
   53.7250000000001        402937500.000001     
         112
   54.0750000000001        405562500.000001     
         421
   54.4250000000001        408187500.000001     
         175
   54.7750000000001        410812500.000001     
         507
   55.1250000000001        413437500.000001     
         146
   55.4750000000002        416062500.000001     
         204
   55.8250000000002        418687500.000001     
         119
   56.1750000000002        421312500.000001     
         526
   56.5250000000002        423937500.000001     
         243
   56.8750000000002        426562500.000001     
         316
   57.2250000000002        429187500.000001     
         495
   57.5750000000002        431812500.000001     
         364
   57.9250000000002        434437500.000001     
          83
   58.2750000000002        437062500.000001     
         194
   58.6250000000002        439687500.000001     
         376
   58.9750000000002        442312500.000001     
         237
   59.3250000000002        444937500.000001     
         226
   59.6750000000002        447562500.000001     
         328
   60.0250000000002        450187500.000001     
         251
   60.3750000000002        452812500.000001     
         302
   60.7250000000002        455437500.000001     
         267
   61.0750000000002        458062500.000001     
         370
   61.4250000000002        460687500.000001     
         314
   61.7750000000002        463312500.000001     
         375
   62.1250000000002        465937500.000001     
          92
   62.4750000000002        468562500.000001     
         312
   62.8250000000002        471187500.000001     
         486
   63.1750000000002        473812500.000001     
          33
   63.5250000000002        476437500.000001     
         362
   63.8750000000002        479062500.000001     
         202
   64.2250000000002        481687500.000001     
         391
   64.5750000000002        484312500.000001     
          50
   64.9250000000002        486937500.000001     
         222
   65.2750000000002        489562500.000001     
          46
   65.6250000000002        492187500.000001     
         405
   65.9750000000002        494812500.000001     
         365
   66.3250000000001        497437500.000001     
         392
   66.6750000000001        500062500.000001     
         437
   67.0250000000001        502687500.000001     
          81
   67.3750000000001        505312500.000001     
         467
   67.7250000000001        507937500.000001     
           6
   68.0750000000001        510562500.000001     
          90
   68.4250000000001        513187500.000001     
         175
   68.7750000000001        515812500.000001     
         245
   69.1250000000001        518437500.000001     
         420
   69.4750000000001        521062500.000001     
         481
   69.8250000000001        523687500.000001     
         191
   70.1750000000001        526312500.000001     
           1
   70.5250000000001        528937500.000001     
         351
   70.8750000000001        531562500.000001     
         121
   71.2250000000001        534187500.000000     
         307
   71.5750000000001        536812500.000000     
         127
   71.9250000000001        539437500.000000     
         481
   72.2750000000000        542062500.000000     
         314
   72.6250000000000        544687500.000000     
         258
   72.9750000000000        547312500.000000     
         216
   73.3250000000000        549937500.000000     
         496
   73.6750000000000        552562500.000000     
         241
   74.0250000000000        555187500.000000     
         458
   74.3750000000000        557812500.000000     
         100
   74.7250000000000        560437500.000000     
         192
   75.0750000000000        563062500.000000     
         316
   75.4250000000000        565687500.000000     
         500
   75.7750000000000        568312500.000000     
         108
   76.1250000000000        570937500.000000     
         521
   76.4750000000000        573562500.000000     
         429
   76.8250000000000        576187500.000000     
          98
   77.1750000000000        578812500.000000     
         241
   77.5250000000000        581437500.000000     
         329
   77.8750000000000        584062500.000000     
         223
   78.2250000000000        586687500.000000     
          24
   78.5749999999999        589312500.000000     
          82
   78.9249999999999        591937500.000000     
         386
   79.2749999999999        594562500.000000     
         136
   79.6249999999999        597187500.000000     
         366
   79.9749999999999        599812499.999999     
         209
   80.3249999999999        602437499.999999     
           3
   80.6749999999999        605062499.999999     
         470
   81.0249999999999        607687499.999999     
         379
   81.3749999999999        610312499.999999     
         190
   81.7249999999999        612937499.999999     
         418
   82.0749999999999        615562499.999999     
         399
   82.4249999999999        618187499.999999     
         346
   82.7749999999999        620812499.999999     
          50
   83.1249999999999        623437499.999999     
         175
   83.4749999999999        626062499.999999     
         247
   83.8249999999999        628687499.999999     
         262
   84.1749999999999        631312499.999999     
         214
   84.5249999999998        633937499.999999     
         294
   84.8749999999998        636562499.999999     
          50
   85.2249999999998        639187499.999999     
         117
   85.5749999999998        641812499.999999     
         124
   85.9249999999998        644437499.999999     
          66
   86.2749999999998        647062499.999999     
         463
   86.6249999999998        649687499.999999     
         218
   86.9749999999998        652312499.999999     
          71
   87.3249999999998        654937499.999999     
         296
   87.6749999999998        657562499.999998     
         494
   88.0249999999998        660187499.999998     
         432
   88.3749999999998        662812499.999998     
         511
   88.7249999999998        665437499.999998     
         514
   89.0749999999998        668062499.999998     
         157
   89.4249999999998        670687499.999998     
         398
   89.7749999999998        673312499.999998     
         264
   90.1249999999998        675937499.999998     
         319
   90.4749999999998        678562499.999998     
         109
   90.8249999999997        681187499.999998     
         498
   91.1749999999997        683812499.999998     
         529
   91.5249999999997        686437499.999998     
         322
   91.8749999999997        689062499.999998     
         121
   92.2249999999997        691687499.999998     
         310
   92.5749999999997        694312499.999998     
           7
   92.9249999999997        696937499.999998     
         423
   93.2749999999997        699562499.999998     
          91
   93.6249999999997        702187499.999998     
          54
   93.9749999999997        704812499.999998     
         432
   94.3249999999997        707437499.999998     
          39
   94.6749999999997        710062499.999998     
         264
   95.0249999999997        712687499.999998     
         476
   95.3749999999997        715312499.999997     
         519
   95.7249999999997        717937499.999997     
         308
   96.0749999999997        720562499.999997     
          60
   96.4249999999997        723187499.999997     
         107
   96.7749999999997        725812499.999997     
         446
   97.1249999999996        728437499.999997     
         149
   97.4749999999996        731062499.999997     
          43
   97.8249999999996        733687499.999997     
         472
   98.1749999999996        736312499.999997     
         487
   98.5249999999996        738937499.999997     
         122
   98.8749999999996        741562499.999997     
         337
   99.2249999999996        744187499.999997     
          55
   99.5749999999996        746812499.999997     
         461
   99.9249999999996        749437499.999997     
         166
   100.275000000000        752062499.999997     
         456
   100.625000000000        754687499.999997     
         204
   100.975000000000        757312499.999997     
         374
   101.325000000000        759937499.999997     
         380
   101.675000000000        762562499.999997     
         518
   102.025000000000        765187499.999997     
         119
   102.375000000000        767812499.999997     
         495
   102.725000000000        770437499.999997     
         231
   103.075000000000        773062499.999997     
         504
   103.425000000000        775687499.999997     
         381
   103.775000000000        778312499.999997     
         156
   104.125000000000        780937499.999996     
         253
   104.475000000000        783562499.999996     
         100
   104.825000000000        786187499.999996     
         462
   105.175000000000        788812499.999996     
         112
   105.525000000000        791437499.999996     
         285
   105.875000000000        794062499.999996     
          38
   106.224999999999        796687499.999996     
         336
   106.574999999999        799312499.999996     
         286
   106.924999999999        801937499.999996     
         508
   107.274999999999        804562499.999996     
         286
   107.624999999999        807187499.999996     
          46
   107.974999999999        809812499.999996     
          99
   108.324999999999        812437499.999996     
         516
   108.674999999999        815062499.999996     
         229
   109.024999999999        817687499.999996     
          73
   109.374999999999        820312499.999996     
         165
   109.724999999999        822937499.999996     
         204
   110.074999999999        825562499.999996     
         201
   110.424999999999        828187499.999996     
         520
   110.774999999999        830812499.999996     
          91
   111.124999999999        833437499.999996     
          90
   111.474999999999        836062499.999996     
         210
   111.824999999999        838687499.999996     
          48
   112.174999999999        841312499.999995     
         377
   112.524999999999        843937499.999995     
         193
   112.874999999999        846562499.999995     
          54
   113.224999999999        849187499.999995     
         156
   113.574999999999        851812499.999995     
         380
   113.924999999999        854437499.999995     
         117
   114.274999999999        857062499.999995     
         361
   114.624999999999        859687499.999995     
         428
   114.974999999999        862312499.999995     
         488
   115.324999999999        864937499.999995     
         112
   115.674999999999        867562499.999995     
         473
   116.024999999999        870187499.999995     
         368
   116.374999999999        872812499.999995     
         425
   116.724999999999        875437499.999995     
         494
   117.074999999999        878062499.999995     
         339
   117.424999999999        880687499.999995     
          13
   117.774999999999        883312499.999995     
         473
   118.124999999999        885937499.999995     
         376
   118.474999999999        888562499.999995     
          20
   118.824999999999        891187499.999995     
         234
   119.174999999999        893812499.999995     
          85
   119.524999999999        896437499.999995     
         397
   119.874999999999        899062499.999995     
         411
   120.224999999999        901687499.999995     
         238
   120.574999999999        904312499.999995     
         453
   120.924999999999        906937499.999994     
         253
   121.274999999999        909562499.999994     
         310
   121.624999999999        912187499.999994     
         338
   121.974999999999        914812499.999994     
         341
   122.324999999999        917437499.999994     
         247
   122.674999999999        920062499.999994     
         154
   123.024999999999        922687499.999994     
         211
   123.374999999999        925312499.999994     
         206
   123.724999999999        927937499.999994     
          25
   124.074999999999        930562499.999994     
         225
   124.424999999999        933187499.999994     
          26
   124.774999999999        935812499.999994     
         447
   125.124999999999        938437499.999994     
          46
   125.474999999999        941062499.999994     
         218
   125.824999999999        943687499.999994     
          71
   126.174999999999        946312499.999994     
         401
   126.524999999999        948937499.999994     
         536
   126.874999999999        951562499.999994     
          81
   127.224999999999        954187499.999994     
         334
   127.574999999999        956812499.999994     
         144
   127.924999999999        959437499.999994     
          24
   128.274999999999        962062499.999993     
         216
   128.624999999999        964687499.999993     
         512
   128.974999999999        967312499.999993     
          79
   129.324999999999        969937499.999993     
         379
   129.674999999999        972562499.999993     
          14
   130.024999999999        975187499.999993     
         486
   130.374999999999        977812499.999993     
          28
   130.724999999999        980437499.999993     
         366
   131.074999999999        983062499.999993     
         291
   131.424999999999        985687499.999993     
         106
   131.774999999999        988312499.999993     
         267
   132.124999999999        990937499.999993     
         422
   132.474999999999        993562499.999993     
           8
   132.824999999999        996187499.999993     
         442
   133.174999999999        998812499.999993     
          86
   133.524999999999        1001437499.99999     
         484
   133.874999999999        1004062499.99999     
           6
   134.224999999999        1006687499.99999     
         259
   134.574999999999        1009312499.99999     
         256
   134.924999999999        1011937499.99999     
          72
   135.274999999999        1014562499.99999     
         289
   135.624999999999        1017187499.99999     
         206
   135.974999999999        1019812499.99999     
         338
   136.324999999999        1022437499.99999     
          14
   136.674999999999        1025062499.99999     
         205
   137.024999999999        1027687499.99999     
          17
   137.374999999999        1030312499.99999     
         331
   137.724999999999        1032937499.99999     
         271
   138.074999999999        1035562499.99999     
         470
   138.424999999999        1038187499.99999     
         381
   138.774999999999        1040812499.99999     
         448
   139.124999999999        1043437499.99999     
         274
   139.474999999999        1046062499.99999     
         362
   139.824999999999        1048687499.99999     
         439
   140.174999999999        1051312499.99999     
         215
   140.524999999999        1053937499.99999     
          49
   140.874999999999        1056562499.99999     
         513
   141.224999999999        1059187499.99999     
         383
   141.574999999999        1061812499.99999     
         441
   141.924999999999        1064437499.99999     
         295
   142.274999999999        1067062499.99999     
         233
   142.624999999999        1069687499.99999     
         251
   142.974999999999        1072312499.99999     
         486
   143.324999999999        1074937499.99999     
         342
   143.674999999999        1077562499.99999     
         494
   144.024999999999        1080187499.99999     
         297
   144.374999999999        1082812499.99999     
          62
   144.724999999999        1085437499.99999     
         103
   145.074999999999        1088062499.99999     
         302
   145.424999999999        1090687499.99999     
         479
   145.774999999999        1093312499.99999     
         314
   146.124999999999        1095937499.99999     
         308
   146.474999999999        1098562499.99999     
          51
   146.824999999999        1101187499.99999     
          78
   147.174999999999        1103812499.99999     
         485
   147.524999999999        1106437499.99999     
         345
   147.874999999999        1109062499.99999     
         405
   148.224999999999        1111687499.99999     
         301
   148.574999999999        1114312499.99999     
         409
   148.924999999999        1116937499.99999     
         228
   149.274999999999        1119562499.99999     
         313
   149.624999999999        1122187499.99999     
         443
   149.974999999999        1124812499.99999     
          60
   150.324999999999        1127437499.99999     
           0
   150.674999999999        1130062499.99999     
         333
   151.024999999999        1132687499.99999     
          56
   151.374999999999        1135312499.99999     
          49
   151.724999999999        1137937499.99999     
         254
   152.074999999999        1140562499.99999     
         198
   152.424999999999        1143187499.99999     
          54
   152.774999999999        1145812499.99999     
          17
   153.124999999999        1148437499.99999     
         147
   153.474999999999        1151062499.99999     
          19
   153.824999999999        1153687499.99999     
         526
   154.174999999999        1156312499.99999     
         475
   154.524999999999        1158937499.99999     
         508
   154.874999999999        1161562499.99999     
         281
   155.224999999999        1164187499.99999     
         285
   155.574999999999        1166812499.99999     
          51
   155.924999999999        1169437499.99999     
         301
   156.274999999999        1172062499.99999     
         183
   156.624999999999        1174687499.99999     
         187
   156.974999999999        1177312499.99999     
         139
   157.324999999999        1179937499.99999     
         232
   157.674999999999        1182562499.99999     
         411
   158.024999999999        1185187499.99999     
         525
   158.374999999999        1187812499.99999     
          75
   158.724999999999        1190437499.99999     
         504
   159.074999999999        1193062499.99999     
          56
   159.424999999999        1195687499.99999     
         325
   159.774999999999        1198312499.99999     
         417
   160.124999999999        1200937499.99999     
         310
   160.474999999999        1203562499.99999     
         347
   160.824999999999        1206187499.99999     
         402
   161.174999999999        1208812499.99999     
          95
   161.524999999999        1211437499.99999     
         521
   161.874999999999        1214062499.99999     
          19
   162.224999999999        1216687499.99999     
         217
   162.574999999999        1219312499.99999     
         504
   162.924999999999        1221937499.99999     
         156
   163.274999999999        1224562499.99999     
         529
   163.624999999999        1227187499.99999     
         248
   163.974999999999        1229812499.99999     
          62
   164.324999999999        1232437499.99999     
          69
   164.674999999999        1235062499.99999     
         387
   165.024999999999        1237687499.99999     
         431
   165.374999999999        1240312499.99999     
         338
   165.724999999999        1242937499.99999     
         213
   166.074999999999        1245562499.99999     
         527
   166.424999999999        1248187499.99999     
         271
   166.774999999998        1250812499.99999     
         436
   167.124999999998        1253437499.99999     
         171
   167.474999999998        1256062499.99999     
         374
   167.824999999998        1258687499.99999     
          57
   168.174999999998        1261312499.99999     
         498
   168.524999999998        1263937499.99999     
         174
   168.874999999998        1266562499.99999     
         150
   169.224999999998        1269187499.99999     
         411
   169.574999999998        1271812499.99999     
         123
   169.924999999998        1274437499.99999     
         181
   170.274999999998        1277062499.99999     
         489
   170.624999999998        1279687499.99999     
         307
   170.974999999998        1282312499.99999     
         261
   171.324999999998        1284937499.99999     
         434
   171.674999999998        1287562499.99999     
         257
   172.024999999998        1290187499.99999     
         523
   172.374999999998        1292812499.99999     
         221
   172.724999999998        1295437499.99999     
         516
   173.074999999998        1298062499.99999     
         488
   173.424999999998        1300687499.99999     
         206
   173.774999999998        1303312499.99999     
         156
   174.124999999998        1305937499.99999     
          95
   174.474999999998        1308562499.99999     
         397
   174.824999999998        1311187499.99999     
         122
   175.174999999998        1313812499.99999     
         480
   175.524999999998        1316437499.99999     
         240
   175.874999999998        1319062499.99999     
         334
   176.224999999998        1321687499.99999     
         123
   176.574999999998        1324312499.99999     
         196
   176.924999999998        1326937499.99999     
         485
   177.274999999998        1329562499.99999     
          17
   177.624999999998        1332187499.99999     
         122
   177.974999999998        1334812499.99999     
         254
   178.324999999998        1337437499.99999     
         425
   178.674999999998        1340062499.99999     
         527
   179.024999999998        1342687499.99999     
         158
   179.374999999998        1345312499.99999     
         154
   179.724999999998        1347937499.99999     
          98
   180.074999999998        1350562499.99999     
         356
   180.424999999998        1353187499.99999     
          80
   180.774999999998        1355812499.99999     
         100
   181.124999999998        1358437499.99999     
         230
   181.474999999998        1361062499.99999     
         417
   181.824999999998        1363687499.99999     
         206
   182.174999999998        1366312499.99999     
          70
   182.524999999998        1368937499.99999     
         508
   182.874999999998        1371562499.99999     
         207
   183.224999999998        1374187499.99999     
          38
   183.574999999998        1376812499.99999     
         138
   183.924999999998        1379437499.99999     
         368
   184.274999999998        1382062499.99999     
         367
   184.624999999998        1384687499.99999     
         299
   184.974999999998        1387312499.99999     
         150
   185.324999999998        1389937499.99999     
         206
   185.674999999998        1392562499.99999     
          37
   186.024999999998        1395187499.99999     
          49
   186.374999999998        1397812499.99999     
         353
   186.724999999998        1400437499.99999     
          42
   187.074999999998        1403062499.99999     
         376
   187.424999999998        1405687499.99999     
         385
   187.774999999998        1408312499.99999     
         193
   188.124999999998        1410937499.99999     
         120
   188.474999999998        1413562499.99999     
          63
   188.824999999998        1416187499.99999     
          57
   189.174999999998        1418812499.99999     
          40
   189.524999999998        1421437499.99999     
         538
   189.874999999998        1424062499.99999     
          29
   190.224999999998        1426687499.99999     
         182
   190.574999999998        1429312499.99999     
         465
   190.924999999998        1431937499.99999     
         144
   191.274999999998        1434562499.99999     
         230
   191.624999999998        1437187499.99999     
         318
   191.974999999998        1439812499.99999     
         299
   192.324999999998        1442437499.99999     
         151
   192.674999999998        1445062499.99999     
         243
   193.024999999998        1447687499.99999     
         499
   193.374999999998        1450312499.99999     
          73
   193.724999999998        1452937499.99999     
         291
   194.074999999998        1455562499.99999     
         233
   194.424999999998        1458187499.99999     
         535
   194.774999999998        1460812499.99999     
         287
   195.124999999998        1463437499.99999     
         485
   195.474999999998        1466062499.99999     
          92
   195.824999999998        1468687499.99999     
         508
   196.174999999998        1471312499.99999     
         290
   196.524999999998        1473937499.99999     
         485
   196.874999999998        1476562499.99998     
          66
   197.224999999998        1479187499.99998     
         129
   197.574999999998        1481812499.99998     
         405
   197.924999999998        1484437499.99998     
         124
   198.274999999998        1487062499.99998     
         279
   198.624999999998        1489687499.99998     
          65
   198.974999999998        1492312499.99998     
           5
   199.324999999998        1494937499.99998     
         182
   199.674999999998        1497562499.99998     
          50
   200.024999999998        1500187499.99998     
         515
   200.374999999998        1502812499.99998     
         349
   200.724999999998        1505437499.99998     
          96
   201.074999999998        1508062499.99998     
         499
   201.424999999998        1510687499.99998     
         418
   201.774999999998        1513312499.99998     
         517
   202.124999999998        1515937499.99998     
         328
   202.474999999998        1518562499.99998     
         410
   202.824999999998        1521187499.99998     
          57
   203.174999999998        1523812499.99998     
         441
   203.524999999998        1526437499.99998     
         398
   203.874999999998        1529062499.99998     
          53
   204.224999999998        1531687499.99998     
         166
   204.574999999998        1534312499.99998     
         342
   204.924999999998        1536937499.99998     
         242
   205.274999999998        1539562499.99998     
         353
   205.624999999998        1542187499.99998     
         388
   205.974999999998        1544812499.99998     
         505
   206.324999999998        1547437499.99998     
         430
   206.674999999998        1550062499.99998     
         301
   207.024999999998        1552687499.99998     
         110
   207.374999999998        1555312499.99998     
         283
   207.724999999998        1557937499.99998     
          72
   208.074999999998        1560562499.99998     
         389
   208.424999999998        1563187499.99998     
         512
   208.774999999998        1565812499.99998     
         213
   209.124999999998        1568437499.99998     
         292
   209.474999999998        1571062499.99998     
         238
   209.824999999998        1573687499.99998     
           3
   210.174999999998        1576312499.99998     
         298
   210.524999999998        1578937499.99998     
          51
   210.874999999998        1581562499.99998     
         512
   211.224999999998        1584187499.99998     
         358
   211.574999999998        1586812499.99998     
         347
   211.924999999998        1589437499.99998     
         168
   212.274999999998        1592062499.99998     
          17
   212.624999999998        1594687499.99998     
         105
   212.974999999998        1597312499.99998     
         257
   213.324999999998        1599937499.99998     
         267
   213.674999999998        1602562499.99998     
         118
   214.024999999998        1605187499.99998     
          63
   214.374999999998        1607812499.99998     
          69
   214.724999999998        1610437499.99998     
         100
   215.074999999998        1613062499.99998     
         270
   215.424999999998        1615687499.99998     
         463
   215.774999999998        1618312499.99998     
         394
   216.124999999998        1620937499.99998     
         361
   216.474999999998        1623562499.99998     
         402
   216.824999999998        1626187499.99998     
         278
   217.174999999998        1628812499.99998     
         152
   217.524999999998        1631437499.99998     
         479
   217.874999999998        1634062499.99998     
          72
   218.224999999998        1636687499.99998     
          97
   218.574999999998        1639312499.99998     
          52
   218.924999999998        1641937499.99998     
         251
   219.274999999998        1644562499.99998     
         404
   219.624999999998        1647187499.99998     
          36
   219.974999999998        1649812499.99998     
         316
   220.324999999998        1652437499.99998     
         456
   220.674999999998        1655062499.99998     
         381
   221.024999999998        1657687499.99998     
         452
   221.374999999998        1660312499.99998     
         465
   221.724999999998        1662937499.99998     
         249
   222.074999999998        1665562499.99998     
         274
   222.424999999998        1668187499.99998     
          12
   222.774999999998        1670812499.99998     
         195
   223.124999999998        1673437499.99998     
         222
   223.474999999998        1676062499.99998     
         430
   223.824999999998        1678687499.99998     
         230
   224.174999999998        1681312499.99998     
         359
   224.524999999998        1683937499.99998     
         536
   224.874999999998        1686562499.99998     
         347
   225.224999999998        1689187499.99998     
          41
   225.574999999998        1691812499.99998     
         277
   225.924999999998        1694437499.99998     
         506
   226.274999999998        1697062499.99998     
         320
   226.624999999998        1699687499.99998     
         519
   226.974999999998        1702312499.99998     
         236
   227.324999999998        1704937499.99998     
         172
   227.674999999998        1707562499.99998     
         165
   228.024999999998        1710187499.99998     
         505
   228.374999999997        1712812499.99998     
         446
   228.724999999997        1715437499.99998     
         384
   229.074999999997        1718062499.99998     
          90
   229.424999999997        1720687499.99998     
          47
   229.774999999997        1723312499.99998     
         522
   230.124999999997        1725937499.99998     
         158
   230.474999999997        1728562499.99998     
         231
   230.824999999997        1731187499.99998     
         211
   231.174999999997        1733812499.99998     
         331
   231.524999999997        1736437499.99998     
         131
   231.874999999997        1739062499.99998     
         401
   232.224999999997        1741687499.99998     
         341
   232.574999999997        1744312499.99998     
         368
   232.924999999997        1746937499.99998     
         413
   233.274999999997        1749562499.99998     
          95
   233.624999999997        1752187499.99998     
          94
   233.974999999997        1754812499.99998     
         121
   234.324999999997        1757437499.99998     
         341
   234.674999999997        1760062499.99998     
         329
   235.024999999997        1762687499.99998     
         237
   235.374999999997        1765312499.99998     
         484
   235.724999999997        1767937499.99998     
         444
   236.074999999997        1770562499.99998     
         348
   236.424999999997        1773187499.99998     
          69
   236.774999999997        1775812499.99998     
         312
   237.124999999997        1778437499.99998     
         293
   237.474999999997        1781062499.99998     
         353
   237.824999999997        1783687499.99998     
         219
   238.174999999997        1786312499.99998     
           0
   238.524999999997        1788937499.99998     
         483
   238.874999999997        1791562499.99998     
         282
   239.224999999997        1794187499.99998     
         255
   239.574999999997        1796812499.99998     
         485
   239.924999999997        1799437499.99998     
          92
   240.274999999997        1802062499.99998     
          72
   240.624999999997        1804687499.99998     
          56
   240.974999999997        1807312499.99998     
         283
   241.324999999997        1809937499.99998     
         367
   241.674999999997        1812562499.99998     
         475
   242.024999999997        1815187499.99998     
         119
   242.374999999997        1817812499.99998     
         379
   242.724999999997        1820437499.99998     
         343
   243.074999999997        1823062499.99998     
           9
   243.424999999997        1825687499.99998     
         389
   243.774999999997        1828312499.99998     
         268
   244.124999999997        1830937499.99998     
         462
   244.474999999997        1833562499.99998     
         284
   244.824999999997        1836187499.99998     
         377
   245.174999999997        1838812499.99998     
         322
   245.524999999997        1841437499.99998     
         307
   245.874999999997        1844062499.99998     
         325
   246.224999999997        1846687499.99998     
         460
   246.574999999997        1849312499.99998     
         213
   246.924999999997        1851937499.99998     
         182
   247.274999999997        1854562499.99998     
          31
   247.624999999997        1857187499.99998     
         165
   247.974999999997        1859812499.99998     
         346
   248.324999999997        1862437499.99998     
         471
   248.674999999997        1865062499.99998     
         163
   249.024999999997        1867687499.99998     
          64
   249.374999999997        1870312499.99998     
         165
   249.724999999997        1872937499.99998     
         213
   250.074999999997        1875562499.99998     
          56
   250.424999999997        1878187499.99998     
         493
   250.774999999997        1880812499.99998     
          26
   251.124999999997        1883437499.99998     
         294
   251.474999999997        1886062499.99998     
         273
   251.824999999997        1888687499.99998     
         178
   252.174999999997        1891312499.99998     
         223
   252.524999999997        1893937499.99998     
         510
   252.874999999997        1896562499.99998     
         122
   253.224999999997        1899187499.99998     
         484
   253.574999999997        1901812499.99998     
          39
   253.924999999997        1904437499.99998     
          52
   254.274999999997        1907062499.99998     
         254
   254.624999999997        1909687499.99998     
         431
   254.974999999997        1912312499.99998     
          44
   255.324999999997        1914937499.99998     
         237
   255.674999999997        1917562499.99998     
         258
   256.024999999997        1920187499.99998     
         335
   256.374999999997        1922812499.99998     
         382
   256.724999999997        1925437499.99998     
         339
   257.074999999997        1928062499.99998     
         109
   257.424999999997        1930687499.99998     
         118
   257.774999999997        1933312499.99998     
         375
   258.124999999997        1935937499.99998     
         374
   258.474999999997        1938562499.99998     
         274
   258.824999999997        1941187499.99998     
          71
   259.174999999997        1943812499.99998     
          32
   259.524999999997        1946437499.99998     
          25
   259.874999999997        1949062499.99998     
         212
   260.224999999997        1951687499.99998     
         355
   260.574999999997        1954312499.99998     
         461
   260.924999999997        1956937499.99998     
         140
   261.274999999997        1959562499.99998     
          69
   261.624999999997        1962187499.99998     
         490
   261.974999999997        1964812499.99998     
         348
   262.324999999997        1967437499.99998     
         380
   262.674999999998        1970062499.99998     
          48
   263.024999999998        1972687499.99998     
         319
   263.374999999998        1975312499.99998     
          30
   263.724999999998        1977937499.99998     
          16
   264.074999999998        1980562499.99998     
         220
   264.424999999998        1983187499.99998     
         176
   264.774999999998        1985812499.99998     
         378
   265.124999999998        1988437499.99998     
          16
   265.474999999998        1991062499.99998     
         312
   265.824999999998        1993687499.99998     
         424
   266.174999999998        1996312499.99998     
         408
   266.524999999998        1998937499.99998     
         107
   266.874999999998        2001562499.99998     
         383
   267.224999999998        2004187499.99998     
          12
   267.574999999998        2006812499.99998     
          79
   267.924999999998        2009437499.99998     
         305
   268.274999999998        2012062499.99998     
         266
   268.624999999998        2014687499.99998     
         423
   268.974999999998        2017312499.99998     
         286
   269.324999999998        2019937499.99998     
         379
   269.674999999998        2022562499.99998     
          96
   270.024999999998        2025187499.99998     
         518
   270.374999999998        2027812499.99998     
         230
   270.724999999998        2030437499.99999     
         436
   271.074999999998        2033062499.99999     
         387
   271.424999999998        2035687499.99999     
          79
   271.774999999998        2038312499.99999     
         386
   272.124999999998        2040937499.99999     
         240
   272.474999999998        2043562499.99999     
         186
   272.824999999998        2046187499.99999     
         349
   273.174999999998        2048812499.99999     
         433
   273.524999999998        2051437499.99999     
         221
   273.874999999998        2054062499.99999     
         457
   274.224999999998        2056687499.99999     
         459
   274.574999999998        2059312499.99999     
         150
   274.924999999998        2061937499.99999     
         433
   275.274999999998        2064562499.99999     
         356
   275.624999999998        2067187499.99999     
          16
   275.974999999998        2069812499.99999     
         442
   276.324999999998        2072437499.99999     
         111
   276.674999999998        2075062499.99999     
         486
   277.024999999998        2077687499.99999     
         194
   277.374999999998        2080312499.99999     
          58
   277.724999999998        2082937499.99999     
         400
   278.074999999999        2085562499.99999     
         382
   278.424999999999        2088187499.99999     
         183
   278.774999999999        2090812499.99999     
         114
   279.124999999999        2093437499.99999     
         446
   279.474999999999        2096062499.99999     
          94
   279.824999999999        2098687499.99999     
         324
   280.174999999999        2101312499.99999     
         365
   280.524999999999        2103937499.99999     
         106
   280.874999999999        2106562499.99999     
         407
   281.224999999999        2109187499.99999     
         361
   281.574999999999        2111812499.99999     
          78
   281.924999999999        2114437499.99999     
          88
   282.274999999999        2117062499.99999     
         173
   282.624999999999        2119687499.99999     
         406
   282.974999999999        2122312499.99999     
         391
   283.324999999999        2124937499.99999     
         171
   283.674999999999        2127562499.99999     
         187
   284.024999999999        2130187499.99999     
         470
   284.374999999999        2132812499.99999     
         242
   284.724999999999        2135437499.99999     
         482
   285.074999999999        2138062499.99999     
         507
   285.424999999999        2140687499.99999     
         224
   285.774999999999        2143312499.99999     
         535
   286.124999999999        2145937499.99999     
         423
   286.474999999999        2148562499.99999     
         319
   286.824999999999        2151187499.99999     
         274
   287.174999999999        2153812499.99999     
         101
   287.524999999999        2156437499.99999     
         187
   287.874999999999        2159062499.99999     
         468
   288.224999999999        2161687499.99999     
         252
   288.574999999999        2164312499.99999     
         508
   288.924999999999        2166937499.99999     
         382
   289.274999999999        2169562499.99999     
         474
   289.624999999999        2172187499.99999     
         396
   289.974999999999        2174812499.99999     
         163
   290.324999999999        2177437499.99999     
         293
   290.674999999999        2180062499.99999     
         470
   291.024999999999        2182687500.00000     
         247
   291.374999999999        2185312500.00000     
         106
   291.724999999999        2187937500.00000     
          81
   292.074999999999        2190562500.00000     
         173
   292.424999999999        2193187500.00000     
         420
   292.774999999999        2195812500.00000     
         448
   293.124999999999        2198437500.00000     
         344
   293.475000000000        2201062500.00000     
          86
   293.825000000000        2203687500.00000     
          57
   294.175000000000        2206312500.00000     
          31
   294.525000000000        2208937500.00000     
         235
   294.875000000000        2211562500.00000     
         490
   295.225000000000        2214187500.00000     
         453
   295.575000000000        2216812500.00000     
          52
   295.925000000000        2219437500.00000     
         202
   296.275000000000        2222062500.00000     
         372
   296.625000000000        2224687500.00000     
         259
   296.975000000000        2227312500.00000     
         439
   297.325000000000        2229937500.00000     
         166
   297.675000000000        2232562500.00000     
         327
   298.025000000000        2235187500.00000     
          92
   298.375000000000        2237812500.00000     
         506
   298.725000000000        2240437500.00000     
          96
   299.075000000000        2243062500.00000     
         212
   299.425000000000        2245687500.00000     
         215
   299.775000000000        2248312500.00000     
         537
   300.125000000000        2250937500.00000     
         460
   300.475000000000        2253562500.00000     
         488
   300.825000000000        2256187500.00000     
         226
   301.175000000000        2258812500.00000     
         250
   301.525000000000        2261437500.00000     
         303
   301.875000000000        2264062500.00000     
         192
   302.225000000000        2266687500.00000     
         149
   302.575000000000        2269312500.00000     
         206
   302.925000000000        2271937500.00000     
          76
   303.275000000000        2274562500.00000     
         515
   303.625000000000        2277187500.00000     
         182
   303.975000000000        2279812500.00000     
         414
   304.325000000000        2282437500.00000     
         386
   304.675000000000        2285062500.00000     
         311
   305.025000000000        2287687500.00000     
         305
   305.375000000000        2290312500.00000     
         122
   305.725000000000        2292937500.00000     
         375
   306.075000000000        2295562500.00000     
         350
   306.425000000000        2298187500.00000     
         152
   306.775000000000        2300812500.00000     
         467
   307.125000000000        2303437500.00000     
         264
   307.475000000000        2306062500.00000     
         511
   307.825000000000        2308687500.00000     
         496
   308.175000000000        2311312500.00000     
         198
   308.525000000000        2313937500.00000     
         161
   308.875000000001        2316562500.00000     
         158
   309.225000000001        2319187500.00000     
         233
   309.575000000001        2321812500.00000     
         380
   309.925000000001        2324437500.00000     
         168
   310.275000000001        2327062500.00000     
         468
   310.625000000001        2329687500.00000     
         269
   310.975000000001        2332312500.00000     
         492
   311.325000000001        2334937500.00001     
          96
   311.675000000001        2337562500.00001     
         258
   312.025000000001        2340187500.00001     
          39
   312.375000000001        2342812500.00001     
         525
   312.725000000001        2345437500.00001     
          60
   313.075000000001        2348062500.00001     
          95
   313.425000000001        2350687500.00001     
          65
   313.775000000001        2353312500.00001     
         294
   314.125000000001        2355937500.00001     
          78
   314.475000000001        2358562500.00001     
         294
   314.825000000001        2361187500.00001     
         234
   315.175000000001        2363812500.00001     
         356
   315.525000000001        2366437500.00001     
         303
   315.875000000001        2369062500.00001     
          52
   316.225000000001        2371687500.00001     
         244
   316.575000000001        2374312500.00001     
         185
   316.925000000001        2376937500.00001     
         325
   317.275000000001        2379562500.00001     
          43
   317.625000000001        2382187500.00001     
         366
   317.975000000001        2384812500.00001     
          48
   318.325000000001        2387437500.00001     
         535
   318.675000000001        2390062500.00001     
         150
   319.025000000001        2392687500.00001     
         348
   319.375000000001        2395312500.00001     
         463
   319.725000000001        2397937500.00001     
         218
   320.075000000001        2400562500.00001     
         165
   320.425000000001        2403187500.00001     
         475
   320.775000000001        2405812500.00001     
         378
   321.125000000001        2408437500.00001     
         334
   321.475000000001        2411062500.00001     
         442
   321.825000000001        2413687500.00001     
         465
   322.175000000001        2416312500.00001     
         420
   322.525000000001        2418937500.00001     
         366
   322.875000000001        2421562500.00001     
         211
   323.225000000001        2424187500.00001     
         499
   323.575000000001        2426812500.00001     
         435
   323.925000000001        2429437500.00001     
         123
   324.275000000002        2432062500.00001     
         531
   324.625000000002        2434687500.00001     
         170
   324.975000000002        2437312500.00001     
         399
   325.325000000002        2439937500.00001     
           0
   325.675000000002        2442562500.00001     
         183
   326.025000000002        2445187500.00001     
         223
   326.375000000002        2447812500.00001     
         333
   326.725000000002        2450437500.00001     
         196
   327.075000000002        2453062500.00001     
         451
   327.425000000002        2455687500.00001     
         486
   327.775000000002        2458312500.00001     
         259
   328.125000000002        2460937500.00001     
         497
   328.475000000002        2463562500.00001     
         502
   328.825000000002        2466187500.00001     
         334
   329.175000000002        2468812500.00001     
         447
   329.525000000002        2471437500.00001     
         256
   329.875000000002        2474062500.00001     
         145
   330.225000000002        2476687500.00001     
          98
   330.575000000002        2479312500.00001     
         214
   330.925000000002        2481937500.00001     
         261
   331.275000000002        2484562500.00001     
          69
   331.625000000002        2487187500.00001     
         514
   331.975000000002        2489812500.00002     
          78
   332.325000000002        2492437500.00002     
         128
   332.675000000002        2495062500.00002     
         321
   333.025000000002        2497687500.00002     
         423
   333.375000000002        2500312500.00002     
         236
   333.725000000002        2502937500.00002     
         278
   334.075000000002        2505562500.00002     
         428
   334.425000000002        2508187500.00002     
         231
   334.775000000002        2510812500.00002     
         368
   335.125000000002        2513437500.00002     
         168
   335.475000000002        2516062500.00002     
         438
   335.825000000002        2518687500.00002     
         264
   336.175000000002        2521312500.00002     
         176
   336.525000000002        2523937500.00002     
         153
   336.875000000002        2526562500.00002     
         260
   337.225000000002        2529187500.00002     
         214
   337.575000000002        2531812500.00002     
         193
   337.925000000002        2534437500.00002     
          51
   338.275000000002        2537062500.00002     
         361
   338.625000000002        2539687500.00002     
         111
   338.975000000002        2542312500.00002     
         389
   339.325000000002        2544937500.00002     
         125
   339.675000000003        2547562500.00002     
         298
   340.025000000003        2550187500.00002     
         215
   340.375000000003        2552812500.00002     
         176
   340.725000000003        2555437500.00002     
         134
   341.075000000003        2558062500.00002     
          27
   341.425000000003        2560687500.00002     
         274
   341.775000000003        2563312500.00002     
         272
   342.125000000003        2565937500.00002     
         472
   342.475000000003        2568562500.00002     
         518
   342.825000000003        2571187500.00002     
         406
   343.175000000003        2573812500.00002     
         225
   343.525000000003        2576437500.00002     
         351
   343.875000000003        2579062500.00002     
          36
   344.225000000003        2581687500.00002     
          74
   344.575000000003        2584312500.00002     
         364
   344.925000000003        2586937500.00002     
         511
   345.275000000003        2589562500.00002     
         222
   345.625000000003        2592187500.00002     
         477
   345.975000000003        2594812500.00002     
         126
   346.325000000003        2597437500.00002     
         359
   346.675000000003        2600062500.00002     
         213
   347.025000000003        2602687500.00002     
         447
   347.375000000003        2605312500.00002     
          91
   347.725000000003        2607937500.00002     
         358
   348.075000000003        2610562500.00002     
         422
   348.425000000003        2613187500.00002     
         513
   348.775000000003        2615812500.00002     
         207
   349.125000000003        2618437500.00002     
         460
   349.475000000003        2621062500.00002     
         142
   349.825000000003        2623687500.00002     
          46
   350.175000000003        2626312500.00002     
         242
   350.525000000003        2628937500.00002     
         198
   350.875000000003        2631562500.00002     
          50
   351.225000000003        2634187500.00002     
         163
   351.575000000003        2636812500.00002     
         273
   351.925000000003        2639437500.00002     
         442
   352.275000000003        2642062500.00002     
          70
   352.625000000003        2644687500.00003     
         320
   352.975000000003        2647312500.00003     
         506
   353.325000000003        2649937500.00003     
         125
   353.675000000003        2652562500.00003     
         473
   354.025000000003        2655187500.00003     
          86
   354.375000000003        2657812500.00003     
          85
   354.725000000003        2660437500.00003     
         346
   355.075000000004        2663062500.00003     
         243
   355.425000000004        2665687500.00003     
          76
   355.775000000004        2668312500.00003     
         103
   356.125000000004        2670937500.00003     
         321
   356.475000000004        2673562500.00003     
         165
   356.825000000004        2676187500.00003     
         336
   357.175000000004        2678812500.00003     
         410
   357.525000000004        2681437500.00003     
          86
   357.875000000004        2684062500.00003     
         253
   358.225000000004        2686687500.00003     
          48
   358.575000000004        2689312500.00003     
          86
   358.925000000004        2691937500.00003     
         138
   359.275000000004        2694562500.00003     
         420
   359.625000000004        2697187500.00003     
         121
   359.975000000004        2699812500.00003     
         421
   360.325000000004        2702437500.00003     
         141
   360.675000000004        2705062500.00003     
         479
   361.025000000004        2707687500.00003     
         246
   361.375000000004        2710312500.00003     
         135
   361.725000000004        2712937500.00003     
           9
   362.075000000004        2715562500.00003     
         506
   362.425000000004        2718187500.00003     
         264
   362.775000000004        2720812500.00003     
         164
   363.125000000004        2723437500.00003     
         470
   363.475000000004        2726062500.00003     
         207
   363.825000000004        2728687500.00003     
         229
   364.175000000004        2731312500.00003     
          11
   364.525000000004        2733937500.00003     
          53
   364.875000000004        2736562500.00003     
         155
   365.225000000004        2739187500.00003     
         362
   365.575000000004        2741812500.00003     
         224
   365.925000000004        2744437500.00003     
         209
   366.275000000004        2747062500.00003     
          27
   366.625000000004        2749687500.00003     
         243
   366.975000000004        2752312500.00003     
         143
   367.325000000004        2754937500.00003     
          42
   367.675000000004        2757562500.00003     
         330
   368.025000000004        2760187500.00003     
         480
   368.375000000004        2762812500.00003     
         463
   368.725000000004        2765437500.00003     
         322
   369.075000000004        2768062500.00003     
         487
   369.425000000004        2770687500.00003     
         231
   369.775000000004        2773312500.00003     
         321
   370.125000000004        2775937500.00003     
         432
   370.475000000005        2778562500.00003     
          22
   370.825000000005        2781187500.00003     
         114
   371.175000000005        2783812500.00003     
         102
   371.525000000005        2786437500.00003     
         482
   371.875000000005        2789062500.00003     
         424
   372.225000000005        2791687500.00003     
         472
   372.575000000005        2794312500.00003     
         388
   372.925000000005        2796937500.00003     
         125
   373.275000000005        2799562500.00004     
         464
   373.625000000005        2802187500.00004     
         375
   373.975000000005        2804812500.00004     
         355
   374.325000000005        2807437500.00004     
         539
   374.675000000005        2810062500.00004     
         539
   375.025000000005        2812687500.00004     
         366
   375.375000000005        2815312500.00004     
         245
   375.725000000005        2817937500.00004     
         396
   376.075000000005        2820562500.00004     
         288
   376.425000000005        2823187500.00004     
         430
   376.775000000005        2825812500.00004     
         431
   377.125000000005        2828437500.00004     
         131
   377.475000000005        2831062500.00004     
         384
   377.825000000005        2833687500.00004     
         437
   378.175000000005        2836312500.00004     
         393
   378.525000000005        2838937500.00004     
         207
   378.875000000005        2841562500.00004     
         366
   379.225000000005        2844187500.00004     
         425
   379.575000000005        2846812500.00004     
          78
   379.925000000005        2849437500.00004     
         372
   380.275000000005        2852062500.00004     
         197
   380.625000000005        2854687500.00004     
         172
   380.975000000005        2857312500.00004     
         460
   381.325000000005        2859937500.00004     
         473
   381.675000000005        2862562500.00004     
         287
   382.025000000005        2865187500.00004     
          71
   382.375000000005        2867812500.00004     
         198
 Newton process not converged
