       time        TW        TE         hW        hE
   0.17500E+00   0.29482E+02   0.29108E+02   0.32427E-02  -0.33528E-01
   0.52500E+00   0.28728E+02   0.27401E+02   0.27091E-01  -0.10856E+00
   0.87500E+00   0.28516E+02   0.25830E+02   0.68222E-01  -0.19436E+00
   0.12250E+01   0.28672E+02   0.24579E+02   0.11974E+00  -0.29028E+00
   0.15750E+01   0.28983E+02   0.23627E+02   0.18821E+00  -0.39168E+00
   0.19250E+01   0.29323E+02   0.22969E+02   0.26482E+00  -0.48808E+00
   0.22750E+01   0.29595E+02   0.22568E+02   0.35037E+00  -0.59048E+00
   0.26250E+01   0.29773E+02   0.22224E+02   0.44221E+00  -0.70182E+00
   0.29750E+01   0.29880E+02   0.22153E+02   0.53793E+00  -0.79697E+00
   0.33250E+01   0.29939E+02   0.22542E+02   0.63888E+00  -0.85444E+00
   0.36750E+01   0.29969E+02   0.23410E+02   0.73850E+00  -0.87692E+00
   0.40250E+01   0.29984E+02   0.24477E+02   0.83232E+00  -0.85583E+00
   0.43750E+01   0.29989E+02   0.25444E+02   0.91674E+00  -0.78803E+00
   0.47250E+01   0.29991E+02   0.26265E+02   0.98536E+00  -0.69373E+00
   0.50750E+01   0.29993E+02   0.26948E+02   0.10246E+01  -0.57895E+00
   0.54250E+01   0.29996E+02   0.27515E+02   0.10215E+01  -0.45410E+00
   0.57750E+01   0.29999E+02   0.27994E+02   0.97680E+00  -0.34100E+00
   0.61250E+01   0.30001E+02   0.28395E+02   0.90379E+00  -0.23346E+00
   0.64750E+01   0.30000E+02   0.28723E+02   0.82176E+00  -0.13559E+00
   0.68250E+01   0.29999E+02   0.28996E+02   0.73479E+00  -0.61736E-01
   0.71750E+01   0.29997E+02   0.29191E+02   0.64856E+00  -0.90096E-03
   0.75250E+01   0.29994E+02   0.29278E+02   0.57547E+00   0.43851E-01
   0.78750E+01   0.29990E+02   0.29285E+02   0.51359E+00   0.79064E-01
   0.82250E+01   0.29981E+02   0.29264E+02   0.45759E+00   0.10264E+00
   0.85750E+01   0.29968E+02   0.29247E+02   0.41513E+00   0.10268E+00
   0.89250E+01   0.29953E+02   0.29163E+02   0.39147E+00   0.93760E-01
   0.92750E+01   0.29941E+02   0.29058E+02   0.37124E+00   0.82956E-01
   0.96250E+01   0.29930E+02   0.28963E+02   0.35639E+00   0.67398E-01
   0.99750E+01   0.29919E+02   0.28871E+02   0.35121E+00   0.57431E-01
   0.10325E+02   0.29910E+02   0.28785E+02   0.34686E+00   0.52758E-01
   0.10675E+02   0.29904E+02   0.28619E+02   0.33694E+00   0.35247E-01
   0.11025E+02   0.29896E+02   0.28436E+02   0.32544E+00   0.13063E-01
   0.11375E+02   0.29883E+02   0.28338E+02   0.31675E+00   0.10598E-01
   0.11725E+02   0.29868E+02   0.28182E+02   0.30548E+00   0.42903E-03
   0.12075E+02   0.29850E+02   0.27937E+02   0.29213E+00  -0.29399E-01
   0.12425E+02   0.29826E+02   0.27657E+02   0.28065E+00  -0.52508E-01
   0.12775E+02   0.29806E+02   0.27185E+02   0.26965E+00  -0.73991E-01
   0.13125E+02   0.29789E+02   0.26668E+02   0.26371E+00  -0.99516E-01
   0.13475E+02   0.29779E+02   0.26297E+02   0.26703E+00  -0.12184E+00
   0.13825E+02   0.29776E+02   0.26079E+02   0.26850E+00  -0.13830E+00
   0.14175E+02   0.29777E+02   0.25902E+02   0.27137E+00  -0.15414E+00
   0.14525E+02   0.29788E+02   0.25364E+02   0.27968E+00  -0.18643E+00
   0.14875E+02   0.29802E+02   0.24821E+02   0.28863E+00  -0.22126E+00
   0.15225E+02   0.29818E+02   0.24441E+02   0.30418E+00  -0.24827E+00
   0.15575E+02   0.29838E+02   0.24058E+02   0.32556E+00  -0.28898E+00
   0.15925E+02   0.29862E+02   0.23850E+02   0.34667E+00  -0.33154E+00
   0.16275E+02   0.29885E+02   0.23637E+02   0.37259E+00  -0.37573E+00
   0.16625E+02   0.29908E+02   0.23626E+02   0.40864E+00  -0.42310E+00
   0.16975E+02   0.29930E+02   0.23944E+02   0.44970E+00  -0.45763E+00
   0.17325E+02   0.29950E+02   0.24075E+02   0.49039E+00  -0.49392E+00
   0.17675E+02   0.29965E+02   0.23988E+02   0.53584E+00  -0.53321E+00
   0.18025E+02   0.29976E+02   0.24456E+02   0.58098E+00  -0.54768E+00
   0.18375E+02   0.29984E+02   0.25112E+02   0.62416E+00  -0.54209E+00
   0.18725E+02   0.29990E+02   0.25731E+02   0.66434E+00  -0.52930E+00
   0.19075E+02   0.29994E+02   0.26550E+02   0.70329E+00  -0.49545E+00
   0.19425E+02   0.29997E+02   0.27212E+02   0.73743E+00  -0.44369E+00
   0.19775E+02   0.29998E+02   0.27747E+02   0.75271E+00  -0.38866E+00
   0.20125E+02   0.29999E+02   0.28193E+02   0.75090E+00  -0.32614E+00
   0.20475E+02   0.29999E+02   0.28549E+02   0.74123E+00  -0.25138E+00
   0.20825E+02   0.29998E+02   0.28849E+02   0.71790E+00  -0.17965E+00
   0.21175E+02   0.29997E+02   0.29107E+02   0.67204E+00  -0.12531E+00
   0.21525E+02   0.29995E+02   0.29304E+02   0.62365E+00  -0.66503E-01
   0.21875E+02   0.29994E+02   0.29434E+02   0.57242E+00  -0.37609E-02
   0.22225E+02   0.29989E+02   0.29509E+02   0.51819E+00   0.43363E-01
   0.22575E+02   0.29983E+02   0.29395E+02   0.46753E+00   0.63013E-01
   0.22925E+02   0.29971E+02   0.29166E+02   0.41991E+00   0.60439E-01
   0.23275E+02   0.29956E+02   0.28991E+02   0.38090E+00   0.62052E-01
   0.23625E+02   0.29940E+02   0.28753E+02   0.35301E+00   0.48779E-01
   0.23975E+02   0.29921E+02   0.28597E+02   0.33188E+00   0.35725E-01
   0.24325E+02   0.29901E+02   0.28544E+02   0.31928E+00   0.37193E-01
   0.24675E+02   0.29886E+02   0.28327E+02   0.31529E+00   0.14326E-01
   0.25025E+02   0.29880E+02   0.28047E+02   0.31599E+00  -0.10711E-01
   0.25375E+02   0.29880E+02   0.27795E+02   0.31671E+00  -0.23774E-01
   0.25725E+02   0.29876E+02   0.27449E+02   0.31695E+00  -0.41428E-01
   0.26075E+02   0.29871E+02   0.27271E+02   0.31108E+00  -0.46540E-01
   0.26425E+02   0.29855E+02   0.27249E+02   0.29658E+00  -0.51976E-01
   0.26775E+02   0.29839E+02   0.27063E+02   0.28861E+00  -0.70831E-01
   0.27125E+02   0.29832E+02   0.26804E+02   0.28718E+00  -0.91605E-01
   0.27475E+02   0.29824E+02   0.26412E+02   0.28958E+00  -0.11846E+00
   0.27825E+02   0.29816E+02   0.25921E+02   0.28713E+00  -0.14430E+00
   0.28175E+02   0.29812E+02   0.25366E+02   0.28601E+00  -0.17025E+00
   0.28525E+02   0.29818E+02   0.24993E+02   0.29125E+00  -0.19853E+00
   0.28875E+02   0.29824E+02   0.24744E+02   0.29511E+00  -0.22463E+00
   0.29225E+02   0.29830E+02   0.24471E+02   0.30792E+00  -0.25535E+00
   0.29575E+02   0.29848E+02   0.24344E+02   0.33493E+00  -0.28539E+00
   0.29925E+02   0.29872E+02   0.24057E+02   0.35998E+00  -0.32481E+00
   0.30275E+02   0.29894E+02   0.23679E+02   0.38303E+00  -0.37711E+00
   0.30625E+02   0.29915E+02   0.23589E+02   0.41168E+00  -0.41714E+00
   0.30975E+02   0.29934E+02   0.23535E+02   0.44317E+00  -0.45271E+00
   0.31325E+02   0.29950E+02   0.23734E+02   0.48213E+00  -0.48579E+00
   0.31675E+02   0.29965E+02   0.24121E+02   0.52339E+00  -0.51351E+00
   0.32025E+02   0.29975E+02   0.24379E+02   0.56833E+00  -0.53678E+00
   0.32375E+02   0.29984E+02   0.25106E+02   0.61619E+00  -0.53763E+00
   0.32725E+02   0.29990E+02   0.26078E+02   0.65964E+00  -0.52051E+00
   0.33075E+02   0.29994E+02   0.26868E+02   0.69825E+00  -0.49025E+00
   0.33425E+02   0.29997E+02   0.27475E+02   0.72602E+00  -0.43653E+00
   0.33775E+02   0.29999E+02   0.27937E+02   0.74159E+00  -0.37267E+00
   0.34125E+02   0.29999E+02   0.28348E+02   0.74644E+00  -0.31260E+00
   0.34475E+02   0.29999E+02   0.28689E+02   0.73692E+00  -0.25604E+00
   0.34825E+02   0.29998E+02   0.28952E+02   0.70943E+00  -0.19551E+00
   0.35175E+02   0.29997E+02   0.29170E+02   0.67056E+00  -0.12423E+00
   0.35525E+02   0.29996E+02   0.28926E+02   0.62142E+00  -0.77546E-01
   0.35875E+02   0.29993E+02   0.28517E+02   0.56191E+00  -0.47472E-01
   0.36225E+02   0.29988E+02   0.28546E+02   0.50992E+00   0.14343E-02
   0.36575E+02   0.29981E+02   0.28626E+02   0.46909E+00   0.37506E-01
   0.36925E+02   0.29972E+02   0.28662E+02   0.43077E+00   0.47774E-01
   0.37275E+02   0.29962E+02   0.28687E+02   0.39752E+00   0.47569E-01
   0.37625E+02   0.29947E+02   0.28690E+02   0.37068E+00   0.48003E-01
   0.37975E+02   0.29926E+02   0.28680E+02   0.35082E+00   0.49132E-01
   0.38325E+02   0.29908E+02   0.28619E+02   0.33826E+00   0.35199E-01
   0.38675E+02   0.29898E+02   0.28513E+02   0.33400E+00   0.19164E-01
   0.39025E+02   0.29894E+02   0.28295E+02   0.32630E+00   0.46024E-02
   0.39375E+02   0.29883E+02   0.28073E+02   0.30922E+00  -0.95460E-02
   0.39725E+02   0.29865E+02   0.27932E+02   0.29960E+00  -0.12620E-01
   0.40075E+02   0.29852E+02   0.27751E+02   0.29897E+00  -0.23914E-01
   0.40425E+02   0.29846E+02   0.27517E+02   0.29558E+00  -0.45097E-01
   0.40775E+02   0.29835E+02   0.27323E+02   0.28404E+00  -0.63377E-01
   0.41125E+02   0.29815E+02   0.27020E+02   0.27447E+00  -0.81000E-01
   0.41475E+02   0.29801E+02   0.26632E+02   0.27838E+00  -0.10027E+00
   0.41825E+02   0.29802E+02   0.26190E+02   0.28495E+00  -0.12828E+00
   0.42175E+02   0.29802E+02   0.25759E+02   0.28174E+00  -0.15944E+00
   0.42525E+02   0.29802E+02   0.25279E+02   0.28343E+00  -0.18852E+00
   0.42875E+02   0.29808E+02   0.24923E+02   0.29661E+00  -0.21481E+00
   0.43225E+02   0.29825E+02   0.24938E+02   0.31655E+00  -0.23838E+00
   0.43575E+02   0.29846E+02   0.24928E+02   0.33208E+00  -0.26525E+00
   0.43925E+02   0.29866E+02   0.24404E+02   0.34966E+00  -0.30878E+00
   0.44275E+02   0.29887E+02   0.23734E+02   0.37314E+00  -0.35990E+00
   0.44625E+02   0.29907E+02   0.23508E+02   0.39981E+00  -0.40064E+00
   0.44975E+02   0.29927E+02   0.23915E+02   0.43515E+00  -0.43307E+00
   0.45325E+02   0.29946E+02   0.24227E+02   0.47081E+00  -0.46874E+00
   0.45675E+02   0.29961E+02   0.24473E+02   0.50900E+00  -0.49894E+00
   0.46025E+02   0.29972E+02   0.24894E+02   0.54871E+00  -0.51669E+00
   0.46375E+02   0.29980E+02   0.25439E+02   0.59495E+00  -0.52049E+00
   0.46725E+02   0.29987E+02   0.26187E+02   0.64350E+00  -0.50876E+00
   0.47075E+02   0.29992E+02   0.26808E+02   0.68016E+00  -0.49369E+00
   0.47425E+02   0.29995E+02   0.27428E+02   0.70785E+00  -0.45794E+00
   0.47775E+02   0.29997E+02   0.27880E+02   0.72301E+00  -0.39909E+00
   0.48125E+02   0.29998E+02   0.28262E+02   0.72904E+00  -0.33914E+00
   0.48475E+02   0.29998E+02   0.28611E+02   0.72695E+00  -0.28388E+00
   0.48825E+02   0.29997E+02   0.28893E+02   0.71520E+00  -0.23069E+00
   0.49175E+02   0.29997E+02   0.29121E+02   0.68693E+00  -0.16886E+00
   0.49525E+02   0.29996E+02   0.29212E+02   0.64012E+00  -0.11209E+00
   0.49875E+02   0.29995E+02   0.29129E+02   0.59590E+00  -0.69442E-01
   0.50225E+02   0.29992E+02   0.29060E+02   0.54816E+00  -0.18586E-01
   0.50575E+02   0.29987E+02   0.28895E+02   0.49730E+00   0.18945E-01
   0.50925E+02   0.29978E+02   0.28709E+02   0.45020E+00   0.30382E-01
   0.51275E+02   0.29968E+02   0.28716E+02   0.41865E+00   0.46220E-01
   0.51625E+02   0.29956E+02   0.28732E+02   0.39404E+00   0.55536E-01
   0.51975E+02   0.29941E+02   0.28600E+02   0.36475E+00   0.36172E-01
   0.52325E+02   0.29922E+02   0.28399E+02   0.33938E+00   0.17819E-01
   0.52675E+02   0.29902E+02   0.28312E+02   0.32704E+00   0.19186E-01
   0.53025E+02   0.29890E+02   0.28349E+02   0.32638E+00   0.22792E-01
   0.53375E+02   0.29884E+02   0.28196E+02   0.32345E+00  -0.15539E-02
   0.53725E+02   0.29880E+02   0.27955E+02   0.31514E+00  -0.26231E-01
   0.54075E+02   0.29867E+02   0.27870E+02   0.30620E+00  -0.22006E-01
   0.54425E+02   0.29852E+02   0.27773E+02   0.30307E+00  -0.24770E-01
   0.54775E+02   0.29842E+02   0.27547E+02   0.29502E+00  -0.44341E-01
   0.55125E+02   0.29831E+02   0.27171E+02   0.28363E+00  -0.72049E-01
   0.55475E+02   0.29818E+02   0.26998E+02   0.27606E+00  -0.87152E-01
   0.55825E+02   0.29804E+02   0.26928E+02   0.27495E+00  -0.89328E-01
   0.56175E+02   0.29798E+02   0.26490E+02   0.27662E+00  -0.11895E+00
   0.56525E+02   0.29798E+02   0.25899E+02   0.28045E+00  -0.15757E+00
   0.56875E+02   0.29801E+02   0.25597E+02   0.28812E+00  -0.17598E+00
   0.57225E+02   0.29808E+02   0.25307E+02   0.29607E+00  -0.19612E+00
   0.57575E+02   0.29819E+02   0.25076E+02   0.30217E+00  -0.22076E+00
   0.57925E+02   0.29835E+02   0.24897E+02   0.32303E+00  -0.25418E+00
   0.58275E+02   0.29859E+02   0.24459E+02   0.34719E+00  -0.28997E+00
   0.58625E+02   0.29880E+02   0.23870E+02   0.35860E+00  -0.33002E+00
   0.58975E+02   0.29897E+02   0.23762E+02   0.37860E+00  -0.37530E+00
   0.59325E+02   0.29916E+02   0.23904E+02   0.41863E+00  -0.40900E+00
   0.59675E+02   0.29936E+02   0.23806E+02   0.45726E+00  -0.44746E+00
   0.60025E+02   0.29953E+02   0.23789E+02   0.48326E+00  -0.49303E+00
   0.60375E+02   0.29966E+02   0.23632E+02   0.51997E+00  -0.53201E+00
   0.60725E+02   0.29976E+02   0.23776E+02   0.57188E+00  -0.55371E+00
   0.61075E+02   0.29984E+02   0.24172E+02   0.62496E+00  -0.56377E+00
   0.61425E+02   0.29991E+02   0.24686E+02   0.66591E+00  -0.57130E+00
   0.61775E+02   0.29994E+02   0.25588E+02   0.70293E+00  -0.54835E+00
   0.62125E+02   0.29996E+02   0.26442E+02   0.73633E+00  -0.49380E+00
   0.62475E+02   0.29998E+02   0.27118E+02   0.76323E+00  -0.43503E+00
   0.62825E+02   0.29998E+02   0.27688E+02   0.77821E+00  -0.37570E+00
   0.63175E+02   0.29998E+02   0.28134E+02   0.77509E+00  -0.31171E+00
   0.63525E+02   0.29999E+02   0.28493E+02   0.75662E+00  -0.23904E+00
   0.63875E+02   0.29998E+02   0.28809E+02   0.72267E+00  -0.17124E+00
   0.64225E+02   0.29997E+02   0.29080E+02   0.67374E+00  -0.11075E+00
   0.64575E+02   0.29996E+02   0.29289E+02   0.61748E+00  -0.47471E-01
   0.64925E+02   0.29993E+02   0.29407E+02   0.56572E+00   0.13572E-01
   0.65275E+02   0.29988E+02   0.29378E+02   0.51641E+00   0.50436E-01
   0.65625E+02   0.29981E+02   0.29298E+02   0.46845E+00   0.65506E-01
   0.65975E+02   0.29971E+02   0.29195E+02   0.42803E+00   0.70294E-01
   0.66325E+02   0.29956E+02   0.29083E+02   0.38961E+00   0.72324E-01
   0.66675E+02   0.29937E+02   0.28986E+02   0.35353E+00   0.74540E-01
   0.67025E+02   0.29916E+02   0.28809E+02   0.32954E+00   0.54622E-01
   0.67375E+02   0.29897E+02   0.28649E+02   0.32185E+00   0.37032E-01
   0.67725E+02   0.29885E+02   0.28572E+02   0.31930E+00   0.33655E-01
   0.68075E+02   0.29877E+02   0.28431E+02   0.31409E+00   0.15799E-01
   0.68425E+02   0.29871E+02   0.28210E+02   0.31327E+00  -0.50042E-02
   0.68775E+02   0.29865E+02   0.27952E+02   0.31218E+00  -0.17575E-01
   0.69125E+02   0.29857E+02   0.27690E+02   0.30250E+00  -0.30396E-01
   0.69475E+02   0.29844E+02   0.27409E+02   0.28730E+00  -0.47615E-01
   0.69825E+02   0.29830E+02   0.27087E+02   0.27900E+00  -0.66661E-01
   0.70175E+02   0.29818E+02   0.26814E+02   0.27800E+00  -0.81495E-01
   0.70525E+02   0.29807E+02   0.26532E+02   0.27438E+00  -0.10036E+00
   0.70875E+02   0.29797E+02   0.26172E+02   0.26977E+00  -0.12807E+00
   0.71225E+02   0.29793E+02   0.25840E+02   0.27609E+00  -0.15141E+00
   0.71575E+02   0.29799E+02   0.25624E+02   0.28712E+00  -0.16997E+00
   0.71925E+02   0.29808E+02   0.25264E+02   0.29522E+00  -0.19657E+00
   0.72275E+02   0.29821E+02   0.24787E+02   0.30390E+00  -0.23006E+00
   0.72625E+02   0.29836E+02   0.24322E+02   0.31662E+00  -0.26455E+00
   0.72975E+02   0.29855E+02   0.23945E+02   0.33657E+00  -0.29825E+00
   0.73325E+02   0.29877E+02   0.24026E+02   0.35860E+00  -0.32914E+00
   0.73675E+02   0.29898E+02   0.24290E+02   0.38226E+00  -0.35960E+00
   0.74025E+02   0.29917E+02   0.24681E+02   0.41400E+00  -0.38582E+00
   0.74375E+02   0.29936E+02   0.24960E+02   0.44985E+00  -0.41128E+00
   0.74725E+02   0.29952E+02   0.24801E+02   0.48622E+00  -0.44531E+00
   0.75075E+02   0.29966E+02   0.24840E+02   0.52323E+00  -0.47230E+00
   0.75425E+02   0.29976E+02   0.25066E+02   0.56363E+00  -0.48870E+00
   0.75775E+02   0.29983E+02   0.25376E+02   0.60026E+00  -0.49673E+00
   0.76125E+02   0.29989E+02   0.26011E+02   0.62655E+00  -0.47940E+00
   0.76475E+02   0.29992E+02   0.26770E+02   0.65283E+00  -0.44484E+00
   0.76825E+02   0.29995E+02   0.27413E+02   0.68308E+00  -0.40227E+00
   0.77175E+02   0.29996E+02   0.27915E+02   0.70480E+00  -0.34638E+00
   0.77525E+02   0.29997E+02   0.28318E+02   0.70939E+00  -0.28595E+00
   0.77875E+02   0.29997E+02   0.28662E+02   0.69949E+00  -0.22904E+00
   0.78225E+02   0.29997E+02   0.28925E+02   0.67308E+00  -0.17569E+00
   0.78575E+02   0.29996E+02   0.29014E+02   0.63125E+00  -0.12363E+00
   0.78925E+02   0.29993E+02   0.28967E+02   0.58468E+00  -0.72677E-01
   0.79275E+02   0.29990E+02   0.28879E+02   0.54015E+00  -0.31404E-01
   0.79625E+02   0.29986E+02   0.28748E+02   0.49520E+00  -0.44703E-02
   0.79975E+02   0.29978E+02   0.28603E+02   0.44970E+00   0.11253E-01
   0.80325E+02   0.29967E+02   0.28493E+02   0.41279E+00   0.20839E-01
   0.80675E+02   0.29953E+02   0.28485E+02   0.38485E+00   0.33284E-01
   0.81025E+02   0.29939E+02   0.28539E+02   0.36555E+00   0.38989E-01
   0.81375E+02   0.29925E+02   0.28429E+02   0.34942E+00   0.20573E-01
   0.81725E+02   0.29910E+02   0.28174E+02   0.33329E+00   0.35630E-03
   0.82075E+02   0.29896E+02   0.28006E+02   0.32163E+00  -0.20635E-02
   0.82425E+02   0.29881E+02   0.27862E+02   0.31453E+00  -0.10914E-01
   0.82775E+02   0.29872E+02   0.27725E+02   0.31341E+00  -0.22779E-01
   0.83125E+02   0.29863E+02   0.27644E+02   0.30828E+00  -0.33046E-01
   0.83475E+02   0.29852E+02   0.27411E+02   0.30098E+00  -0.53865E-01
   0.83825E+02   0.29846E+02   0.27008E+02   0.29594E+00  -0.75324E-01
   0.84175E+02   0.29841E+02   0.26687E+02   0.29247E+00  -0.91889E-01
   0.84525E+02   0.29832E+02   0.26594E+02   0.29003E+00  -0.99740E-01
   0.84875E+02   0.29828E+02   0.26310E+02   0.28767E+00  -0.11508E+00
   0.85225E+02   0.29821E+02   0.25934E+02   0.28395E+00  -0.14391E+00
   0.85575E+02   0.29815E+02   0.25786E+02   0.29075E+00  -0.16531E+00
   0.85925E+02   0.29825E+02   0.25466E+02   0.30356E+00  -0.18671E+00
   0.86275E+02   0.29837E+02   0.25365E+02   0.31258E+00  -0.21009E+00
   0.86625E+02   0.29849E+02   0.25159E+02   0.32455E+00  -0.23696E+00
   0.86975E+02   0.29863E+02   0.24810E+02   0.33428E+00  -0.26543E+00
   0.87325E+02   0.29875E+02   0.24838E+02   0.35091E+00  -0.28470E+00
   0.87675E+02   0.29892E+02   0.24535E+02   0.37734E+00  -0.32160E+00
   0.88025E+02   0.29911E+02   0.24126E+02   0.40046E+00  -0.36571E+00
   0.88375E+02   0.29928E+02   0.23806E+02   0.42269E+00  -0.40442E+00
   0.88725E+02   0.29943E+02   0.23601E+02   0.45490E+00  -0.44906E+00
   0.89075E+02   0.29956E+02   0.23886E+02   0.48725E+00  -0.47397E+00
   0.89425E+02   0.29968E+02   0.24268E+02   0.52462E+00  -0.49219E+00
   0.89775E+02   0.29977E+02   0.24788E+02   0.57105E+00  -0.51266E+00
   0.90125E+02   0.29985E+02   0.25554E+02   0.61372E+00  -0.50987E+00
   0.90475E+02   0.29990E+02   0.26331E+02   0.65048E+00  -0.48901E+00
   0.90825E+02   0.29993E+02   0.27035E+02   0.68396E+00  -0.45910E+00
   0.91175E+02   0.29995E+02   0.27586E+02   0.71530E+00  -0.41108E+00
   0.91525E+02   0.29997E+02   0.28016E+02   0.72717E+00  -0.34203E+00
   0.91875E+02   0.29998E+02   0.28374E+02   0.71753E+00  -0.28033E+00
   0.92225E+02   0.29998E+02   0.28702E+02   0.70586E+00  -0.22716E+00
   0.92575E+02   0.29998E+02   0.28972E+02   0.68351E+00  -0.16212E+00
   0.92925E+02   0.29997E+02   0.29017E+02   0.64447E+00  -0.11222E+00
   0.93275E+02   0.29995E+02   0.28867E+02   0.59409E+00  -0.75482E-01
   0.93625E+02   0.29991E+02   0.28787E+02   0.53800E+00  -0.27656E-01
   0.93975E+02   0.29985E+02   0.28789E+02   0.48802E+00   0.15191E-01
   0.94325E+02   0.29976E+02   0.28733E+02   0.44590E+00   0.33888E-01
   0.94675E+02   0.29965E+02   0.28648E+02   0.41334E+00   0.31801E-01
   0.95025E+02   0.29951E+02   0.28599E+02   0.38639E+00   0.32623E-01
   0.95375E+02   0.29938E+02   0.28593E+02   0.36754E+00   0.37500E-01
   0.95725E+02   0.29926E+02   0.28575E+02   0.34986E+00   0.31243E-01
   0.96075E+02   0.29911E+02   0.28413E+02   0.33267E+00   0.15909E-01
   0.96425E+02   0.29897E+02   0.28215E+02   0.32235E+00   0.37926E-02
   0.96775E+02   0.29884E+02   0.28100E+02   0.31576E+00  -0.16182E-02
   0.97125E+02   0.29871E+02   0.28032E+02   0.31378E+00  -0.10011E-01
   0.97475E+02   0.29862E+02   0.27845E+02   0.31085E+00  -0.29569E-01
   0.97825E+02   0.29853E+02   0.27462E+02   0.30322E+00  -0.55918E-01
   0.98175E+02   0.29842E+02   0.26926E+02   0.29345E+00  -0.81042E-01
   0.98525E+02   0.29831E+02   0.26487E+02   0.28314E+00  -0.99867E-01
   0.98875E+02   0.29821E+02   0.26229E+02   0.28067E+00  -0.11566E+00
   0.99225E+02   0.29816E+02   0.26049E+02   0.28934E+00  -0.13615E+00
   0.99575E+02   0.29816E+02   0.25916E+02   0.29875E+00  -0.15986E+00
   0.99925E+02   0.29823E+02   0.25827E+02   0.30307E+00  -0.18295E+00
   0.10027E+03   0.29834E+02   0.25805E+02   0.31245E+00  -0.20172E+00
   0.10062E+03   0.29849E+02   0.25614E+02   0.33273E+00  -0.22369E+00
   0.10097E+03   0.29866E+02   0.25370E+02   0.34664E+00  -0.24871E+00
   0.10132E+03   0.29881E+02   0.25018E+02   0.35261E+00  -0.27689E+00
   0.10167E+03   0.29894E+02   0.24496E+02   0.36690E+00  -0.31751E+00
   0.10202E+03   0.29908E+02   0.24245E+02   0.38921E+00  -0.35326E+00
   0.10237E+03   0.29923E+02   0.24148E+02   0.41601E+00  -0.38363E+00
   0.10272E+03   0.29939E+02   0.24241E+02   0.44564E+00  -0.42389E+00
   0.10307E+03   0.29953E+02   0.24618E+02   0.47934E+00  -0.45465E+00
   0.10342E+03   0.29965E+02   0.24654E+02   0.51680E+00  -0.47586E+00
   0.10377E+03   0.29975E+02   0.24534E+02   0.55858E+00  -0.49863E+00
   0.10412E+03   0.29983E+02   0.25063E+02   0.60153E+00  -0.50828E+00
   0.10447E+03   0.29989E+02   0.25991E+02   0.64024E+00  -0.49501E+00
   0.10482E+03   0.29993E+02   0.26791E+02   0.67387E+00  -0.46267E+00
   0.10517E+03   0.29996E+02   0.27421E+02   0.69768E+00  -0.42085E+00
   0.10552E+03   0.29997E+02   0.27917E+02   0.71511E+00  -0.36410E+00
   0.10587E+03   0.29998E+02   0.28350E+02   0.72152E+00  -0.30651E+00
   0.10622E+03   0.29998E+02   0.28707E+02   0.71372E+00  -0.26094E+00
   0.10657E+03   0.29997E+02   0.28979E+02   0.69419E+00  -0.20663E+00
   0.10692E+03   0.29996E+02   0.28822E+02   0.65881E+00  -0.15516E+00
   0.10727E+03   0.29995E+02   0.28681E+02   0.60932E+00  -0.10982E+00
   0.10762E+03   0.29993E+02   0.28558E+02   0.56016E+00  -0.64984E-01
   0.10797E+03   0.29988E+02   0.28433E+02   0.51539E+00  -0.20792E-01
   0.10832E+03   0.29983E+02   0.28630E+02   0.47843E+00   0.21347E-01
   0.10867E+03   0.29976E+02   0.28719E+02   0.44672E+00   0.35934E-01
   0.10902E+03   0.29965E+02   0.28740E+02   0.41820E+00   0.37825E-01
   0.10937E+03   0.29953E+02   0.28606E+02   0.38859E+00   0.35565E-01
   0.10972E+03   0.29936E+02   0.28450E+02   0.35517E+00   0.28179E-01
   0.11007E+03   0.29916E+02   0.28426E+02   0.33684E+00   0.31589E-01
   0.11042E+03   0.29900E+02   0.28288E+02   0.32497E+00   0.19109E-01
   0.11077E+03   0.29887E+02   0.27969E+02   0.31355E+00  -0.10306E-01
   0.11112E+03   0.29874E+02   0.27665E+02   0.30894E+00  -0.32385E-01
   0.11147E+03   0.29864E+02   0.27513E+02   0.30917E+00  -0.37767E-01
   0.11182E+03   0.29858E+02   0.27390E+02   0.30829E+00  -0.42539E-01
   0.11217E+03   0.29856E+02   0.27076E+02   0.30610E+00  -0.70067E-01
   0.11252E+03   0.29852E+02   0.26573E+02   0.29888E+00  -0.97483E-01
   0.11287E+03   0.29841E+02   0.26298E+02   0.28967E+00  -0.10526E+00
   0.11322E+03   0.29835E+02   0.26234E+02   0.29173E+00  -0.11320E+00
   0.11357E+03   0.29834E+02   0.26050E+02   0.29899E+00  -0.13604E+00
   0.11392E+03   0.29835E+02   0.25661E+02   0.30140E+00  -0.16387E+00
   0.11427E+03   0.29837E+02   0.25324E+02   0.29859E+00  -0.18917E+00
   0.11462E+03   0.29838E+02   0.24900E+02   0.30489E+00  -0.21673E+00
   0.11497E+03   0.29847E+02   0.24630E+02   0.31914E+00  -0.24166E+00
   0.11532E+03   0.29861E+02   0.24509E+02   0.33770E+00  -0.27302E+00
   0.11567E+03   0.29878E+02   0.24290E+02   0.35791E+00  -0.30996E+00
   0.11602E+03   0.29895E+02   0.23967E+02   0.37340E+00  -0.34919E+00
   0.11637E+03   0.29911E+02   0.23732E+02   0.39585E+00  -0.39363E+00
   0.11672E+03   0.29928E+02   0.23674E+02   0.43533E+00  -0.43140E+00
   0.11707E+03   0.29946E+02   0.23581E+02   0.47259E+00  -0.46991E+00
   0.11742E+03   0.29960E+02   0.23798E+02   0.50226E+00  -0.50437E+00
   0.11777E+03   0.29971E+02   0.24233E+02   0.54044E+00  -0.51969E+00
   0.11812E+03   0.29980E+02   0.24582E+02   0.58852E+00  -0.52779E+00
   0.11847E+03   0.29987E+02   0.25157E+02   0.63706E+00  -0.52183E+00
   0.11882E+03   0.29992E+02   0.26100E+02   0.67798E+00  -0.49842E+00
   0.11917E+03   0.29996E+02   0.26893E+02   0.70959E+00  -0.46276E+00
   0.11952E+03   0.29997E+02   0.27536E+02   0.73233E+00  -0.40854E+00
   0.11987E+03   0.29997E+02   0.28053E+02   0.74050E+00  -0.35613E+00
   0.12022E+03   0.29998E+02   0.28461E+02   0.73258E+00  -0.29905E+00
   0.12057E+03   0.29997E+02   0.28788E+02   0.71607E+00  -0.23394E+00
   0.12092E+03   0.29997E+02   0.29044E+02   0.68662E+00  -0.17270E+00
   0.12127E+03   0.29996E+02   0.29249E+02   0.64815E+00  -0.11151E+00
   0.12162E+03   0.29995E+02   0.29363E+02   0.60527E+00  -0.59506E-01
   0.12197E+03   0.29992E+02   0.29336E+02   0.55970E+00  -0.21373E-01
   0.12232E+03   0.29988E+02   0.29106E+02   0.51118E+00   0.89085E-02
   0.12267E+03   0.29981E+02   0.28844E+02   0.46424E+00   0.30134E-01
   0.12302E+03   0.29970E+02   0.28782E+02   0.42169E+00   0.49769E-01
   0.12337E+03   0.29955E+02   0.28789E+02   0.38743E+00   0.61241E-01
   0.12372E+03   0.29936E+02   0.28781E+02   0.36091E+00   0.56509E-01
   0.12407E+03   0.29917E+02   0.28674E+02   0.34132E+00   0.40515E-01
   0.12442E+03   0.29902E+02   0.28467E+02   0.33162E+00   0.21615E-01
   0.12477E+03   0.29892E+02   0.28249E+02   0.32384E+00   0.66688E-02
   0.12512E+03   0.29881E+02   0.27922E+02   0.31683E+00  -0.12734E-01
   0.12547E+03   0.29870E+02   0.27713E+02   0.30976E+00  -0.24149E-01
   0.12582E+03   0.29861E+02   0.27694E+02   0.30408E+00  -0.23182E-01
   0.12617E+03   0.29850E+02   0.27609E+02   0.30042E+00  -0.33443E-01
   0.12652E+03   0.29841E+02   0.27178E+02   0.30064E+00  -0.64024E-01
   0.12687E+03   0.29835E+02   0.26671E+02   0.29638E+00  -0.94182E-01
   0.12722E+03   0.29828E+02   0.26419E+02   0.29151E+00  -0.10639E+00
   0.12757E+03   0.29822E+02   0.26112E+02   0.28668E+00  -0.12116E+00
   0.12792E+03   0.29820E+02   0.25524E+02   0.28277E+00  -0.15467E+00
   0.12827E+03   0.29819E+02   0.24897E+02   0.28363E+00  -0.18964E+00
   0.12862E+03   0.29818E+02   0.24729E+02   0.29337E+00  -0.21339E+00
   0.12897E+03   0.29830E+02   0.24865E+02   0.31157E+00  -0.23021E+00
   0.12932E+03   0.29850E+02   0.24652E+02   0.33059E+00  -0.26127E+00
   0.12967E+03   0.29869E+02   0.23982E+02   0.35049E+00  -0.31487E+00
   0.13002E+03   0.29888E+02   0.23558E+02   0.37083E+00  -0.36120E+00
   0.13037E+03   0.29906E+02   0.23669E+02   0.39421E+00  -0.39188E+00
   0.13072E+03   0.29924E+02   0.23513E+02   0.42316E+00  -0.43582E+00
   0.13107E+03   0.29942E+02   0.23195E+02   0.46421E+00  -0.48973E+00
   0.13142E+03   0.29958E+02   0.23251E+02   0.50520E+00  -0.52743E+00
   0.13177E+03   0.29971E+02   0.23665E+02   0.54312E+00  -0.55222E+00
   0.13212E+03   0.29980E+02   0.24026E+02   0.59107E+00  -0.57235E+00
   0.13247E+03   0.29987E+02   0.24624E+02   0.64916E+00  -0.57321E+00
   0.13282E+03   0.29992E+02   0.25686E+02   0.70022E+00  -0.54796E+00
   0.13317E+03   0.29996E+02   0.26529E+02   0.73225E+00  -0.50527E+00
   0.13352E+03   0.29997E+02   0.27202E+02   0.75724E+00  -0.45449E+00
   0.13387E+03   0.29999E+02   0.27771E+02   0.77954E+00  -0.39566E+00
   0.13422E+03   0.29999E+02   0.28214E+02   0.78386E+00  -0.32630E+00
   0.13457E+03   0.29999E+02   0.28568E+02   0.76322E+00  -0.25269E+00
   0.13492E+03   0.29999E+02   0.28861E+02   0.72433E+00  -0.18256E+00
   0.13527E+03   0.29997E+02   0.29116E+02   0.68043E+00  -0.11680E+00
   0.13562E+03   0.29996E+02   0.29200E+02   0.63335E+00  -0.60336E-01
   0.13597E+03   0.29993E+02   0.29233E+02   0.58103E+00  -0.90168E-02
   0.13632E+03   0.29990E+02   0.29265E+02   0.52468E+00   0.33519E-01
   0.13667E+03   0.29983E+02   0.29176E+02   0.47474E+00   0.54261E-01
   0.13702E+03   0.29973E+02   0.29126E+02   0.43488E+00   0.70083E-01
   0.13737E+03   0.29959E+02   0.29074E+02   0.39553E+00   0.75217E-01
   0.13772E+03   0.29941E+02   0.28964E+02   0.36158E+00   0.63431E-01
   0.13807E+03   0.29920E+02   0.28837E+02   0.34475E+00   0.52677E-01
   0.13842E+03   0.29907E+02   0.28731E+02   0.33776E+00   0.46334E-01
   0.13877E+03   0.29896E+02   0.28568E+02   0.32275E+00   0.30473E-01
   0.13912E+03   0.29881E+02   0.28320E+02   0.31231E+00   0.71597E-02
   0.13947E+03   0.29871E+02   0.28112E+02   0.31256E+00  -0.43324E-02
   0.13982E+03   0.29863E+02   0.27912E+02   0.30917E+00  -0.10472E-01
   0.14017E+03   0.29855E+02   0.27567E+02   0.30142E+00  -0.37318E-01
   0.14052E+03   0.29843E+02   0.27355E+02   0.29356E+00  -0.56971E-01
   0.14087E+03   0.29831E+02   0.27401E+02   0.29088E+00  -0.54219E-01
   0.14122E+03   0.29823E+02   0.27179E+02   0.28802E+00  -0.71599E-01
   0.14157E+03   0.29816E+02   0.26549E+02   0.28266E+00  -0.11078E+00
   0.14192E+03   0.29809E+02   0.26019E+02   0.27903E+00  -0.13509E+00
   0.14227E+03   0.29804E+02   0.25569E+02   0.28055E+00  -0.15191E+00
   0.14262E+03   0.29805E+02   0.25081E+02   0.28497E+00  -0.18255E+00
   0.14297E+03   0.29809E+02   0.24453E+02   0.29103E+00  -0.22620E+00
   0.14332E+03   0.29820E+02   0.23976E+02   0.30350E+00  -0.26856E+00
   0.14367E+03   0.29838E+02   0.23756E+02   0.32251E+00  -0.30231E+00
   0.14402E+03   0.29861E+02   0.23434E+02   0.34568E+00  -0.34682E+00
   0.14437E+03   0.29885E+02   0.23294E+02   0.37361E+00  -0.39537E+00
   0.14472E+03   0.29909E+02   0.23149E+02   0.41206E+00  -0.44039E+00
   0.14507E+03   0.29932E+02   0.22958E+02   0.45201E+00  -0.49142E+00
   0.14542E+03   0.29951E+02   0.23003E+02   0.49099E+00  -0.53971E+00
   0.14577E+03   0.29966E+02   0.23405E+02   0.53601E+00  -0.57136E+00
   0.14612E+03   0.29977E+02   0.23913E+02   0.59143E+00  -0.58536E+00
   0.14647E+03   0.29986E+02   0.24418E+02   0.64516E+00  -0.58959E+00
   0.14682E+03   0.29992E+02   0.25197E+02   0.68733E+00  -0.57262E+00
   0.14717E+03   0.29995E+02   0.26104E+02   0.73181E+00  -0.52819E+00
   0.14752E+03   0.29997E+02   0.26876E+02   0.77751E+00  -0.47633E+00
   0.14787E+03   0.29998E+02   0.27496E+02   0.79759E+00  -0.41690E+00
   0.14822E+03   0.30000E+02   0.27997E+02   0.78893E+00  -0.34930E+00
   0.14857E+03   0.30000E+02   0.28416E+02   0.77205E+00  -0.27762E+00
   0.14892E+03   0.29999E+02   0.28753E+02   0.74469E+00  -0.20239E+00
   0.14927E+03   0.29998E+02   0.29018E+02   0.70061E+00  -0.12924E+00
   0.14962E+03   0.29997E+02   0.29134E+02   0.64989E+00  -0.71997E-01
   0.14997E+03   0.29996E+02   0.29219E+02   0.59703E+00  -0.22028E-01
   0.15032E+03   0.29992E+02   0.29252E+02   0.54232E+00   0.26273E-01
   0.15067E+03   0.29986E+02   0.29149E+02   0.48925E+00   0.52075E-01
   0.15102E+03   0.29978E+02   0.29061E+02   0.44256E+00   0.65494E-01
   0.15137E+03   0.29965E+02   0.29044E+02   0.40331E+00   0.79935E-01
   0.15172E+03   0.29947E+02   0.29091E+02   0.37079E+00   0.86888E-01
   0.15207E+03   0.29929E+02   0.29109E+02   0.35078E+00   0.82266E-01
   0.15242E+03   0.29915E+02   0.28969E+02   0.33860E+00   0.57345E-01
   0.15277E+03   0.29904E+02   0.28722E+02   0.32840E+00   0.29754E-01
   0.15312E+03   0.29891E+02   0.28479E+02   0.31822E+00   0.18410E-01
   0.15347E+03   0.29878E+02   0.28330E+02   0.31059E+00   0.13818E-01
   0.15382E+03   0.29864E+02   0.28261E+02   0.30314E+00   0.87369E-02
   0.15417E+03   0.29853E+02   0.28070E+02   0.29882E+00  -0.11458E-01
   0.15452E+03   0.29842E+02   0.27825E+02   0.29242E+00  -0.32717E-01
   0.15487E+03   0.29831E+02   0.27574E+02   0.28592E+00  -0.48570E-01
   0.15522E+03   0.29821E+02   0.27370E+02   0.28200E+00  -0.61931E-01
   0.15557E+03   0.29810E+02   0.26999E+02   0.27831E+00  -0.82092E-01
   0.15592E+03   0.29801E+02   0.26611E+02   0.27322E+00  -0.10865E+00
   0.15627E+03   0.29791E+02   0.26221E+02   0.26630E+00  -0.13040E+00
   0.15662E+03   0.29787E+02   0.25610E+02   0.26741E+00  -0.16149E+00
   0.15697E+03   0.29793E+02   0.25116E+02   0.28099E+00  -0.19397E+00
   0.15732E+03   0.29806E+02   0.24851E+02   0.29917E+00  -0.22233E+00
   0.15767E+03   0.29823E+02   0.24676E+02   0.30768E+00  -0.25435E+00
   0.15802E+03   0.29841E+02   0.24253E+02   0.32233E+00  -0.29279E+00
   0.15837E+03   0.29863E+02   0.23891E+02   0.34867E+00  -0.33425E+00
   0.15872E+03   0.29887E+02   0.23716E+02   0.37816E+00  -0.37529E+00
   0.15907E+03   0.29911E+02   0.23341E+02   0.41212E+00  -0.42714E+00
   0.15942E+03   0.29932E+02   0.23283E+02   0.44860E+00  -0.48096E+00
   0.15977E+03   0.29950E+02   0.23681E+02   0.48645E+00  -0.51468E+00
   0.16012E+03   0.29965E+02   0.24267E+02   0.53084E+00  -0.53186E+00
   0.16047E+03   0.29976E+02   0.24984E+02   0.57933E+00  -0.54129E+00
   0.16082E+03   0.29985E+02   0.25748E+02   0.63065E+00  -0.53752E+00
   0.16117E+03   0.29991E+02   0.26494E+02   0.67917E+00  -0.51885E+00
   0.16152E+03   0.29994E+02   0.27115E+02   0.71756E+00  -0.49327E+00
   0.16187E+03   0.29997E+02   0.27662E+02   0.74339E+00  -0.44624E+00
   0.16222E+03   0.29998E+02   0.28099E+02   0.75269E+00  -0.37395E+00
   0.16257E+03   0.29999E+02   0.28447E+02   0.75001E+00  -0.29859E+00
   0.16292E+03   0.29999E+02   0.28759E+02   0.73469E+00  -0.23540E+00
   0.16327E+03   0.29998E+02   0.29027E+02   0.70541E+00  -0.17855E+00
   0.16362E+03   0.29997E+02   0.29224E+02   0.66830E+00  -0.10924E+00
   0.16397E+03   0.29996E+02   0.29329E+02   0.62142E+00  -0.47404E-01
   0.16432E+03   0.29993E+02   0.29200E+02   0.56750E+00  -0.90767E-02
   0.16467E+03   0.29988E+02   0.29006E+02   0.50671E+00   0.20464E-01
   0.16502E+03   0.29979E+02   0.28948E+02   0.45325E+00   0.46136E-01
   0.16537E+03   0.29967E+02   0.28924E+02   0.41601E+00   0.61275E-01
   0.16572E+03   0.29952E+02   0.28897E+02   0.38705E+00   0.61175E-01
   0.16607E+03   0.29938E+02   0.28891E+02   0.36282E+00   0.57245E-01
   0.16642E+03   0.29924E+02   0.28875E+02   0.34232E+00   0.54840E-01
   0.16677E+03   0.29904E+02   0.28753E+02   0.32655E+00   0.43117E-01
   0.16712E+03   0.29887E+02   0.28557E+02   0.31855E+00   0.24630E-01
   0.16747E+03   0.29879E+02   0.28350E+02   0.31912E+00   0.87268E-02
   0.16782E+03   0.29872E+02   0.28037E+02   0.31421E+00  -0.13302E-01
   0.16817E+03   0.29857E+02   0.27757E+02   0.30055E+00  -0.29139E-01
   0.16852E+03   0.29838E+02   0.27583E+02   0.29097E+00  -0.35796E-01
   0.16887E+03   0.29828E+02   0.27433E+02   0.29201E+00  -0.48916E-01
   0.16922E+03   0.29823E+02   0.27266E+02   0.29234E+00  -0.66474E-01
   0.16957E+03   0.29821E+02   0.26825E+02   0.28600E+00  -0.94546E-01
   0.16992E+03   0.29814E+02   0.26258E+02   0.28041E+00  -0.12467E+00
   0.17027E+03   0.29811E+02   0.25745E+02   0.28497E+00  -0.14650E+00
   0.17062E+03   0.29812E+02   0.25495E+02   0.28769E+00  -0.16639E+00
   0.17097E+03   0.29813E+02   0.25451E+02   0.28926E+00  -0.18494E+00
   0.17132E+03   0.29820E+02   0.25375E+02   0.29903E+00  -0.20821E+00
   0.17167E+03   0.29835E+02   0.25112E+02   0.31509E+00  -0.23545E+00
   0.17202E+03   0.29853E+02   0.24727E+02   0.33306E+00  -0.26403E+00
   0.17237E+03   0.29873E+02   0.24357E+02   0.35128E+00  -0.30332E+00
   0.17272E+03   0.29892E+02   0.24385E+02   0.37364E+00  -0.33264E+00
   0.17307E+03   0.29910E+02   0.24791E+02   0.39844E+00  -0.35089E+00
   0.17342E+03   0.29927E+02   0.24794E+02   0.42318E+00  -0.38257E+00
   0.17377E+03   0.29942E+02   0.24811E+02   0.45367E+00  -0.41815E+00
   0.17412E+03   0.29956E+02   0.25153E+02   0.49289E+00  -0.44039E+00
   0.17447E+03   0.29968E+02   0.25356E+02   0.53069E+00  -0.45576E+00
   0.17482E+03   0.29977E+02   0.25478E+02   0.56636E+00  -0.46988E+00
   0.17517E+03   0.29984E+02   0.25816E+02   0.59660E+00  -0.47313E+00
   0.17552E+03   0.29989E+02   0.26428E+02   0.62402E+00  -0.45367E+00
   0.17587E+03   0.29992E+02   0.27096E+02   0.64958E+00  -0.40942E+00
   0.17622E+03   0.29995E+02   0.27655E+02   0.67203E+00  -0.36836E+00
   0.17657E+03   0.29995E+02   0.28138E+02   0.68759E+00  -0.33111E+00
   0.17692E+03   0.29996E+02   0.28513E+02   0.68925E+00  -0.28125E+00
   0.17727E+03   0.29996E+02   0.28821E+02   0.67663E+00  -0.23192E+00
   0.17762E+03   0.29996E+02   0.29088E+02   0.65017E+00  -0.18270E+00
   0.17797E+03   0.29994E+02   0.29250E+02   0.61547E+00  -0.12971E+00
   0.17832E+03   0.29992E+02   0.29368E+02   0.57687E+00  -0.79917E-01
   0.17867E+03   0.29990E+02   0.29224E+02   0.53708E+00  -0.38817E-01
   0.17902E+03   0.29986E+02   0.28984E+02   0.49487E+00  -0.12337E-01
   0.17937E+03   0.29978E+02   0.28881E+02   0.45950E+00   0.99006E-02
   0.17972E+03   0.29969E+02   0.28777E+02   0.43168E+00   0.29599E-01
   0.18007E+03   0.29957E+02   0.28797E+02   0.39509E+00   0.40318E-01
   0.18042E+03   0.29941E+02   0.28709E+02   0.35958E+00   0.35473E-01
   0.18077E+03   0.29924E+02   0.28430E+02   0.33875E+00   0.15241E-01
   0.18112E+03   0.29906E+02   0.28213E+02   0.32760E+00   0.77359E-02
   0.18147E+03   0.29887E+02   0.28131E+02   0.31825E+00   0.40265E-02
   0.18182E+03   0.29875E+02   0.28062E+02   0.31166E+00  -0.10148E-01
   0.18217E+03   0.29865E+02   0.27939E+02   0.30934E+00  -0.21458E-01
   0.18252E+03   0.29856E+02   0.27711E+02   0.30751E+00  -0.35464E-01
   0.18287E+03   0.29851E+02   0.27413E+02   0.30170E+00  -0.51929E-01
   0.18322E+03   0.29846E+02   0.27075E+02   0.29450E+00  -0.70302E-01
   0.18357E+03   0.29836E+02   0.26721E+02   0.29365E+00  -0.88936E-01
   0.18392E+03   0.29827E+02   0.26529E+02   0.29119E+00  -0.99185E-01
   0.18427E+03   0.29820E+02   0.26409E+02   0.28400E+00  -0.11167E+00
   0.18462E+03   0.29813E+02   0.26179E+02   0.28282E+00  -0.13502E+00
   0.18497E+03   0.29817E+02   0.25839E+02   0.29082E+00  -0.15817E+00
   0.18532E+03   0.29825E+02   0.25568E+02   0.29936E+00  -0.17558E+00
   0.18567E+03   0.29830E+02   0.25466E+02   0.30931E+00  -0.19383E+00
   0.18602E+03   0.29841E+02   0.25163E+02   0.31807E+00  -0.22233E+00
   0.18637E+03   0.29854E+02   0.25057E+02   0.32942E+00  -0.24592E+00
   0.18672E+03   0.29869E+02   0.24822E+02   0.34590E+00  -0.27182E+00
   0.18707E+03   0.29885E+02   0.24264E+02   0.36156E+00  -0.31158E+00
   0.18742E+03   0.29902E+02   0.24368E+02   0.38263E+00  -0.33873E+00
   0.18777E+03   0.29919E+02   0.24305E+02   0.41305E+00  -0.37009E+00
   0.18812E+03   0.29936E+02   0.24143E+02   0.44399E+00  -0.41268E+00
   0.18847E+03   0.29951E+02   0.24607E+02   0.47204E+00  -0.43979E+00
   0.18882E+03   0.29963E+02   0.25059E+02   0.50362E+00  -0.45974E+00
   0.18917E+03   0.29973E+02   0.25599E+02   0.54562E+00  -0.46590E+00
   0.18952E+03   0.29981E+02   0.26358E+02   0.58870E+00  -0.46079E+00
   0.18987E+03   0.29987E+02   0.27048E+02   0.61841E+00  -0.45698E+00
   0.19022E+03   0.29991E+02   0.27614E+02   0.64601E+00  -0.43005E+00
   0.19057E+03   0.29993E+02   0.28065E+02   0.67202E+00  -0.38467E+00
   0.19092E+03   0.29994E+02   0.28443E+02   0.68295E+00  -0.34007E+00
   0.19127E+03   0.29995E+02   0.28768E+02   0.68294E+00  -0.30222E+00
   0.19162E+03   0.29995E+02   0.29018E+02   0.67151E+00  -0.25643E+00
   0.19197E+03   0.29995E+02   0.29174E+02   0.65397E+00  -0.20034E+00
   0.19232E+03   0.29995E+02   0.29322E+02   0.62903E+00  -0.15002E+00
   0.19267E+03   0.29993E+02   0.29475E+02   0.59165E+00  -0.10583E+00
   0.19302E+03   0.29991E+02   0.29596E+02   0.55768E+00  -0.56136E-01
   0.19337E+03   0.29987E+02   0.29511E+02   0.52007E+00  -0.13545E-01
   0.19372E+03   0.29982E+02   0.29036E+02   0.47783E+00  -0.24524E-02
   0.19407E+03   0.29974E+02   0.28594E+02   0.43839E+00   0.42001E-02
   0.19442E+03   0.29962E+02   0.28486E+02   0.40508E+00   0.26222E-01
   0.19477E+03   0.29946E+02   0.28489E+02   0.37269E+00   0.38535E-01
   0.19512E+03   0.29930E+02   0.28414E+02   0.34438E+00   0.25774E-01
   0.19547E+03   0.29912E+02   0.28230E+02   0.32911E+00   0.55250E-02
   0.19582E+03   0.29895E+02   0.28023E+02   0.32292E+00  -0.40208E-02
   0.19617E+03   0.29884E+02   0.27869E+02   0.31817E+00  -0.11703E-01
   0.19652E+03   0.29877E+02   0.27623E+02   0.31309E+00  -0.35843E-01
   0.19687E+03   0.29870E+02   0.27304E+02   0.31140E+00  -0.52135E-01
   0.19722E+03   0.29861E+02   0.27262E+02   0.30682E+00  -0.51714E-01
   0.19757E+03   0.29855E+02   0.27168E+02   0.30175E+00  -0.64079E-01
   0.19792E+03   0.29848E+02   0.26770E+02   0.29783E+00  -0.90243E-01
   0.19827E+03   0.29845E+02   0.26339E+02   0.29827E+00  -0.11402E+00
   0.19862E+03   0.29840E+02   0.26041E+02   0.29800E+00  -0.12790E+00
   0.19897E+03   0.29829E+02   0.25772E+02   0.29355E+00  -0.14419E+00
   0.19932E+03   0.29825E+02   0.25412E+02   0.29069E+00  -0.17233E+00
   0.19967E+03   0.29828E+02   0.25029E+02   0.30031E+00  -0.20133E+00
   0.20002E+03   0.29837E+02   0.24822E+02   0.31632E+00  -0.22589E+00
   0.20037E+03   0.29850E+02   0.24476E+02   0.32668E+00  -0.26114E+00
   0.20072E+03   0.29866E+02   0.24001E+02   0.34284E+00  -0.30325E+00
   0.20107E+03   0.29885E+02   0.23659E+02   0.36900E+00  -0.34767E+00
   0.20142E+03   0.29905E+02   0.23503E+02   0.39336E+00  -0.38681E+00
   0.20177E+03   0.29923E+02   0.23556E+02   0.41508E+00  -0.42058E+00
   0.20212E+03   0.29939E+02   0.23674E+02   0.44910E+00  -0.46054E+00
   0.20247E+03   0.29954E+02   0.23860E+02   0.49718E+00  -0.49541E+00
   0.20282E+03   0.29968E+02   0.24190E+02   0.54408E+00  -0.51932E+00
   0.20317E+03   0.29979E+02   0.24834E+02   0.58282E+00  -0.53525E+00
   0.20352E+03   0.29987E+02   0.25692E+02   0.62800E+00  -0.52983E+00
   0.20387E+03   0.29991E+02   0.26525E+02   0.67454E+00  -0.49404E+00
   0.20422E+03   0.29994E+02   0.27197E+02   0.70664E+00  -0.45664E+00
   0.20457E+03   0.29997E+02   0.27749E+02   0.72478E+00  -0.41319E+00
   0.20492E+03   0.29998E+02   0.28191E+02   0.73776E+00  -0.34955E+00
   0.20527E+03   0.29998E+02   0.28553E+02   0.73801E+00  -0.28133E+00
   0.20562E+03   0.29998E+02   0.28856E+02   0.71981E+00  -0.21927E+00
   0.20597E+03   0.29997E+02   0.29124E+02   0.68275E+00  -0.16465E+00
   0.20632E+03   0.29995E+02   0.29325E+02   0.63684E+00  -0.10659E+00
   0.20667E+03   0.29994E+02   0.29421E+02   0.59569E+00  -0.49566E-01
   0.20702E+03   0.29991E+02   0.29183E+02   0.54734E+00  -0.18013E-01
   0.20737E+03   0.29986E+02   0.28940E+02   0.49632E+00   0.77484E-02
   0.20772E+03   0.29979E+02   0.28836E+02   0.45177E+00   0.32018E-01
   0.20807E+03   0.29967E+02   0.28715E+02   0.41076E+00   0.46202E-01
   0.20842E+03   0.29954E+02   0.28720E+02   0.37958E+00   0.55610E-01
   0.20877E+03   0.29940E+02   0.28757E+02   0.35775E+00   0.54397E-01
   0.20912E+03   0.29923E+02   0.28795E+02   0.34197E+00   0.53905E-01
   0.20947E+03   0.29907E+02   0.28812E+02   0.33107E+00   0.48869E-01
   0.20982E+03   0.29894E+02   0.28648E+02   0.31972E+00   0.27069E-01
   0.21017E+03   0.29880E+02   0.28381E+02   0.31204E+00   0.63246E-02
   0.21052E+03   0.29866E+02   0.28083E+02   0.30830E+00  -0.94720E-02
   0.21087E+03   0.29855E+02   0.27827E+02   0.29747E+00  -0.25736E-01
   0.21122E+03   0.29841E+02   0.27742E+02   0.28427E+00  -0.30588E-01
   0.21157E+03   0.29829E+02   0.27455E+02   0.28146E+00  -0.49777E-01
   0.21192E+03   0.29818E+02   0.27117E+02   0.28352E+00  -0.76102E-01
   0.21227E+03   0.29817E+02   0.26847E+02   0.28303E+00  -0.92289E-01
   0.21262E+03   0.29815E+02   0.26358E+02   0.27775E+00  -0.11975E+00
   0.21297E+03   0.29806E+02   0.26016E+02   0.28160E+00  -0.14087E+00
   0.21332E+03   0.29809E+02   0.25833E+02   0.28817E+00  -0.15000E+00
   0.21367E+03   0.29813E+02   0.25267E+02   0.28614E+00  -0.18223E+00
   0.21402E+03   0.29815E+02   0.24740E+02   0.29361E+00  -0.22380E+00
   0.21437E+03   0.29827E+02   0.24570E+02   0.31359E+00  -0.25127E+00
   0.21472E+03   0.29847E+02   0.24396E+02   0.33502E+00  -0.27851E+00
   0.21507E+03   0.29869E+02   0.24045E+02   0.35533E+00  -0.32472E+00
   0.21542E+03   0.29891E+02   0.23622E+02   0.37700E+00  -0.38024E+00
   0.21577E+03   0.29911E+02   0.23353E+02   0.40257E+00  -0.42137E+00
   0.21612E+03   0.29930E+02   0.23267E+02   0.43802E+00  -0.46155E+00
   0.21647E+03   0.29947E+02   0.23110E+02   0.48062E+00  -0.51435E+00
   0.21682E+03   0.29963E+02   0.22986E+02   0.52434E+00  -0.55814E+00
   0.21717E+03   0.29975E+02   0.23368E+02   0.57117E+00  -0.58330E+00
   0.21752E+03   0.29984E+02   0.24314E+02   0.62276E+00  -0.58785E+00
   0.21787E+03   0.29990E+02   0.25421E+02   0.67264E+00  -0.56356E+00
   0.21822E+03   0.29994E+02   0.26334E+02   0.72130E+00  -0.53185E+00
   0.21857E+03   0.29997E+02   0.27065E+02   0.76194E+00  -0.48239E+00
   0.21892E+03   0.29999E+02   0.27647E+02   0.78251E+00  -0.40926E+00
   0.21927E+03   0.29999E+02   0.28132E+02   0.78607E+00  -0.34714E+00
   0.21962E+03   0.29999E+02   0.28524E+02   0.77373E+00  -0.29021E+00
   0.21997E+03   0.29998E+02   0.28833E+02   0.74777E+00  -0.21993E+00
   0.22032E+03   0.29997E+02   0.29087E+02   0.70079E+00  -0.15324E+00
   0.22067E+03   0.29996E+02   0.29298E+02   0.64350E+00  -0.96578E-01
   0.22102E+03   0.29994E+02   0.29254E+02   0.59841E+00  -0.45538E-01
   0.22137E+03   0.29992E+02   0.29087E+02   0.55481E+00  -0.44773E-02
   0.22172E+03   0.29987E+02   0.28961E+02   0.50332E+00   0.21762E-01
   0.22207E+03   0.29979E+02   0.28812E+02   0.45637E+00   0.38569E-01
   0.22242E+03   0.29969E+02   0.28785E+02   0.42081E+00   0.60842E-01
   0.22277E+03   0.29957E+02   0.28783E+02   0.38971E+00   0.66164E-01
   0.22312E+03   0.29942E+02   0.28728E+02   0.35818E+00   0.54771E-01
   0.22347E+03   0.29922E+02   0.28679E+02   0.33879E+00   0.48707E-01
   0.22382E+03   0.29906E+02   0.28616E+02   0.33407E+00   0.40142E-01
   0.22417E+03   0.29894E+02   0.28530E+02   0.32940E+00   0.26307E-01
   0.22452E+03   0.29886E+02   0.28293E+02   0.32324E+00   0.13892E-02
   0.22487E+03   0.29874E+02   0.28004E+02   0.31184E+00  -0.16346E-01
   0.22522E+03   0.29858E+02   0.27896E+02   0.30341E+00  -0.16327E-01
   0.22557E+03   0.29852E+02   0.27802E+02   0.30196E+00  -0.25231E-01
   0.22592E+03   0.29841E+02   0.27622E+02   0.29488E+00  -0.43296E-01
   0.22627E+03   0.29826E+02   0.27364E+02   0.28774E+00  -0.64807E-01
   0.22662E+03   0.29818E+02   0.27027E+02   0.28453E+00  -0.82439E-01
   0.22697E+03   0.29812E+02   0.26737E+02   0.27842E+00  -0.93924E-01
   0.22732E+03   0.29809E+02   0.26341E+02   0.27220E+00  -0.11950E+00
   0.22767E+03   0.29799E+02   0.25955E+02   0.27255E+00  -0.14111E+00
   0.22802E+03   0.29789E+02   0.25696E+02   0.28022E+00  -0.15685E+00
   0.22837E+03   0.29793E+02   0.25459E+02   0.28931E+00  -0.18368E+00
   0.22872E+03   0.29806E+02   0.25312E+02   0.30255E+00  -0.21191E+00
   0.22907E+03   0.29828E+02   0.25069E+02   0.32395E+00  -0.24341E+00
   0.22942E+03   0.29853E+02   0.24854E+02   0.34267E+00  -0.27166E+00
   0.22977E+03   0.29875E+02   0.24508E+02   0.35509E+00  -0.30218E+00
   0.23012E+03   0.29894E+02   0.24168E+02   0.37400E+00  -0.33969E+00
   0.23047E+03   0.29912E+02   0.24097E+02   0.40598E+00  -0.37230E+00
   0.23082E+03   0.29931E+02   0.24223E+02   0.43740E+00  -0.40210E+00
   0.23117E+03   0.29947E+02   0.24295E+02   0.46696E+00  -0.43972E+00
   0.23152E+03   0.29960E+02   0.24342E+02   0.50229E+00  -0.47432E+00
   0.23187E+03   0.29971E+02   0.24995E+02   0.54214E+00  -0.48501E+00
   0.23222E+03   0.29980E+02   0.25266E+02   0.58385E+00  -0.49278E+00
   0.23257E+03   0.29986E+02   0.25069E+02   0.62034E+00  -0.51026E+00
   0.23292E+03   0.29991E+02   0.25594E+02   0.65323E+00  -0.50172E+00
   0.23327E+03   0.29994E+02   0.26474E+02   0.68580E+00  -0.46228E+00
   0.23362E+03   0.29996E+02   0.27193E+02   0.70897E+00  -0.41525E+00
   0.23397E+03   0.29997E+02   0.27768E+02   0.71977E+00  -0.36942E+00
   0.23432E+03   0.29997E+02   0.28221E+02   0.72311E+00  -0.31418E+00
   0.23467E+03   0.29997E+02   0.28595E+02   0.71306E+00  -0.25140E+00
   0.23502E+03   0.29997E+02   0.28901E+02   0.69022E+00  -0.19967E+00
   0.23537E+03   0.29996E+02   0.29146E+02   0.65687E+00  -0.14226E+00
   0.23572E+03   0.29995E+02   0.29228E+02   0.61367E+00  -0.84699E-01
   0.23607E+03   0.29993E+02   0.29278E+02   0.56721E+00  -0.35770E-01
   0.23642E+03   0.29989E+02   0.29263E+02   0.51762E+00   0.77260E-02
   0.23677E+03   0.29982E+02   0.29084E+02   0.47341E+00   0.29236E-01
   0.23712E+03   0.29973E+02   0.28906E+02   0.44104E+00   0.38962E-01
   0.23747E+03   0.29962E+02   0.28775E+02   0.40805E+00   0.42078E-01
   0.23782E+03   0.29946E+02   0.28641E+02   0.37141E+00   0.36065E-01
   0.23817E+03   0.29925E+02   0.28585E+02   0.34311E+00   0.39133E-01
   0.23852E+03   0.29907E+02   0.28584E+02   0.33244E+00   0.39385E-01
   0.23887E+03   0.29893E+02   0.28510E+02   0.32605E+00   0.28186E-01
   0.23922E+03   0.29882E+02   0.28310E+02   0.31664E+00   0.49560E-02
   0.23957E+03   0.29873E+02   0.28009E+02   0.31235E+00  -0.20460E-01
   0.23992E+03   0.29866E+02   0.27752E+02   0.31189E+00  -0.26562E-01
   0.24027E+03   0.29858E+02   0.27442E+02   0.30340E+00  -0.41584E-01
   0.24062E+03   0.29843E+02   0.27068E+02   0.28722E+00  -0.68548E-01
   0.24097E+03   0.29826E+02   0.26868E+02   0.28157E+00  -0.76077E-01
   0.24132E+03   0.29820E+02   0.26584E+02   0.28333E+00  -0.91120E-01
   0.24167E+03   0.29819E+02   0.26205E+02   0.28303E+00  -0.11973E+00
   0.24202E+03   0.29815E+02   0.25963E+02   0.28678E+00  -0.14219E+00
   0.24237E+03   0.29818E+02   0.25551E+02   0.29495E+00  -0.16663E+00
   0.24272E+03   0.29823E+02   0.24965E+02   0.29646E+00  -0.19444E+00
   0.24307E+03   0.29828E+02   0.24649E+02   0.30161E+00  -0.22899E+00
   0.24342E+03   0.29839E+02   0.24292E+02   0.31724E+00  -0.26571E+00
   0.24377E+03   0.29857E+02   0.23936E+02   0.33599E+00  -0.29817E+00
   0.24412E+03   0.29876E+02   0.23611E+02   0.35678E+00  -0.34410E+00
   0.24447E+03   0.29895E+02   0.23449E+02   0.38393E+00  -0.39515E+00
   0.24482E+03   0.29916E+02   0.23599E+02   0.41703E+00  -0.43030E+00
   0.24517E+03   0.29936E+02   0.23349E+02   0.45360E+00  -0.47801E+00
   0.24552E+03   0.29953E+02   0.23267E+02   0.49440E+00  -0.53023E+00
   0.24587E+03   0.29967E+02   0.23818E+02   0.53818E+00  -0.55122E+00
   0.24622E+03   0.29978E+02   0.24645E+02   0.58768E+00  -0.55513E+00
   0.24657E+03   0.29986E+02   0.25544E+02   0.64017E+00  -0.54988E+00
   0.24692E+03   0.29991E+02   0.26361E+02   0.68515E+00  -0.52211E+00
   0.24727E+03   0.29994E+02   0.27031E+02   0.72146E+00  -0.47421E+00
   0.24762E+03   0.29997E+02   0.27588E+02   0.74959E+00  -0.41489E+00
   0.24797E+03   0.29999E+02   0.28042E+02   0.76347E+00  -0.35345E+00
   0.24832E+03   0.30000E+02   0.28434E+02   0.75784E+00  -0.28905E+00
   0.24867E+03   0.29999E+02   0.28770E+02   0.73232E+00  -0.22955E+00
   0.24902E+03   0.29997E+02   0.29040E+02   0.69519E+00  -0.17067E+00
   0.24937E+03   0.29996E+02   0.29242E+02   0.64791E+00  -0.10086E+00
   0.24972E+03   0.29995E+02   0.29289E+02   0.59655E+00  -0.45254E-01
   0.25007E+03   0.29992E+02   0.29304E+02   0.55148E+00  -0.64333E-02
   0.25042E+03   0.29987E+02   0.29350E+02   0.50460E+00   0.35657E-01
   0.25077E+03   0.29980E+02   0.29248E+02   0.45607E+00   0.57428E-01
   0.25112E+03   0.29969E+02   0.29077E+02   0.41656E+00   0.59101E-01
   0.25147E+03   0.29956E+02   0.28880E+02   0.38441E+00   0.53884E-01
   0.25182E+03   0.29938E+02   0.28740E+02   0.35166E+00   0.50178E-01
   0.25217E+03   0.29914E+02   0.28694E+02   0.32755E+00   0.52737E-01
   0.25252E+03   0.29897E+02   0.28570E+02   0.31827E+00   0.35850E-01
   0.25287E+03   0.29882E+02   0.28356E+02   0.31531E+00   0.15360E-01
   0.25322E+03   0.29873E+02   0.28102E+02   0.31600E+00  -0.58928E-02
   0.25357E+03   0.29870E+02   0.27805E+02   0.31228E+00  -0.29054E-01
   0.25392E+03   0.29863E+02   0.27604E+02   0.30698E+00  -0.34768E-01
   0.25427E+03   0.29854E+02   0.27439E+02   0.30270E+00  -0.46356E-01
   0.25462E+03   0.29845E+02   0.27326E+02   0.29712E+00  -0.59989E-01
   0.25497E+03   0.29833E+02   0.27231E+02   0.29147E+00  -0.66483E-01
   0.25532E+03   0.29825E+02   0.27055E+02   0.28932E+00  -0.87583E-01
   0.25567E+03   0.29824E+02   0.26770E+02   0.28784E+00  -0.10793E+00
   0.25602E+03   0.29825E+02   0.26396E+02   0.28667E+00  -0.12419E+00
   0.25637E+03   0.29820E+02   0.26065E+02   0.28343E+00  -0.14781E+00
   0.25672E+03   0.29810E+02   0.25958E+02   0.27936E+00  -0.16149E+00
   0.25707E+03   0.29810E+02   0.25887E+02   0.29057E+00  -0.17846E+00
   0.25742E+03   0.29821E+02   0.25672E+02   0.30804E+00  -0.20836E+00
   0.25777E+03   0.29837E+02   0.25511E+02   0.32269E+00  -0.23606E+00
   0.25812E+03   0.29857E+02   0.25385E+02   0.33854E+00  -0.26098E+00
   0.25847E+03   0.29876E+02   0.24988E+02   0.35974E+00  -0.29317E+00
   0.25882E+03   0.29896E+02   0.24578E+02   0.37868E+00  -0.32831E+00
   0.25917E+03   0.29913E+02   0.24574E+02   0.40007E+00  -0.35512E+00
   0.25952E+03   0.29929E+02   0.24823E+02   0.43015E+00  -0.37942E+00
   0.25987E+03   0.29945E+02   0.24723E+02   0.46202E+00  -0.41330E+00
   0.26022E+03   0.29958E+02   0.24579E+02   0.49565E+00  -0.44791E+00
   0.26057E+03   0.29969E+02   0.24723E+02   0.52992E+00  -0.47267E+00
   0.26092E+03   0.29978E+02   0.25256E+02   0.56734E+00  -0.47904E+00
   0.26127E+03   0.29984E+02   0.26221E+02   0.60272E+00  -0.46400E+00
   0.26162E+03   0.29989E+02   0.26987E+02   0.63397E+00  -0.44894E+00
   0.26197E+03   0.29993E+02   0.27577E+02   0.66381E+00  -0.42085E+00
   0.26232E+03   0.29994E+02   0.28047E+02   0.68229E+00  -0.37222E+00
   0.26267E+03   0.29995E+02   0.28436E+02   0.68973E+00  -0.32512E+00
   0.26302E+03   0.29996E+02   0.28755E+02   0.68933E+00  -0.27645E+00
   0.26337E+03   0.29996E+02   0.29013E+02   0.67394E+00  -0.21689E+00
   0.26372E+03   0.29996E+02   0.29179E+02   0.64401E+00  -0.16273E+00
   0.26407E+03   0.29994E+02   0.29280E+02   0.60610E+00  -0.11600E+00
   0.26442E+03   0.29992E+02   0.29386E+02   0.56894E+00  -0.64950E-01
   0.26477E+03   0.29989E+02   0.29152E+02   0.53168E+00  -0.30562E-01
   0.26512E+03   0.29984E+02   0.28627E+02   0.48892E+00  -0.17665E-01
   0.26547E+03   0.29976E+02   0.28369E+02   0.44362E+00  -0.49390E-03
   0.26582E+03   0.29965E+02   0.28326E+02   0.40838E+00   0.18454E-01
   0.26617E+03   0.29952E+02   0.28281E+02   0.38314E+00   0.23696E-01
   0.26652E+03   0.29939E+02   0.28281E+02   0.35936E+00   0.18644E-01
   0.26687E+03   0.29922E+02   0.28298E+02   0.34178E+00   0.16435E-01
   0.26722E+03   0.29907E+02   0.28193E+02   0.33375E+00   0.95388E-02
   0.26757E+03   0.29899E+02   0.27963E+02   0.32677E+00  -0.86982E-02
   0.26792E+03   0.29891E+02   0.27727E+02   0.31752E+00  -0.25103E-01
   0.26827E+03   0.29884E+02   0.27366E+02   0.30933E+00  -0.43091E-01
   0.26862E+03   0.29870E+02   0.27035E+02   0.29942E+00  -0.57754E-01
   0.26897E+03   0.29854E+02   0.26845E+02   0.29290E+00  -0.68743E-01
   0.26932E+03   0.29846E+02   0.26389E+02   0.29260E+00  -0.95909E-01
   0.26967E+03   0.29839E+02   0.25781E+02   0.29159E+00  -0.12810E+00
   0.27002E+03   0.29834E+02   0.25293E+02   0.29510E+00  -0.15661E+00
   0.27037E+03   0.29834E+02   0.24920E+02   0.30145E+00  -0.18491E+00
   0.27072E+03   0.29836E+02   0.24783E+02   0.31077E+00  -0.20784E+00
   0.27107E+03   0.29848E+02   0.24617E+02   0.32506E+00  -0.23957E+00
   0.27142E+03   0.29864E+02   0.24337E+02   0.33874E+00  -0.27477E+00
   0.27177E+03   0.29879E+02   0.24087E+02   0.35121E+00  -0.30552E+00
   0.27212E+03   0.29894E+02   0.23883E+02   0.37157E+00  -0.34232E+00
   0.27247E+03   0.29911E+02   0.24166E+02   0.40233E+00  -0.36825E+00
   0.27282E+03   0.29929E+02   0.24271E+02   0.42663E+00  -0.39873E+00
   0.27317E+03   0.29943E+02   0.24019E+02   0.44901E+00  -0.44243E+00
   0.27352E+03   0.29955E+02   0.23985E+02   0.48191E+00  -0.47323E+00
   0.27387E+03   0.29966E+02   0.24534E+02   0.52202E+00  -0.48878E+00
   0.27422E+03   0.29976E+02   0.25481E+02   0.56598E+00  -0.49265E+00
   0.27457E+03   0.29984E+02   0.25903E+02   0.60969E+00  -0.49737E+00
   0.27492E+03   0.29990E+02   0.26335E+02   0.64483E+00  -0.49055E+00
   0.27527E+03   0.29993E+02   0.27062E+02   0.67280E+00  -0.45465E+00
   0.27562E+03   0.29996E+02   0.27680E+02   0.69681E+00  -0.41623E+00
   0.27597E+03   0.29997E+02   0.28168E+02   0.71380E+00  -0.37221E+00
   0.27632E+03   0.29998E+02   0.28539E+02   0.71723E+00  -0.30513E+00
   0.27667E+03   0.29998E+02   0.28836E+02   0.70869E+00  -0.24137E+00
   0.27702E+03   0.29998E+02   0.29082E+02   0.68576E+00  -0.18795E+00
   0.27737E+03   0.29997E+02   0.29050E+02   0.65224E+00  -0.13840E+00
   0.27772E+03   0.29995E+02   0.29034E+02   0.61641E+00  -0.88161E-01
   0.27807E+03   0.29993E+02   0.29102E+02   0.57260E+00  -0.35442E-01
   0.27842E+03   0.29989E+02   0.29050E+02   0.51864E+00   0.24324E-02
   0.27877E+03   0.29983E+02   0.28939E+02   0.46838E+00   0.23531E-01
   0.27912E+03   0.29973E+02   0.28796E+02   0.42865E+00   0.40377E-01
   0.27947E+03   0.29959E+02   0.28788E+02   0.39604E+00   0.51795E-01
   0.27982E+03   0.29941E+02   0.28754E+02   0.37051E+00   0.48253E-01
   0.28017E+03   0.29924E+02   0.28668E+02   0.35148E+00   0.35570E-01
   0.28052E+03   0.29909E+02   0.28584E+02   0.33785E+00   0.26224E-01
   0.28087E+03   0.29893E+02   0.28469E+02   0.32406E+00   0.19373E-01
   0.28122E+03   0.29878E+02   0.28396E+02   0.31271E+00   0.15267E-01
   0.28157E+03   0.29869E+02   0.28193E+02   0.30773E+00  -0.65195E-03
   0.28192E+03   0.29860E+02   0.27872E+02   0.30618E+00  -0.24896E-01
   0.28227E+03   0.29848E+02   0.27751E+02   0.29987E+00  -0.32576E-01
   0.28262E+03   0.29832E+02   0.27702E+02   0.28903E+00  -0.37087E-01
   0.28297E+03   0.29820E+02   0.27537E+02   0.28630E+00  -0.54217E-01
   0.28332E+03   0.29817E+02   0.27397E+02   0.28539E+00  -0.71845E-01
   0.28367E+03   0.29811E+02   0.27189E+02   0.27722E+00  -0.85238E-01
   0.28402E+03   0.29802E+02   0.26762E+02   0.27513E+00  -0.10925E+00
   0.28437E+03   0.29801E+02   0.26447E+02   0.28022E+00  -0.13077E+00
   0.28472E+03   0.29804E+02   0.26395E+02   0.28401E+00  -0.14146E+00
   0.28507E+03   0.29804E+02   0.26142E+02   0.28779E+00  -0.16087E+00
   0.28542E+03   0.29809E+02   0.25665E+02   0.29260E+00  -0.19124E+00
   0.28577E+03   0.29820E+02   0.25333E+02   0.30071E+00  -0.21948E+00
   0.28612E+03   0.29836E+02   0.25057E+02   0.31977E+00  -0.24733E+00
   0.28647E+03   0.29857E+02   0.24660E+02   0.34175E+00  -0.28392E+00
   0.28682E+03   0.29878E+02   0.24271E+02   0.35764E+00  -0.32343E+00
   0.28717E+03   0.29897E+02   0.24049E+02   0.37742E+00  -0.36184E+00
   0.28752E+03   0.29915E+02   0.23670E+02   0.40775E+00  -0.40570E+00
   0.28787E+03   0.29933E+02   0.23330E+02   0.44508E+00  -0.45315E+00
   0.28822E+03   0.29950E+02   0.23368E+02   0.48345E+00  -0.49961E+00
   0.28857E+03   0.29965E+02   0.23789E+02   0.52867E+00  -0.53760E+00
   0.28892E+03   0.29977E+02   0.24445E+02   0.57651E+00  -0.55088E+00
   0.28927E+03   0.29985E+02   0.25244E+02   0.61878E+00  -0.54522E+00
   0.28962E+03   0.29990E+02   0.26162E+02   0.66321E+00  -0.52980E+00
   0.28997E+03   0.29993E+02   0.26898E+02   0.70637E+00  -0.49252E+00
   0.29032E+03   0.29996E+02   0.27446E+02   0.73960E+00  -0.43631E+00
   0.29067E+03   0.29998E+02   0.27900E+02   0.75920E+00  -0.37654E+00
   0.29102E+03   0.29999E+02   0.28292E+02   0.75876E+00  -0.31408E+00
   0.29137E+03   0.29999E+02   0.28629E+02   0.73966E+00  -0.25009E+00
   0.29172E+03   0.29998E+02   0.28916E+02   0.70584E+00  -0.18535E+00
   0.29207E+03   0.29997E+02   0.29145E+02   0.66176E+00  -0.11536E+00
   0.29242E+03   0.29996E+02   0.29335E+02   0.61752E+00  -0.55959E-01
   0.29277E+03   0.29993E+02   0.29257E+02   0.57294E+00  -0.21556E-01
   0.29312E+03   0.29989E+02   0.29032E+02   0.51573E+00   0.52474E-02
   0.29347E+03   0.29982E+02   0.28946E+02   0.46244E+00   0.36627E-01
   0.29382E+03   0.29971E+02   0.28847E+02   0.42314E+00   0.52419E-01
   0.29417E+03   0.29954E+02   0.28780E+02   0.38920E+00   0.53936E-01
   0.29452E+03   0.29938E+02   0.28818E+02   0.36562E+00   0.58970E-01
   0.29487E+03   0.29925E+02   0.28811E+02   0.34523E+00   0.51565E-01
   0.29522E+03   0.29911E+02   0.28707E+02   0.33109E+00   0.36942E-01
   0.29557E+03   0.29897E+02   0.28601E+02   0.32535E+00   0.29953E-01
   0.29592E+03   0.29884E+02   0.28459E+02   0.32196E+00   0.18264E-01
   0.29627E+03   0.29877E+02   0.28233E+02   0.31100E+00   0.19805E-02
   0.29662E+03   0.29865E+02   0.28022E+02   0.29493E+00  -0.12581E-01
   0.29697E+03   0.29849E+02   0.27925E+02   0.28858E+00  -0.19401E-01
   0.29732E+03   0.29837E+02   0.27731E+02   0.28656E+00  -0.30874E-01
   0.29767E+03   0.29825E+02   0.27445E+02   0.28047E+00  -0.58497E-01
   0.29802E+03   0.29813E+02   0.27010E+02   0.27526E+00  -0.89639E-01
   0.29837E+03   0.29802E+02   0.26417E+02   0.27387E+00  -0.11477E+00
   0.29872E+03   0.29793E+02   0.26098E+02   0.27503E+00  -0.13284E+00
   0.29907E+03   0.29793E+02   0.25801E+02   0.27968E+00  -0.15575E+00
   0.29942E+03   0.29801E+02   0.25464E+02   0.28564E+00  -0.18445E+00
   0.29977E+03   0.29809E+02   0.25526E+02   0.29607E+00  -0.20213E+00
   0.30012E+03   0.29823E+02   0.25482E+02   0.31520E+00  -0.22458E+00
   0.30047E+03   0.29846E+02   0.25219E+02   0.33388E+00  -0.25470E+00
   0.30082E+03   0.29868E+02   0.24912E+02   0.35045E+00  -0.28827E+00
   0.30118E+03   0.29888E+02   0.24531E+02   0.37092E+00  -0.32838E+00
   0.30153E+03   0.29906E+02   0.24260E+02   0.39081E+00  -0.35999E+00
   0.30188E+03   0.29922E+02   0.24156E+02   0.41359E+00  -0.39512E+00
   0.30223E+03   0.29938E+02   0.24235E+02   0.44837E+00  -0.43384E+00
   0.30258E+03   0.29954E+02   0.24292E+02   0.49074E+00  -0.46680E+00
   0.30293E+03   0.29967E+02   0.24660E+02   0.52715E+00  -0.49014E+00
   0.30328E+03   0.29977E+02   0.25093E+02   0.56623E+00  -0.50718E+00
   0.30363E+03   0.29984E+02   0.25311E+02   0.61315E+00  -0.51443E+00
   0.30398E+03   0.29989E+02   0.25915E+02   0.65232E+00  -0.50053E+00
   0.30433E+03   0.29993E+02   0.26698E+02   0.68107E+00  -0.46827E+00
   0.30468E+03   0.29995E+02   0.27300E+02   0.70664E+00  -0.41927E+00
   0.30503E+03   0.29996E+02   0.27819E+02   0.72443E+00  -0.36401E+00
   0.30538E+03   0.29997E+02   0.28129E+02   0.72614E+00  -0.31778E+00
   0.30573E+03   0.29997E+02   0.28387E+02   0.71235E+00  -0.27083E+00
   0.30608E+03   0.29997E+02   0.28714E+02   0.68794E+00  -0.20524E+00
   0.30643E+03   0.29996E+02   0.28949E+02   0.65658E+00  -0.14009E+00
   0.30678E+03   0.29995E+02   0.29143E+02   0.61738E+00  -0.91837E-01
   0.30713E+03   0.29993E+02   0.29330E+02   0.57175E+00  -0.45979E-01
   0.30748E+03   0.29989E+02   0.29299E+02   0.52537E+00  -0.46641E-02
   0.30783E+03   0.29983E+02   0.29097E+02   0.48653E+00   0.22110E-01
   0.30818E+03   0.29976E+02   0.28996E+02   0.45178E+00   0.40715E-01
   0.30853E+03   0.29966E+02   0.28909E+02   0.41234E+00   0.49654E-01
   0.30888E+03   0.29952E+02   0.28758E+02   0.37086E+00   0.46756E-01
   0.30923E+03   0.29929E+02   0.28638E+02   0.33931E+00   0.42244E-01
   0.30958E+03   0.29905E+02   0.28559E+02   0.32675E+00   0.38410E-01
   0.30993E+03   0.29893E+02   0.28401E+02   0.32269E+00   0.20231E-01
   0.31028E+03   0.29888E+02   0.28156E+02   0.31504E+00  -0.61212E-02
   0.31063E+03   0.29877E+02   0.27909E+02   0.30566E+00  -0.20938E-01
   0.31098E+03   0.29863E+02   0.27581E+02   0.30451E+00  -0.33494E-01
   0.31133E+03   0.29859E+02   0.27311E+02   0.30391E+00  -0.48388E-01
   0.31168E+03   0.29854E+02   0.27045E+02   0.29862E+00  -0.70021E-01
   0.31203E+03   0.29849E+02   0.26677E+02   0.29488E+00  -0.92092E-01
   0.31238E+03   0.29840E+02   0.26437E+02   0.28972E+00  -0.10307E+00
   0.31273E+03   0.29834E+02   0.26260E+02   0.29109E+00  -0.11704E+00
   0.31308E+03   0.29834E+02   0.25988E+02   0.29424E+00  -0.13970E+00
   0.31343E+03   0.29830E+02   0.25592E+02   0.29519E+00  -0.16705E+00
   0.31378E+03   0.29827E+02   0.25140E+02   0.29982E+00  -0.19529E+00
   0.31413E+03   0.29835E+02   0.24542E+02   0.30912E+00  -0.23017E+00
   0.31448E+03   0.29846E+02   0.24049E+02   0.31902E+00  -0.26937E+00
   0.31483E+03   0.29859E+02   0.23589E+02   0.33652E+00  -0.31362E+00
   0.31518E+03   0.29879E+02   0.23283E+02   0.35730E+00  -0.35961E+00
   0.31553E+03   0.29897E+02   0.23101E+02   0.38083E+00  -0.40518E+00
   0.31588E+03   0.29917E+02   0.22986E+02   0.41478E+00  -0.45638E+00
   0.31623E+03   0.29937E+02   0.23163E+02   0.45888E+00  -0.49918E+00
   0.31658E+03   0.29955E+02   0.23446E+02   0.50703E+00  -0.53244E+00
   0.31693E+03   0.29969E+02   0.23741E+02   0.55152E+00  -0.56313E+00
   0.31728E+03   0.29980E+02   0.24314E+02   0.60168E+00  -0.57519E+00
   0.31763E+03   0.29987E+02   0.25134E+02   0.65310E+00  -0.56549E+00
   0.31798E+03   0.29993E+02   0.25919E+02   0.69929E+00  -0.54397E+00
   0.31833E+03   0.29996E+02   0.26713E+02   0.73669E+00  -0.50592E+00
   0.31868E+03   0.29998E+02   0.27336E+02   0.76214E+00  -0.45025E+00
   0.31903E+03   0.29999E+02   0.27830E+02   0.77482E+00  -0.38250E+00
   0.31938E+03   0.30000E+02   0.28243E+02   0.77483E+00  -0.31073E+00
   0.31973E+03   0.29999E+02   0.28602E+02   0.75638E+00  -0.24886E+00
   0.32008E+03   0.29998E+02   0.28891E+02   0.72232E+00  -0.18769E+00
   0.32043E+03   0.29997E+02   0.29125E+02   0.68018E+00  -0.11630E+00
   0.32078E+03   0.29996E+02   0.29323E+02   0.63187E+00  -0.54699E-01
   0.32113E+03   0.29994E+02   0.29169E+02   0.57608E+00  -0.14627E-01
   0.32148E+03   0.29989E+02   0.28862E+02   0.51872E+00   0.13014E-01
   0.32183E+03   0.29982E+02   0.28872E+02   0.47067E+00   0.49059E-01
   0.32218E+03   0.29971E+02   0.28933E+02   0.43114E+00   0.72559E-01
   0.32253E+03   0.29959E+02   0.28863E+02   0.39814E+00   0.60150E-01
   0.32288E+03   0.29944E+02   0.28733E+02   0.36884E+00   0.45058E-01
   0.32323E+03   0.29925E+02   0.28619E+02   0.34655E+00   0.43832E-01
   0.32358E+03   0.29908E+02   0.28563E+02   0.33142E+00   0.43771E-01
   0.32393E+03   0.29895E+02   0.28458E+02   0.32454E+00   0.28017E-01
   0.32428E+03   0.29886E+02   0.28239E+02   0.32368E+00   0.38989E-02
   0.32463E+03   0.29879E+02   0.28062E+02   0.31859E+00  -0.44178E-02
   0.32498E+03   0.29870E+02   0.27971E+02   0.30824E+00  -0.10526E-01
   0.32533E+03   0.29859E+02   0.27745E+02   0.30097E+00  -0.30314E-01
   0.32568E+03   0.29849E+02   0.27432E+02   0.29927E+00  -0.49165E-01
   0.32603E+03   0.29844E+02   0.27087E+02   0.29145E+00  -0.67862E-01
   0.32638E+03   0.29832E+02   0.26631E+02   0.27485E+00  -0.93631E-01
   0.32673E+03   0.29816E+02   0.26223E+02   0.26926E+00  -0.11498E+00
   0.32708E+03   0.29807E+02   0.26037E+02   0.27707E+00  -0.12789E+00
   0.32743E+03   0.29805E+02   0.25870E+02   0.28681E+00  -0.14515E+00
   0.32778E+03   0.29810E+02   0.25590E+02   0.28932E+00  -0.17579E+00
   0.32813E+03   0.29816E+02   0.25451E+02   0.29395E+00  -0.20163E+00
   0.32848E+03   0.29828E+02   0.25286E+02   0.31311E+00  -0.21681E+00
   0.32883E+03   0.29848E+02   0.24939E+02   0.33345E+00  -0.24363E+00
   0.32918E+03   0.29867E+02   0.24503E+02   0.34411E+00  -0.28412E+00
   0.32953E+03   0.29882E+02   0.23871E+02   0.35616E+00  -0.32889E+00
   0.32988E+03   0.29898E+02   0.23417E+02   0.38098E+00  -0.37208E+00
   0.33023E+03   0.29917E+02   0.23702E+02   0.40912E+00  -0.40436E+00
   0.33058E+03   0.29935E+02   0.24423E+02   0.44282E+00  -0.43067E+00
   0.33093E+03   0.29951E+02   0.25059E+02   0.48315E+00  -0.45452E+00
   0.33128E+03   0.29965E+02   0.25693E+02   0.52525E+00  -0.46992E+00
   0.33163E+03   0.29975E+02   0.26237E+02   0.56597E+00  -0.47654E+00
   0.33198E+03   0.29983E+02   0.26754E+02   0.60633E+00  -0.47034E+00
   0.33233E+03   0.29989E+02   0.27372E+02   0.64414E+00  -0.44963E+00
   0.33268E+03   0.29993E+02   0.27871E+02   0.67136E+00  -0.41572E+00
   0.33303E+03   0.29995E+02   0.28282E+02   0.67970E+00  -0.37361E+00
   0.33338E+03   0.29995E+02   0.28625E+02   0.67891E+00  -0.32661E+00
   0.33373E+03   0.29996E+02   0.28902E+02   0.67867E+00  -0.27121E+00
   0.33408E+03   0.29996E+02   0.29127E+02   0.66938E+00  -0.21557E+00
   0.33443E+03   0.29996E+02   0.29304E+02   0.64891E+00  -0.16316E+00
   0.33478E+03   0.29995E+02   0.29450E+02   0.61480E+00  -0.11155E+00
   0.33513E+03   0.29993E+02   0.29539E+02   0.57537E+00  -0.65751E-01
   0.33548E+03   0.29991E+02   0.29432E+02   0.53411E+00  -0.26922E-01
   0.33583E+03   0.29986E+02   0.29086E+02   0.48680E+00  -0.35510E-05
   0.33618E+03   0.29976E+02   0.28805E+02   0.44618E+00   0.18324E-01
   0.33653E+03   0.29964E+02   0.28646E+02   0.41186E+00   0.29434E-01
   0.33688E+03   0.29951E+02   0.28597E+02   0.37882E+00   0.34690E-01
   0.33723E+03   0.29936E+02   0.28612E+02   0.35386E+00   0.35098E-01
   0.33758E+03   0.29917E+02   0.28569E+02   0.33456E+00   0.28595E-01
   0.33793E+03   0.29899E+02   0.28540E+02   0.32530E+00   0.25818E-01
   0.33828E+03   0.29888E+02   0.28470E+02   0.32227E+00   0.17063E-01
   0.33863E+03   0.29879E+02   0.28156E+02   0.31553E+00  -0.12298E-01
   0.33898E+03   0.29870E+02   0.27797E+02   0.30590E+00  -0.32128E-01
   0.33933E+03   0.29862E+02   0.27652E+02   0.29797E+00  -0.32516E-01
   0.33968E+03   0.29849E+02   0.27471E+02   0.29035E+00  -0.44087E-01
   0.34003E+03   0.29831E+02   0.27105E+02   0.28344E+00  -0.69703E-01
   0.34038E+03   0.29817E+02   0.26895E+02   0.28412E+00  -0.89867E-01
   0.34073E+03   0.29812E+02   0.26552E+02   0.28822E+00  -0.11173E+00
   0.34108E+03   0.29816E+02   0.26018E+02   0.29001E+00  -0.14132E+00
   0.34143E+03   0.29822E+02   0.25435E+02   0.29021E+00  -0.17575E+00
   0.34178E+03   0.29825E+02   0.24903E+02   0.29420E+00  -0.20440E+00
   0.34213E+03   0.29829E+02   0.24556E+02   0.30227E+00  -0.22682E+00
   0.34248E+03   0.29838E+02   0.23901E+02   0.31347E+00  -0.27326E+00
   0.34283E+03   0.29852E+02   0.23394E+02   0.33458E+00  -0.32796E+00
   0.34318E+03   0.29874E+02   0.23350E+02   0.36551E+00  -0.37252E+00
   0.34353E+03   0.29899E+02   0.23282E+02   0.39492E+00  -0.42225E+00
   0.34388E+03   0.29921E+02   0.23175E+02   0.42514E+00  -0.47379E+00
   0.34423E+03   0.29940E+02   0.23166E+02   0.46417E+00  -0.51988E+00
   0.34458E+03   0.29957E+02   0.23200E+02   0.51281E+00  -0.55707E+00
   0.34493E+03   0.29970E+02   0.23580E+02   0.56374E+00  -0.58227E+00
   0.34528E+03   0.29982E+02   0.24289E+02   0.61586E+00  -0.59527E+00
   0.34563E+03   0.29989E+02   0.25173E+02   0.67174E+00  -0.58151E+00
   0.34598E+03   0.29993E+02   0.26066E+02   0.72355E+00  -0.54412E+00
   0.34633E+03   0.29996E+02   0.26788E+02   0.76102E+00  -0.49627E+00
   0.34668E+03   0.29998E+02   0.27404E+02   0.78111E+00  -0.43848E+00
   0.34703E+03   0.29999E+02   0.27893E+02   0.79245E+00  -0.36095E+00
   0.34738E+03   0.29999E+02   0.28304E+02   0.78900E+00  -0.28433E+00
   0.34773E+03   0.29999E+02   0.28662E+02   0.75918E+00  -0.21889E+00
   0.34808E+03   0.29998E+02   0.28949E+02   0.71273E+00  -0.15636E+00
   0.34843E+03   0.29997E+02   0.29178E+02   0.66321E+00  -0.94376E-01
   0.34878E+03   0.29995E+02   0.29240E+02   0.60868E+00  -0.30161E-01
   0.34913E+03   0.29992E+02   0.29134E+02   0.54884E+00   0.13623E-01
   0.34948E+03   0.29987E+02   0.29064E+02   0.49620E+00   0.40710E-01
   0.34983E+03   0.29980E+02   0.29061E+02   0.45258E+00   0.66148E-01
   0.35018E+03   0.29968E+02   0.29074E+02   0.41457E+00   0.79273E-01
   0.35053E+03   0.29953E+02   0.29104E+02   0.38451E+00   0.83104E-01
   0.35088E+03   0.29938E+02   0.29039E+02   0.36025E+00   0.73600E-01
   0.35123E+03   0.29920E+02   0.28919E+02   0.34044E+00   0.56828E-01
   0.35158E+03   0.29899E+02   0.28839E+02   0.32678E+00   0.49552E-01
   0.35193E+03   0.29883E+02   0.28688E+02   0.31854E+00   0.34155E-01
   0.35228E+03   0.29873E+02   0.28532E+02   0.31592E+00   0.18876E-01
   0.35263E+03   0.29866E+02   0.28341E+02   0.31532E+00   0.31928E-02
   0.35298E+03   0.29858E+02   0.28039E+02   0.30329E+00  -0.19051E-01
   0.35333E+03   0.29844E+02   0.27801E+02   0.28975E+00  -0.31142E-01
   0.35368E+03   0.29830E+02   0.27551E+02   0.28806E+00  -0.45398E-01
   0.35403E+03   0.29825E+02   0.27130E+02   0.28624E+00  -0.69674E-01
   0.35438E+03   0.29816E+02   0.26547E+02   0.27622E+00  -0.10123E+00
   0.35473E+03   0.29803E+02   0.25856E+02   0.26926E+00  -0.14007E+00
   0.35508E+03   0.29794E+02   0.25450E+02   0.27232E+00  -0.16022E+00
   0.35543E+03   0.29793E+02   0.25433E+02   0.28467E+00  -0.16870E+00
   0.35578E+03   0.29803E+02   0.25146E+02   0.29808E+00  -0.20512E+00
   0.35613E+03   0.29819E+02   0.24503E+02   0.30874E+00  -0.25355E+00
   0.35648E+03   0.29838E+02   0.23905E+02   0.32670E+00  -0.29433E+00
   0.35683E+03   0.29861E+02   0.23549E+02   0.34929E+00  -0.33806E+00
   0.35718E+03   0.29885E+02   0.23408E+02   0.37739E+00  -0.38124E+00
   0.35753E+03   0.29909E+02   0.23380E+02   0.40834E+00  -0.42544E+00
   0.35788E+03   0.29930E+02   0.23162E+02   0.43783E+00  -0.48145E+00
   0.35823E+03   0.29947E+02   0.23137E+02   0.47620E+00  -0.52882E+00
   0.35858E+03   0.29962E+02   0.23493E+02   0.52755E+00  -0.55865E+00
   0.35893E+03   0.29974E+02   0.23647E+02   0.58239E+00  -0.58786E+00
   0.35928E+03   0.29984E+02   0.24293E+02   0.63833E+00  -0.59858E+00
   0.35963E+03   0.29990E+02   0.25423E+02   0.68633E+00  -0.58185E+00
   0.35998E+03   0.29994E+02   0.26298E+02   0.72394E+00  -0.54315E+00
   0.36033E+03   0.29997E+02   0.26968E+02   0.76358E+00  -0.48161E+00
   0.36068E+03   0.29998E+02   0.27520E+02   0.79644E+00  -0.41813E+00
   0.36103E+03   0.30000E+02   0.27982E+02   0.80317E+00  -0.35097E+00
   0.36138E+03   0.30000E+02   0.28369E+02   0.78484E+00  -0.27998E+00
   0.36173E+03   0.30000E+02   0.28700E+02   0.75347E+00  -0.21409E+00
   0.36208E+03   0.29999E+02   0.28985E+02   0.71043E+00  -0.14136E+00
   0.36243E+03   0.29997E+02   0.29217E+02   0.65594E+00  -0.76099E-01
   0.36278E+03   0.29995E+02   0.29264E+02   0.59704E+00  -0.28203E-01
   0.36313E+03   0.29991E+02   0.29152E+02   0.54300E+00   0.16041E-01
   0.36348E+03   0.29986E+02   0.29091E+02   0.49523E+00   0.48435E-01
   0.36383E+03   0.29978E+02   0.29043E+02   0.44960E+00   0.61493E-01
   0.36418E+03   0.29965E+02   0.29003E+02   0.40938E+00   0.72721E-01
   0.36453E+03   0.29950E+02   0.28979E+02   0.37677E+00   0.77598E-01
   0.36488E+03   0.29934E+02   0.28868E+02   0.34964E+00   0.62258E-01
   0.36523E+03   0.29916E+02   0.28736E+02   0.33407E+00   0.46832E-01
   0.36558E+03   0.29899E+02   0.28582E+02   0.32771E+00   0.34159E-01
   0.36593E+03   0.29887E+02   0.28402E+02   0.32223E+00   0.18377E-01
   0.36628E+03   0.29881E+02   0.28197E+02   0.31491E+00   0.37559E-02
   0.36663E+03   0.29876E+02   0.27848E+02   0.30873E+00  -0.21761E-01
   0.36698E+03   0.29864E+02   0.27626E+02   0.30180E+00  -0.31971E-01
   0.36733E+03   0.29850E+02   0.27466E+02   0.29793E+00  -0.37967E-01
   0.36768E+03   0.29844E+02   0.27123E+02   0.29525E+00  -0.68799E-01
   0.36803E+03   0.29832E+02   0.26780E+02   0.28855E+00  -0.90982E-01
   0.36838E+03   0.29820E+02   0.26526E+02   0.28371E+00  -0.10337E+00
   0.36873E+03   0.29816E+02   0.26212E+02   0.28208E+00  -0.12286E+00
   0.36908E+03   0.29812E+02   0.25874E+02   0.28397E+00  -0.14670E+00
   0.36943E+03   0.29811E+02   0.25533E+02   0.29028E+00  -0.17542E+00
   0.36978E+03   0.29819E+02   0.25289E+02   0.30043E+00  -0.19995E+00
   0.37013E+03   0.29830E+02   0.24962E+02   0.30953E+00  -0.22801E+00
   0.37048E+03   0.29842E+02   0.24314E+02   0.32160E+00  -0.27288E+00
   0.37083E+03   0.29858E+02   0.23781E+02   0.34107E+00  -0.31431E+00
   0.37118E+03   0.29878E+02   0.23515E+02   0.36322E+00  -0.35242E+00
   0.37153E+03   0.29900E+02   0.23218E+02   0.38652E+00  -0.40402E+00
   0.37188E+03   0.29920E+02   0.22961E+02   0.41683E+00  -0.45570E+00
   0.37223E+03   0.29938E+02   0.22858E+02   0.45957E+00  -0.50388E+00
   0.37258E+03   0.29955E+02   0.22694E+02   0.50648E+00  -0.55476E+00
   0.37293E+03   0.29970E+02   0.22787E+02   0.55162E+00  -0.59623E+00
   0.37328E+03   0.29980E+02   0.23325E+02   0.60371E+00  -0.61976E+00
   0.37363E+03   0.29988E+02   0.24256E+02   0.66476E+00  -0.61494E+00
   0.37398E+03   0.29993E+02   0.25323E+02   0.71919E+00  -0.58555E+00
   0.37433E+03   0.29997E+02   0.26221E+02   0.76031E+00  -0.54668E+00
   0.37468E+03   0.29999E+02   0.26953E+02   0.79681E+00  -0.48065E+00
   0.37503E+03   0.30000E+02   0.27537E+02   0.81915E+00  -0.39394E+00
   0.37538E+03   0.30001E+02   0.28030E+02   0.81818E+00  -0.32139E+00
   0.37573E+03   0.30001E+02   0.28439E+02   0.79441E+00  -0.24946E+00
   0.37608E+03   0.30000E+02   0.28767E+02   0.75141E+00  -0.17229E+00
   0.37643E+03   0.29999E+02   0.29038E+02   0.69742E+00  -0.10383E+00
   0.37678E+03   0.29997E+02   0.29247E+02   0.63653E+00  -0.41224E-01
   0.37713E+03   0.29994E+02   0.29286E+02   0.57331E+00   0.79864E-02
   0.37748E+03   0.29989E+02   0.29264E+02   0.51886E+00   0.47182E-01
   0.37783E+03   0.29981E+02   0.29253E+02   0.47071E+00   0.73752E-01
   0.37818E+03   0.29971E+02   0.29133E+02   0.42485E+00   0.73763E-01
   0.37853E+03   0.29957E+02   0.28997E+02   0.39008E+00   0.70012E-01
   0.37888E+03   0.29941E+02   0.28905E+02   0.36331E+00   0.68179E-01
   0.37923E+03   0.29923E+02   0.28808E+02   0.34180E+00   0.59891E-01
   0.37958E+03   0.29908E+02   0.28668E+02   0.32835E+00   0.47232E-01
   0.37993E+03   0.29894E+02   0.28498E+02   0.32085E+00   0.27192E-01
   0.38028E+03   0.29883E+02   0.28364E+02   0.32306E+00   0.16779E-01
   0.38063E+03   0.29882E+02   0.28198E+02   0.32074E+00   0.54302E-02
   0.38098E+03   0.29872E+02   0.27997E+02   0.30742E+00  -0.15952E-01
   0.38133E+03   0.29861E+02   0.27897E+02   0.30368E+00  -0.21431E-01
   0.38168E+03   0.29855E+02   0.27734E+02   0.29658E+00  -0.31319E-01
   0.38203E+03   0.29845E+02   0.27449E+02   0.28240E+00  -0.58634E-01
   0.38238E+03   0.29826E+02   0.27375E+02   0.27389E+00  -0.75027E-01
